0.4298631732
0.4221333575
0.4238027684
0.4254367352
0.4255470670
0.4266930693
0.4201513774
0.4195828069
0.4192852518
0.4191777544
0.4190401102
0.4191512746
0.4185117707
0.4112236752
0.4111229562
0.4126667148
0.4142885788
0.4096029723
0.4125702604
0.4161333390
0.4109782821
0.4142078243
0.4172357922
0.4139159738
0.4185471273
0.4232745568
0.4288949635
0.4261359836
0.4330344421
0.4393205473
0.4464248318
0.4463998950
0.4564419061
0.4675040394
0.4700654010
0.4804770636
0.4804905912
0.4870832147
0.4834130945
0.4876833812
0.4832434859
0.4872601241
0.4840911792
0.4899829921
0.4877891709
0.4948644764
0.4912309497
0.4972594096
0.5015350181
0.4967275126
0.4984248742
0.4916280276
0.4919382612
0.4924917827
0.4857183745
0.4857734401
0.4847391350
0.4752041533
0.4734681623
0.4714249231
0.4627375206
0.4625271847
0.4613747488
0.4609161559
0.4604247889
0.4527389567
0.4500024885
0.4420886504
0.4349254209
0.4268081513
0.4204106558
0.4129051850
0.4083569601
0.4017238687
0.3950298664
0.3899806082
0.3833691456
0.3754877846
0.3719733382
0.3649974982
0.3584513121
0.3550474296
0.3494622809
0.3442865300
0.3385875451
0.3322854946
0.3251905031
0.3182286536
0.3119814046
0.3066324501
0.3038266021
0.3008758655
0.2976586003
0.2973332893
0.2963978483
0.2972726793
0.2965809878
0.2964372510
0.2953128596
0.2964575753
0.2950144962
0.2972511175
0.2964522912
0.2991708079
0.3020506890
0.3051274750
0.3074913670
0.3095676798
0.3116171338
0.3114949411
0.3146982965
0.3173408798
0.3186979515
0.3180455635
0.3147458172
0.3084385661
0.3010340574
0.2924594291
0.2838034252
0.2744434338
0.2656940731
0.2567654433
0.2477643230
0.2391538077
0.2295498546
0.2267871560
0.2175457438
0.2084573675
0.2055156694
0.1980205229
0.1902850605
0.1832752500
0.1759909063
0.1739803779
0.1624293091
0.1562604930
0.1504982700
0.1452912484
0.1370910254
0.1323679471
0.1301759373
0.1283785777
0.1246163961
0.1213566971
0.1125837403
0.1070473598
0.1053025798
0.1045772042
0.1055434255
0.1114079201
0.1173698386
0.1266101077
0.1318450959
0.1364143443
0.1412785313
0.1458295535
0.1516998082
0.1555008242
0.1592267433
0.1628529800
0.1662720328
0.1700439701
0.1750609311
0.1786008793
0.1849925666
0.1885020863
0.1946114256
0.1979686422
0.2041993963
0.2071636791
0.2127014105
0.2152026862
0.2202020036
0.2247311766
0.2289699920
0.2334674255
0.2362486240
0.2418510232
0.2431136948
0.2469345453
0.2524214428
0.2563176017
0.2600813102
0.2611011764
0.2645280163
0.2661251986
0.2688818195
0.2701393556
0.2720048948
0.2722247739
0.2734282242
0.2753390640
0.2788639097
0.2822776539
0.2891607957
0.2953356350
0.3002255581
0.3025818069
0.3052292798
0.3117654351
0.3130518066
0.3128366145
0.3130056668
0.3097644445
0.3077540962
0.3040545806
0.3005482372
0.2973479061
0.2933625605
0.2885843458
0.2847477156
0.2805680077
0.2773768276
0.2746340365
0.2711870344
0.2682821791
0.2651146477
0.2643093877
0.2646143235
0.2664995667
0.2683209618
0.2725028818
0.2749094031
0.2789688889
0.2826022573
0.2881871064
0.2929148264
0.3021704687
0.3086427686
0.3153608218
0.3227107915
0.3300150652
0.3381035403
0.3461029819
0.3559809894
0.3668844677
0.3788332136
0.3892109998
0.3990213840
0.4102974956
0.4160950965
0.4172294329
0.4164587888
0.4160099947
0.4150286588
0.4135545043
0.4115946191
0.4081145935
0.4043494069
0.3999539696
0.3959261495
0.3935763748
0.3896706494
0.3874342402
0.3872232861
0.3860120751
0.3862389289
0.3846693233
0.3849494849
0.3857951076
0.3862996791
0.3869092739
0.3866800511
0.3838532020
0.3841992945
0.3857629604
0.3840940510
0.3845047391
0.3839833922
0.3809945637
0.3779443609
0.3755046613
0.3743772783
0.3726576584
0.3716205956
0.3710268799
0.3707700847
0.3713284088
0.3725697285
0.3753913759
0.3820145269
0.3885379320
0.3947272363
0.3994514453
0.4001616658
0.4000839986
0.3979616449
0.3941031705
0.3900639928
0.3907389709
0.3843204351
0.3843707951
0.3777722417
0.3783755139
0.3729601356
0.3748203090
0.3763818884
0.3710477352
0.3717953164
0.3718574726
0.3718446702
0.3671243502
0.3677653143
0.3685255490
0.3649161883
0.3676793319
0.3657275542
0.3699168839
0.3745665787
0.3727100128
0.3763615918
0.3739805450
0.3768203211
0.3790693860
0.3786109824
0.3778638282
0.3810330780
0.3802215595
0.3832104102
0.3812193520
0.3838831245
0.3808618143
0.3846692809
0.3802079807
0.3830367720
0.3778555976
0.3817831199
0.3785965338
0.3823164902
0.3776730367
0.3734286211
0.3772657557
0.3751656232
0.3736842868
0.3737145641
0.3751196329
0.3755417143
0.3774317734
0.3784202824
0.3801450601
0.3851896634
0.3868698357
0.3887403274
0.3921079080
0.3908768390
0.3917411943
0.3882043093
0.3871622723
0.3865480833
0.3817394803
0.3790142870
0.3731280522
0.3685736036
0.3666727440
0.3625916482
0.3521010102
0.3468050863
0.3427512235
0.3339219445
0.3320299654
0.3307179255
0.3226692756
0.3200755549
0.3102199936
0.3067341720
0.2947895762
0.2910574564
0.2868088498
0.2746513783
0.2705430377
0.2585460324
0.2547020490
0.2513498788
0.2469063448
0.2366273958
0.2325942323
0.2279224566
0.2185614430
0.2164271835
0.2163804692
0.2115011327
0.2127408880
0.2098623925
0.2118193269
0.2147184068
0.2141781052
0.2176487081
0.2188054451
0.2221912289
0.2254411443
0.2310430329
0.2354513696
0.2378124749
0.2399592304
0.2410357960
0.2410811731
0.2400117896
0.2394194723
0.2398381730
0.2419241270
0.2436709503
0.2454515356
0.2462306180
0.2482024060
0.2491992141
0.2515792380
0.2557612343
0.2588019594
0.2628259270
0.2699383231
0.2765303995
0.2840082581
0.2941563817
0.3021360346
0.3045902258
0.3074475380
0.3096062809
0.3064519525
0.3073343616
0.3052832045
0.3060164758
0.3064603337
0.3091475654
0.3090011545
0.3099174853
0.3108394567
0.3106515353
0.3071987889
0.3054251538
0.3000307143
0.2928873982
0.2842342707
0.2752479809
0.2603982866
0.2514227942
0.2392622505
0.2317572536
0.2241395289
0.2113901682
0.2001248244
0.1927083225
0.1828625690
0.1763287806
0.1738245180
0.1701415359
0.1661181906
0.1602248081
0.1528789806
0.1449670156
0.1370679298
0.1302346700
0.1234774203
0.1187392962
0.1159926633
0.1129964771
0.1116213922
0.1141373567
0.1151828064
0.1169846040
0.1208107644
0.1229514258
0.1243216946
0.1257489727
0.1276466684
0.1272992593
0.1276736828
0.1320322726
0.1308158795
0.1303284977
0.1335883852
0.1346978327
0.1369077072
0.1403502931
0.1420982140
0.1423886622
0.1444948680
0.1465832648
0.1461675236
0.1461113356
0.1446130677
0.1460500015
0.1458380370
0.1451927185
0.1460407513
0.1465597628
0.1472625076
0.1466987108
0.1446011575
0.1428784917
0.1388086365
0.1353834218
0.1303375281
0.1267920336
0.1219952075
0.1194868896
0.1177149028
0.1166408567
0.1165050042
0.1172561037
0.1162045854
0.1145069307
0.1125561841
0.1086894958
0.1064925545
0.1043599537
0.1011141127
0.0995432963
0.0986063192
0.0970677085
0.0986107525
0.0991402553
0.1007033984
0.0993225605
0.1012731387
0.1054342680
0.1026174341
0.1028878042
0.1027036162
0.1023219368
0.1024043492
0.0995969309
0.0969657442
0.0935745356
0.0904337439
0.0866100123
0.0842864518
0.0800475559
0.0796996111
0.0813717583
0.0804795581
0.0827821671
0.0815413668
0.0834673228
0.0808631018
0.0791061883
0.0793054708
0.0779847964
0.0797703518
0.0781125713
0.0821757109
0.0867393368
0.0871158600
0.0944704348
0.1025614039
0.1115178440
0.1131144499
0.1219576919
0.1319986998
0.1401774245
0.1432695412
0.1537909478
0.1608854815
0.1700828698
0.1737192161
0.1851856989
0.1973701966
0.2104927053
0.2225905837
0.2340989668
0.2451233940
0.2549067964
0.2661261170
0.2758881623
0.2917750923
0.3013155073
0.3164288274
0.3281640413
0.3337603847
0.3377444049
0.3423543330
0.3459664931
0.3518373088
0.3545694817
0.3599299099
0.3606819302
0.3654945980
0.3675331062
0.3664413571
0.3666675043
0.3686041640
0.3708466490
0.3729303413
0.3749132574
0.3807366808
0.3814806709
0.3866312095
0.3873004678
0.3916892972
0.3905069448
0.3888458846
0.3922455590
0.3901702626
0.3872759686
0.3909434917
0.3892036291
0.3877851054
0.3942396600
0.3944892817
0.4032676468
0.4049659996
0.4061940878
0.4134111752
0.4116942744
0.4109535818
0.4169816494
0.4161256764
0.4215813446
0.4198950078
0.4244153930
0.4224781153
0.4271212823
0.4246822987
0.4285520472
0.4255862452
0.4260601880
0.4212693604
0.4214325375
0.4209367460
0.4149738805
0.4146094990
0.4070158619
0.4054602691
0.3974131120
0.3898044703
0.3889572234
0.3823492015
0.3774168572
0.3779176198
0.3735765989
0.3731792355
0.3679001589
0.3682763959
0.3625441003
0.3619056068
0.3548659308
0.3546202571
0.3503887362
0.3476917146
0.3510890723
0.3485020929
0.3438146959
0.3379487651
0.3380702976
0.3321831761
0.3265232738
0.3210006325
0.3159256919
0.3110689968
0.3067206145
0.3038908510
0.3004779364
0.2962616870
0.2923587180
0.2930379935
0.2880913008
0.2813284961
0.2729395195
0.2720359090
0.2605032175
0.2474703593
0.2430969186
0.2292017109
0.2151637303
0.2017398188
0.1883419280
0.1834404395
0.1694732271
0.1559363527
0.1441020932
0.1346023145
0.1275228311
0.1226604224
0.1202454934
0.1198074627
0.1204683847
0.1243479889
0.1320688880
0.1395673277
0.1422083391
0.1385797895
0.1438510998
0.1497529787
0.1561834788
0.1622508789
0.1698526030
0.1768006252
0.1833773889
0.1900688492
0.2014848898
0.2078047593
0.2119824940
0.2157912973
0.2195577959
0.2235420270
0.2266416067
0.2310166759
0.2345516584
0.2358770869
0.2376669296
0.2372007857
0.2386430475
0.2408926121
0.2405478765
0.2436924603
0.2434786646
0.2458725094
0.2451196724
0.2464968340
0.2453653382
0.2450740339
0.2425257483
0.2395711117
0.2387164464
0.2357245284
0.2339733324
0.2292679175
0.2235010959
0.2209868567
0.2213152124
0.2216090805
0.2231682776
0.2249298327
0.2290854499
0.2339779164
0.2389920753
0.2446991582
0.2509791277
0.2588147473
0.2663894491
0.2756395056
0.2857051436
0.2962798390
0.3076591166
0.3191998451
0.3238613739
0.3336467840
0.3419562501
0.3489533064
0.3505911385
0.3565135717
0.3587682949
0.3654063362
0.3689216169
0.3760639528
0.3795142964
0.3863398008
0.3891086748
0.3913939043
0.3918136089
0.3938333924
0.3942113073
0.3936395482
0.3966728494
0.3957807739
0.3952272101
0.3970549886
0.3970395769
0.3966994318
0.3988433955
0.4040921024
0.4067065693
0.4100968881
0.4150544221
0.4191931606
0.4238322519
0.4290073626
0.4335140651
0.4377032882
0.4425978265
0.4456478615
0.4499583484
0.4517361839
0.4559799973
0.4571319330
0.4609963434
0.4601525658
0.4598189400
0.4625759100
0.4670509854
0.4676085087
0.4741421806
0.4800997183
0.4832260010
0.4889193711
0.4938266768
0.4977031577
0.5010556690
0.5037980689
0.5050942894
0.5058581964
0.5055452182
0.5043205279
0.5024847938
0.5007671667
0.4984056699
0.4928377993
0.4861183676
0.4802316643
0.4733240879
0.4667989927
0.4617791456
0.4563488796
0.4492470766
0.4430300996
0.4389326986
0.4342388077
0.4282226147
0.4232698852
0.4171040840
0.4104872048
0.4035055437
0.3964996151
0.3903599212
0.3843306683
0.3770622899
0.3695235271
0.3606798167
0.3561646312
0.3492085831
0.3458134261
0.3426777232
0.3375944663
0.3354496543
0.3333139425
0.3316544797
0.3263180539
0.3241179249
0.3225455797
0.3176035794
0.3156542295
0.3107741733
0.3085431927
0.3027022470
0.2969449802
0.2912664226
0.2844764735
0.2800503061
0.2768573875
0.2746926697
0.2739361722
0.2742429744
0.2745687776
0.2742599454
0.2758814481
0.2761678981
0.2769933908
0.2806563247
0.2837359793
0.2845832905
0.2820910590
0.2818114568
0.2816726506
0.2795095269
0.2784588765
0.2772556528
0.2762652484
0.2752089141
0.2739382812
0.2718023191
0.2708130888
0.2675736395
0.2680573600
0.2687383239
0.2648860888
0.2648907962
0.2650163906
0.2635650367
0.2645786720
0.2646392612
0.2666445366
0.2672294852
0.2673760710
0.2653508584
0.2620565466
0.2569059332
0.2514434376
0.2462689028
0.2412639274
0.2368371453
0.2307476717
0.2265484249
0.2231580850
0.2203115703
0.2182324440
0.2136745435
0.2071333705
0.1954059655
0.1894116656
0.1827311831
0.1765425311
0.1687722531
0.1603890343
0.1497840286
0.1410714565
0.1331257786
0.1277507017
0.1211946457
0.1153033617
0.1083534741
0.1016220350
0.0946313103
0.0880593632
0.0815831997
0.0757601962
0.0698216503
0.0647104613
0.0614816322
0.0599298838
0.0601773439
0.0626849818
0.0665515574
0.0711360725
0.0745174839
0.0787915254
0.0814087388
0.0844384273
0.0874115857
0.0907481746
0.0933405158
0.0963274472
0.1003896232
0.1045903079
0.1090348542
0.1138860919
0.1181920219
0.1223260034
0.1258333983
0.1299374757
0.1349133276
0.1405208161
0.1467433856
