2.621967448527773303e+00
2.603726707448036137e+00
2.613014379475658622e+00
2.637693626146444981e+00
2.645827722033648133e+00
2.668238764953732467e+00
2.666825387985352958e+00
2.647756181355651162e+00
2.626187804224006328e+00
2.589630735918822868e+00
2.584085466030599854e+00
2.527834466904345767e+00
2.485484906943839167e+00
2.455815753649813082e+00
2.427361527123706786e+00
2.398559033997746948e+00
2.377663347481123512e+00
2.349834340912407615e+00
2.346732989113780921e+00
2.319688697157511026e+00
2.287977322987691853e+00
2.257092705267078614e+00
2.207005086470996247e+00
2.166947891204600296e+00
2.152465567312933370e+00
2.136384773562885808e+00
2.120934193988488037e+00
2.086650015581397177e+00
2.070313844789786195e+00
2.051369184433998072e+00
2.028419144926355777e+00
2.012198367013883438e+00
1.998305837347889691e+00
1.999575085184188028e+00
1.988546318517900424e+00
2.002420382543927513e+00
2.022970965879631322e+00
2.037340693889509335e+00
2.026883379176908750e+00
2.009630618363636323e+00
1.990560221930767648e+00
1.966667746934571470e+00
1.941803039761971883e+00
1.922072514282412214e+00
1.896006067129356820e+00
1.860531184506943658e+00
1.788400768951771802e+00
1.716414018395514773e+00
1.615349808632724038e+00
1.486022991682988348e+00
1.345182219392492273e+00
1.259028352895256608e+00
1.147747076736520544e+00
1.038767960375132748e+00
9.551620175219758258e-01
8.856110559509602354e-01
8.132230387162565632e-01
7.607731343882248032e-01
7.139943668119780318e-01
6.721227591217087127e-01
6.295203679547182185e-01
5.968226032232247791e-01
5.818417025314289726e-01
5.696829203971846001e-01
5.524625916967937922e-01
5.413395572765836716e-01
5.335740652891445279e-01
5.305537008941092481e-01
5.381298786581000249e-01
5.384159274379053395e-01
5.287403973849862382e-01
5.216506238017527552e-01
5.182054037337235908e-01
5.230657287875815076e-01
5.236398099575030329e-01
5.223450066342920639e-01
5.222873344209527646e-01
5.235284970282703121e-01
5.215618040238556574e-01
5.153890032676383681e-01
5.011697125553767895e-01
4.883482878610144184e-01
4.620179422658987067e-01
4.463817223187025451e-01
4.370117773172105258e-01
4.314832647268394550e-01
4.199514496563091503e-01
4.109447290148663945e-01
4.048405439297200759e-01
4.025326187838665914e-01
4.053201769657286402e-01
4.099309952700110338e-01
4.156993566784925598e-01
4.236618424368098212e-01
4.352228102019128908e-01
4.452897441579188320e-01
4.616439804220145438e-01
4.821844009414749666e-01
5.031823243793205336e-01
5.175313373070955514e-01
5.356485890325262123e-01
5.549601738196182632e-01
5.728791834859890963e-01
5.919615487345637472e-01
6.061222982489909983e-01
6.288036111998225319e-01
6.424781821641345481e-01
6.661014788739206827e-01
6.740610256315378024e-01
6.857535932331837447e-01
6.860165356603467046e-01
6.887325683650410424e-01
7.017962307678655698e-01
7.053068842197243171e-01
7.156084292010403969e-01
7.321086173139131903e-01
7.378494495123176788e-01
7.435966003782397138e-01
7.430557795389503006e-01
7.429252342791321517e-01
7.463814150462649843e-01
7.496228927388083330e-01
7.534065735666636288e-01
7.571880035747670101e-01
7.586841072905217143e-01
7.584707810322252053e-01
7.581004726361760815e-01
7.605536598508688684e-01
7.582679951792865580e-01
7.575949431862535333e-01
7.577652184504625188e-01
7.601286666488765720e-01
7.642217584317130274e-01
7.657845147538244746e-01
7.662862459998885933e-01
7.666205450021970069e-01
7.673008818476367843e-01
7.634031854105692849e-01
7.596049888013253204e-01
7.605602712714600866e-01
7.629051716072962064e-01
7.624210928572270340e-01
7.646662770444789814e-01
7.672844247739176726e-01
7.675039571601119937e-01
7.668686244055149537e-01
7.705626066554709386e-01
7.790430927420889384e-01
7.812435909449868543e-01
7.759362613466448400e-01
7.791738140608608365e-01
7.883107619892782969e-01
7.841640126974378511e-01
7.827776995741513311e-01
7.789750974447439136e-01
7.792364963396170019e-01
7.821523427273626705e-01
7.910712688221805955e-01
7.945289163034111590e-01
8.058790769733364945e-01
8.108279959341060383e-01
8.263174489869747896e-01
8.403526812300471382e-01
8.689739487181983302e-01
8.673684241872380296e-01
8.690557792644847401e-01
8.730049167277814659e-01
8.772400492165604025e-01
8.813368716975868988e-01
9.018931594296031307e-01
8.980155954860348233e-01
9.032239895641290817e-01
9.014253606567441679e-01
9.169619436550885405e-01
9.134904465995496992e-01
9.244750206127330117e-01
9.114584412594712859e-01
8.940884401574814566e-01
8.758810465019407632e-01
8.575967919811656737e-01
8.657296747940442794e-01
8.609480033031020607e-01
8.588748249890332254e-01
8.710351906317826964e-01
8.832563009190452785e-01
8.938884477541425566e-01
8.958473097650236916e-01
9.009932851932063169e-01
9.038003503638134539e-01
9.046721557707788630e-01
9.315077437803123139e-01
9.308934820635685892e-01
8.639344425193127286e-01
7.980660038911288057e-01
7.253635942267064873e-01
6.843499158650108161e-01
6.625143574313990813e-01
6.579272521871886159e-01
6.736648185101573594e-01
7.053250558528683101e-01
7.433611506892580101e-01
7.828774788973028587e-01
8.142572976740649615e-01
8.551958659985987588e-01
8.861659158875047071e-01
9.139794498915339016e-01
9.163808493307489256e-01
8.777901694956518064e-01
8.604834122857729639e-01
8.460677472204011229e-01
8.428357653628927304e-01
8.677202560171978218e-01
8.851600440167067818e-01
9.036069588393588203e-01
9.064664581795006670e-01
9.333073983171430443e-01
9.266481319104087344e-01
9.414675717351833617e-01
9.273503551671241629e-01
9.224206946251773953e-01
9.160469176285819248e-01
9.022000501190020616e-01
9.045521001498717517e-01
8.918478922862767000e-01
8.867771193419049514e-01
8.726260018334432988e-01
8.429335077826678457e-01
8.265815341567143149e-01
8.256723003955784845e-01
8.413378044635757558e-01
8.557610388654729450e-01
8.764446955537666950e-01
8.892070324380064728e-01
8.911835020821415876e-01
8.948522768689276541e-01
8.924277215754368164e-01
8.765955041927608882e-01
8.432751072444117924e-01
8.147145854446410373e-01
8.148439376077480922e-01
7.842246366818008685e-01
7.721071986266663245e-01
7.252101763491219932e-01
7.134304782945144474e-01
6.961914445246062400e-01
6.340229312640975889e-01
6.278139109276849039e-01
5.783448652706850712e-01
5.879293414097962467e-01
5.582310104772063575e-01
5.797388756010571909e-01
5.816759353730626136e-01
5.907435866129587820e-01
5.822428657301631505e-01
5.765607927741617234e-01
5.656718523137387322e-01
5.632391445851201439e-01
5.724582016471522206e-01
5.737069396857708004e-01
5.916879648939684655e-01
5.997555754154937357e-01
5.987835697976761073e-01
6.051695069195602850e-01
6.055641922313570458e-01
6.242063814562978097e-01
6.379735818246874413e-01
6.595917606451623394e-01
6.654987751226104642e-01
6.859966316790849783e-01
6.859445389882931066e-01
6.868450077780873242e-01
6.904020296771278264e-01
6.945938928143721158e-01
6.962713792214075825e-01
6.860651133360283760e-01
6.731060005002639235e-01
6.490135096063603948e-01
6.424997902212646883e-01
6.309384957622016232e-01
6.281081914558354073e-01
6.404340522737312913e-01
6.434819155452163875e-01
6.444463913459019810e-01
6.529689310806544578e-01
6.588526634073857968e-01
6.826021355478427699e-01
6.927638629198029641e-01
7.057121264506436287e-01
6.976189249960561556e-01
7.001034814217477198e-01
7.009569321016743126e-01
6.951281537834149704e-01
6.897010781690052772e-01
6.829995877090073719e-01
6.621343185929136066e-01
6.456935711865183780e-01
6.250017913182667195e-01
6.237652158465710750e-01
6.134603906653921523e-01
6.183410182596403848e-01
6.263688465014765061e-01
6.404100769684997196e-01
6.557785169449897866e-01
6.597935974986820495e-01
6.627247113864047634e-01
6.445945907044099421e-01
6.281450873322865780e-01
6.236015038243700737e-01
5.967697604092312424e-01
5.658750118773852034e-01
5.045089145570872402e-01
4.614919911926869123e-01
4.129637623360480347e-01
3.571653914930226215e-01
3.487578660682860709e-01
3.577244663707740413e-01
3.580004298048706790e-01
3.633453388171385412e-01
3.646979754019373243e-01
3.628007355538665490e-01
3.685161053576336276e-01
3.634008947551919944e-01
3.575080292700939522e-01
3.471759189298181947e-01
3.454004603536945384e-01
3.497955989166820490e-01
3.555430281572437567e-01
3.647518791419356865e-01
3.722694404940757873e-01
3.788115512426128983e-01
3.864068488134941859e-01
3.882469653956058808e-01
4.158719585659384488e-01
4.322762223129864578e-01
4.515161859372811004e-01
4.750628233934501843e-01
4.920782657403454108e-01
5.083935531699731447e-01
5.385184698140169646e-01
5.512133633459223025e-01
5.443171842237595204e-01
5.542866286282838173e-01
5.666537081277244203e-01
5.678949606276473272e-01
5.825720069620448083e-01
5.860971232836913458e-01
5.808780498769525735e-01
5.766829891740888892e-01
5.788418497282636910e-01
5.727033675217967357e-01
5.609993028035903384e-01
5.445561786168465757e-01
5.374225505462000285e-01
5.432016511247259594e-01
5.424546844264017675e-01
5.522626147970340904e-01
5.576810211782035065e-01
5.556518324346990667e-01
5.638574284084185706e-01
5.574669256064774814e-01
5.606249446756196297e-01
5.642786542008033646e-01
5.582813281895941948e-01
5.607047420037961638e-01
5.584484918676663190e-01
5.630533505769739211e-01
5.679486290786927016e-01
5.649430214281868645e-01
5.761270058637721903e-01
5.707469456537421770e-01
5.786947132918212056e-01
5.729893932662598610e-01
5.802560802994136679e-01
5.735458178641832383e-01
5.844369262525992426e-01
5.916035930607627114e-01
5.908936091061199880e-01
6.005544034235721362e-01
5.853666514650126551e-01
5.744199146810701206e-01
5.653166741284683106e-01
5.394927529237623087e-01
5.227466571352852309e-01
5.155019362568985519e-01
4.960215366885677435e-01
4.788316000992928756e-01
4.727475131257714014e-01
4.743477330355765353e-01
4.764635972681662834e-01
5.258882319442345077e-01
5.312649525565872333e-01
5.624081698484891811e-01
5.693867834442031262e-01
5.724019676460249118e-01
5.885774512653755286e-01
6.111442338331743995e-01
6.375367608157483934e-01
6.668146605873637167e-01
7.039493863250364525e-01
7.424794451475410506e-01
7.852787132826070104e-01
8.296003120283483856e-01
8.694653163691898889e-01
9.020079987771605357e-01
8.998844894440360953e-01
8.960118391800689919e-01
8.895743551675489025e-01
8.945804738496776487e-01
8.907595675992027173e-01
8.870144497585359389e-01
8.782677288419004080e-01
8.209573039491797619e-01
7.613768890346346296e-01
7.242816894416490570e-01
7.025273209296315491e-01
6.979046276265091775e-01
7.026855433165317688e-01
6.962620205530228867e-01
6.825022180444904052e-01
6.840433317148881809e-01
6.902842377453239919e-01
7.049641932144270484e-01
7.050302165137494192e-01
7.015015955564197769e-01
7.053081830094307669e-01
7.051676492937054563e-01
7.053637014931691818e-01
7.034443070134209774e-01
7.024661342396131269e-01
6.984312142187732997e-01
6.890693036113950676e-01
6.812845213682007239e-01
6.700723239356947136e-01
6.652147089326423401e-01
6.628549904560547823e-01
6.598696531843503132e-01
6.609637952869026334e-01
6.649002753813142430e-01
6.689595481846752900e-01
6.905593112603201078e-01
6.929919449181570767e-01
7.033089495828959148e-01
7.165328671878999911e-01
7.290072503138046445e-01
7.302424433028275041e-01
7.366822394110110750e-01
7.457993722568893036e-01
7.289411050688890947e-01
7.331578977344613834e-01
7.166921033811639585e-01
7.111091136914349242e-01
6.916267559235778073e-01
6.689042228300318138e-01
6.676882364194942632e-01
6.445866252378168459e-01
6.323514113664491232e-01
6.217779493633788235e-01
6.158766354620549555e-01
5.999382711944551971e-01
5.910478185758561986e-01
5.860143524076075749e-01
5.769190688381549137e-01
5.553068010552767442e-01
5.406176313408201928e-01
5.381635368532023955e-01
5.357968430676302019e-01
5.322201446118616230e-01
5.239967941373300242e-01
5.196908495589760424e-01
5.163579456407881851e-01
5.140461114409494714e-01
5.123038449566018615e-01
5.121882841166032208e-01
5.205636397007904481e-01
5.083820529407184763e-01
5.280216217096477260e-01
5.479850640861770872e-01
5.679972859991719858e-01
5.857063457263597117e-01
5.997791939855628973e-01
5.951328053273169383e-01
5.798358982137924444e-01
5.752240104688555178e-01
5.544447233303031464e-01
5.430258802783630712e-01
5.292272266688391458e-01
5.024903237235038844e-01
4.908636071155382252e-01
4.743699981760330919e-01
4.754740719180766129e-01
4.697282014941431272e-01
4.717756239376940108e-01
4.687297297743709956e-01
4.657879471115164427e-01
4.639010867902237378e-01
4.601920178907671355e-01
4.588169867782928013e-01
4.707623588226307887e-01
4.775010978688994934e-01
4.738994941842335495e-01
4.617553379326236329e-01
4.602265877788466186e-01
4.511448464636338973e-01
4.523920425521159583e-01
4.463731824301473972e-01
4.486032935120899956e-01
4.367746932903673329e-01
4.345878590056926893e-01
4.332373975380380826e-01
4.331390772717244597e-01
4.396649146026633259e-01
4.561889171030312773e-01
4.581768825313914939e-01
4.507112594261157290e-01
4.472900565624743918e-01
4.437295413171346015e-01
4.475188585475939340e-01
4.470323112591240156e-01
4.444429031457426960e-01
4.424897650977559493e-01
4.324779707114634886e-01
4.220809162870965969e-01
3.917882367149336242e-01
2.756165000465978232e-01
2.118876061101642727e-01
1.967675325692320454e-01
2.125297667840808924e-01
2.146020742556449257e-01
2.040263148682926742e-01
1.949847279520731391e-01
1.837807652143694237e-01
1.887850808106178446e-01
2.052557600201481147e-01
2.118228928321595483e-01
2.068923342645031804e-01
2.026417238525520526e-01
1.962032748342197042e-01
1.920639137432052779e-01
1.934929990877279071e-01
1.888145865174632732e-01
1.963051932828132617e-01
1.937583288368398271e-01
1.895809018304715488e-01
1.885399486714577078e-01
1.832208101921564414e-01
1.722379961580318697e-01
1.578534630942336758e-01
1.532177019480533420e-01
1.469934763393540567e-01
1.473040016975769306e-01
1.434453705308010862e-01
1.379874140401624039e-01
1.349770909268563079e-01
1.344943663869264117e-01
1.366312597802719908e-01
1.384699478159281960e-01
1.340326895268026397e-01
1.370159742078567444e-01
1.455012012550833955e-01
1.420325321008588382e-01
1.366327918499304628e-01
1.388019921651117150e-01
1.328922411449805496e-01
1.482562999324626984e-01
1.465920414296817686e-01
1.550869127796042357e-01
1.505436231974374706e-01
1.343566819416278091e-01
1.095218918562989724e-01
9.619794426446118263e-02
8.932643872372483806e-02
8.770919836965576644e-02
8.820353523863333489e-02
8.727884035297671372e-02
8.098289195826686993e-02
8.059028969984090296e-02
7.991241216170603956e-02
7.328967147950006533e-02
1.023884369683816103e-01
1.252449084789267753e-01
1.318767715791716033e-01
1.362870101102429676e-01
1.796560275761566738e-01
1.719029125434348992e-01
2.060837568854964330e-01
2.080851434441950421e-01
2.515312973863618740e-01
2.860236568627154141e-01
2.824224662910112538e-01
2.881008747279730775e-01
2.968834229736301844e-01
2.795477806406390098e-01
2.790345373962521136e-01
2.766156140547794684e-01
2.757949075398760108e-01
2.584557682294115755e-01
2.581899461452513700e-01
2.596130997911066940e-01
2.599050529928301212e-01
2.544579862088717781e-01
2.587298526705152368e-01
2.588524752071399981e-01
2.494323663961604820e-01
2.598483228668448386e-01
2.609669159237885672e-01
2.620730646993962298e-01
2.642547984935743055e-01
2.768859153756386693e-01
2.873716256345021924e-01
2.891123848648339822e-01
2.840027831938292668e-01
2.885620847175238146e-01
2.761320537575437384e-01
2.659416546679366222e-01
2.641353525969730720e-01
2.679922472686928070e-01
2.532794465614002233e-01
2.655383028384783461e-01
2.401462535608876736e-01
2.226619854642284679e-01
2.211628066499929934e-01
1.968826149508886847e-01
1.953844199587470576e-01
1.604207357565200498e-01
1.653900662265146704e-01
1.555770143830301488e-01
1.528527095515055667e-01
1.388342297156851812e-01
1.347981677874179884e-01
1.205999552480917780e-01
1.349233071989371369e-01
1.332972785440033892e-01
1.369259928594392939e-01
1.452395640967247548e-01
1.510171823761094767e-01
1.661016816266621399e-01
1.661978290033966077e-01
1.703872764264683648e-01
1.651251778935657610e-01
1.643675947419120098e-01
1.640967197958221879e-01
1.630735186900330314e-01
1.603330299771658640e-01
1.593868131012895206e-01
1.600357314937985165e-01
1.628142141310207347e-01
1.657148876545916361e-01
1.707348458947015313e-01
1.729146813095408242e-01
1.710612538766372870e-01
1.760670516966843513e-01
1.789892950229600987e-01
1.837592563063185913e-01
1.810731362249361487e-01
1.839438098403985700e-01
1.827956903066213223e-01
1.803797248534248776e-01
1.748470106968133542e-01
1.741037806983571357e-01
1.674295921697673273e-01
1.681008751955934133e-01
1.621566936271414683e-01
1.687647264270415171e-01
1.700198667851512135e-01
1.796574657734949509e-01
1.741836926992346712e-01
1.852721193170112080e-01
1.978717919564476624e-01
2.065867562309891547e-01
2.120753613651631120e-01
2.173776247059953370e-01
2.274481175954347345e-01
2.304176378154640936e-01
2.285644936568733687e-01
2.302255183324746768e-01
2.318336685817546650e-01
2.281593788416937663e-01
2.300459875300430446e-01
2.275316005027364363e-01
2.285052291736013319e-01
2.308057027651075066e-01
2.318361295812202405e-01
2.348745855693077367e-01
2.423388137369204554e-01
2.414071667505007512e-01
2.424912786156530053e-01
2.500410006000914342e-01
2.538881575565721249e-01
2.598308576508370216e-01
2.736744998367369175e-01
2.804041587526318047e-01
3.012710416217092013e-01
3.137125647191268962e-01
3.235381472789767288e-01
3.359078609816804617e-01
3.448100375969342379e-01
3.553755959488026916e-01
3.632637882263735074e-01
3.691227414607988200e-01
3.683243838837541584e-01
3.646557429543670903e-01
3.662243931841361877e-01
3.602033109244082709e-01
3.534832183771186020e-01
3.422620420902993121e-01
3.326407090552296886e-01
3.250430347012081000e-01
3.250995864755327758e-01
3.211882914507492304e-01
3.246968242078172029e-01
3.305128827213752452e-01
3.384337487321070204e-01
3.387895959256794209e-01
3.444740542027604491e-01
3.399423413532651206e-01
3.411175915744158460e-01
3.373042650735648684e-01
3.384286881891696019e-01
3.300682525482004359e-01
3.211276535920472575e-01
3.144915404062438302e-01
3.071467956530570254e-01
2.963860810254879685e-01
2.928910804725727846e-01
2.886573986565068584e-01
2.837229687969648473e-01
2.771356555762383156e-01
2.716437903431894174e-01
2.713244048919537521e-01
2.663077165500469801e-01
2.612792172484820763e-01
2.563349394257433134e-01
2.439512566940760241e-01
2.426941661837069275e-01
2.278821188929646968e-01
2.174919880518553228e-01
2.026773402330405704e-01
1.878310820585632479e-01
1.832023900865301924e-01
1.660206239853731780e-01
1.641157430029044073e-01
1.869145989248263140e-01
2.448189924118644167e-01
2.547867430693637747e-01
2.394031369702285805e-01
2.273758906099268007e-01
1.976893064253056331e-01
1.752874023641929901e-01
1.600981190648204655e-01
1.349942915266197085e-01
1.260953487761975467e-01
1.231538671909469945e-01
1.063998581712619212e-01
8.176738942422978607e-02
5.987937594875949315e-02
4.992253478989124027e-02
5.547477059157313733e-02
5.501729472266941867e-02
7.763295260806490905e-02
7.179050276451980073e-02
6.074545920605513294e-02
5.719795421835347643e-02
6.356774943018517199e-02
7.652592326145934987e-02
8.771348502751087628e-02
8.602890656900220867e-02
7.748141805474748067e-02
6.382139855080552759e-02
4.648576036907427905e-02
2.992302805907462449e-02
1.977620287111102673e-02
1.303230647135658615e-02
