2.3672490091
2.4381668738
2.4502822787
2.3979141946
2.3776149668
2.4187625952
2.5138467292
2.5934312395
2.6970602976
2.8293008560
2.9773959109
3.1260519749
3.2308507824
3.4506278992
3.6266243081
3.7317672689
3.8083038556
3.8919609267
3.9856537667
4.1038824811
4.2113393722
4.2574086857
4.2943813052
4.3128688436
4.3297154731
4.3453538227
4.3543498944
4.3647469104
4.3682139433
4.3463282908
4.3530762714
4.3787526507
4.4025671922
4.4041369321
4.3553326831
4.2564374201
4.2138779472
4.1476374379
4.1739941132
4.2521614111
4.3712680455
4.4093226926
4.3850271491
4.4013173168
4.4182326815
4.4034372964
4.3660205563
4.2942626959
4.1575072873
4.0210386949
3.8669391115
3.6768138260
3.4091621073
3.1784673135
2.8928083826
2.5821325304
2.2909936164
1.9979868976
1.7397008122
1.5809255852
1.4605384849
1.3685522201
1.3220491160
1.3081479966
1.2964008051
1.3279183729
1.3543602406
1.3789460378
1.3869255091
1.3773169123
1.3738269960
1.3568093999
1.3396103212
1.2824579959
1.2321983544
1.1480679078
1.1137574793
1.1264367709
1.1710844462
1.2489951605
1.2693130441
1.2737007797
1.2264888624
1.2257579481
1.2347364552
1.2434037118
1.2760841238
1.2817090638
1.2911655103
1.3047780729
1.3429204290
1.4020273352
1.4597752118
1.5078478310
1.5198270248
1.5501145769
1.5582920802
1.5466498048
1.4767204226
1.3961491691
1.2866488075
1.1887610834
1.0452341661
0.9394233513
0.8473440703
0.7767795635
0.7183632713
0.7212655778
0.7592909501
0.7706076835
0.7808020183
0.7889960430
0.7892627780
0.8070429732
0.7871629165
0.7374106604
0.6313529109
0.5235009090
0.4854800675
0.4711671777
0.4911460071
0.4929702500
0.5204421088
0.5127396724
0.4750112032
0.4424056258
0.4271216780
0.3774415327
0.3119437095
0.2863048713
0.2908670726
0.2896650161
0.2814206494
0.2701900151
0.2388590278
0.1970798683
0.1475380527
0.1477141773
0.1273325915
0.1372409055
0.1501250534
0.1705398743
0.2008073491
0.2191170696
0.2218783292
0.1783687201
0.1725178528
0.2105710539
0.2495903430
0.3033154145
0.3373448186
0.3266960448
0.3376705239
0.3396105968
0.3098184624
0.2956866203
0.3020293081
0.3109354370
0.3189538822
0.3402299127
0.3586874200
0.3453312866
0.3573643705
0.3596658626
0.3608438176
0.3641170525
0.3532470485
0.3821905927
0.3658704624
0.3527687421
0.3748806882
0.3597734578
0.3451944867
0.3226757688
0.2972088409
0.2755589443
0.2423109157
0.2104361113
0.1788531308
0.1614694973
0.1527827239
0.1636061458
0.2206159365
0.2157154826
0.2041966418
0.2031737557
0.2057221615
0.2172960634
0.1768609208
0.1357134818
0.1355526744
0.1438902124
0.1712218804
0.1971072243
0.2295155236
0.2540599818
0.2698707012
0.2795322093
0.2626317432
0.2355948432
0.2278282612
0.2472265694
0.2577465195
0.2714308077
0.2930601972
0.3140311440
0.3266632690
0.3266828646
0.3258384681
0.3248115335
0.3276909245
0.3162117153
0.2884065010
0.2851154435
0.2803898746
0.2687810468
0.2444373014
0.2179661314
0.2014099325
0.2101718744
0.2692107149
0.2738276328
0.3224541888
0.3888874181
0.4519988755
0.5241703767
0.5791982940
0.5695080474
0.6146039688
0.5897909903
0.6152920765
0.6059238011
0.5510447253
0.5054471640
0.4628269199
0.4416249731
0.4747356837
0.5990764968
0.6533341317
0.7008769442
0.7701378237
0.7748806949
0.7646363719
0.7379965841
0.7096656992
0.6788947059
0.6228492123
0.5281120196
0.4312185265
0.3687970452
0.2910019482
0.2813298455
0.2912605871
0.3041046557
0.3686323748
0.3410894111
0.3624911471
0.3948432850
0.3233752356
0.2986382132
0.2444277785
0.2387232120
0.2648139341
0.2649281758
0.2497259504
0.2392997240
0.2369649160
0.2437057710
0.2633936355
0.2849601431
0.2976006571
0.3227527393
0.3414587378
0.3703113519
0.3818026467
0.3805264556
0.3696212844
0.3529025917
0.3530257374
0.3473404787
0.3500641467
0.3512488885
0.3212842970
0.3294774073
0.4338825416
0.5212211323
0.5934603915
0.6101236620
0.6816535239
0.7747035537
0.8127803344
0.7927103732
0.7650436944
0.8028026647
0.8249401007
0.8274192901
0.8730212551
0.9162280419
0.9349332257
0.9568896546
0.9414791257
0.9311759391
0.9345024792
0.9338421128
0.9216143200
0.9041951313
0.8912015314
0.8922409891
0.8973375484
0.9210464135
0.9596608833
0.9670376941
0.9694253658
0.9666912651
1.0588986961
1.0789746154
1.0543053735
1.0671711303
1.0622755298
1.0675207569
1.0494220602
1.0483948335
1.0290052709
1.0318019056
1.0256035434
1.0330466154
1.0478473815
1.0686920554
1.0950326057
1.1121450959
1.1299265181
1.1572107572
1.1742670596
1.1677995703
1.1743488991
1.1792914503
1.1551951006
1.1510302670
1.1415430870
1.1167613625
1.0993707332
1.0898038792
1.0947384381
1.1194092275
1.1495317475
1.1911738332
1.2306721639
1.2751222542
1.3546429648
1.4011190344
1.4106900900
1.4055003581
1.4075230213
1.3958324671
1.3655812012
1.3408365167
1.3273349585
1.3157784288
1.2903846039
1.2818825114
1.2701644891
1.2633637557
1.2672196382
1.2792507215
1.2856249202
1.2955406417
1.3025705379
1.3061759801
1.3376487842
1.3673746990
1.3990322644
1.4161444226
1.4287882342
1.4511883813
1.4675078136
1.4798338297
1.4892920173
1.4995927838
1.5330182089
1.5857134323
1.6577751397
1.7226451802
1.7623531185
1.8024320019
1.8528236304
1.8710675692
1.8920851689
1.8960195377
1.8860556022
1.8561222859
1.8160042356
1.7900328081
1.7730457036
1.7759322140
1.8124821943
1.8460386514
1.8492744696
1.8905662440
1.9106830495
1.9244756387
1.9323067451
1.9484607974
1.9511034333
1.9571161167
1.9767709515
1.9945149397
2.0114836186
2.0383538996
2.0779942658
2.1255533870
2.1722097254
2.1961263898
2.2153275103
2.2283915649
2.2275600834
2.2325744511
2.2184275653
2.2113327632
2.2207635175
2.2117358820
2.2007083851
2.1810959548
2.1573834137
2.1483219928
2.1486823340
2.1327054627
2.1153883161
2.0902018000
2.0209032387
1.9075245944
1.8603901045
1.8035201617
1.8151166631
1.8179370693
1.7728579755
1.7646440852
1.7150303506
1.7104338092
1.6867399137
1.6936007068
1.7038568161
1.7185865475
1.7409051545
1.7281320600
1.7147784677
1.6871866658
1.6778700550
1.6674041316
1.6802059379
1.6888814119
1.6804506214
1.6803049784
1.6686583781
1.6633314960
1.6626893355
1.6687054166
1.6877741871
1.7104733909
1.7194855757
1.7205755839
1.7115400681
1.6254554189
1.5202934234
1.4945493534
1.5522506992
1.7435596037
1.7349691040
1.7063977503
1.6761201515
1.6433374528
1.6188555347
1.5861333213
1.5390642247
1.5016234937
1.4642294360
1.4410276943
1.4112945706
1.3929302023
1.3235556640
1.2617746530
1.2065398905
1.1565485615
1.1111651697
1.0637267020
1.0249558604
0.9973500249
0.9885042480
0.9891627323
1.0004686322
0.9974552793
0.9968759860
0.9955242500
0.9852589359
0.9501129843
0.9416493628
0.9302043202
0.9352313227
0.9433587012
0.9996558731
1.0431534391
1.1164163592
1.1230675495
1.0958919372
1.0404665786
0.9835216094
0.9546845454
0.9668936205
0.9695204990
0.9729646188
0.9772418048
0.9778943638
0.9810332895
0.9899592843
1.0006185631
1.0266617705
1.0425776599
1.0621288048
1.0726463332
1.0715908144
1.0666920258
1.0531679183
1.0291025382
1.0218326899
1.0222469144
1.0223673474
1.0326934916
1.0402320935
1.0461995326
1.0628347357
1.0800862716
1.0855712904
1.1027847505
1.0991502537
1.1062595875
1.0962798134
1.0774987658
1.0595366266
1.0388574743
1.0235046168
1.0086299331
0.9931129654
0.9746460577
0.9581086363
