0.0411300554
0.0428277831
0.0467738777
0.0429347284
0.0689388491
0.0849006467
0.0853469337
0.0634359862
0.0655237159
0.0420907601
0.0678851688
0.0970654569
0.1009023606
0.1049281135
0.1141075560
0.1429136143
0.1494732370
0.1503518614
0.1195179053
0.1185230257
0.1029847944
0.1054043943
0.1016802747
0.1048187201
0.0837701522
0.0611574512
0.0591997584
0.0642963133
0.0730838407
0.0543463085
0.0709064413
0.0722315519
0.0776911521
0.0663726902
0.0704113930
0.0764765123
0.0788731438
0.0732316387
0.0643969984
0.0694545234
0.0635447986
0.0624308765
0.0638634471
0.0612591277
0.0556669001
0.0514284110
0.0574460646
0.0576166353
0.0508440512
0.0483458640
0.0497264171
0.0505629307
0.0547668799
0.0564372518
0.0620819218
0.0584206599
0.0515510231
0.0490518803
0.0583385603
0.0514646695
0.0635787449
0.0668554554
0.0649275314
0.0609829926
0.0609504607
0.0525320288
0.0456765014
0.0453804720
0.0490353936
0.0474613483
0.0465253696
0.0559365580
0.0550174445
0.0489457506
0.0422855996
0.0462776664
0.0402282070
0.0447905160
0.0480482584
0.0443057027
0.0411712983
0.0459546781
0.0494149725
0.0359977875
0.0399968436
0.0301307224
0.0312353372
0.0404014910
0.0279391195
0.0272034853
0.0270281122
0.0302717079
0.0269061940
0.0187801478
0.0269406864
0.0098190513
0.0176429426
0.0326397436
0.0296800380
0.0270253336
0.0247096129
0.0280319413
0.0411219961
0.0241760042
0.0164544164
0.0202690513
0.0242945506
0.0261450371
0.0323332142
0.0338682607
0.0245311976
0.0128209336
0.0191049966
0.0265154162
0.0281718942
0.0324531431
0.0311753934
0.0322509855
0.0243938923
0.0195611070
0.0248257869
0.0233686713
0.0259590956
0.0240062742
0.0134122727
0.0286632549
0.0260558735
0.0220342718
0.0417782713
0.0519189032
0.0371628866
0.0570016206
0.0745170310
0.0446773442
0.0189808803
0.0455441081
0.0804581705
0.0956820773
0.0305069276
0.0500006419
0.0350266193
0.0412348588
0.0362057028
0.0301252148
0.0222139531
0.0250957105
0.0516875841
0.0465109265
0.0262788526
0.0192040480
0.0210815829
0.0202487708
0.0246036220
0.0217314646
0.0371266175
0.0251370508
0.0388665303
0.0440926422
0.0380416969
0.0370951694
0.0379698504
0.0431458048
0.0388357375
0.0379692599
0.0447124927
0.0436921312
0.0437945374
0.0434499231
0.0332901199
0.0312684176
0.0381148438
22.0861796702
22.0825409082
22.0827739283
22.0785821958
22.0770382880
22.0755180700
22.0766008220
22.0736486553
22.0755947779
22.0722516079
22.0723840502
22.0663231772
22.0712363937
22.0759190799
22.0742780566
22.0690281696
22.0675692893
22.0655182390
22.0713915840
22.0724450799
22.0681000294
22.0676397778
22.0728225757
22.0669232949
22.0731824584
22.0762569873
22.0728200734
22.0721147503
22.0686872139
22.0642668065
22.0515260118
22.0504705652
22.0546501409
22.0437403577
22.0471780495
22.0409619830
22.0379044539
22.0390275565
22.0411636226
22.0525722749
22.0651619152
22.0622291282
22.0553240254
22.0510301353
22.0554853290
22.0697917240
22.0464470198
22.0529160268
22.0502082258
22.0382164519
22.0580840872
22.0637664172
22.0529353770
22.0666952378
22.0532144302
22.0667549254
22.0519808507
22.0624102118
22.0701662187
22.0776285536
22.0771166059
22.0775234045
22.0739203599
22.0770948130
22.0834072225
22.0909376708
22.0883855592
22.0958457343
22.0774192984
22.0843589158
22.0823671456
22.0865011176
22.0823106352
22.0726741787
22.0997886755
22.0883978456
22.0632418394
22.0819581531
22.0652878515
22.0626075524
22.0755572333
22.0591031476
22.0919253794
22.0945482463
22.0396894932
22.0930453520
22.1025939206
22.1120730108
22.1023796678
22.1114926491
22.0964274347
22.1044609022
22.1096135583
22.1018304068
22.1126532528
22.1026517885
22.1057214615
22.1104668593
22.1101950522
22.1223326788
22.1258579318
22.1221385523
22.1215786759
22.1275168257
22.1284196334
22.1367313274
22.1469043299
22.1358265332
22.1343236373
22.1320180970
22.1415740826
22.1392568023
22.1337373596
22.1333054554
22.1298321978
22.1266658126
22.1207923151
22.1208461246
22.1356645186
22.1432852136
22.1386505358
22.1274019371
22.1004127493
22.0961203858
22.0883966845
22.1240359659
22.1231996529
22.1249069503
22.1017661776
22.0990762558
22.0976001968
22.0817054534
22.0790653265
22.0887874596
22.0870463289
22.0886339870
22.0899272038
22.0898318397
22.0927460707
22.0953477413
22.0886526195
22.0904912845
22.0950805120
22.0941428654
22.0867045343
22.0858074004
22.0843548068
22.0798447614
22.0814353528
22.0853208482
22.0829306149
22.0771484532
22.0766029846
22.0816583499
22.0854345638
22.0821428834
22.0771670000
22.0680134538
22.0676149197
22.0754777782
22.0802652689
22.0805562373
22.0623758431
22.0635951860
22.0650548395
22.0667146757
22.0662356549
22.0545325566
22.0593137735
22.0601873580
22.0656048283
22.0657787440
22.0651137158
22.0661362614
22.0671786557
22.0681189634
22.0685314756
22.0651614688
22.0670556250
22.0656176722
22.0660288876
22.0659505081
22.0638474298
22.0633263884
22.0638883424
22.0648714628
22.0562519309
22.0562090945
22.0559254951
22.0495837981
22.0465212655
22.0524080105
22.0534272974
22.0578025361
22.0608759999
22.0623635141
22.0662696646
22.0679346316
22.0711373846
22.0701386753
22.0723344755
22.0704299167
22.0689206855
22.0656751241
22.0676924295
22.0663173344
22.0690636891
22.0695618266
22.0703180513
22.0716383052
22.0690081276
22.0733354866
22.0696162681
22.0662791343
22.0651333152
22.0650328723
22.0644341786
22.0588550240
22.0593033559
22.0569176003
22.0569858348
22.0602875526
22.0596636661
22.0601719038
22.0573495225
22.0578789911
22.0568278289
22.0555833662
22.0529770154
22.0530847583
22.0545278497
22.0543538848
22.0560887299
22.0584046295
22.0593876482
22.0572752305
22.0577825748
22.0533089047
22.0520656221
22.0496557792
22.0495023944
22.0524403925
22.0533946709
22.0546089300
22.0555106548
22.0531219863
22.0532021360
22.0515668612
22.0559371079
22.0536180297
22.0538830746
22.0502291579
22.0500548813
22.0466308037
22.0466253364
22.0450677984
22.0400845030
22.0370943262
22.0370708581
22.0358754786
22.0401667917
22.0432096072
22.0432519730
22.0416446564
22.0429873325
22.0399354812
22.0409733440
22.0433577481
22.0457703353
22.0537750159
22.0596220529
22.0606042317
22.0640458978
22.0621625638
22.0582138361
22.0589110870
22.0557873063
22.0554846167
22.0561463567
22.0563733500
22.0547349420
22.0558701167
22.0499229728
22.0379373168
22.0310657129
22.0297497052
22.0264689580
22.0295188245
22.0284095762
22.0281104533
22.0343436915
22.0364207851
22.0339043678
22.0372004070
22.0402242984
22.0419487925
22.0432680853
22.0472836684
22.0549384440
22.0549852510
22.0641127288
22.0627612507
22.0642715299
22.0713095657
22.0660186345
22.0664916162
22.0624747493
22.0609899676
22.0577323597
22.0602920366
22.0634654104
22.0524623435
22.0500111022
22.0485881172
22.0461945869
22.0365761795
22.0307836220
22.0272636110
22.0320511309
22.0372360732
22.0402368893
22.0378814023
22.0403831615
22.0418297501
22.0421680977
22.0432326487
22.0436761383
22.0442875576
22.0469437294
22.0463741771
22.0499414151
22.0522970547
22.0533590195
22.0636077693
22.0656101239
22.0606160029
22.0621554744
22.0640794074
22.0545694890
22.0560751119
22.0584225861
22.0592261145
22.0605838028
22.0629209368
22.0563978566
22.0566476687
22.0552747558
22.0570420886
22.0578797313
22.0567536944
22.0532340820
22.0492447996
22.0526482790
22.0521758760
22.0569998698
22.0601898878
22.0576039786
22.0532763771
22.0538336914
22.0552482146
22.0554243671
22.0515476746
22.0543393668
22.0439440592
22.0482671995
22.0523509227
22.0569502814
22.0574412122
22.0541609443
22.0539816696
22.0575147273
22.0553360799
22.0534396002
22.0605086015
22.0747822652
22.0822662840
22.0851753144
22.0939877164
22.0902420533
22.0895453484
22.0812868260
0.0854582591
0.0917888670
0.1025301908
0.1098980358
0.1673332685
0.1080695884
0.0713000178
0.0690814037
0.0531150358
0.0743952837
0.0678879464
0.0661381827
0.0436183971
0.0543783176
0.0850477559
0.0855813885
0.0516720765
0.0564355813
0.0562387878
0.0556087014
0.0503411894
0.0554601074
0.0671946827
0.0606086563
0.0674551957
0.0633576370
0.0574351312
0.0571527509
0.0597740513
0.0651978188
0.0702487616
0.0707148094
0.0608605982
0.0712311832
0.0853567382
0.0701029957
0.0627395997
0.0617739590
0.0551505235
0.0548805397
0.0551219582
0.0661571619
0.0562250691
0.0538325353
0.0516382387
0.0421817268
0.0350839963
0.0355754501
0.0326323251
0.0382605522
0.0397102800
0.0462413556
0.0556550135
0.0603077535
0.0687434600
0.0703636375
0.0642748879
0.0574744974
0.0508547489
0.0559812035
0.0652382889
0.0730120068
0.0490809042
0.0501950044
0.0495441640
0.0481083085
0.0481167942
0.0520192048
0.0553995549
0.0500702120
0.0409050355
0.0410079747
0.0418059168
0.0424812691
0.0341327386
0.0343592411
0.0334033294
0.0373918417
0.0391448297
0.0393767422
0.0403447163
0.0386598280
0.0426563672
0.0408670814
0.0425258359
0.0416711839
0.0459025396
0.0435551970
0.0363006443
0.0366676718
0.0339572269
0.0348233486
0.0374301450
0.0356499813
0.0389782979
0.0410397334
0.0422165821
0.0434602398
0.0402436264
0.0486500203
0.0518368285
0.0425614341
0.0410070204
0.0418908207
0.0448004130
0.0493147292
0.0516102751
0.0556742536
0.0558961198
0.0523324872
0.0475490958
0.0457848863
0.0491290026
0.0484666023
0.0446717863
0.0527001093
0.0535879005
0.0515434654
0.0521936554
0.0618146239
0.0563549575
0.0659421016
0.0600473687
0.0584600888
0.0533359380
0.0573496236
0.0526322593
0.0608682001
0.0674976006
0.0743687562
0.0857314272
0.0786413694
0.0736819708
0.0673402754
0.0668787862
0.0667515759
0.0661830252
0.0688036496
0.0619951507
0.0615881586
0.0692967184
0.0758018030
0.0674924710
0.0674699005
0.0699500323
0.0615201728
0.0681936126
0.0615183482
0.0577539352
0.0576587016
0.0581620459
0.0561512226
0.0587385989
0.0593802878
0.0581363243
0.0603198865
0.0587236091
0.0563619658
0.0585261583
0.0579744734
0.0589774682
0.0604400773
0.0586949223
0.0582405623
0.0575189177
0.0617710230
0.0598121290
0.0617698752
0.0632585152
0.0633465733
0.0630368638
0.0549813982
0.0559925201
0.0564612543
0.0550746040
0.0517741682
0.0483743418
0.0497879050
0.0550657156
0.0508683727
0.0463564635
0.0489569854
0.0477315848
0.0503206573
0.0503054521
0.0479662043
0.0488305523
0.0479703290
0.0473328603
0.0479217304
0.0476462689
0.0469342192
0.0468748780
0.0476927678
0.0451674934
0.0480663665
0.0491632514
0.0504706921
0.0488583315
0.0457923294
0.0442065592
0.0439567665
0.0478231674
0.0488383324
0.0490899874
0.0566271775
0.0537232524
0.0556657295
0.0518976465
0.0489371326
0.0464773234
0.0445476869
0.0432784861
0.0445812098
0.0428716983
0.0432862572
0.0431724078
0.0414310099
0.0428322829
0.0388940804
0.0371555473
0.0409062641
0.0383649365
0.0371279508
0.0426986630
0.0445753320
0.0422461438
0.0453002283
0.0464304540
0.0451018875
0.0449479905
0.0450391041
0.0450387794
0.0482192102
0.0502414042
0.0451403282
0.0452086201
0.0455907223
0.0405114500
0.0422732790
