4.1935812021
3.0208363269
2.9877120293
2.9839851068
2.8893823614
2.8316595012
2.7164985321
2.7285790768
2.7116475139
2.6745899055
2.2528641556
2.2082609845
2.3325344324
1.9289031818
1.9911969320
1.8626386103
1.6947543050
1.5886893514
1.4837201688
1.2266266686
1.4475714975
1.4903464765
1.4309367023
1.8306048772
1.3637830282
0.7797009814
1.0754206963
1.1080710020
1.1224088134
1.0711288677
0.8967848179
0.8854107085
0.9332877032
0.9901753854
0.7623865106
0.6105245487
0.7277536304
0.9542465347
0.9313549804
0.9588532924
0.8989784998
0.9085024042
0.9182498087
1.1203001804
0.9981750066
1.1930363110
1.0929006908
1.0558241546
1.0411922380
0.9492869920
0.9410933103
0.9228763866
0.9486846787
0.9280002391
0.9492495899
1.1111117921
1.2388936528
1.1570922925
1.1252409108
1.1865875144
1.2116090879
1.2282437484
1.1584477453
1.2628971884
1.2636957224
1.2471936809
1.2423101545
1.1500113079
1.1630871679
1.2538473312
1.2339511680
1.2357588157
1.1844910779
1.2388446806
1.2151393632
1.1034405936
1.0434191750
0.9944331676
0.9057462350
0.8858484941
0.9176343380
1.0716281852
1.0435620158
0.9777588491
0.9034714473
0.8484046685
0.9990434677
0.8522057109
0.8901378739
0.9689618951
0.9500932773
0.8379967369
0.6819967555
0.6668854832
0.7727556045
0.7709321430
0.8320828786
0.7756239582
0.6636012103
0.7659714755
0.6513512001
0.8840525259
0.8971172602
0.9491707905
1.1306805254
1.4844591872
1.0124728476
1.0116342661
0.9151146324
1.1509969384
1.1174519156
1.2276198474
1.1088098913
1.1465906064
0.9723951426
0.9490460540
1.0458022497
1.1457812124
1.1075244449
1.1779124194
1.4484387107
1.6813941499
1.5224521746
1.6747909449
1.7261604610
1.7510983043
1.4341925027
1.5592976917
1.4816695456
1.0024526447
0.9697708753
1.0367201124
0.6729135660
0.9732879362
0.7564508336
0.7540303154
0.5191902223
0.8538430421
0.9104300587
0.7976674920
0.7403950028
1.0386934214
0.6182100287
0.9758273646
0.8808510232
1.0694420623
1.4027421502
1.0541769206
1.0811060763
1.0744224621
0.9648473057
1.7209290250
1.0499168557
2.1844848810
0.7134986042
1.0648016930
0.8483710036
0.9303983714
0.7882076444
0.7416395569
0.7326564573
0.8676386715
0.6453339943
0.7972908033
1.3575710646
2.3685450510
1.7392544973
1.6573834543
2.4477024248
1.0501797651
1.8713229535
1.3186606365
1.9219822826
1.6815260373
1.9794031086
1.7868270493
1.5244371695
1.5763962502
1.4544220703
1.9433212602
1.8456228206
1.6398651440
1.5678205946
1.3910486172
1.4682412845
1.2261257467
1.3425530292
1.0826077025
1.3639496178
1.1631603666
1.5523881667
1.4300532719
1.4964163428
1.5256210615
1.4364266666
1.2341523973
1.2010895542
1.2855030389
1.2853091933
1.3694640153
1.2401317006
1.2597730592
1.2709168332
1.3766109353
1.5001328999
1.5337965719
1.5821248549
1.5204912604
1.5746305032
1.7104246971
1.5710851534
1.6217929234
1.7077700173
1.6382410297
1.5629407072
1.6006248607
1.5118771395
1.5796451143
1.5713882684
1.5003768976
1.4156581751
1.4999005323
1.2594595606
1.2170392003
1.1886716034
1.2655445793
1.3201292785
1.1594810934
1.2046155673
1.0946547581
1.1551801766
1.1616035816
0.8565411901
1.0365191912
1.2528621213
1.1993935085
1.3253358021
1.5212993135
1.3734732396
1.3423420306
1.4123944274
1.5019446962
1.5198467221
1.4197736605
1.8051402398
1.7381632183
1.5703889046
1.4396738022
1.3027732877
1.2966825246
1.3469323591
1.2253595104
1.1464676698
0.9262121375
0.7571441093
0.7133141447
0.6654199884
0.6841931599
0.9238374927
0.8069835382
1.4218793591
1.1242117393
1.3664116834
1.4202675314
1.6709068845
1.5894012756
1.4706497061
1.5586031183
1.5738570519
1.7294592404
1.7378731384
1.4575657396
1.3384188602
1.3601204187
1.4754093747
1.3850565943
1.5354425958
1.5102197687
1.2926554050
1.0960987793
0.9907070796
1.0485929219
1.0280720358
1.0219623165
1.0259700554
0.7953894969
0.8163866170
0.8935047629
0.9514715196
1.0359263386
0.9659330689
0.9391902536
0.9320159625
0.8580962510
0.9986541461
1.1145803315
0.8984939458
1.0041933535
1.2297595086
1.5169928302
1.6572843895
1.7177310269
1.6351402226
1.6667493859
1.5911775565
1.4478190833
1.4659082143
1.4102599618
1.3560147757
1.3392929613
1.4668402259
1.1734272239
1.3942382662
1.2693057566
1.2198640238
1.2814268333
1.1962710363
1.2282451001
1.1935303417
1.0960816397
1.1106486751
1.0855442104
0.9781406223
1.0739636054
1.0709285172
1.0580761749
0.8753666507
0.7822550313
0.7978785907
0.7940941349
1.0068784082
1.0521029066
1.0730609463
1.1714032775
1.1358298932
1.0812328415
1.0037088351
1.1193559871
1.1092615955
1.1286510886
1.1404378558
1.2428456319
1.0188196370
1.0296811879
0.9907990045
1.1101093141
1.0755601185
1.0463675060
1.2090616134
1.3133730877
1.2513748561
1.2234725820
1.1975979596
1.1431717304
1.1672706872
1.2521263278
1.2417330172
1.2069293918
1.2526846178
0.9214434604
1.1443244284
1.2721794109
1.0308951239
0.9042698954
1.0015814788
1.0315731006
1.2486376910
1.2993589353
1.2000127035
1.1001180740
1.2365323407
1.1535234653
1.1961912376
1.1010328583
1.0665297521
0.9406935069
0.9909824716
0.7880147846
0.8172882979
0.9825973514
0.7990644774
0.7770905963
0.8661485970
1.1125618750
0.3414207313
0.6924425323
0.7661376874
1.2108833475
1.3711757282
1.3949271202
1.2656153945
1.3539524316
1.2718051464
0.9167764185
0.6489192292
0.7388987357
0.8439453571
0.8706532101
0.6908277516
1.0538114498
0.6967893380
0.9008391715
0.8258462570
0.5887952436
0.7303867960
1.3647762117
1.2005983041
1.1194135031
0.2542378126
0.3384825948
0.6760414576
0.5170268359
0.7577023631
0.8145106097
0.8105544967
0.9643181152
0.9345222980
1.0676852001
1.1173406708
1.1179207660
1.1658704522
1.1435933727
1.2092572315
1.0370147504
0.9799790261
0.8772683508
0.8414662654
0.7269630645
0.5640906276
0.5415010913
0.5822955132
0.5033684271
0.6604443971
0.6571694206
0.6785131604
0.7164267737
0.4680504479
0.7025850169
0.6557920812
0.7378266110
0.9963392282
0.9542833386
1.0487415622
1.0575061459
1.2926685320
1.3778970608
1.3509790265
1.3378945700
1.4084280160
1.4303565583
1.3375153943
1.4197914478
1.5880995941
1.5625420816
1.6599876817
1.5295689886
1.5338761550
1.4798111460
1.3385911475
1.2130949440
1.1195444292
0.9601434140
0.8594520060
0.8990071257
0.8891828072
0.7173776128
0.6340122360
0.6678806361
0.5785246812
0.7436355482
1.0201702671
1.2759524796
1.2790873045
1.0494974867
1.0116204919
0.6594035956
0.7191221072
0.8258793390
1.0288972242
1.1192497685
1.0409110063
1.0952714644
1.1220649057
1.1197947695
1.1450640942
0.9148346880
0.8931161676
0.8936606455
0.8482819429
1.1411686555
1.0937291982
0.9193490327
1.1594654035
1.1063466757
1.0723501333
1.2085278161
1.2329260936
0.9645956206
0.9514525115
0.9490548957
1.3047495075
1.0449018027
0.9571291541
1.1318790294
1.0366748677
1.0671883111
1.0105131249
1.0087258111
0.9667227760
0.8569011130
0.8347414801
0.7873114907
0.5892571230
0.5145368181
0.4819263309
0.5707261830
0.4026702601
0.5144456045
0.7157187337
0.8514843209
0.7691859833
0.7494294290
0.8679902936
0.8160787116
0.7980771586
0.7669120810
0.8601498227
0.9013095334
0.8677052506
0.7616532490
0.8240442751
0.7084701088
0.7425149926
0.7619635900
0.6499545693
0.7691449278
0.7106384235
0.7661561827
0.7542414442
0.7616916103
0.7703176749
0.6710328772
0.6818243413
0.8554924525
0.9009377096
0.8571460826
0.8715005896
0.9223692777
0.9224186637
0.8871025338
0.9593102375
0.9808976973
1.2310171122
1.2055385903
1.1535871011
1.1583093283
1.0717765777
0.9720787428
0.9145228572
0.9850091399
1.1179368737
1.0011396488
1.0554302341
1.0322834838
0.9961292783
1.0234388343
1.0661581691
1.0429041646
1.0443082313
0.7833712348
0.8528634270
0.8968060355
0.9770142489
0.9198533084
0.9400155920
1.0127102213
0.5896285508
0.7302577528
0.9197520021
0.8227994569
0.7802342231
0.7152425288
0.8651380922
0.8952897767
0.8905210078
0.9939824512
0.9805004340
0.8732970543
0.8729366102
0.9305680682
0.9412035547
0.8623261160
0.8631314588
0.7958545924
0.7986769152
0.7905837436
0.8298604593
0.8458270113
0.8907457108
0.9152581269
0.9740662448
0.8687720597
0.8739998048
0.8930767804
0.9241930824
0.9506003961
0.8992803766
0.8771381285
0.8791848674
0.8792977382
0.8792417179
0.9385543101
0.9712936049
0.8994416982
0.9200372456
0.8176229878
0.8292156167
0.7429927117
0.7045626276
0.8010631763
0.9002664781
0.9616787666
0.9900200850
0.9319564823
0.9817695567
0.9146699780
0.9138510953
0.8959009116
0.8639742675
0.9090137513
0.9322270670
0.8848131280
0.9137286882
0.9068908586
0.9522804359
0.9690530945
0.9587971842
1.0713104256
1.0580369687
1.0846538410
1.0191963323
0.8648591757
0.8875196375
0.8274611904
0.7563659428
0.8585777528
0.7736453481
0.8090484267
0.9052470427
0.7525181019
0.7684982549
0.7329486994
0.4390442395
0.4242676985
0.5091846441
0.4962888841
0.5014890244
0.6014452457
0.5657503790
0.6822879660
0.4029765819
0.5888750303
0.3970347544
0.5546851679
0.6013253632
0.3900740680
0.5073316973
0.5594682748
0.6522170444
0.5439167938
0.5779476532
0.5140795461
0.3991983393
0.5507922167
0.5277812995
0.5839172846
0.5924934298
0.6188866351
0.5926126097
0.6153299577
0.5803669905
0.6252100744
0.8085875437
0.6182990701
0.6629483499
0.5608414527
0.6583973405
0.6844412519
0.7509791714
0.6947537325
0.7876116866
0.6929624731
0.6309108886
0.6772170815
0.6320807914
0.6529741106
0.6209250644
0.6429869740
0.5748717220
0.6148506162
0.5981513247
0.6765714827
0.6665141301
0.6491851445
0.6835177302
0.7264437629
0.6709581801
0.6896327964
0.6639448659
0.6607469950
0.6936493414
0.6769918176
0.7239655150
0.7508594303
0.7755970082
0.8127308371
0.7727016836
0.7994754922
0.7155589288
0.6814812372
0.6859932135
0.7205454782
0.7518805302
0.7537422480
0.7347996929
0.7527892182
0.8389037342
0.8528146491
0.7719808963
0.7709784345
0.7842199372
0.8004191189
0.8420919417
0.6833392820
0.7694735704
0.8025690870
0.8146567611
0.8843534754
0.7908763471
0.7778188019
0.8159735828
0.8433696934
0.8964694149
0.8909920373
0.7852482565
0.7378195195
0.7474028271
0.7142720769
0.6571764386
0.6442260300
0.6191379321
0.7456036482
0.7177917826
0.7220219705
0.6850028812
0.6124598701
0.7723481223
0.6433335312
0.6406314670
0.6988115725
0.6700135722
0.6421298474
0.6898501643
0.7030469294
0.7885233658
0.6861162824
0.6258197417
0.6939514740
0.6696300701
0.7261082077
0.7542116320
0.8105393480
0.7578928973
0.6766317402
0.7209847072
0.6620974435
0.6463695517
0.6746011149
0.6663703739
0.6148293545
0.5902793767
0.5270305389
0.6089042339
0.6843293421
0.6606390058
0.5258129968
0.4548646446
0.4868552221
0.5158814369
0.5385808576
0.4714273715
0.4823375248
0.5503640460
0.5163350810
0.5228633074
0.5070126658
0.4788129703
0.4536926733
0.4505302989
0.4131881842
0.4142870300
0.3974259828
0.3711077196
0.3958401423
0.4153315066
0.3965416736
0.3778365440
0.4162249353
0.4246984462
0.4277723686
0.3903352283
0.4164020394
0.4296618763
0.4404602430
0.4649213451
0.4271026894
0.4350448401
0.3986412718
0.4273307541
0.4198547130
0.5251183708
0.4722392036
0.6025720950
0.6389906292
0.6237907211
0.6409843558
0.6723116622
0.7763531611
0.9521524431
0.7490481722
0.9332316375
0.6848078742
0.9464906058
