3.5594670273
3.5527890988
3.5575866646
3.5527279033
3.5424273545
3.5410849041
3.5670146302
3.5611874497
3.5889730980
3.5993128481
3.6304472172
3.6733789727
3.6905138698
3.7242094444
3.8384101787
3.8536757503
3.9053385518
3.9568732457
3.9768718050
4.0414693642
4.1559779807
4.2939298886
4.3065695018
4.4404701230
4.4459214479
4.5544414152
4.5320366692
4.4976419796
4.5969147037
4.5801044589
4.5621738242
4.6380898969
4.6887131617
4.6805558700
4.6102926291
4.4039587747
4.0016985624
3.5756478444
3.2347871208
3.2002372930
3.2410496286
3.2920053123
3.1813666901
3.0789261619
3.0352511689
3.0835052338
3.0279908757
2.9658156837
2.8812301988
2.8039102571
2.6379693178
2.5259497602
2.4081372982
2.1625628368
1.9539603613
1.8429861435
1.7348043334
1.6496679942
1.5604083290
1.4574633490
1.3125212473
1.1657255667
1.1086723303
1.0313760617
1.0075010679
0.9981602159
1.0155447070
1.0216362503
1.0439418895
1.0654327316
1.0862598330
1.1060115515
1.1392133194
1.1656376157
1.1690418703
1.1852156752
1.1747889071
1.1549290404
1.1164917395
1.1054549491
1.0924462308
1.0680268410
1.0453793971
1.0211467233
1.0101416326
0.9955841345
1.0003873125
1.0026687605
1.0253144259
1.0161724058
1.0396703695
1.0672303480
1.0749375197
1.1185049569
1.1693351632
1.2220377753
1.2716828609
1.3130537607
1.3523053956
1.4077841217
1.4937437769
1.5886349707
1.6631995175
1.7471000764
1.7890779615
1.8092450331
1.8065453305
1.7613413218
1.7022197341
1.6134395274
1.4855338237
1.3248645945
1.1897570663
1.0797922344
1.0084072037
0.9704808825
0.9455538519
0.9350810607
0.9442781017
0.9453071890
0.9561783339
0.9840659683
1.0249440007
1.0575482901
1.0717016109
1.0722869451
1.0678126876
1.0405929396
1.0142854233
1.0076703309
1.0100455488
1.0169178146
1.0207785469
1.0373447597
1.0721163307
1.1007915339
1.1219930225
1.1171624371
1.1143870680
1.1210704266
1.1009536055
1.0903787612
1.0907868918
1.0951624337
1.1430920877
1.1385611704
1.1215429404
1.1323630159
1.1349679551
1.1526927715
1.1707447936
1.1786809157
1.1668934486
1.1785155288
1.2013492350
1.2285870083
1.2017482848
1.1683851579
1.1276843064
1.0881701705
1.0173991105
0.9742571067
0.9264711149
0.9056215891
0.8739906834
0.8207649740
0.8226926114
0.8623659318
0.8911729317
0.9249767895
0.9556956785
0.9833647061
0.9990356812
1.0143500282
1.0020507675
0.9871615553
0.9667122351
0.9467179941
0.8963778352
0.8807067377
0.8704991019
0.8826402859
0.8822760137
0.8609661031
0.8408192117
0.8490535655
0.8419203540
0.8540815870
0.8631066381
0.8605585941
0.8477829476
0.8329147645
0.8244755542
0.8090535555
0.8008064729
0.7657321343
0.7308559467
0.7001023870
0.6786073442
0.6441266136
0.6036789959
0.5799135464
0.5528574673
0.5323535136
0.5165040919
0.5116111807
0.5328712211
0.5364499688
0.5489220993
0.5540103306
0.5503682647
0.5353163470
0.5072574706
0.4619804022
0.4058462019
0.3581229599
0.3626730003
0.3801491313
0.3985002900
0.4447821458
0.4783608054
0.4871119781
0.5063921477
0.5212696718
0.5430720530
0.5657096754
0.5818711010
0.6161907092
0.6327370362
0.6534598663
0.6998485982
0.7212756877
0.7399657728
0.7392489616
0.7503679135
0.7560066666
0.7598925424
0.7505568801
0.7449189959
0.7390528059
0.7210458731
0.7360714634
0.7401661427
0.7383437099
0.7116830193
0.7087100285
0.6902705606
0.6847574834
0.6662717846
0.6478930457
0.6712758347
0.6941209361
0.6920528562
0.6749988291
0.6694142331
0.6619910381
0.6456270844
0.6228099365
0.6014723422
0.5856953572
0.5917989215
0.6095034636
0.6263909245
0.6563602079
0.6768563948
0.7143458653
0.7214281267
0.7235063210
0.7242781898
0.7299572765
0.7359335672
0.7461125899
0.7560765980
0.7619630676
0.7686211681
0.7776947026
0.7903435435
0.8016329457
0.8234579642
0.8381233049
0.8470659062
0.8624271838
0.8750959928
0.8935632110
0.9055022327
0.9292195489
0.9520226172
0.9555812148
0.9661992263
0.9821298877
0.9869673939
1.0030872498
1.0065607209
1.0335795511
1.0673421904
1.1022814856
1.1136477156
1.1294904653
1.1360487624
1.1460435849
1.1495381659
1.1503698890
1.1479754922
1.1498792154
1.1621940566
1.1637900218
1.1610656688
1.1532228137
1.1404949803
1.1344440758
1.1279142498
1.1273427055
1.1342060582
1.1152012695
1.1120439880
1.5855991113
1.5700928427
1.5653508404
1.5703777507
1.5807247940
1.5750795562
1.5861668418
1.5821450324
1.5160636665
1.4827707305
1.4456191660
1.4039474202
1.3830296580
1.3388562644
1.2857101280
1.2455831385
1.2128855790
1.0289724571
0.9590790396
0.9237424746
1.2336688001
1.1899577288
1.1588675403
1.1243581356
1.1137571282
1.1017239702
1.0890959565
1.0709550169
1.0422505365
1.0177507763
0.9777674697
0.9410511770
0.9124335434
0.9210991514
0.9312223815
0.9625441369
0.9850847670
1.0458903089
1.0820814314
1.1187751331
1.0900966686
1.0693683623
1.0897145806
1.1055268048
1.1334696541
1.1542792223
1.1861273139
1.2047601417
1.2292164809
1.2377927404
1.2564190428
1.2632017134
1.2624503618
1.2458349803
1.2324917918
1.2167457360
1.1960987642
1.1811503878
1.1708274796
1.1750212531
1.1759325584
1.1897743182
1.2114790104
1.2308588209
1.2470428121
1.2645040064
1.3171494021
1.3428959654
1.3726642688
1.3305768112
1.3186865644
1.2185075679
1.2179373417
1.2146447661
1.2230732922
1.2166313229
1.2077641336
1.2036157555
1.1890702927
1.1833091248
1.1890069121
1.1578367971
1.1203009856
1.0870288364
1.1936241172
1.2061489097
0.8924097899
0.8894105611
0.9153703611
0.9330193090
0.9547817876
0.9740330216
0.9727669731
0.9692966568
0.9539506194
0.9630046720
0.9779129423
1.0543244385
1.1705567857
1.1605089919
1.1632359204
1.1676977867
1.3054387440
1.3672513493
1.3787042181
1.3450777509
1.1020288562
1.1086890189
1.2291625953
2.2842367383
2.4643676753
2.4603580051
2.4601354234
2.4647715054
2.4719153506
2.4799476814
2.4765282780
2.4794304788
2.4709846504
2.4683799997
2.4680770916
2.4674687262
2.4647245968
2.4542016934
2.4095449333
2.2434703598
1.6570692558
1.6377310191
1.4738027312
1.4546799461
1.3403740120
1.3037909887
1.2861929222
1.2648471157
1.2501195386
1.2333982560
1.2126725201
1.2020223002
1.1830423637
1.1754842906
1.1654611984
1.1268008144
1.2227137626
1.1145982230
1.0699765001
1.0533670770
1.0441380886
1.0369085292
1.0226693065
1.0028278187
0.9946939284
0.9868363573
0.9827344560
0.9642119865
0.9077376454
0.8532883367
0.7888768804
0.8958733396
0.8970193053
0.9071110965
0.9213869664
0.9390545283
0.9424854791
0.9422201558
0.9334201682
0.9307749855
0.9304089473
0.9377408521
0.9728189399
0.7221228346
0.8021878679
0.8656995019
0.9378537148
1.0356992721
1.0492214743
1.0843713966
1.1387853294
1.2904197953
1.4258348053
1.4907465941
1.5146736835
1.7538380679
0.8655399250
0.8812977284
0.8566032680
0.8688383216
0.8720363121
0.8876297429
0.8837397561
0.8997617088
0.9164752837
0.9285096446
0.9289032052
0.9234855943
0.8855605406
1.0127721620
2.1255295012
2.3106156927
2.3088362802
2.3133434837
2.3111369814
2.3110946813
2.3033584356
2.3008757510
2.3199196688
2.3201145038
2.3162987240
2.4610517169
2.5700144568
4.4795077220
4.3033085082
3.8064675751
3.7369336529
3.6658855551
3.6894273242
3.6850153936
3.6700024098
3.6616326744
3.6410221865
3.6366966076
3.6308440659
3.6110331084
3.5906951141
3.5821556670
3.5664754697
3.5319827874
3.5005778904
3.4822193291
3.3748319426
3.1368504976
3.5572885685
3.4636411085
3.4592589463
3.4664885291
3.4790100859
3.4929950949
3.4979334436
3.5095694218
3.5301631368
3.5256837880
3.5489938025
3.5660917702
3.5829371521
3.5801298450
3.5674571583
3.5429539348
3.5086933534
3.3765651572
3.2658943689
3.2187193774
3.1718558185
2.7543219254
2.6131583551
2.5949603196
2.5949251804
2.5928653891
2.5852102531
2.5833806305
2.5970811118
2.6309525348
2.6257368602
2.6143973488
2.6248131854
2.6381939450
2.6420992362
2.2721902406
1.8305713468
1.6887149265
1.7104560628
1.8054380676
1.8208393764
1.8549252206
1.8468664839
1.8699159470
1.8605807482
1.8439729065
1.8570057569
1.9599682938
1.9621513887
1.9679678500
1.9578683987
1.9280282473
1.8828916306
1.7295723326
2.3595288492
2.5127812626
2.4921185521
2.5356240921
2.5322744309
2.5321758718
2.5489109128
2.5318263927
2.5308372283
2.3808437666
2.3685271061
2.3580533374
2.3807588588
2.3960767639
2.4007658785
2.4290289477
2.4086837873
2.4085785097
2.4133979940
2.2841004761
2.1859241096
1.3156529087
1.3578130856
1.3719723585
1.3771063981
1.3754914643
1.3674263744
1.3539830621
1.3367928964
1.3029243060
1.2604600668
1.2380143554
1.2176217299
1.2504948074
1.3948757158
1.4260270503
1.4002436030
1.3618611404
1.3398189675
1.3261805266
1.3104351018
1.2757217669
1.1144354355
1.0059712548
0.9760840319
0.9572648091
0.9401589815
0.9377355838
0.9052878726
0.8672588215
0.8298284739
0.7836984279
0.7449785387
0.7217318003
0.7542288938
0.7892684076
0.8068034016
1.2274527829
1.3037179653
1.1325223248
1.2246251348
1.2880392607
1.3282573728
1.3451891751
1.3670652832
1.3743459979
1.3682697818
1.3621188548
1.3381272785
1.3311070324
1.8148034170
1.5528954041
1.5524772815
1.5608816739
1.5748044447
1.6192613408
1.6498128712
1.6288166447
1.5653294496
1.5836885462
1.5586104057
1.5433391893
1.5323781604
1.5225015926
1.5158782428
1.5058406993
1.4741628324
1.4168411934
1.3740755579
1.3501165676
1.3767718086
1.4842050857
1.5483139987
1.5649329518
1.5652149449
1.5775652541
1.6107284167
1.7839266625
1.7857168707
1.7132101494
1.6657098203
1.6493819894
1.6220060560
1.6106528625
1.6136690725
1.6222390160
1.6283489606
1.6318033114
1.6276318607
1.6334773561
1.6379706018
1.6270591179
1.6233061810
1.6336293296
1.6420542955
1.6564275517
1.6781224001
1.6952961756
1.7221234330
1.7490445785
1.7678137302
1.7878063166
1.8357698937
1.8686659412
1.8682832566
1.8449507062
1.8477580525
1.8605362814
1.8789032751
1.8979841043
1.9147854578
1.9259783072
1.9509400852
2.0231447277
2.1674048553
2.3039907269
2.3438193055
2.3640524436
2.3707729757
2.3786148787
2.3720140689
2.3629183646
2.3526707335
2.3320679560
2.3078457673
2.2592795752
2.1064481338
1.3787152465
1.2620619029
1.2474045019
1.2369752524
1.2310999972
1.2182880583
1.2009260691
1.1864373395
1.1457132872
1.1167099400
1.0904782022
1.0746896423
1.0813760764
1.0832087155
1.0047992489
0.9578272838
0.9456438645
0.9490857793
0.9390461683
0.9454651867
0.9363445409
0.9443170582
0.9170363486
0.8830041946
0.8454098679
0.8331255325
0.7977794888
0.7823440600
0.7081448357
0.5186580147
0.5468074324
0.5371471936
0.5139244442
0.5016264472
0.4711929809
0.4715181214
0.4926360625
0.4884652354
0.4964580615
0.4912579493
0.4955698591
0.4887117164
0.4814166152
0.4674933071
0.4452060411
0.4188663123
0.4018324351
0.3917516186
0.3562368593
0.3266649136
0.3103742108
0.3295118141
0.3574750803
0.3719900384
0.3926432620
0.3990186142
0.4201996560
0.4292578700
0.4702256820
0.5086348362
0.5212980529
0.5586033754
0.5789505618
0.5987966149
0.6265720328
0.6361062923
0.6501142277
0.6694818213
0.6668791726
0.6803741424
0.6953348800
0.7222467694
0.7322078927
0.7577418372
0.7743734422
0.7819879761
0.7824975319
0.7917273069
0.8178537022
0.8217944604
0.8614404448
0.8646112213
0.8775645689
0.9546782455
0.9811510312
1.0378576929
1.0548495619
1.0999693907
1.1152670936
1.1882770917
1.1989678749
1.2603586013
1.2727056855
1.3089138910
1.3366588610
1.3710020548
1.3710333729
1.4072921264
1.4142715729
1.4673904414
1.4915066860
1.5134304960
1.6678756094
1.6906086759
1.6978094653
1.7076591635
1.7197127304
1.7144852186
1.6804273336
1.7057732864
1.6724669515
1.6438220748
1.6696576498
1.6603442011
1.6404940092
1.6301964525
1.6191458130
1.6115016862
1.5983626192
1.5889300804
