0.0421566951
0.0413299504
0.0420585755
0.0425802636
0.0428572917
0.0430338224
0.0435300082
0.0433570036
0.0429157751
0.0424327827
0.0422773465
0.0420640525
0.0416987265
0.0417220436
0.0415767059
0.0415377816
0.0393877108
0.0387874225
0.0375439799
0.0363975099
0.0351730078
0.0335488594
0.0304757284
0.0283376522
0.0278209074
0.0287584411
0.0301256207
0.0316237195
0.0296537798
0.0294844624
0.0259747646
0.0244992148
0.0201402107
0.0222804361
0.0218162577
0.0179440270
0.0193308387
0.0196968239
0.0206123271
0.0167236387
0.0155485244
0.0166500108
0.0150001835
0.0201853306
0.0194817701
0.0220437522
0.0212277364
0.0199613933
0.0185011762
0.0225850559
0.0202355209
0.0270534427
0.0242005154
0.0240132479
0.0205091207
0.0217305057
0.0215691106
0.0195156509
0.0195123130
0.0188851205
0.0189213431
0.0198695096
0.0202465360
0.0195750487
0.0183870773
0.0184691072
0.0182783458
0.0181772575
0.0179972692
0.0174068297
0.0171318499
0.0169994608
0.0165902865
0.0176106693
0.0177074309
0.0168604263
0.0164624956
0.0168653320
0.0186185815
0.0175390147
0.0189242525
0.0189272164
0.0202979584
0.0206011077
0.0206415366
0.0225704650
0.0231340969
0.0227308154
0.0220224707
0.0206982545
0.0186800199
0.0174116015
0.0165401511
0.0165537744
0.0162074757
0.0150506236
0.0152755642
0.0133046264
0.0135572388
0.0116560153
0.0110098311
0.0102312755
0.0094933243
0.0086633203
0.0087686111
0.0080517156
0.0089047113
0.0083137261
0.0083535437
0.0085357899
0.0089489465
0.0088529551
0.0109198990
0.0106075256
0.0111053069
0.0089338128
0.0088865729
0.0076349655
0.0078587222
0.0073302442
0.0063437121
0.0054046238
0.0060557274
0.0062671593
0.0065418036
0.0074947229
0.0085191160
0.0075356045
0.0085019130
0.0097552307
0.0102484102
0.0103876288
0.0100403335
0.0106276913
0.0109664954
0.0085915509
0.0104051066
0.0082931888
0.0104878910
0.0116944932
0.0071654530
0.0082966920
0.0107793057
0.0109465810
0.0119841693
0.0152157855
0.0091547939
0.0144474666
0.0101932751
0.0148169858
0.0167191144
0.0136473388
0.0171377338
0.0164416563
0.0169805717
0.0183995259
0.0200761043
0.0224348636
0.0218415913
0.0232505906
0.0238494022
0.0235034981
0.0261340648
0.0254372368
0.0268644467
0.0274144940
0.0286165256
0.0301114484
0.0320593938
0.0320764519
0.0330664751
0.0341091769
0.0337735913
0.0361694055
0.0354050929
0.0357545097
0.0350965259
0.0327621480
0.0334381462
0.0354623357
0.0361011894
0.0369365824
0.0373769583
0.0363158987
0.0364396502
0.0380142156
0.0351505906
0.0328939175
0.0328482672
0.0299610062
0.0276845409
0.0251788124
0.0211065888
0.0232434252
0.0173054760
0.0145347028
0.0177864802
0.0170192253
0.0172471068
0.0247230182
0.0306397113
0.0384024682
0.0477215957
0.0587296958
0.0609788987
0.0680781186
0.0764526128
0.0755477523
0.0761207729
0.0757311559
0.0786435621
0.0817319897
0.0854881709
0.0925872093
0.0982785011
0.1023283080
0.1002777736
0.1028586347
0.1066164221
0.1099142210
0.1108191528
0.1140275053
0.1131515558
0.1146812016
0.1163615371
0.1166454067
0.1174784516
0.1158669973
0.1132555232
0.1156099157
0.1173992287
0.1201610384
0.1245577066
0.1277902581
0.1344641950
0.1378375921
0.1551496447
0.1618200616
0.1675266857
0.1682491282
0.1708891731
0.1846997847
0.1946411449
0.2066149869
0.2313206311
0.2442986140
0.2459232835
0.2515548331
0.2656432199
0.2701611876
0.2835730406
0.2907161389
0.3074958276
0.3235463199
0.3350398738
0.3528630630
0.3668311247
0.3718487438
0.3825318552
0.3892581362
0.4014011511
0.4171999239
0.4073008113
0.4115120104
0.4273918555
0.4098798691
0.4073606417
0.4071534044
0.4071817128
0.4040831023
0.4033291258
0.4049010364
0.4079450405
0.4129871770
0.4149224370
0.4153419015
0.4223352714
0.4272646463
0.4306058570
0.4394174902
0.4421885579
0.4410822913
0.4443334945
0.4495846544
0.4533250569
0.4581869857
0.4598755625
0.4512485528
0.4487778485
0.4491052936
0.4525492948
0.4491960408
0.4508580673
0.4497561020
0.4476074558
0.4495891855
0.4481160613
0.4501264960
0.4542037373
0.4510841469
0.4504489268
0.4490133535
0.4509762710
0.4482367837
0.4405731084
0.4347771779
0.4344004745
0.4350845019
0.4280107131
0.4270214995
0.4357476763
0.4307136966
0.4325925608
0.4319095397
0.4314431859
0.4220165151
0.4207612299
0.4298405067
0.4302949361
0.4320764258
0.4356215814
0.4386185460
0.4458032157
0.4396483141
0.4392636304
0.4502000579
0.4536224563
0.4527402299
0.4516865868
0.4450267123
0.4386050154
0.4391441047
0.4398409745
0.4354496789
0.3885045328
0.3954695176
0.3961001020
0.4224850024
0.4961799604
0.4060824058
0.3493908958
0.4312744353
0.4789068574
0.4740346466
0.4653954986
0.4663896913
0.4740316241
0.4795878589
0.4945990304
0.5126009604
0.5339455430
0.5282233161
0.5491205947
0.5391578989
0.4962193577
0.4754964511
0.4501804982
0.4383032683
0.4412360624
0.4480120633
0.4681641752
0.4598595276
0.4747714549
0.5083352296
0.5067501848
0.4998061687
0.4936024768
0.4826402618
0.4592215460
0.4334811012
0.4174702873
0.3992012923
0.3862437540
0.3751687145
0.3702594842
0.3622878624
0.3483252695
0.3435850589
0.3404236610
0.3417085019
0.3391647635
0.3457517451
0.3467940365
0.3447096790
0.3317852970
0.3140313485
0.2962006666
0.2790681661
0.2784062823
0.2715614819
0.2582432351
0.2603807261
0.2379649153
0.2422691911
0.2501247979
0.2524693238
0.2499313166
0.2574390928
0.2520890460
0.2560909919
0.2378207801
0.1990043090
0.1716963457
0.1440580000
0.1205524335
0.1171886336
0.1152853938
0.1349175787
0.1251228667
0.1581572097
0.1514548299
0.1314231351
0.1344039727
0.1112896708
0.1171760170
0.1349856198
0.1228761160
0.1329427700
0.1119481558
0.1108820923
0.1154590040
0.1155411012
0.1144296814
0.0623171959
0.1017788962
0.1195114517
0.1246150326
0.1276090608
0.1261355402
0.1459325912
0.1453392176
0.1480474761
0.1554355155
0.1648838383
0.1709974977
0.1839637038
0.1772716740
0.1545735264
0.1366837775
0.1283923966
0.1198584226
0.1140486436
0.1300318319
0.1357247383
0.1323177903
0.1292205508
0.1233644306
0.1185555558
0.1374830981
0.1464822736
0.1484236174
0.1512867177
0.1380827570
0.1230778332
0.1137335038
0.1012350658
0.0880539277
0.0905321451
0.1115734775
0.1159733904
0.1211485943
0.1293304375
0.1460042622
0.1445723153
0.1305423650
0.1183095388
0.1096187365
0.1061175340
0.1087899710
0.1135929428
0.1216506264
0.1241236188
0.1291509117
0.1311203177
0.1446608694
0.1491365534
0.1469463144
0.1442431309
0.1369631796
0.1263784781
0.1121818124
0.0980151352
0.0890409662
0.0852033972
0.0779547547
0.0780657776
0.0815458444
0.0883630025
