1.604083969994485104e+00
1.682525356320559329e+00
1.818305577389754957e+00
1.647130295709877013e+00
1.781771113539780904e+00
1.913764753373684790e+00
1.800287296670810555e+00
1.820653370413198191e+00
1.626781656078104321e+00
1.682879313503501173e+00
1.644119357205921617e+00
1.603674385235063005e+00
1.420831160336061050e+00
1.089301883030264984e+00
7.343801835282323109e-01
7.815885290621273906e-01
7.524478204649766022e-01
3.700760688030136913e-01
3.280282036813885749e-01
5.219614418616475016e-01
8.694809748120017057e-01
7.640027308399081063e-01
7.523059350864291783e-01
8.047668870915576367e-01
8.337686681254674603e-01
8.624092848626652152e-01
7.138567973041928250e-01
8.571098010595131766e-01
8.195723355758949280e-01
8.267074948150198166e-01
7.709166179639711514e-01
8.062408214515125460e-01
7.573076360209516356e-01
7.734330765223271786e-01
7.710932055178552069e-01
7.728820229831686595e-01
7.481245717877262891e-01
7.645254425186535086e-01
7.377274566166909242e-01
7.153449007033032547e-01
6.753507008775896381e-01
6.713788289291473532e-01
6.659907703830516557e-01
6.604501994815460408e-01
6.526392338983492136e-01
6.457400082659865426e-01
6.401940444634978133e-01
6.336932714498708652e-01
6.438055353181267870e-01
6.464388027565697303e-01
6.459549959682648890e-01
6.410934828693045651e-01
6.546753074222207980e-01
6.536838928876858024e-01
6.723202827666315828e-01
6.528938420042486035e-01
7.856541545559774242e-01
7.635573114623324109e-01
6.621631827963291306e-01
6.382263550270617092e-01
6.166986515438254157e-01
6.025484341654776532e-01
6.041398566569339268e-01
5.973236648879154398e-01
5.754431412519944722e-01
5.306755699794716286e-01
5.422386253859069472e-01
5.353019879674048020e-01
5.400346919048685246e-01
5.224960224018826427e-01
5.069833928430093062e-01
5.052443265178840903e-01
5.390215894354403181e-01
5.482195019645387246e-01
5.476579581387477358e-01
5.525670620807333622e-01
5.133200697605074803e-01
5.106323574595914572e-01
5.092822827762167881e-01
4.709236858486090527e-01
4.718400315936558953e-01
4.547778508388107821e-01
4.128363780375122194e-01
4.257444935473596037e-01
4.081846359800630486e-01
4.133740033127811242e-01
4.294239183681154426e-01
4.423419625489132812e-01
4.955214293894293354e-01
5.072450014327509749e-01
5.033066751357644364e-01
4.443323076920623338e-01
4.283676723507594541e-01
3.746727592584737643e-01
3.604746845585896087e-01
3.502589393230169379e-01
3.205212758692562169e-01
2.626210239032871208e-01
2.438566736281143343e-01
2.592184436775914480e-01
2.365474741582473950e-01
1.967311011594697345e-01
1.267945916625094205e-01
1.291191595886962695e-01
1.553339916484078320e-01
2.869263566800832610e-01
2.961053802011799907e-01
3.420613416629628700e-01
3.494263601153234089e-01
3.380180852345173736e-01
3.350506278656816828e-01
3.031572076634903024e-01
2.939431545159378878e-01
2.982552692513941728e-01
3.001143125294700731e-01
2.994391004468017758e-01
3.057118490668263577e-01
2.595436669493541015e-01
2.684291496657419396e-01
2.827427974796674071e-01
2.808852882002610962e-01
2.882986437458841533e-01
2.977350738192151014e-01
3.016719424994173671e-01
3.236889209666239386e-01
2.728329803244414764e-01
2.809215566325752311e-01
2.981896704173024881e-01
3.642287313945573590e-01
3.775686921853638744e-01
4.028975969392216694e-01
4.264935371357446159e-01
4.296528720856637173e-01
4.205791369727245321e-01
4.158984349119663193e-01
2.252468636894159604e-01
2.141947447099663282e-01
2.245852076259793328e-01
2.243960554104648952e-01
1.882294748954047858e-01
7.807772054309032594e-02
7.775347367087959150e-02
9.909373729985121448e-02
1.122180075056315313e-01
1.016361306201122583e-01
9.148100662932599769e-02
1.789317687963719039e-01
1.788571399388773631e-01
2.798951263456402327e-01
2.831042612266844727e-01
2.728244869545473628e-01
2.843637205385855515e-01
3.516558779068093554e-01
3.479058820887447889e-01
3.663647416352464603e-01
4.078570449550465438e-01
4.222177999059767983e-01
4.543098242857285807e-01
4.618248898831248672e-01
4.779261812297996848e-01
4.906519282598806320e-01
5.186798991657658453e-01
5.239243347018762709e-01
5.761081014785628396e-01
5.949761820246428634e-01
6.339855108291548857e-01
6.532874710818665775e-01
6.489127866210834261e-01
6.822956847696863836e-01
7.247334738890405248e-01
7.691552018440157568e-01
7.906600955567985034e-01
8.119492621685655553e-01
8.326377780229859971e-01
8.281169390316907020e-01
8.432354561802591908e-01
8.481905158749674101e-01
8.639572453255992546e-01
8.671966452625228250e-01
8.807468463682776028e-01
8.916556260726923311e-01
8.836952702715381580e-01
9.000949130369815254e-01
9.204528434706676920e-01
9.527606376334287752e-01
1.012966922135836167e+00
1.059059484169266208e+00
1.065883470110018161e+00
1.052464328599765464e+00
1.062861441302953791e+00
1.078404326712244954e+00
1.092078003646010043e+00
1.095987974757896000e+00
1.069324178016019866e+00
1.059181691149562177e+00
1.049033754162307153e+00
1.064652301687621927e+00
1.057977925696589105e+00
1.054377936514757863e+00
1.045668018256967091e+00
1.039226005704703359e+00
1.047206590530577408e+00
1.073102107723199028e+00
1.089283971587650335e+00
1.135359449984005176e+00
1.125388223136233323e+00
1.074035151909734642e+00
1.114864161663950526e+00
1.120130413167093497e+00
1.134595562948915060e+00
1.144561921692166084e+00
1.123272184168185195e+00
1.117974947531081620e+00
1.103529444797385350e+00
1.117250718466683557e+00
1.119273955115351882e+00
1.134759410970556548e+00
1.259701972337665232e+00
1.266919227352845567e+00
1.274079877499739277e+00
1.271360433404988832e+00
1.277943217096275674e+00
1.308902748449204401e+00
1.308905120839540359e+00
1.365733154653827830e+00
1.348080660538234721e+00
1.331067033771665908e+00
1.343472368699653252e+00
1.423197845358668667e+00
1.421244493802719777e+00
1.500141352477762924e+00
1.479710100368074155e+00
1.564689138294339976e+00
1.584338084327838070e+00
1.590758670122009555e+00
1.593851832314358896e+00
1.643845595621774791e+00
1.643839831857058398e+00
1.673410403696769855e+00
1.663747525207049494e+00
1.674459055671630336e+00
1.668060320489011872e+00
1.644561271004374658e+00
1.622875368699822962e+00
1.636043634369019228e+00
1.612670474700175216e+00
1.615858849385818807e+00
1.622734964180015726e+00
1.628266839528859311e+00
1.624184276376724245e+00
1.631284791224221875e+00
1.654583948148848682e+00
1.654320579259775714e+00
1.657710415136488091e+00
1.670527141537872851e+00
1.666995528706630925e+00
1.683320748306622372e+00
1.676438236385860758e+00
1.677367161235984172e+00
1.645513109969249044e+00
1.644229580077943398e+00
1.648458881770500817e+00
1.653207264447674296e+00
1.648100247924794370e+00
1.648709551892414416e+00
1.617302033208645184e+00
1.572488828887482981e+00
1.529499856775993871e+00
1.523494921240581723e+00
1.535321034766076620e+00
1.506228778496524479e+00
1.522989096805946296e+00
1.522180208946215307e+00
1.511716310375256000e+00
1.517776229327371773e+00
1.538171366967682641e+00
1.548198985360084601e+00
1.558064277629726657e+00
1.556098022244467804e+00
1.541752760115240317e+00
1.535434676960169886e+00
1.552403748785996074e+00
1.545866807231577766e+00
1.568835644858541878e+00
1.563349321868267472e+00
1.566460009543235943e+00
1.561178836524530489e+00
1.550037003102012312e+00
1.539493103016366771e+00
1.502327046773862529e+00
1.484890625686125842e+00
1.483246850824921914e+00
1.473085687794292165e+00
1.470412195470739647e+00
1.466786696327960771e+00
1.432844527513826849e+00
1.427095018949951166e+00
1.415014288211070781e+00
1.442564338482063224e+00
1.437205276536859921e+00
1.417569467432817643e+00
1.414180050447795489e+00
1.388768975046703824e+00
1.380114639055451287e+00
1.357490833550410336e+00
1.349584364155257177e+00
1.331831602857442842e+00
1.321287897098500919e+00
1.348167582671639719e+00
1.330768663517808426e+00
1.317069542749661037e+00
1.316060930858363509e+00
1.316834645294796768e+00
1.309440207885486984e+00
1.306890496955919856e+00
1.290010761846520193e+00
1.254699106032662215e+00
1.228877969708210616e+00
1.212409811078622779e+00
1.191130179293411695e+00
1.167096963516524255e+00
1.162749548258470211e+00
1.159730333933101321e+00
1.149780432185141921e+00
1.135859729713039057e+00
1.083733984977736986e+00
1.069530113824785245e+00
1.085035702546018443e+00
1.080447495642295141e+00
1.080406583278518129e+00
1.068041799867263553e+00
1.065388171981806575e+00
1.067077927199800103e+00
1.074494892964498849e+00
1.064751507240598638e+00
1.062553329738301633e+00
1.075865441395605027e+00
1.061352999128622798e+00
1.131542168766537459e+00
1.126050252804872809e+00
1.116263920459948489e+00
1.135500024541737929e+00
1.134343593274707462e+00
1.141425983117838827e+00
1.150889872137181191e+00
1.155221429583495052e+00
1.143413248004645499e+00
1.133614682989808609e+00
1.148512855482373807e+00
1.164273968988840613e+00
1.155331351666470940e+00
1.164618329337339775e+00
1.222567991649100350e+00
1.210985739910369174e+00
1.243456016806289810e+00
1.231647763878192414e+00
1.220811780458823437e+00
1.238263959465609076e+00
1.233573700109676485e+00
1.227887647344934274e+00
1.213304381264270759e+00
1.188618668055457572e+00
1.186533132902685583e+00
1.172112089853035721e+00
1.142538911781673550e+00
1.112425385702292546e+00
1.107498566574787402e+00
1.105687255066917896e+00
1.097551948574053027e+00
1.103844472299523316e+00
1.092858594142387618e+00
1.089323065512636690e+00
1.077140751896090709e+00
1.071694521825306667e+00
1.071072463230418492e+00
1.067652699533453653e+00
1.034219593000042403e+00
1.029243946044322788e+00
1.016135440624536868e+00
9.967476559692057814e-01
9.867607760921709437e-01
9.658124640395701066e-01
9.645303379845804326e-01
9.721444198000767090e-01
9.336147448973276530e-01
9.227497546155581931e-01
9.262073597577226147e-01
9.303424082068080248e-01
9.245751419731335075e-01
9.260665351423471581e-01
9.371233241281543558e-01
9.566649450218096540e-01
9.448457899874113108e-01
9.455769213251673522e-01
9.361654368479271904e-01
9.364587537389137406e-01
9.316453759777935106e-01
9.492863410089116272e-01
9.570475013132738740e-01
9.455458727518690765e-01
9.363388956481994985e-01
9.457732343937009789e-01
9.392730771092260289e-01
9.309089915992243558e-01
9.077823603996235668e-01
9.154822460713154531e-01
9.222988284323530017e-01
9.464115967340389624e-01
9.450270023781338624e-01
9.400202839717263226e-01
9.402630752581206952e-01
9.732746209993271558e-01
9.712189646822220190e-01
9.808477080183688468e-01
9.644034210916000438e-01
9.717349297719911627e-01
9.913085541597776995e-01
9.601505107712831055e-01
9.602351392210539682e-01
9.652831961006367312e-01
9.790658843675308365e-01
9.643946764373537706e-01
9.523281531518922316e-01
9.654883081761641561e-01
9.440063442920112458e-01
9.659518684928843912e-01
9.804147328941927864e-01
9.700685754330221622e-01
9.939657690902857778e-01
1.026518295359122535e+00
1.021959164494881112e+00
1.012772136980463644e+00
1.029651546183580679e+00
9.868701383720365206e-01
9.858271538090478403e-01
9.737364674800522701e-01
9.607693914335735386e-01
9.631322882304147459e-01
9.679662208843224924e-01
9.659015372052514037e-01
9.697193368423355775e-01
9.512444393813532795e-01
9.512859749905155926e-01
9.363224591044567724e-01
9.266814433418356645e-01
9.507013281210794364e-01
9.637733765552303211e-01
9.786954961177821710e-01
9.832837328152386203e-01
9.932530541300697013e-01
1.020782506497972753e+00
1.047556247425266207e+00
1.118646830386050617e+00
1.148231711742994987e+00
1.161957975530708564e+00
1.186154930930511275e+00
1.212551340825133384e+00
1.214716901299092600e+00
1.172509579700205862e+00
1.170880468809491148e+00
1.148721341078722480e+00
1.140641864632188529e+00
1.135046808085630188e+00
1.130979692385283730e+00
1.130825111213494605e+00
1.125098558139421057e+00
1.151542439588623790e+00
1.132091111656375881e+00
1.084575480662531399e+00
1.067065624005813174e+00
1.059839829629609209e+00
1.055474986411935490e+00
1.045603743098036276e+00
1.001246136201750625e+00
9.861144145543939699e-01
9.746964540841734914e-01
9.470437418967544430e-01
9.826008585826666586e-01
9.626980061005117051e-01
1.034082644617081215e+00
1.027382624681983936e+00
1.022424124156588565e+00
1.029337040411521853e+00
1.030035573121762749e+00
1.047177269403222422e+00
1.091766695176330737e+00
1.061557920995705340e+00
1.024671532112329864e+00
1.028076489031163332e+00
1.031515022576142693e+00
1.036167940988624414e+00
1.041193546609908260e+00
1.042532692838832320e+00
1.057510045629955098e+00
1.065479883475511480e+00
1.058631081151570674e+00
1.059486459121355306e+00
1.049855503053515937e+00
1.064080492377402098e+00
1.064562913342220751e+00
1.076525768439256847e+00
1.085519467988887321e+00
1.067091676185591087e+00
1.085261560301145733e+00
1.096924319916425139e+00
1.093590113458258850e+00
1.066658544799401254e+00
1.063741804678148828e+00
1.066481793501307562e+00
1.098968195053718011e+00
1.139752931399868663e+00
1.152910457771949115e+00
1.168334306533769906e+00
1.225818631144220960e+00
1.242953213896103692e+00
1.271471456788671794e+00
1.321763584352143361e+00
1.321235935909778503e+00
1.335021336459458974e+00
1.344365341285107096e+00
1.343913918044467470e+00
1.353188195022839713e+00
1.353248684317949424e+00
1.368448089635207365e+00
1.357361787086631688e+00
1.328130486334825999e+00
1.354322944246976412e+00
1.373494512431800985e+00
1.377386657113019774e+00
1.384448869547329153e+00
1.386862393184861375e+00
1.405885701722742187e+00
1.408981097961397033e+00
1.417159522073228928e+00
1.420672085514324445e+00
1.454456181478964716e+00
1.474347525363214784e+00
1.477658111029543697e+00
1.484739518367019784e+00
1.495879990927842185e+00
1.517404051591196623e+00
1.526604082217411396e+00
1.527454335748671621e+00
1.549796403236833653e+00
1.552707326343176542e+00
1.548774914903938926e+00
1.539793030304706045e+00
1.534028092114543051e+00
1.534964568535203799e+00
1.530456717917555221e+00
1.534470932909474561e+00
1.530125778400527325e+00
1.537629141888433359e+00
1.533509947609029256e+00
1.523385080469794151e+00
1.512651827275653726e+00
1.483665006983184043e+00
1.486428259196220569e+00
1.480214965670191285e+00
1.477885607321097083e+00
1.453978223055985453e+00
1.444732555906790950e+00
1.430348346336293375e+00
1.449973429472846798e+00
1.433982196581462532e+00
1.432874773393338907e+00
1.420498040516336102e+00
1.420755598696678890e+00
1.407689424436466608e+00
1.374562471194186841e+00
1.361875693736542603e+00
1.342553194141717920e+00
1.315394923074290512e+00
1.274949682060070311e+00
1.261664596985666575e+00
1.244772339133599193e+00
1.232260183751064053e+00
1.229381706440258570e+00
1.201231883653396393e+00
1.187219628251608761e+00
1.198531065899309134e+00
1.180527160907229645e+00
1.184462131866789170e+00
1.154223779630302538e+00
1.151545552754274837e+00
1.154866768318056902e+00
1.103878118042525225e+00
1.120749735708183481e+00
1.126363575977564535e+00
1.114057399335692367e+00
1.116711335874212896e+00
1.111356425726928387e+00
1.086317655962428352e+00
1.057138655669000560e+00
1.020263080580306791e+00
1.007970819174196953e+00
9.755376870701482073e-01
9.617293139577909322e-01
9.548444368849040575e-01
9.415230190228923712e-01
9.359593791621590997e-01
9.260272232423653049e-01
9.104615683624843747e-01
9.185985947647499206e-01
9.196039180218836817e-01
9.146742303955601727e-01
9.283241758919121844e-01
9.274494859858354312e-01
9.149395366084936976e-01
9.108306400614181175e-01
8.971501146724409903e-01
8.284849733318685461e-01
8.244598046893577559e-01
8.139068808407106115e-01
7.918167952929139330e-01
7.877277205558249618e-01
7.668658001943566838e-01
7.495602665330727277e-01
7.377680546027753916e-01
6.979776778951212179e-01
6.927457832621286560e-01
6.697240259649354099e-01
6.868975214364887449e-01
6.676726097491281209e-01
6.181625843621443295e-01
6.139890876045528412e-01
6.053347522126214519e-01
5.960358420918014932e-01
6.157294634009328194e-01
5.465628662323598341e-01
5.187229471616502385e-01
4.865270360779793690e-01
4.917456733057732343e-01
4.807084269180989522e-01
4.694216662583973743e-01
4.246589220976021428e-01
4.128450745731507276e-01
4.427481538459578370e-01
4.428424227252835688e-01
4.458115096033982150e-01
4.544168103550298987e-01
4.577073967032934676e-01
4.584315469298565482e-01
4.713967738632687254e-01
4.773803654725154999e-01
4.835380319993139442e-01
4.980656199723883515e-01
5.063946377728660853e-01
5.267018393029747614e-01
4.698883458984359218e-01
4.901162998379885449e-01
5.082634607206989452e-01
5.277547105905956437e-01
5.412372532736376973e-01
5.642046583730316867e-01
5.785604313283988498e-01
6.174578554561024335e-01
6.257793473200047307e-01
6.492382083680708904e-01
6.828847048864318259e-01
7.083733012612020152e-01
7.546345862610033262e-01
7.907492512724824119e-01
8.028389260148468543e-01
8.171682980905303761e-01
8.391711738271060428e-01
8.727380513437473786e-01
8.985015000573272070e-01
9.130718281968234207e-01
9.993830023851228983e-01
1.029386452429224441e+00
1.047758035712513136e+00
1.061029391085815288e+00
1.083086719625735439e+00
1.086151815807157028e+00
1.108033826532144550e+00
1.127862604226980814e+00
1.109948989214196713e+00
1.098614884276469805e+00
1.101938443918927923e+00
1.084473264089318656e+00
1.075626773177403184e+00
1.084069923892744702e+00
1.094352252764057898e+00
1.090303493173661931e+00
1.088076710419259463e+00
1.085472234496411836e+00
1.085485688553414096e+00
1.099197497488995090e+00
1.085318099870367092e+00
1.072700767206559158e+00
1.071779910994565377e+00
1.077090524994507303e+00
1.074620440368413421e+00
1.074517009099788423e+00
1.066615249104001517e+00
1.042138450715744513e+00
1.015907560972123980e+00
1.009271323616957039e+00
9.414620126927470967e-01
9.493418691805560750e-01
9.593789539921548926e-01
9.809063358262731791e-01
9.735071321811646916e-01
9.777770688507348984e-01
9.484263954361000781e-01
9.288560820079535540e-01
9.036727510392362772e-01
9.037815719370061451e-01
9.189731796218704174e-01
9.171409429570193117e-01
9.138311720463648813e-01
8.923268226642548928e-01
8.877833616565858899e-01
8.622247578748255536e-01
8.619112310514047692e-01
8.674745219658490658e-01
8.582869207455146032e-01
8.572667620383668252e-01
8.492870753238079828e-01
8.010129054551577976e-01
8.061946182968532382e-01
8.151659039907406257e-01
8.219405330830031886e-01
8.345659384555126348e-01
8.230055901516868389e-01
8.095546495412379029e-01
7.904893264667006703e-01
7.843607973435721137e-01
7.639899636813198835e-01
7.312400319321545883e-01
7.270059750838875345e-01
7.149190228798933955e-01
6.995139904269679354e-01
7.001646075029545058e-01
6.728206735587546339e-01
6.739542108372903462e-01
6.680740404782495867e-01
6.647394016540261186e-01
6.435290254447080249e-01
6.411469447484333672e-01
6.381598601721547581e-01
6.339028076583631544e-01
6.248004081940626842e-01
6.215685502388662576e-01
6.219997494728296550e-01
6.194641966346441375e-01
5.652191894752491841e-01
5.559861419178884212e-01
6.070167784465986260e-01
5.968485624673760537e-01
5.921363694763280838e-01
5.660961266118438306e-01
5.459888118476643459e-01
5.367293026834317748e-01
5.391330313791566908e-01
5.215222207152611089e-01
5.065557276589757185e-01
4.705813041702115451e-01
4.623856434074830046e-01
4.468726541138745012e-01
3.993745730868727417e-01
3.919260833058221816e-01
3.915809394464133675e-01
3.839980080774305637e-01
3.860610900134561208e-01
4.094002403486262098e-01
4.211389338406283378e-01
4.355502392072286288e-01
4.344058914835911001e-01
4.045677805351440282e-01
3.993086424303090021e-01
3.655752528526637901e-01
3.703561880024058839e-01
3.726382212958401219e-01
3.650109751899925925e-01
3.582748651925111716e-01
3.287995628370340984e-01
3.118056851845216748e-01
3.116859964355165880e-01
2.885587912641351949e-01
2.566362867102376932e-01
2.367600239393695405e-01
2.182726481351056624e-01
2.145903487870006454e-01
2.059640877909837686e-01
2.113896330496214393e-01
2.089457367836889401e-01
2.057265019180162524e-01
1.777918916483778033e-01
1.657281326383666098e-01
1.764934801660875130e-01
1.918364503101879504e-01
2.123091916108086341e-01
2.944881644986193092e-01
3.078732162490668833e-01
3.414032171030907392e-01
3.689957199288200762e-01
3.738058446453693673e-01
3.604879616949311916e-01
4.108862882492285706e-01
4.187309946103341396e-01
4.428604828467395116e-01
4.612770274369500934e-01
4.679179533014983794e-01
4.814460274728372124e-01
4.612740564197948534e-01
4.451999325708434485e-01
4.424377746103147491e-01
4.235729400796173216e-01
4.475258421321791635e-01
4.683044232456259892e-01
5.186323569087989416e-01
5.263046299999272204e-01
5.271704736315564466e-01
5.661776656210736336e-01
5.900318425435383540e-01
5.865247135334421547e-01
6.246876617784173913e-01
6.481046879078887768e-01
6.810406692815539342e-01
6.982346021884602294e-01
7.012747844926626728e-01
7.110526528932440415e-01
7.244408058371127890e-01
7.332674391673273950e-01
7.948606369809757544e-01
7.846133756457998043e-01
8.072303167805918722e-01
8.214443357728232753e-01
8.652271992613264073e-01
9.041921163065733680e-01
9.309041110252233020e-01
9.498731470376656771e-01
9.726513821209171740e-01
9.620479395334283756e-01
9.744164087330733359e-01
9.588721956844658001e-01
9.566395433088761280e-01
9.483028692450109487e-01
9.271103985836701700e-01
9.226131287106639212e-01
9.481619009550121824e-01
9.356607128783748228e-01
9.518128298047447977e-01
9.564290556847656610e-01
9.708683092658612068e-01
1.000990702139691546e+00
9.936937034535638924e-01
9.995392573548945725e-01
9.995246656110640116e-01
9.947672604950141828e-01
1.006880902632274255e+00
1.013091854733967345e+00
1.016518598968046083e+00
1.028540199138890499e+00
1.035726772512352234e+00
1.027231320384022650e+00
1.015263368797282739e+00
1.011112814600687138e+00
1.013969915792055643e+00
1.014463571825670707e+00
1.019716720309257196e+00
1.017427873727345444e+00
1.012497349997457441e+00
1.006293327045056696e+00
1.010926704485894945e+00
1.014516767166768973e+00
1.009775503894549509e+00
1.036985144017418703e+00
1.041846543208077014e+00
1.027316488905942293e+00
1.039845760059289415e+00
1.052347728616225053e+00
1.047503519605070155e+00
1.046669989909674303e+00
1.045348333523935969e+00
1.028674237438392369e+00
9.680300698666518544e-01
9.575271541660832497e-01
9.574993876570759843e-01
9.448035018045879418e-01
9.527777388467260078e-01
9.647324421205344391e-01
1.010116392905141325e+00
1.012216973835026179e+00
1.051134536321531643e+00
1.041762650463699647e+00
1.041944958642264663e+00
1.029827399221969531e+00
1.042069563808096344e+00
1.026456810834439626e+00
1.037071529057811414e+00
1.036954882167240299e+00
1.016646414612587312e+00
1.004599237544963941e+00
9.994869457852149086e-01
9.654743401860826912e-01
9.562278980924040495e-01
9.718238889859663887e-01
9.418203620579377322e-01
9.014608546294623492e-01
8.555865102635757946e-01
7.733488699273436406e-01
7.336119149942224027e-01
7.573576686099879884e-01
7.291429562492062200e-01
6.865106608126860799e-01
5.741231511964758338e-01
5.371130422033559837e-01
5.252064178198266875e-01
5.049696574027368046e-01
4.931511884603869134e-01
4.897331313778157669e-01
4.831144259228729587e-01
4.682551669904731484e-01
4.588330387835043989e-01
4.776025198542802053e-01
4.512595320830343204e-01
4.389095734783809988e-01
4.202482086315453835e-01
4.137650992078912293e-01
3.981591125739201709e-01
3.833018596980536374e-01
3.586135425346200778e-01
3.293517181946083450e-01
3.264100719751548696e-01
3.112846192886600249e-01
3.446535574906231525e-01
3.495400602393348155e-01
3.434611459930413946e-01
3.603846982637131102e-01
3.832868823557719629e-01
4.234954264078462649e-01
4.690740752701080818e-01
5.123327476352397269e-01
5.302037558284810048e-01
5.268033395641839034e-01
5.604799006530735150e-01
5.701228736330743452e-01
5.674183446002185605e-01
5.725774401862132601e-01
5.723764353022126050e-01
5.825989818933895448e-01
5.646161228347184036e-01
5.811586952954672647e-01
5.811833875777305813e-01
5.760631272755799559e-01
5.921476430581091854e-01
5.984392899025612333e-01
5.988581484800420407e-01
6.070604377147065245e-01
6.126970656217354261e-01
6.385120593361967023e-01
6.424977127497468743e-01
6.523348452639184947e-01
6.517082225381777283e-01
6.720739406274619521e-01
6.738303557763457574e-01
6.885371079494125857e-01
6.870224017989032816e-01
7.002615310640875057e-01
7.130356253854377435e-01
6.904754886657372692e-01
6.972221615916098791e-01
7.123348930486571584e-01
7.307193523912191013e-01
7.381364318495869936e-01
7.552415990649506972e-01
7.478259038646845047e-01
7.605533380673471511e-01
7.753561580032574119e-01
7.699984495458478406e-01
7.872387380364449516e-01
8.322056213810901104e-01
8.454290558281826184e-01
8.761547144863482961e-01
8.967505535590784005e-01
8.839613532973717991e-01
8.973794685368474688e-01
9.171727760037806654e-01
9.427430909276035553e-01
9.628855784585668154e-01
9.686303242311712358e-01
9.712966853997868633e-01
9.858432488821928796e-01
9.942271301722157562e-01
1.001714013849713814e+00
1.021471547202048802e+00
1.032985387197395077e+00
1.044133156412249797e+00
1.067083414954353771e+00
1.072430667907118940e+00
1.073643665821414572e+00
1.074246492420933841e+00
1.067622874246020981e+00
1.066719736083477033e+00
1.080528542609177967e+00
1.087271739692742267e+00
1.076983433593738715e+00
1.075553119764705468e+00
1.070116865887444479e+00
1.067785348450179805e+00
1.024989757600997864e+00
1.030414052463685559e+00
1.056446601825158371e+00
1.060826828548193879e+00
1.073941772993929566e+00
1.109726066760715391e+00
1.134620393134382343e+00
1.135786024486503010e+00
1.144021214529289399e+00
1.173479118583023562e+00
1.185292642596274204e+00
1.191382478465067285e+00
1.196145495005911830e+00
1.188090402516728039e+00
1.188085095418928594e+00
1.202152148321022684e+00
1.202793157368720722e+00
1.230475937978875445e+00
1.234290892744441592e+00
1.256220137082450394e+00
1.267449700293316273e+00
1.278011052128899872e+00
1.301810707220970142e+00
1.308080762694326493e+00
1.300862832924686963e+00
1.324177387807900841e+00
1.337020305706477119e+00
1.350269052224085664e+00
1.374391088332638233e+00
1.377275812146031564e+00
1.409093472520309032e+00
1.422956438972623472e+00
1.390481645963163704e+00
1.401031494080675399e+00
1.419876003027062294e+00
1.420091094611980020e+00
1.403231854845239379e+00
1.378329985943340219e+00
1.369173094426135329e+00
1.377237202626295565e+00
1.379678656936924819e+00
1.386656153661140589e+00
1.407632845292173140e+00
1.422661655471981756e+00
1.428091413627058381e+00
1.416700377707379221e+00
1.403541943490158372e+00
1.400413952591829103e+00
1.408221769195404871e+00
1.389664884370992226e+00
1.375622009694408510e+00
1.375731810593342042e+00
1.361063566184417040e+00
1.352917719021456966e+00
1.352544596670192556e+00
1.351063728273887987e+00
1.348782672484739820e+00
1.349142150063038281e+00
1.348893421056227560e+00
1.341158679005330256e+00
1.339233562403774558e+00
1.323810137172871659e+00
1.309561440327110748e+00
1.315424473273716144e+00
1.287618625849159537e+00
1.296097493888801244e+00
1.298375037101120899e+00
1.303308205007056353e+00
1.306493049380601734e+00
1.318627439994420891e+00
1.318287341616958042e+00
1.309529407348313690e+00
1.300232842884487372e+00
1.275233690555445110e+00
1.267822911765261518e+00
1.254807548756657010e+00
1.251363421903373352e+00
1.249319106156968839e+00
1.243891081511313113e+00
1.233235697925390228e+00
1.230110105144090804e+00
1.248509937626159916e+00
1.253350409422837153e+00
1.235782903560384671e+00
1.234502190181520076e+00
1.228530603875452876e+00
1.212160759283579692e+00
1.206306508166369307e+00
1.186905424909939333e+00
1.170171941975053587e+00
1.139681727175701820e+00
1.119159712702722853e+00
1.103752308503104684e+00
1.088680086386692780e+00
1.081069544763975987e+00
1.067136901159383866e+00
1.072309556125690788e+00
1.051688770136084194e+00
1.040131271439742155e+00
1.028392647957516948e+00
1.031438853880063178e+00
1.047080321854804597e+00
1.034988916976052442e+00
1.021722090941222794e+00
1.010834080931700019e+00
9.930040192763814888e-01
9.826675263507211877e-01
9.749793974579649136e-01
9.585462429730061684e-01
8.787783166908520460e-01
8.781209524829957092e-01
8.702719570091301815e-01
8.480877955904536636e-01
8.278211631142734506e-01
8.121055905466856295e-01
7.862902120320269805e-01
7.805282689039262367e-01
7.715750393720607336e-01
7.872751189399650462e-01
7.853946002128656678e-01
7.709743314306586326e-01
7.607648510236075801e-01
7.580990683368752370e-01
7.497435976616199094e-01
7.758480065717819896e-01
7.568395214854296560e-01
7.505657225350234052e-01
7.524762040904464655e-01
7.421497172919714336e-01
7.497292423475967471e-01
7.487347272730419112e-01
7.509432149195343076e-01
7.568533176193262824e-01
7.359962275482698768e-01
7.111501587428271653e-01
7.836363157646986100e-01
7.707070515160507895e-01
7.403960568863162672e-01
7.338549669944758325e-01
6.973950662678510826e-01
7.145951832909354096e-01
6.936197540848441090e-01
6.869262727882742281e-01
6.809960190239163769e-01
6.600013086243082805e-01
6.469294478729757936e-01
6.318729009293049259e-01
6.308028301618117117e-01
6.237516134367084852e-01
6.273707497215523787e-01
6.366225161901682972e-01
6.521850353698711578e-01
6.785471080363799645e-01
7.044696712481796075e-01
6.671789204680333984e-01
6.718511690440567286e-01
6.650341524970810880e-01
6.328589575953171842e-01
6.482021483293913811e-01
6.360919600036817334e-01
6.248737318922419348e-01
6.225055483293855385e-01
6.184110243033137388e-01
5.934564766709501393e-01
5.891956200247532305e-01
5.858697667649171992e-01
5.839670360675469629e-01
5.961396249454976592e-01
5.932536669903442084e-01
5.612130760702397358e-01
5.555855668701518146e-01
5.450952530437929155e-01
5.306242169067327819e-01
5.266428755155985186e-01
5.243150753380519946e-01
5.219568849335305405e-01
5.139529785586596233e-01
5.139153213974472223e-01
5.100259673509853764e-01
5.109991157138790152e-01
5.082391736204643351e-01
5.169863822581917123e-01
5.108110682249550338e-01
5.178513724893042403e-01
5.135171904927340325e-01
5.235467362381064360e-01
5.429292243297326737e-01
5.713655995971087531e-01
6.127278565374447705e-01
6.376641355753158713e-01
6.739423620511609814e-01
7.050666426429268441e-01
7.086086309756477464e-01
7.001564379895766077e-01
6.988983008834571686e-01
7.138625352571121851e-01
7.273589813420668904e-01
7.333441883286172525e-01
7.484899515455517571e-01
7.456784093751525067e-01
7.728247810486585934e-01
7.906679167184258450e-01
8.657152197249181613e-01
8.874098185165258945e-01
8.749760641481458823e-01
8.619509374665258461e-01
8.670058387457506566e-01
8.844862024619095653e-01
9.384519433284721490e-01
9.904330033389655563e-01
1.001734065927606165e+00
1.049518338372714910e+00
1.094974186376217684e+00
1.094524132144049977e+00
1.137879657474957895e+00
1.153032104067916341e+00
1.172890069139023161e+00
1.178067785036589710e+00
1.198940802898046609e+00
1.200458174831120273e+00
1.204471890991301253e+00
1.247843703146272354e+00
1.268084711690902200e+00
1.295669535694330410e+00
1.338579685893273696e+00
1.345732900930563414e+00
1.351280623239614842e+00
1.395230859508050480e+00
1.387281154051861032e+00
1.380298765413031647e+00
1.393670239072160033e+00
1.401400885685422537e+00
1.413135092124187864e+00
1.411684029438285082e+00
1.407755994487398743e+00
1.415032424468366079e+00
1.430463954263369697e+00
1.421030369171475627e+00
1.427650118546049951e+00
1.424874863073104292e+00
1.416670709641983938e+00
1.422344772449145589e+00
1.428513010911189207e+00
1.444373700368921654e+00
1.447057053483023825e+00
1.427879069616674990e+00
1.453143557329471536e+00
1.456732862899967840e+00
1.473684066278446725e+00
1.505856373933266656e+00
1.504035230770872422e+00
1.514839670454561249e+00
1.520464504103893111e+00
1.533538806202373150e+00
1.563247233521101398e+00
1.569820015084324893e+00
1.589423844590663437e+00
1.594305480150300047e+00
1.633401630278501493e+00
1.697045398360862212e+00
1.699243953194869983e+00
1.676857663147195865e+00
1.705660918646352719e+00
1.727273001556598908e+00
1.704164846173105152e+00
1.715994735481159106e+00
1.745205485364673459e+00
1.730504738964172118e+00
1.699445445127071297e+00
1.684854405123056731e+00
1.662767079088621980e+00
1.626240312811794153e+00
1.610451473643340181e+00
1.570029183845591758e+00
1.558938438906805057e+00
1.526796222945117965e+00
1.533483727465613233e+00
1.526990412761730198e+00
1.511422959201236260e+00
1.503564209531762508e+00
1.495509597203291019e+00
1.494768573772059073e+00
1.495201484497115096e+00
1.492693790934234821e+00
1.488584950413069929e+00
1.477085175051160659e+00
1.431755130125206499e+00
1.429213023908950886e+00
1.412389128029422514e+00
1.423140861767022258e+00
1.403721511548186029e+00
1.403853540428315005e+00
1.397068378295804658e+00
1.395015290942803743e+00
1.400128052067172613e+00
1.329505195689179464e+00
1.322991003592854042e+00
1.329907593621174833e+00
1.327598764953302757e+00
1.308351350836253646e+00
1.297883132221722136e+00
1.274552549317178540e+00
1.281723253311851440e+00
1.273915422722909252e+00
1.264058702975594972e+00
1.269332808264209245e+00
1.262286547089046973e+00
1.138573444702531967e+00
1.141881432280307918e+00
1.159438874842117828e+00
1.159020371863300092e+00
1.133699966375578239e+00
1.115017328119388473e+00
1.111847122618225603e+00
1.119996158100088124e+00
1.117285848501040402e+00
1.121892092810697905e+00
1.100973698146666235e+00
1.097340040996318100e+00
1.109515091797995678e+00
1.108761652558442279e+00
1.008904365983793294e+00
1.009197815524544684e+00
1.014513446695463728e+00
9.984152857833037409e-01
9.901657841137925242e-01
9.978837240941853537e-01
9.951298207792325101e-01
9.876049549842339514e-01
9.792808689810014178e-01
9.571523013826782611e-01
9.549789739286302925e-01
9.428000333883431727e-01
9.287394202602302640e-01
9.128731727961924003e-01
9.056255706701770158e-01
8.996078465413849257e-01
8.993260052064371290e-01
9.053485354537221808e-01
8.943992975876559060e-01
8.918643560157388794e-01
8.831661189139731194e-01
8.159236596232654071e-01
8.275010717279740469e-01
8.253547518284790607e-01
7.896875279985249296e-01
7.754822730032844280e-01
7.670405053820723573e-01
7.629213655731350574e-01
7.474225805279081092e-01
7.361917179728856286e-01
7.283797593218851452e-01
7.211889921006733317e-01
7.176321552172856277e-01
7.075081193518374389e-01
7.045888984640564789e-01
6.935272377479739792e-01
7.010926781321671353e-01
6.854203836349246348e-01
6.824392426229871633e-01
6.744038261093433517e-01
6.725258864325482921e-01
6.887825238173946873e-01
6.658508459400186430e-01
6.357762229404197996e-01
6.227205848930388310e-01
6.219341141647196647e-01
6.038581590250990949e-01
5.854369431006209989e-01
5.569903584816945363e-01
5.457622106465754852e-01
5.293745893983728967e-01
5.205618068398658593e-01
5.290003919805101873e-01
5.440851415335798968e-01
5.551494296675176798e-01
5.688472769766755865e-01
5.715271144382721991e-01
5.695132289365245626e-01
5.624721771017729965e-01
5.626663480257272365e-01
5.753642373441084645e-01
5.866785410429011804e-01
6.096107009720576064e-01
6.087605328826353190e-01
6.038324546593839548e-01
6.081096609554940136e-01
6.035533249751606766e-01
6.041744045384638273e-01
6.109238942887150747e-01
6.146847538919356646e-01
6.212991569268544456e-01
6.402833290838849667e-01
6.384145777990731796e-01
6.588368550321150874e-01
6.661789522488443804e-01
6.914399235657675558e-01
7.037519424323475103e-01
7.121336510869726855e-01
7.140877744882554445e-01
7.313053716944445393e-01
7.355418497250826304e-01
7.430730365709105056e-01
7.577819176723820105e-01
7.645756122138143152e-01
7.589283993522265570e-01
7.386122168269431132e-01
7.469273407114399577e-01
6.898697480990445552e-01
6.961057315311137694e-01
7.115010751188886040e-01
7.481088419998405126e-01
7.700240058205058968e-01
7.743885837829307395e-01
7.736016102621299240e-01
7.902894140559010294e-01
7.804849167958269884e-01
7.565521458477357797e-01
7.501598219293326153e-01
7.537386171065196816e-01
7.484367715385776831e-01
7.591565128441587484e-01
7.721630984823885102e-01
7.692246799496761378e-01
7.840215230601503826e-01
7.939760441721974704e-01
8.178585780698816032e-01
8.228928114107800784e-01
8.297385658230770344e-01
8.263114560431084055e-01
8.554816396346583973e-01
8.436404764062039874e-01
8.770855144026762362e-01
9.136008227054668307e-01
9.350356962723035403e-01
9.493699801170962793e-01
1.011692151803601503e+00
1.017839271612409391e+00
1.027457427980264848e+00
1.045456808802790682e+00
1.103049930859548278e+00
1.129737541283357682e+00
1.169143062865346083e+00
1.184340416920935724e+00
1.225221071287362795e+00
1.218835638609302441e+00
1.221149055621135071e+00
1.235357210425874985e+00
1.235192823333968626e+00
1.231934748824179637e+00
1.240430889026222783e+00
1.249023336484149205e+00
1.271569765048402134e+00
1.274167809823376185e+00
1.291079409386370225e+00
1.297992746652082641e+00
1.306368629425557204e+00
1.310373798471248241e+00
1.300671674630260455e+00
1.315841375859001072e+00
1.320820217865978252e+00
1.323628582827489852e+00
1.330061251812951095e+00
1.351731502231844129e+00
1.375230799424983275e+00
1.369573064573753607e+00
1.363064147537077941e+00
1.340062008591478060e+00
1.349831524166046792e+00
1.362448775119972533e+00
1.398682971368212513e+00
1.429862715290796560e+00
1.444236735417699480e+00
1.487338688939163323e+00
1.507664567585774495e+00
1.524852432068031449e+00
1.529177746998151344e+00
1.534923216979660054e+00
1.572849157901611061e+00
1.601121194075858067e+00
1.650199785432147292e+00
1.636742963211120339e+00
1.670950549384033978e+00
1.626732823619555068e+00
1.622914253590828970e+00
1.616804146247885932e+00
1.613438829644985306e+00
1.612404978903981156e+00
1.609732521269803485e+00
1.603034126001779303e+00
1.603688132324416094e+00
1.612933199363333792e+00
1.637319267948502022e+00
1.631692115962300127e+00
1.632371294105515291e+00
1.641044445992147160e+00
1.645095244072388052e+00
1.651775726625619001e+00
1.652491315466870780e+00
1.700670975943390006e+00
1.710562481034876736e+00
1.704396044201794913e+00
1.708257863858179348e+00
1.711079872063950846e+00
1.723904946377292191e+00
1.752003405159940463e+00
1.757032891519139550e+00
1.753468506570308394e+00
1.846570656455180481e+00
1.855872886764017293e+00
1.854786767210339749e+00
1.826679187635703583e+00
1.843405301079314773e+00
1.846925849569525768e+00
1.841042800049610628e+00
1.809221429099596046e+00
1.797485561331430670e+00
1.777468470107791854e+00
1.760298350863038763e+00
1.713004590190274401e+00
1.691627434807952968e+00
1.613574152850479226e+00
1.584735152116294676e+00
1.567360872370466840e+00
1.477448295318754656e+00
1.470059692576674015e+00
1.457214979978671110e+00
1.445102886432639622e+00
1.453493282413638621e+00
1.453284603767520444e+00
1.431303715397038268e+00
1.430787615495657583e+00
1.417828935448079974e+00
1.427850651200156529e+00
1.379995406598391483e+00
1.341371208552126326e+00
1.299543590358696710e+00
1.310342915959505250e+00
1.193422504653372185e+00
1.203778031300996920e+00
1.194170746571488806e+00
1.179532380150672743e+00
1.080050615100031752e+00
1.068697736758129846e+00
1.067518690015756944e+00
1.074251296446315784e+00
1.066770066602940492e+00
1.017795297810557331e+00
1.008892932262074105e+00
1.011636255504286819e+00
1.011113173513144670e+00
9.973840936045207384e-01
9.925540237780832165e-01
9.941509393741509992e-01
1.007935035678021451e+00
1.003951410061098670e+00
1.005850878972278206e+00
1.004510271150625300e+00
1.048536661426712868e+00
1.053014600108128418e+00
1.052175717781966391e+00
1.085946688568223628e+00
1.085389261851140263e+00
1.089538914028364003e+00
1.118605162400021946e+00
1.107185078493700070e+00
1.101764007039519377e+00
1.070745755284915335e+00
1.084172128184715200e+00
1.084633774602882683e+00
1.081363934651864200e+00
1.084422993131016089e+00
1.086136984874175537e+00
1.084024949159758888e+00
1.069821376714217065e+00
1.063558907546490850e+00
1.057048977337268436e+00
1.050865686044657243e+00
1.092394985997239942e+00
1.099369646145445190e+00
1.127407312585244625e+00
1.155867508200158600e+00
1.193189048987627787e+00
1.177245256706666687e+00
1.202223280675190464e+00
1.226827905263681906e+00
1.238665957639663695e+00
1.250081716361252093e+00
1.249597112183517433e+00
1.303888384523075539e+00
1.317401230773394660e+00
1.306549396396089913e+00
1.347140385394621553e+00
1.418404703963687563e+00
1.430499144205109596e+00
1.403497379944578460e+00
1.425967669893190903e+00
1.437573805782518921e+00
1.442587847167067228e+00
1.466564878836108532e+00
1.476833849343565985e+00
1.483278440611723870e+00
1.505039721384158868e+00
1.501323807255915410e+00
1.501845135297361189e+00
1.504950283444389747e+00
1.509829701856335804e+00
1.525545456299055580e+00
1.522846375407309383e+00
1.522117752701053650e+00
1.521849672782498386e+00
1.522058756118071177e+00
1.530532736378874770e+00
1.527768696158963602e+00
1.538070056069322789e+00
1.529807530481102740e+00
1.522328194614791963e+00
1.496964346284386016e+00
1.500048248780677662e+00
1.498138620376390007e+00
1.500827281160028948e+00
1.495904486344848072e+00
1.486243173495296332e+00
1.485049864265039821e+00
1.481263984464334493e+00
1.480747147250115692e+00
1.475690458168079866e+00
1.462355088310698603e+00
1.457820311083716902e+00
1.461256534049173439e+00
1.461832880560085757e+00
1.467125110661397835e+00
1.466252174402478792e+00
1.463341014875348955e+00
1.452575800283420149e+00
1.435871816210006813e+00
1.436511336380277948e+00
1.421497496687568196e+00
1.429729076898932361e+00
1.414725356647169807e+00
1.403068075034353601e+00
1.380484827128676484e+00
1.388720789970783187e+00
1.382756953475764661e+00
1.378275325048858191e+00
1.371044503107485601e+00
1.358586551458859759e+00
1.342901318522267573e+00
1.316567173902066346e+00
1.270010753655711699e+00
1.253991300194748693e+00
1.247771414715979299e+00
1.258127256244840009e+00
1.245843917630667264e+00
1.251186279700877035e+00
1.250138673870522688e+00
1.254715754633892955e+00
1.237836686177165468e+00
1.223381646418998825e+00
1.209000770036251504e+00
1.203698775727559234e+00
1.213384141129592475e+00
1.203963247157507466e+00
1.187670932953769798e+00
1.188371354802857160e+00
1.155764877481066266e+00
1.156092733171739884e+00
1.135385179437944370e+00
1.106183738314706178e+00
1.076502735310401748e+00
1.054012961686051408e+00
1.037514780171337581e+00
1.035551058514735390e+00
1.030082384289316533e+00
1.023529397086388126e+00
1.020030770378200558e+00
1.015372124181720404e+00
1.007757075649289957e+00
1.002021937818169839e+00
9.971298950063566258e-01
9.832456084074620017e-01
9.495245507995810907e-01
9.262907249001944843e-01
9.009152186116305971e-01
8.995235876843328260e-01
9.028318442255967025e-01
8.966075699217583850e-01
8.956200712503277206e-01
8.946292806958687782e-01
8.953156921170269955e-01
8.986385822194781214e-01
9.123703530285131036e-01
9.153682742874552636e-01
9.069766711473831178e-01
9.147510528777336170e-01
9.137047231882960974e-01
9.114273274043894757e-01
9.091764047575414676e-01
9.055253902877348215e-01
9.050252436839316683e-01
8.856376157340141164e-01
8.836573914483227821e-01
8.606796458083695311e-01
8.616687666708621185e-01
8.429850090540444985e-01
8.412036739465152957e-01
8.249829052048014422e-01
8.205177649723499611e-01
8.087756056695077911e-01
7.957804658007130438e-01
7.796096741810605302e-01
7.614878966440302710e-01
7.292424095635884340e-01
7.176791316634693052e-01
7.155006732883621989e-01
7.160341510919265851e-01
7.042481795863302363e-01
6.772560885848243339e-01
6.642596439800918517e-01
6.538766871121938218e-01
6.182662329412871305e-01
6.067701785336259146e-01
5.887103345102859819e-01
5.896343455677901524e-01
5.742638362586099943e-01
5.418536797423822993e-01
5.314244221742936425e-01
5.133515557614313218e-01
5.099503840995549542e-01
5.305349596508228682e-01
5.261420093081013993e-01
5.094575746602666433e-01
5.213632930878175920e-01
5.387717898976391862e-01
5.633949634942541085e-01
5.838751433043133376e-01
5.990802337067815397e-01
5.940477748098085264e-01
5.841208268926977309e-01
5.762392118016085307e-01
5.690390797132550693e-01
5.893281387941279315e-01
6.025237746080126522e-01
6.073462567606739970e-01
6.246983494685958149e-01
6.426598661774374222e-01
6.664861430431466838e-01
6.835112348058701714e-01
7.055225247373220210e-01
7.195882285501183917e-01
7.309032965470295684e-01
7.216554743121856852e-01
7.389820891677748582e-01
7.307438695114897298e-01
7.302469685562766877e-01
7.466895246262055252e-01
7.700312042120033285e-01
7.894356261268858921e-01
7.885962667109127633e-01
7.900428065905832353e-01
7.916644622551388677e-01
7.976694399016084347e-01
8.155988168443694120e-01
8.298281510755481927e-01
8.442292273715832351e-01
8.396918601594164366e-01
8.478727767944658211e-01
8.474143959943537530e-01
8.594078722959945793e-01
8.618360558874585964e-01
8.686567510615277321e-01
8.422757882756445325e-01
8.423244046482259995e-01
8.522995022505616136e-01
8.570550662996947455e-01
8.707269822442872398e-01
8.863296862275040766e-01
8.969784618048333158e-01
9.074511940965545032e-01
8.987272461015710645e-01
8.976823275573687644e-01
9.015468409054544496e-01
9.083579275295978750e-01
9.132680528670380493e-01
9.160406711488180420e-01
9.248473840680231373e-01
9.361878671997905244e-01
9.631018201938876810e-01
9.586698916233439283e-01
9.526278986101796020e-01
9.651263118798310003e-01
9.783441147419358330e-01
9.802664512421166432e-01
9.829472267195061841e-01
9.834276441367992838e-01
1.008070743123908652e+00
1.009165811324613138e+00
1.020813770665818465e+00
1.035573522322786877e+00
1.054001037142511255e+00
1.062046321590639497e+00
1.085623601692284002e+00
1.086134729763864604e+00
1.100592671892148600e+00
1.124324067074905509e+00
1.107970132646607597e+00
1.111294955657172290e+00
1.091365023487807839e+00
1.105632154881850626e+00
1.116619838263907205e+00
1.112874705007291576e+00
1.123472380388791603e+00
1.153334687905379408e+00
1.143651054285393931e+00
1.147971905348814881e+00
1.117953906019444998e+00
1.118923468728752590e+00
1.109550924366329294e+00
1.089134196586466263e+00
9.834293130348706891e-01
1.003760836534288936e+00
1.027364932554437837e+00
1.014760479164120488e+00
1.023452698555176399e+00
1.004837622097159988e+00
9.929720407999220733e-01
9.658817551226347442e-01
9.842976245180043993e-01
9.958269832626820417e-01
9.598876010566150807e-01
9.559513577543161666e-01
9.591788327363177658e-01
9.849736194113130061e-01
8.866036259490038818e-01
8.946135529601541014e-01
9.123857378961802711e-01
9.180093555700017394e-01
9.164207039604671534e-01
9.145627672327292235e-01
8.798332020157442201e-01
8.617395019016387270e-01
8.307349172788123237e-01
7.987516427157750343e-01
7.637928584893300954e-01
7.695516855654874755e-01
7.650118364156158757e-01
7.103132937340574937e-01
6.884864169539647305e-01
6.888833750320519922e-01
6.433183522883884065e-01
6.327314825110359475e-01
6.302919255471003401e-01
6.157754677690524536e-01
6.032297750115785950e-01
6.068868593908136599e-01
6.099467259144771836e-01
6.103394003968805048e-01
6.081408413626805398e-01
5.988133110103319723e-01
6.037298598872476996e-01
5.756744329076453059e-01
5.660835271353338305e-01
5.551018126681727116e-01
5.498649143686231699e-01
5.507844645366491987e-01
5.066992471903764006e-01
5.169753621587942494e-01
5.219529685046299106e-01
5.366043020595583357e-01
5.461155280706575521e-01
5.428134714334289512e-01
5.354628457763077609e-01
5.442600905727700278e-01
5.503280279558334653e-01
5.598539490046041678e-01
5.668308359089183623e-01
5.631445486912219911e-01
5.619523343706027685e-01
5.678170706582994498e-01
5.860324647843988544e-01
6.109396906775693692e-01
7.026675683724941113e-01
7.003303589822462705e-01
7.175969338579628598e-01
7.565761502048312659e-01
7.471724362109629647e-01
7.300787919756891453e-01
7.247927413648082018e-01
7.331744412284020296e-01
7.435411228619888124e-01
7.537253550921844125e-01
8.146907826597176161e-01
8.128661179180389773e-01
7.936819110304321745e-01
7.860332773892406699e-01
7.567148094105893286e-01
7.540573847110195738e-01
7.303743130830334662e-01
6.861544613082335431e-01
6.318899099697539157e-01
6.193222712210043612e-01
6.273861413162767908e-01
6.185447546068002511e-01
5.754062248665373636e-01
5.894857247891021057e-01
6.026933197658755903e-01
6.135156902189883299e-01
6.608398262709228588e-01
6.585031681576292151e-01
6.964631225521168423e-01
7.179567728830004159e-01
7.330788427623150527e-01
7.548461744052328282e-01
7.636945561477007649e-01
7.639676639077417342e-01
7.783477019963872534e-01
7.718149483700471603e-01
8.129513508308858771e-01
8.568444371041350482e-01
8.674834550357437557e-01
8.928531870672630211e-01
9.439385577388057502e-01
9.614601561753083336e-01
9.225171092501409653e-01
9.462814672334779464e-01
9.676456252450652551e-01
9.844365329904112283e-01
9.966426269932530113e-01
1.020676892079550369e+00
1.048956581403408972e+00
1.093002778322482937e+00
1.145510189670905454e+00
1.163591705653796327e+00
1.187435909762842412e+00
1.209066311522193349e+00
1.286539054302046070e+00
1.281218707443438465e+00
1.285575000209844054e+00
1.294265292614453777e+00
1.241989891442513594e+00
1.220680124699301095e+00
1.205277587839844067e+00
1.220548924293194171e+00
1.222465814278824947e+00
1.229443379537577430e+00
1.247886943151179207e+00
1.281426895873689853e+00
1.318186793732155193e+00
1.337450241007405838e+00
1.357541402702876265e+00
1.400696490478452017e+00
1.441220454074953139e+00
1.502107577979188147e+00
1.530478654256467230e+00
1.564774581649510887e+00
1.590756692126346739e+00
1.593217840795453144e+00
1.644942587428323000e+00
1.550328686783718490e+00
1.463025977683778844e+00
1.485459373990655640e+00
1.536055588143972139e+00
1.548347253429681381e+00
1.602656258746929741e+00
1.594158290901774633e+00
1.586207762083907236e+00
1.582487767999435802e+00
1.577665317395122946e+00
1.569800939846837107e+00
1.563906708333339335e+00
1.548580001915389914e+00
1.527848045087083939e+00
1.508376654181589505e+00
1.482458702456677768e+00
1.442787608108598851e+00
1.420941348343343957e+00
1.304890321470304260e+00
1.287473873364408661e+00
