2.4721178502
2.4812439619
2.4510815033
2.4094048697
2.4365199652
2.4041722284
2.4668270356
2.4660301023
2.4755072620
2.4338905820
2.3415332859
2.4065878064
2.4192081533
2.4361960878
2.4279758362
2.4380893298
2.4751399178
2.4610640358
2.4547538687
2.4390807799
2.3678933880
2.3447691812
2.3246147214
2.4009190141
2.4631609431
2.3344583065
2.3886241690
2.4509937724
2.4343872570
2.3742424763
2.4018804081
2.3218717184
2.4320431884
2.4227716880
2.4115607578
2.3584220768
2.3363212501
2.4180482017
2.4539432133
2.4542300649
2.4471754958
2.4022027468
2.3730483959
2.4314621398
2.4175080617
2.3279771661
2.3976093195
2.7874391683
2.6339885153
2.7662137152
2.8970922971
2.8710602986
2.8210016925
2.4748104266
2.4384534820
2.4670688607
2.4668147784
2.4052334590
2.3255346978
2.5362660560
2.6598815600
2.6116942219
2.7647996373
2.6028062161
2.2613750312
2.3619814433
2.2935164267
2.6101834691
2.6470434722
2.6972048457
2.5932286981
2.4304627572
2.5000330243
2.3935668919
2.3817545702
2.4952077801
2.6809549024
2.6270734126
2.5851930441
