2.2893638251
2.2976925450
2.2661635587
2.2249224032
2.2527441441
2.2200094009
2.2813230529
2.2818869227
2.2936005431
2.2565668509
2.1643582690
2.2283004594
2.2440030807
2.2635447111
2.2653086488
2.2727772397
2.3086679407
2.2958175451
2.4806098659
2.4714610176
2.4092135012
2.3962936575
2.3572476481
2.4474208102
2.5137317202
2.3794072328
2.4335789520
2.5129035707
2.4882107936
2.4159136474
2.4456109902
2.3649156771
2.4847292000
2.4686761246
2.4563328154
2.3992683027
2.3715501710
2.4680685668
2.4999965153
2.5134017720
2.5149063874
2.4636753615
2.4425387969
2.5058268271
2.4258688207
2.3217976618
2.4380594067
2.8370403304
2.5878232638
2.7158810664
2.9933624045
2.9389346298
2.8010789022
2.4025644475
2.3720052813
2.4841305998
2.4813103407
2.4471663211
2.2368812564
2.4532841658
2.5168318081
2.5192893725
2.6276061537
2.4529764171
2.0727559280
2.2126173278
2.0548893964
2.3799328551
2.5181216528
2.5284639714
2.4501687165
2.1684058420
2.2197109858
2.4472323843
2.1095890391
1.9073222225
2.3885850092
2.6246338385
2.5410431040
2.4171696248
1.9402144035
2.5531035251
2.2893447751
2.4690396267
2.2101701331
2.4378726938
2.4042680941
2.4073918519
2.4134700770
2.6314769160
2.5420922623
2.3284652357
2.6052205594
2.4211358327
2.4473664906
2.3705654157
2.4553929121
2.4415271923
2.5837154125
2.5196034852
2.6304341807
2.5855143510
2.8425913748
2.5933010457
2.8544077081
2.9467368060
2.7003921044
2.3671137406
2.3136216394
2.2780309056
2.3014793563
2.1470289219
2.1632324843
2.1983152304
2.1280924291
2.2516223953
1.9220383395
2.1789276826
2.2678544363
2.2246385407
2.1428436843
2.0535211276
2.1085621953
1.9483244716
2.2203788737
2.4366308238
2.7760862136
3.2702833137
3.3215885941
3.3065840336
3.5376553275
3.2542327673
3.0289105212
3.2071293483
3.0686549334
2.9664648200
2.5173345884
2.4670874750
2.2848542403
2.0136321185
1.6171545000
1.2103716425
1.7522775150
1.5776359280
1.7241545090
1.8499297197
1.6246430174
1.6237846577
2.2725820574
2.6481181614
2.8337712896
2.9828896443
2.8854804010
2.7569300710
2.4697492880
2.3196329855
2.2712021544
2.4973713472
2.4468812347
2.3793649949
2.3797115313
2.2966090500
2.3332156650
2.4393403653
2.6025567132
2.3950795494
2.5819142171
2.4798976727
2.5241336623
2.3569273557
2.5870398173
2.4766714019
2.4354820670
2.5129716370
2.4872691102
2.7570299636
2.7992199893
2.5087340876
2.6691307629
2.3958831162
2.7397998195
2.5636620254
2.7288595126
2.5964078782
2.7304338796
2.2580896029
2.3305451075
2.2696019638
2.5454592084
2.7392497956
2.9144888977
2.8352218239
2.9353296284
2.8507733420
3.0281715910
2.7608051810
2.6243163259
2.5018235179
2.5264404379
2.2103011305
2.0903067128
2.2198296653
2.3280994951
2.3229945053
2.2830175665
2.6360092727
2.6846775388
2.9600216092
2.7638304425
3.0799101157
3.1310364055
2.8415051840
2.7911314030
2.8242985445
2.5947789708
2.4155558841
2.4085750308
2.3639476219
1.8269182106
1.6837497311
1.8065258141
2.3704424479
2.1865154967
2.1769861017
2.0940586812
2.3049036882
2.2788981654
2.0174472814
1.9663217786
1.9055675260
2.1037005913
1.9581652466
2.1402466442
2.0578232371
2.1836327596
2.1378449548
2.0876381590
2.1714669771
2.3695568414
2.3327868206
2.2809851449
2.3835737170
2.2264839840
2.2253581035
2.4398938324
2.4041453246
2.5140562065
2.5111879490
2.4330780753
