1.5246911319
1.5283871563
1.5163204372
1.5152822040
1.5151392930
1.5041026132
1.4754465964
1.4718986236
1.4785268190
1.4930340791
1.5185782333
1.5809116912
1.6044634048
1.5591605824
1.6019810470
1.6112369893
1.6505621671
1.6587066232
1.6572871754
1.6918457652
1.6849446852
1.7134000271
1.6987629758
1.7162653193
1.7339644987
1.7742968840
1.7692070218
1.8333578302
1.8105142762
1.7929233666
1.7759742056
1.7765747314
1.7856511189
1.7747692310
1.8069279553
1.8757985278
1.9127628326
1.9036774054
1.9274094799
1.9530118611
1.9818286795
1.9966177136
2.0276238650
2.0212184702
2.0200096196
2.0402796345
2.0717688306
2.1062358596
2.1374619593
2.1675163119
2.1652270973
2.1130226914
2.1126883869
2.1262896918
2.1323500228
2.1262856243
2.1477958324
2.1486487706
2.1509179884
2.1803426281
2.1846245108
2.2351271562
2.2912361366
2.3524543374
2.3768880171
2.1700996764
2.1690517326
2.1694737439
2.2020181271
2.2180151671
2.3404075639
2.4502569061
2.4999566489
2.5692151626
2.6211293537
2.6658971061
2.7068461833
2.7529792375
2.7963262107
2.8306504691
2.8529247694
2.8764408217
2.8974604667
2.9266186281
2.9451169960
2.9609718139
2.9690401959
2.9738977926
2.9792884383
2.9846927426
2.9892772128
2.9941036392
2.9986932505
3.0028165329
3.0069770285
3.0097460442
3.0128393387
3.0157456827
3.0180104392
3.0196248083
3.0218196656
3.0234878437
3.0249084725
3.0268974072
3.0273577266
3.0280371769
3.0293403447
3.0294623599
3.0301768822
3.0301017732
3.0303177041
3.0314196843
3.0325334504
3.0329836605
3.0326128108
3.0319325043
3.0307732950
3.0294553769
3.0296438515
3.0301591840
3.0293163954
3.0287037509
3.0281103907
3.0269948577
3.0263295547
3.0258974388
3.0253295657
3.0247679657
3.0238207754
3.0221314425
3.0211862519
3.0204107876
3.0183711088
3.0177189539
3.0167160044
3.0155948613
3.0145409742
3.0135438361
3.0125875943
3.0111937518
3.0094945668
3.0076743661
3.0061903109
3.0040459000
3.0019631619
3.0003193644
2.9991125104
2.9967641534
2.9943897972
2.9928852866
2.9913529472
2.9884543353
2.9864784762
2.9844690644
2.9823268027
2.9800675644
2.9781854190
2.9756588372
3.0424277802
3.0266731841
3.0283674097
3.0575698168
3.0768490294
3.0919086211
3.0887163956
3.0862622492
3.0882270567
3.0836033941
3.0771966796
3.0067130294
3.0046201249
2.9980412094
3.0090823759
3.0097598801
2.9609153831
2.9567218806
2.9308816273
2.9040578065
2.8987340289
2.8992474081
2.8947450213
2.8905386240
2.9083426929
2.9186653942
2.9057889991
2.9088795882
2.9534708497
2.9705740623
2.9807418619
2.9968805584
3.0068559925
3.0206048695
3.0098597727
3.0063869271
3.0091100935
2.9840117943
2.9728207161
2.9473023086
2.8866054485
2.8575641949
2.7985688317
2.7002698438
2.6360325564
2.5857838798
2.5330897412
2.5035952448
2.4303531296
2.3725035101
2.3117346171
2.2831819754
2.2530234495
2.2863302099
2.3205800786
2.3432826561
2.3608661865
2.3585210759
2.4023704227
2.4257463568
2.4674916216
2.4819263561
2.5251080113
2.5502174985
2.5774071917
2.6384564767
2.6979143498
2.6851171407
2.7452354445
2.7542116236
2.7566361821
2.8016828880
2.8009075733
2.8088921492
2.8386297221
2.8198655163
2.8618680360
2.9047064031
2.9261105613
2.9739283123
3.0200378887
3.0542732627
3.0894488736
3.1348402364
3.1691219635
3.2137802805
3.2535851022
3.2841057199
3.3157464831
3.3480185950
3.3655134518
3.3839498154
3.4057616518
3.4258335770
3.4155128996
3.4093720126
3.3965096677
3.4148558973
3.4364284628
3.4030429235
3.4155514263
3.4562352595
3.4767309263
3.5105866456
3.5276662971
3.6022660967
3.6179909072
3.6971296858
3.7226110089
3.8031829855
3.8359650499
3.9324611800
3.9436447853
4.0659260353
4.0972505877
4.1796836401
4.2200613240
4.2958271617
4.3292571622
4.3249702689
4.3241428759
4.2966526565
4.2709816047
4.2121014780
4.1916734009
4.1648014563
4.1834140108
4.1582123769
4.1229778792
4.0864707363
4.0475773830
4.0395394157
4.0020106741
3.9370432998
3.8561323168
3.8373049802
3.7297906564
3.6146454559
3.5192195860
3.4497553030
3.4283421095
3.3916699293
3.3621574050
3.3070182703
3.2997099739
3.3571842322
3.5631024380
3.5943410593
3.6443644493
3.6299029091
3.6271920135
3.6293719974
3.6294257282
3.6277886389
3.6091807465
3.5911136262
3.5564723422
3.5558982773
3.5160392191
3.5024122747
3.4974669301
3.4539165689
3.4283227746
3.4007300346
3.3720546518
3.3459947230
3.3207165429
3.2938192911
3.2760944198
3.2604354940
3.2474169610
3.2280589430
3.2254645834
3.1989801660
3.2012227951
3.1806973370
3.1834245656
3.1648309143
3.1683151476
3.1624067523
3.1678658374
3.1674515536
3.1617898770
3.1577243362
3.1493591295
3.1452040279
3.1371743308
3.1268877971
3.1179942797
3.1082739368
3.0964032051
3.0861759944
3.0705897405
3.0586446249
3.0376468817
3.0244749813
3.0073534506
2.9418506323
2.9332276334
2.9202633247
2.9248069975
2.9102491877
2.9122763516
2.8934518273
2.8905927849
2.8605282480
2.8540122229
2.8201069524
2.8212454482
2.8177275216
2.7812896836
2.7745481831
2.7442012677
2.7337546560
2.7235680609
2.6992102221
2.6891247164
2.6783269101
2.6578541531
2.6444100768
2.6284812708
2.6110031900
2.5849372516
2.5623187229
2.5367016478
2.5076607019
2.4728809542
2.4310706386
2.3744483245
2.3593092566
2.3013963841
2.2801099737
2.2333349994
2.1895229676
2.1548281094
2.1223734200
2.0891074208
2.0543334738
2.0138170300
1.9680143013
1.9298320525
1.8947278394
1.8642495208
1.8280132658
1.7939851820
1.7613478455
1.7297110940
1.7010172332
1.6873205430
1.6579001355
1.6271108958
1.5876154452
1.5680637747
1.5449401489
1.5233496813
1.4996788757
1.4774813369
1.4550030472
1.4284215686
1.4106879377
1.3915186431
1.3714513088
1.3499381996
1.3313022744
1.3135577681
1.2992096836
1.2885691442
1.2710081209
1.2543804162
1.2615358780
1.2724728408
1.2633544408
1.2935066365
1.3216737816
1.3527718066
1.4493862781
1.5723984750
1.8311852108
1.9726850368
2.0469592331
1.9823067365
1.9803433425
2.0140348296
2.0354845902
2.0842828882
2.0960418925
2.1036862117
2.0892344031
2.0991617736
2.0734354266
2.0805915762
2.0752004786
2.0479633728
2.0390676305
2.0416325474
2.0335951039
2.0386997642
2.0341947376
2.0380334019
2.0355073766
2.0391254449
2.0410645162
2.0465649320
2.0498619398
2.0562062449
2.0614813015
2.0642646668
2.0684354159
2.0718241419
2.0809334498
2.0838647716
2.0852256345
2.0816462907
2.0719498660
2.0660414555
2.0601616083
2.0557824048
2.0560286213
2.0620559156
2.0587632026
2.0560585283
2.0646595155
2.0637975312
2.0743744032
2.0799671119
2.0835903232
2.0751435104
2.0717865760
2.0616113583
2.0637961914
2.0558612010
2.0663403883
2.0745533619
2.0974481802
2.0871246311
2.0894573848
2.0789777179
2.0919652027
2.0880546573
2.0930397429
2.1099881806
2.0941454175
2.0893748720
2.0478409889
2.0287861276
1.9557203195
1.9067325106
1.8424274692
1.7587891616
1.6963825625
1.6431150047
1.5924170045
1.5522318168
1.5170433663
1.4955104728
1.4866807726
1.4734027329
1.4844098941
1.4797484637
1.4604353187
1.4105754927
1.3768952005
1.3597430361
1.3395498290
1.3136077579
1.2876877423
1.2619325721
1.2495651655
1.1718362559
1.1496932543
1.1852701584
1.2576855506
1.3953245936
1.5174914321
1.5827795274
1.6142328490
1.6069261053
1.5785508183
1.5205143299
1.4747871160
1.4493451642
1.3921053501
1.3534464500
1.2853459268
1.1935475359
1.1297817029
1.1027665147
1.1015691722
1.1082042174
1.1235404139
1.1371586544
1.1502370430
1.1609565951
1.1720571694
1.1704131990
1.1725590209
1.1659928191
1.1550605740
1.1600385686
1.1718485543
1.1224818072
1.1335892468
1.0972155900
1.1201152244
1.1136975822
1.1388911347
1.1690071558
1.1846161547
1.2101755772
1.2138031080
1.2210053885
1.2206601600
1.2311928358
1.2274517469
1.2183964301
1.2092565090
1.1896899419
1.1554660358
1.0868979260
1.0500002874
1.0230274253
0.9948998043
1.0036691108
1.0115425718
0.9978003758
1.0025363780
1.0083391814
1.0218213768
1.0228120248
1.0260693587
1.0582622572
1.0769544656
1.0787077641
1.0939357990
1.0967028475
1.1186974006
1.1757490582
1.2032456900
1.2281624382
1.2653478035
1.3101800690
1.3745303407
1.4649819749
1.5507303002
1.5510996565
1.5308102345
1.5327759966
1.5004326741
1.4976726314
1.5351895791
1.5198766744
1.5186790131
1.5863812484
1.5560567760
1.6036235086
1.6342809909
1.6773299885
1.6807363112
1.6912921124
1.7041523013
1.7241531523
1.7194490263
1.7060545942
1.7110309630
1.7088668735
1.7223684249
1.7263962002
1.7411181615
1.7577298177
1.7634954317
1.7821964186
1.7822442358
1.8091313980
1.8036716753
1.8266057861
1.8310797853
1.8517050472
1.8173442512
1.8466859876
1.8625362800
1.8250588078
1.8572642024
1.8365922157
1.8522846297
1.8474233567
1.8581075872
1.8832838701
1.9200913135
1.9285724584
1.9433319872
1.9983384863
2.0261259477
2.0362297802
2.1013046735
2.0975516714
2.1306406432
2.1068775576
2.1276904293
2.1293308372
2.1379582268
2.1440247621
2.1476351172
2.1555139907
2.1553216614
2.1636024288
2.1661381082
2.1691153630
2.1683002145
2.1673678475
2.1696332443
2.1692996162
2.1681966372
2.1699558749
2.1779554465
2.1796318586
2.1833346177
2.1854373885
2.1935605689
2.2027414431
2.2123383855
2.2242473471
2.2304442547
2.2359168359
2.2378492377
2.2342320980
2.2328884732
2.2395462958
2.2443049091
2.2403616500
2.2418860534
2.2443773626
2.2308119428
2.2381051493
2.2473647955
2.2719845365
2.2990762730
2.3271545582
2.3630958646
2.4157508286
2.4748738674
2.5264259181
2.5490829213
2.5753534117
2.5847252617
2.5971753979
2.6104547997
2.6217538822
2.6256977678
2.6200533301
2.6374582000
2.6074269362
2.5606931554
2.5079236484
