0.2445046114
0.2486985391
0.2534759948
0.2566534701
0.2600984996
0.2638516014
0.2678319664
0.2740616628
0.2769468013
0.2782944158
0.2765739946
0.2753593396
0.2753276950
0.2765382153
0.2801422302
0.2840830302
0.2852196034
0.2913254797
0.2933752172
0.2998791927
0.3018212421
0.3061708366
0.3092031323
0.3127994775
0.3125994766
0.3140018088
0.3150879464
0.3163409324
0.3173588693
0.3173716645
0.3197437696
0.3209298064
0.3230720146
0.3239775924
0.3248466797
0.3255978805
0.3293141065
0.3293297242
0.3326102216
0.3336020623
0.3336567600
0.3330959595
0.3335644206
0.3333510266
0.3338838577
0.3337026606
0.3326832422
0.3318562002
0.3280200952
0.3255894220
0.3202825864
0.3167066993
0.3106344420
0.3086814360
0.3051563507
0.3003595864
0.3017174332
0.3052976440
0.3110461924
0.3146672267
0.3121413952
0.3078872757
0.3083251453
0.3092132184
0.3114419573
0.3054093192
0.3058142734
0.3144957198
0.3126483081
0.3074286015
0.3007470306
0.2937933832
0.2806568668
0.2728718132
0.2662050408
0.2502532478
0.2369705604
0.2231080416
0.2049643554
0.1830920515
0.1554775131
0.1290784212
0.1087950228
0.1046261435
0.1088119624
0.1144264930
0.1235758956
0.1300270303
0.1322319220
0.1302846294
0.1301019862
0.1270087206
0.1261636990
0.1216827018
0.1207430522
0.1197749112
0.1196917543
0.1205175356
0.1206292569
0.1225068795
0.1260548217
0.1305018274
0.1328113799
0.1345542634
0.1363773392
0.1370682383
0.1380308828
0.1386536521
0.1373487967
0.1367868170
0.1354789955
0.1369018383
0.1375361218
0.1362622455
0.1340528292
0.1324717589
0.1304231579
0.1293146182
0.1303544922
0.1352045331
0.1370301339
0.1395210957
0.1430632170
0.1434480102
0.1431393084
0.1413773936
0.1380288162
0.1348065473
0.1316848050
0.1282020702
0.1244696745
0.1201767097
0.1177161410
0.1182806955
0.1176791775
0.1161329302
0.1115604645
0.1071554085
0.1046849471
0.1023279354
0.1013244799
0.1009780938
0.1009182197
0.1015432891
0.1026815865
0.1041707566
0.1031297327
0.1013950111
0.0987021106
0.0969352093
0.0949999101
0.0917814937
0.0895285036
0.0874779787
0.0879489628
0.0884241085
0.0884258253
0.0889001387
0.0884856156
0.0878135121
0.0879201325
0.0887041658
0.0884789439
0.0884936070
0.0883520136
0.0891655063
0.0898431372
0.0893513057
0.0906532942
0.0958673894
0.1007407096
0.1023457061
0.1021122949
0.1003838581
0.1019052213
0.1020789193
0.1011797211
0.1021455748
0.1030681309
0.1025889406
0.1055613707
0.1078308851
0.1113360653
0.1130226772
0.1141380024
0.1129237124
0.1107795488
0.1080354838
0.1037038289
0.0987243217
0.0932747380
0.0893310097
0.0877032099
0.0854626752
0.0842533296
0.0815788070
0.0775761996
0.0751893954
0.0732524694
0.0731437499
0.0729607762
0.0700225688
0.0672591132
0.0651645816
0.0649238339
0.0688388448
0.0691968104
0.0678055364
0.0666366707
0.0688151276
0.0671938036
0.0677974827
0.0674806885
0.0680173113
0.0685263329
0.0677321090
0.0676066643
0.0701370262
0.0685354424
0.0672725087
0.0629957467
0.0609762254
0.0621195410
0.0636519987
0.0625397830
0.0608618615
0.0575092259
0.0543948683
0.0534422745
0.0501682329
0.0477412048
0.0436035853
0.0386619588
0.0352529572
0.0334963096
0.0323510144
0.0310445322
0.0300855905
0.0266625538
0.0260951903
0.0207109453
0.0183005221
0.0184710888
0.0189925360
0.0195003885
0.0205700610
0.0222035772
0.0233264739
0.0236311766
0.0228271935
0.0234187613
0.0231171434
0.0226301266
0.0233315917
0.0229933838
0.0237557161
0.0225414290
0.0208869981
0.0203032966
0.0192400602
0.0191447151
0.0195782692
0.0202089535
0.0227343720
0.0240245942
0.0258358521
0.0265998070
0.0272518659
0.0254600896
0.0226004703
0.0195712051
0.0175198176
0.0160670333
0.0146267667
0.0138290157
0.0131881031
0.0131340278
0.0127277295
0.0130693692
0.0116517571
0.0111839054
0.0095411573
0.0076126549
0.0057829713
0.0058930435
0.0062693192
0.0075721453
0.0082360038
0.0090698931
0.0095195021
0.0093375823
0.0089805110
0.0082497621
0.0081893594
0.0077783752
0.0078461479
0.0075744433
0.0074042270
0.0101676164
0.0134598165
0.0190245256
0.0271718545
0.0345166756
0.0411520386
0.0453958385
0.0469870163
0.0445562640
0.0340804056
0.0283658546
0.0294744320
0.0302189236
0.0317604799
0.0331464086
0.0343577820
0.0338530497
0.0337819887
0.0329697024
0.0313366653
0.0293091209
0.0272449463
0.0261824818
0.0258494619
0.0250643922
0.0236160615
0.0213964979
0.0193073164
0.0167185184
0.0148250022
0.0137286587
0.0128754884
0.0132534940
0.0137314132
0.0142912030
0.0145187674
0.0146920789
0.0149620289
0.0155498981
0.0155734398
0.0158277759
0.0178033742
0.0196150962
0.0178667206
0.0175951931
0.0181090061
0.0180170134
0.0192667123
0.0206147379
0.0214855541
0.0216353644
0.0223955353
0.0224485982
0.0221675958
0.0214317045
0.0211024480
0.0212497701
0.0217029509
0.0227307344
0.0239352394
0.0222640230
0.0200244562
0.0183928957
0.0182187849
0.0196462397
0.0217216801
0.0236743745
0.0253363960
0.0281686473
0.0301379739
0.0320940918
0.0351938126
0.0370760524
0.0409904746
0.0444870957
0.0492442975
0.0506769737
0.0500625225
0.0474087566
0.0472943728
0.0440057763
0.0448734039
0.0438314716
0.0454150565
0.0458335342
0.0478069599
0.0491545815
0.0479305126
0.0486046282
0.0472791344
0.0476494348
0.0464664807
0.0467604286
0.0473351048
0.0475962869
0.0488876220
0.0515209918
0.0527036093
0.0545939557
0.0553452483
0.0573219260
0.0585654598
0.0604746093
0.0634260908
0.0651164684
0.0669487477
0.0698318735
0.0681583065
0.0673721090
0.0661270562
0.0653808824
0.0656722402
0.0654005076
0.0676948047
0.0681635773
0.0686643401
0.0675304725
0.0677342199
0.0665352644
0.0663674154
0.0680082851
0.0690731475
0.0696337540
0.0711957123
0.0751471917
0.0811386673
0.0903014593
0.0929971660
0.0957698523
0.0938229595
0.0935629234
0.0917072742
0.0890654784
0.0883160151
0.0875586888
0.0872184733
0.0934596538
0.0964108328
0.0974248180
0.0963172437
0.0929056824
0.0919638689
0.0911838603
0.0909799332
0.0902531236
0.0898515222
0.0883921804
0.0888368916
0.0887898301
0.0911360096
0.0910156762
0.0917448893
0.0896915932
0.0889373762
0.0882340976
0.0890119397
0.0905839612
0.0915880252
0.0925338670
0.0960854534
0.0979308653
0.0981328796
0.0962331768
0.0949173268
0.0934880927
0.0921469115
0.0920660606
0.0898559945
0.0896231291
0.0884648300
0.0887582659
0.0885085506
0.0888161512
0.0902583439
0.0908945567
0.0911110069
0.0911503847
0.0899796504
0.0883999428
0.0856530887
0.0854815746
0.0819438602
0.0800387855
0.0797085569
0.0793267879
0.0803344533
0.0808765887
0.0848380273
0.0870221133
0.0881799559
0.0887665525
0.0890749051
0.0897653169
0.0904542030
0.0914150629
0.0921074078
0.0922934721
0.0919652154
0.0901209679
0.0877647751
0.0873758091
0.0847102313
0.0845078355
0.0830076781
0.0817588445
0.0810226238
0.0810188709
0.0808209158
0.0805066489
0.0801437087
0.0787621627
0.0789672662
0.0798964550
0.0803764436
0.0806443285
0.0808736076
0.0810208684
0.0807843693
0.0794409044
0.0777364136
0.0769778368
0.0770232972
0.0772997627
0.0780539024
0.0793988701
0.0816401139
0.0834416903
0.0860677707
0.0882369418
0.0887907078
0.0877287467
0.0859986096
0.0846067976
0.0831874064
0.0826982052
0.0812850360
0.0804429693
0.0790125057
0.0778133787
0.0758587929
0.0742133356
0.0733172870
0.0712364844
0.0679784492
0.0660693808
0.0627943815
0.0608375504
0.0576903586
0.0525637686
0.0493629280
0.0456306539
0.0432490258
0.0413832995
0.0383422922
0.0352671882
0.0326405039
0.0293081600
0.0269902193
0.0247907571
0.0226392275
0.0216286896
0.0208909348
0.0195956864
0.0177844998
0.0164579276
0.0134934028
0.0113270240
0.0099274203
0.0105685793
0.0117848897
0.0119937016
0.0111871384
0.0103089014
0.0089866162
0.0074502596
0.0059361387
0.0057028114
0.0064966991
0.0065777414
0.0051846893
0.0021441819
0.0018970288
0.0046652642
0.0073415274
0.0077739385
0.0071658279
0.0058152963
0.0072403102
0.0081417394
0.0089908273
0.0073437976
0.0087044562
0.0092269297
0.0099672426
0.0099887355
0.0102999388
0.0104197243
0.0106270101
0.0112523417
0.0115741849
0.0119491259
0.0126544491
0.0131103231
0.0137992499
0.0145905238
0.0152330802
0.0168637209
0.0190946509
0.0217663311
0.0243210352
0.0275067782
0.0300628743
0.0318083626
0.0321211639
0.0309258857
0.0308606237
0.0315470744
0.0330950956
0.0347156591
0.0357983875
0.0384695433
0.0411237872
0.0426678552
0.0439017667
0.0451501118
0.0460968738
0.0478380168
0.0498593280
0.0526989368
0.0547357707
0.0570839706
0.0597455719
