22.9162565324
22.7268700844
23.7712772362
23.5527876874
23.3208825011
23.0736487964
22.8093372052
23.6901228509
23.3912761175
23.0706714315
24.0682062891
23.7103022065
23.3176450517
24.2090659525
23.7555270381
23.2633480577
24.2020431755
23.6566587267
24.5708307045
23.9553831908
24.7489689904
24.0299597083
24.7452289376
23.8588092933
24.4471940430
25.0207128370
24.1452151012
24.8022271615
23.7069990030
24.3487633603
24.9156498605
23.8999918235
24.5182141375
25.1473127487
23.9419004045
24.5061610032
25.0990307893
23.9379553070
24.4715878645
25.0852861085
23.6446597565
24.0953257776
24.6217602604
25.1103658116
25.5821000683
23.9993419823
24.3590974626
24.8299222834
25.2565119619
25.6603683602
23.8895215806
24.2418143868
24.5989605831
24.9655724382
25.3428199136
25.7629364356
26.2058345189
24.2114587816
24.6187327295
25.0402572151
25.4716764590
25.9629831213
26.4831481744
24.3114285197
24.7895045181
25.2894942624
25.8098482686
26.3192841678
23.8938718628
24.3664172450
24.8407231869
25.3129384164
25.7569922087
23.0880457792
23.4721511207
23.8444742920
24.1778256763
24.5168448530
24.8613111053
25.2000285158
22.2049819468
22.4804203021
22.7868385641
23.0977694102
23.4015806687
23.7118224341
24.0081431475
24.3142893506
24.6318450581
24.9480357732
25.2710726151
21.7937422984
22.0925105444
22.4129471890
22.7559021258
23.1188345561
23.4924455779
0.1438597513
0.1348634835
0.1371442836
0.1355704660
0.1335369052
0.1445558212
0.1584995256
0.1608636821
0.1645195014
0.1750212182
0.1762159959
0.1643517811
0.1501062255
0.1380389558
0.1379451099
0.1380312747
0.1337635249
0.1323916743
0.1330200749
0.1343274629
0.1376638084
0.1387593905
0.1458029014
0.1467665220
0.1461390487
0.1470836223
0.1465335497
0.1423443190
0.1438108409
0.1405407396
0.1388565779
0.1379036674
0.1376883259
0.1410688841
0.1475469204
0.1566367452
0.1682460736
0.1784601060
0.1895159905
0.1993292397
0.2101272358
0.2225925217
0.2243550574
0.2273249158
0.2287428399
0.2338022451
0.2440936542
0.2527102350
0.2649746843
0.2729382034
0.2847908455
0.2954561537
0.3054297897
0.3115825207
0.3186228392
0.3191318719
0.3146635171
0.3092060917
0.3041513021
0.2993615998
0.2943615255
0.2853230498
0.2736432450
0.2659329382
0.2510283074
0.2358982020
0.2275373339
0.2177506927
0.2201126855
0.2296209808
0.2326651122
0.2369241178
0.2425109427
0.2432981932
0.2419398328
0.2437754157
0.2429871251
0.2422378127
0.2368466887
0.2305394713
0.2205434005
0.2114767529
0.1979540139
0.1889595792
0.1810665177
0.1669869165
0.1610956032
0.1576616838
0.1560864239
0.1536556989
0.1482230798
0.1426468085
0.1394293629
0.1352905105
0.1314519718
0.1284807785
0.1251242336
0.1226174285
0.1204695183
0.1201042206
0.1213402613
0.1207946730
0.1215063340
0.1229312878
0.1255757367
0.1282141290
0.1318322917
0.1337582621
0.1354819994
0.1380780220
0.1394910895
0.1397467348
0.1393659014
0.1383540077
0.1383231190
0.1385543602
0.1376517044
0.1386744345
0.1391030662
0.1410481743
0.1420667154
0.1447163156
0.1477923534
0.1515492677
0.1580555594
0.1618086040
0.1656052871
0.1687677488
0.1680383351
0.1691783170
0.1705309011
0.1720190470
0.1752830911
0.1773007490
0.1786877520
0.1814458709
0.1815440640
0.1805238821
0.1782515624
0.1729821355
0.1673155652
0.1638132035
0.1608868382
0.1568535457
0.1555402580
0.1521295050
0.1517570290
0.1513016625
0.1475865517
0.1475105201
0.1504145334
0.1529711126
0.1521116592
0.1487327283
0.1467354185
0.1457999289
0.1465711333
0.1530646636
0.1575974926
0.1618212101
0.1642819308
0.1644102849
0.1686346601
0.1686295122
0.1715343948
0.1699050495
0.1700299404
0.1693677765
0.1652821029
0.1654393098
0.1633652975
0.1652317537
0.1686645771
0.1703429710
0.1689430203
0.1678145476
0.1665092838
0.1662408303
0.1636297574
0.1581847965
0.1419446847
0.1372316933
0.1303896126
0.1280726750
0.1288571409
0.1347268617
0.1363235045
0.1366142751
0.1414114194
0.1407076421
0.1372130522
0.1334808879
0.1298893212
0.1273583679
0.1271244329
0.1289909869
0.1318840559
0.1386034131
0.1396196772
0.1415899211
0.1446747535
0.1461668977
0.1453184653
0.1423058100
0.1397055793
0.1382680877
0.1375616111
0.1340278086
0.1345598982
0.1346739936
0.1313128906
0.1325164854
0.1305223299
0.1331960609
0.1316631578
0.1317461226
0.1268290929
0.1282720885
0.1242938773
0.1250022814
0.1271010418
0.1252438575
0.1268972186
0.1233821421
0.1254427209
0.1277349743
0.1238493438
0.1272671131
0.1245799131
0.1298093386
0.1355263680
0.1343299255
0.1391260226
0.1440526947
0.1410015321
0.1338823547
0.1348303980
0.1286263933
0.1298865337
0.1239110094
0.1255432959
0.1186023551
0.1192882516
0.1110172407
0.1102639318
0.1029082523
0.1020929418
0.0957156372
0.0932084929
0.0875538522
0.0830622481
0.0830777587
0.0790331274
0.0752652565
0.0758566059
0.0733218825
0.0769104878
0.0783507770
0.0852329813
0.0897118717
0.0969854590
0.1032276100
0.1139829891
0.1209822422
0.1325703866
0.1432804516
0.1493988600
0.1585389003
0.1654029719
0.1705382079
0.1708658623
0.1757535393
0.1800249820
0.1818567539
0.1851557274
0.1880380584
0.1860030586
0.1948584791
0.2057112645
0.2122677814
0.2260707508
0.2335177558
0.2462555583
0.2563133161
0.2612019264
0.2672445413
0.2698161347
0.2734200825
0.2754904122
0.2736225397
0.2760698548
0.2740339816
0.2756140196
0.2731076958
0.2705241950
0.2703619645
0.2628114516
0.2559247133
0.2511044607
0.2396158319
0.2303007288
0.2244706527
0.2177655932
0.2103145041
0.2019664405
0.1960145567
0.1865723718
0.1827295435
0.1746726686
0.1740832544
0.1768218793
0.1779764859
0.1827074362
0.1853346809
0.1908899099
0.1945631310
0.1979855487
0.2031216108
0.2170520651
0.2270282150
0.2257598067
0.2082113413
0.1994199318
0.1909817899
0.1931284629
0.1899942792
0.1898040718
0.1923139584
0.1912047039
0.1922353503
0.1909919570
0.1930368120
0.1903112292
0.1898418348
0.1877322304
0.1860058732
0.1829667412
0.1794589898
0.1775620509
0.1741016052
0.1719602434
0.1687071167
0.1665266031
0.1678813091
0.1660948265
0.1670370795
0.1643914791
0.1631261096
0.1640217882
0.1627492101
0.1598077019
0.1553903908
0.1503293590
0.1452588836
0.1404672027
0.1387224771
0.1381898577
0.1356834222
0.1357440671
0.1356517533
0.1338481883
0.1289536894
0.1200137756
0.1119449313
0.1055725723
0.0975500687
0.0908647117
0.0825244428
0.0778224947
0.0740885071
0.0727750260
0.0715731798
0.0714742641
0.0735150595
0.0796056230
0.0880611572
0.0963751874
0.0999454951
0.1044759090
0.1041042261
0.1076615072
0.1072749673
0.1085608781
0.1101576434
0.1118026042
0.1119536799
0.1094595271
0.1064030940
0.1026872231
0.0908286311
0.0808456782
0.0724494354
0.0656577630
0.0611994155
0.0587978276
0.0576400118
0.0563945570
0.0558508566
0.0556934859
0.0545446801
0.0542330996
0.0535903671
0.0544466667
0.0549254519
0.0542740099
0.0526330318
0.0499785780
0.0464251047
0.0426846913
0.0387412634
0.0353497612
0.0314766240
0.0285129706
0.0261606908
0.0237311489
0.0215573579
0.0206257818
0.0206864112
0.0209836291
0.0221591773
0.0207205314
0.0190483069
0.0164907842
0.0138204673
0.0112054258
0.0086501890
0.0058801846
0.0034147073
0.0040253112
0.0079438200
0.0125682833
0.0186211335
