3.857679489226780500e+00
3.791654936712821389e+00
3.763627763691975936e+00
3.732963605490893677e+00
3.694919485799275982e+00
3.666004624397080303e+00
3.643544014097290784e+00
3.630756818117845786e+00
3.624515715332283783e+00
3.629524989909651556e+00
3.648455226747236768e+00
3.680440430628382664e+00
3.699085455586201387e+00
3.722305584578621040e+00
3.749813486128927398e+00
3.768938862255932776e+00
3.802236624269553111e+00
3.817276220942084297e+00
3.827478823999696189e+00
3.829707943373275469e+00
3.844995182513506915e+00
3.858511302825689437e+00
3.819168251393548541e+00
3.839458038497854275e+00
3.885428483082021600e+00
3.936533505985585712e+00
3.971929502339844209e+00
4.001618840664138865e+00
4.024195134834716470e+00
4.050544101469702341e+00
4.073865621320211794e+00
4.100830467824256864e+00
4.128026555084286287e+00
4.158007513120015375e+00
4.197938310438313003e+00
4.226381190910608154e+00
4.244049044774437007e+00
4.263838943223889011e+00
4.289332207493118609e+00
4.319825095379552948e+00
4.339350992199276114e+00
4.339291321101098831e+00
4.346764643825090424e+00
4.335447568608519653e+00
4.309388521782848258e+00
4.284772346913635843e+00
4.247134439907966907e+00
4.199509568762050726e+00
4.123543053094630650e+00
4.009897883372971705e+00
3.958906326522536823e+00
3.899829321173951424e+00
3.834350476183268075e+00
3.816396849374987355e+00
3.770209626676876091e+00
3.745077562131488680e+00
3.707435082297185325e+00
3.643497246698531367e+00
3.551621291270675496e+00
3.548045700852811013e+00
3.538107240771548145e+00
3.520995082393509890e+00
3.502607071863102828e+00
3.521552908997503284e+00
3.547423418538910855e+00
3.538605344294898813e+00
3.524677163301499494e+00
3.503833018749265005e+00
3.455068734800487817e+00
3.419916748232060044e+00
3.377607949790211173e+00
3.324262954855951691e+00
3.279007802104216829e+00
3.202944986324826271e+00
3.125765919596274145e+00
3.049591230210718873e+00
2.967071467920493699e+00
2.943758162117136035e+00
2.885152328590779636e+00
2.834682147208930303e+00
2.784756896810506532e+00
2.737800938955004426e+00
2.705479383110427793e+00
2.674015808473463984e+00
2.642981669338200224e+00
2.609389461152303635e+00
2.570248350234625612e+00
2.528560757281464344e+00
2.480944743686561260e+00
2.432512822758249982e+00
2.381532511636837768e+00
2.330112264603395378e+00
2.298312586698993965e+00
2.245369891115346128e+00
2.191760244486344877e+00
2.139313382480774628e+00
2.087978463399937645e+00
2.040433942132790168e+00
1.990599170228441572e+00
1.944499348774601177e+00
1.899366889582689844e+00
1.861933440692018937e+00
1.822601972833791883e+00
1.785346598532728368e+00
1.752110824914428377e+00
1.719584367141644865e+00
1.699158217459107778e+00
1.670401350229161919e+00
1.641410115054509511e+00
1.617455605421440623e+00
1.590833536208932975e+00
1.566856394619643655e+00
1.544503154883166030e+00
1.526048163422964787e+00
1.507807049210889483e+00
1.503323023573514439e+00
1.483551259002790390e+00
1.470181936765633912e+00
1.458734998090334134e+00
1.454885921513683789e+00
1.453355734650235709e+00
1.448513772230115793e+00
1.440778982318090318e+00
1.421170776414516279e+00
1.415857398673820322e+00
1.420149571540941791e+00
1.431315176757574248e+00
1.433725548172328113e+00
1.437140209269102353e+00
1.440447034237066326e+00
1.443096490299454970e+00
1.451519103555090062e+00
1.461029711579902246e+00
1.466181903247444573e+00
1.467985660189151442e+00
1.469704069772631794e+00
1.470754186192323676e+00
1.473816854236317919e+00
1.473849611380864344e+00
1.473144836325913642e+00
1.473732734940879530e+00
1.472726420834047811e+00
1.472519442081964280e+00
1.474082618011276491e+00
1.469278777070310182e+00
1.467616142921328137e+00
1.463936865088519612e+00
1.460947916943530656e+00
1.461566638097478110e+00
1.462644870627173077e+00
1.459043405335010979e+00
1.454798000988192230e+00
1.451982221462754463e+00
1.444300899129874693e+00
1.439410661339905806e+00
1.439779442765023010e+00
1.441280902362580552e+00
1.439020810984618759e+00
1.434835348578867853e+00
1.433290525044073283e+00
1.434280091639150267e+00
1.438317295814929730e+00
1.445283221925619088e+00
1.445463254067244518e+00
1.447093183883624068e+00
1.450989627903023882e+00
1.453838183872925960e+00
1.462582534906860854e+00
1.470489795575581127e+00
1.472363427062574948e+00
1.474732822547318634e+00
1.481246526075526093e+00
1.477821582137040846e+00
1.479379269356933424e+00
1.481600192778269154e+00
1.470855938565155174e+00
1.476462894189839448e+00
1.477729990941113014e+00
1.486278475520758757e+00
1.470824198060050492e+00
1.467845821385203697e+00
1.476991267569232047e+00
1.479313684444086840e+00
1.481913088199144690e+00
1.483480640199271283e+00
1.491303706281901009e+00
1.503372396490123775e+00
1.509383892563822549e+00
1.523699480995238664e+00
1.547646007495134812e+00
1.574219588058335839e+00
1.595522952722059351e+00
1.623269681030644618e+00
1.648426452616926774e+00
1.674308432795323931e+00
1.697880335692160347e+00
1.723122145237415914e+00
1.761067450192317141e+00
1.818327459878511076e+00
1.883982695813809505e+00
1.969404388919928639e+00
2.053740525209951429e+00
2.139435000810048670e+00
2.242478645231274381e+00
2.294790570462521107e+00
2.372991527229626918e+00
2.451966322319981462e+00
2.495770331223417404e+00
2.542716341154444226e+00
2.576209057608416231e+00
2.598237401490355314e+00
2.611822108445922552e+00
2.629112192528231695e+00
2.630669141748194217e+00
2.623954931159472537e+00
2.601183035713860114e+00
2.603354577205569953e+00
2.571750616680671175e+00
2.550719278899251652e+00
2.532555140731620913e+00
2.521113456192622060e+00
2.501252667835503818e+00
2.449412538390610017e+00
2.407302989023461404e+00
2.284667943827050518e+00
2.188366181582921399e+00
2.101042570833597356e+00
2.049869855941773622e+00
1.980656752744234694e+00
1.929134586865836720e+00
1.824083292567409975e+00
1.705116061988758425e+00
1.611220496790248147e+00
1.490476190690785296e+00
1.416733601575592694e+00
1.328947877137013789e+00
1.253276992456620054e+00
1.180744855027968443e+00
1.122379354598590284e+00
1.082354036724487711e+00
1.055061344047336647e+00
1.053358041504221854e+00
1.066967257285562187e+00
1.086181979858201085e+00
1.093125423982085120e+00
1.093025061600106485e+00
1.084293749340758506e+00
1.069104470669013374e+00
1.029478978212003071e+00
9.886273240650318428e-01
9.438897407343473933e-01
8.930830047204313393e-01
8.463150155368937000e-01
8.119750375645420348e-01
7.960271613116604028e-01
7.800821933361765659e-01
7.607485356994704295e-01
7.336469975067436700e-01
7.099353946586660635e-01
6.862372393225533163e-01
6.627689445793740752e-01
6.476159886286477763e-01
6.406500312709498823e-01
6.237018268075695815e-01
5.990072350922238664e-01
5.782311065644858417e-01
5.644788366242454725e-01
5.693585167690650151e-01
5.777227622354580427e-01
5.940349855713633609e-01
6.018213747115175316e-01
6.118377987211444102e-01
5.941418559045547054e-01
5.620134500740313621e-01
5.253026802496545411e-01
4.851972407499839379e-01
4.294178442376385130e-01
3.610764192754484792e-01
3.248645831758465441e-01
2.909228234578707939e-01
2.610456874114991943e-01
2.327001309203011181e-01
2.212258782914827693e-01
2.151529940588611522e-01
2.232999437390995046e-01
2.208560007647362711e-01
2.274578003794883729e-01
2.516054958678568543e-01
2.591926611933768609e-01
2.571548133673048908e-01
2.705528625808795162e-01
2.820415623134428507e-01
2.833830847854190149e-01
2.999549938486208989e-01
2.985251085899664480e-01
3.066967788497611536e-01
3.076310260762348259e-01
2.888248091753876645e-01
2.719590554485975531e-01
2.401962898700817917e-01
2.010708683490744497e-01
1.921897940999537369e-01
1.500936726521821807e-01
1.261986096275979907e-01
1.032881063717542014e-01
9.693411254729318582e-02
8.828510457821434065e-02
7.992620238662559440e-02
7.044715440205928658e-02
7.178439981577512674e-02
7.059210482419944754e-02
6.964448472786176347e-02
7.505487191236567823e-02
7.652609416356313810e-02
7.963928223956862062e-02
8.386967375927154023e-02
9.159405863802153047e-02
9.158115745424001697e-02
9.429660188133542897e-02
9.906236221344494330e-02
1.025112246712968356e-01
1.072600733458758809e-01
1.093135479895944312e-01
1.197251196176725430e-01
1.243552928496839127e-01
1.311355493629446922e-01
1.513811367546307185e-01
1.554536000162193010e-01
1.561055702461430217e-01
1.578299154319681707e-01
1.513047917322496994e-01
1.506032282715427384e-01
1.455693458977504462e-01
1.440763152625529342e-01
1.500622645362207630e-01
1.504835365224868049e-01
1.506595181518466664e-01
1.456733672211482367e-01
1.469233071079078801e-01
1.511979536188154949e-01
1.543941709525572248e-01
1.667424223682414663e-01
1.698169521546351313e-01
1.731072438822308934e-01
1.798241776888364341e-01
1.885010400722514912e-01
1.884674354338698454e-01
1.939685249523455668e-01
1.948459187620562583e-01
1.901932215540936277e-01
1.903704388198710074e-01
1.872546674170285086e-01
1.881108890678199752e-01
1.884608258059327635e-01
1.916568718475617772e-01
1.911233483390667176e-01
1.950160304246058018e-01
1.998325010578136385e-01
1.982782280316268131e-01
2.085963804001429722e-01
2.204090159623549594e-01
2.201907968938303928e-01
2.273178014265535285e-01
2.323810540794104817e-01
2.319117261069915947e-01
2.443381331822413738e-01
2.539958675406187028e-01
2.658033662863309998e-01
2.633808241541001349e-01
2.776221157660495598e-01
2.901784182065742512e-01
3.024340492410649839e-01
2.988292485329853698e-01
2.931143183210863090e-01
2.861616225659606161e-01
2.890741000450778864e-01
2.985601283123227589e-01
3.022300280776071824e-01
3.159606293452126291e-01
3.279652059243605700e-01
3.541981215130834970e-01
3.594878888397722294e-01
3.730393222657137908e-01
3.901429743965026398e-01
4.032596051061153042e-01
4.161202083873428714e-01
4.194747344755352936e-01
4.051821305432992681e-01
3.919165009298473668e-01
3.940698353458179093e-01
4.026587109427297584e-01
4.081576889413899289e-01
4.125400930835208535e-01
4.233856440879636973e-01
4.282172285879060070e-01
4.530766106013923711e-01
4.645120612748923627e-01
4.795151572391941341e-01
4.903925413923653776e-01
4.962952249220519696e-01
5.125591170528699392e-01
5.344261972899349011e-01
5.671730968310316756e-01
5.923633054128247810e-01
6.087117968977896476e-01
6.160750277595463675e-01
6.320093592436257790e-01
6.333256683584610469e-01
6.212820981180827706e-01
6.371932833436899646e-01
6.599904232650993796e-01
6.704385419039539107e-01
6.845671201822666196e-01
6.996437234491871271e-01
7.158072067829462926e-01
7.113254939634237051e-01
7.155989774337542242e-01
7.128198241365163446e-01
7.057761706931982015e-01
6.949612866133656475e-01
6.934796179835451824e-01
6.930238870285578834e-01
6.941234183330301510e-01
6.860794650253468907e-01
6.764686351741694414e-01
6.459080370200689369e-01
6.122120992063603273e-01
6.092421862161309098e-01
5.846910936629023947e-01
5.852123140616141139e-01
5.884989559177883356e-01
5.780542906492255328e-01
5.888738392013945777e-01
6.336921558727420800e-01
6.778985207120269418e-01
7.117258234846843834e-01
7.182784060991591613e-01
7.460711531134852637e-01
7.617859259080199674e-01
7.682988100968050071e-01
7.611153000933470469e-01
7.652936866189481435e-01
7.620077591531148054e-01
7.685306725974253572e-01
7.661259480495418162e-01
7.809721857589851934e-01
7.795952445398710573e-01
7.561463205059513193e-01
7.338555583267578619e-01
7.320612907609143072e-01
7.106988227947681480e-01
6.600795885533192742e-01
6.431662583886988971e-01
6.442255195867049311e-01
6.555804501895908798e-01
6.609380553905833677e-01
6.817804678697921839e-01
6.926620541015514609e-01
6.906927261829730602e-01
6.888944815619849615e-01
6.689473464826264371e-01
6.525116605188090446e-01
6.366057431433060909e-01
6.170323308368255155e-01
5.952614295531823974e-01
5.809442182136862476e-01
5.690528379708874596e-01
5.407952161212864484e-01
5.330994425253292590e-01
5.086516013887676380e-01
5.052911666211487018e-01
5.075163700255469479e-01
4.723354744768141211e-01
4.684867954711529614e-01
4.827177410777566680e-01
4.524562225933396187e-01
4.792154283359078004e-01
4.539391733480114821e-01
4.481524832210884712e-01
4.629865657980551941e-01
4.519395386762203870e-01
4.902303923641578853e-01
4.833613730670904274e-01
4.820413683369110247e-01
5.174181323364090979e-01
5.104854286318463163e-01
5.040867619471083305e-01
5.258831884760967190e-01
5.192950141460120905e-01
5.089490398355993594e-01
5.055403876869556390e-01
4.963341154438266067e-01
5.197734632592149184e-01
5.160107159660139997e-01
5.073375926125981428e-01
5.236486332779923814e-01
5.306777095650251352e-01
5.501978788669463771e-01
5.595092045147915805e-01
5.652884428755282631e-01
5.740234411293519967e-01
5.730330390439746235e-01
5.634311479677451828e-01
5.527030830264886285e-01
5.481142430160951262e-01
5.404996078869915843e-01
5.408930890809152681e-01
5.335512689584444024e-01
5.390852242747595779e-01
5.329699041073850951e-01
5.456455951757933631e-01
5.281296123078286220e-01
5.260965182638704940e-01
5.165474479514178263e-01
5.288070294081147482e-01
5.500760629230726506e-01
5.429991685302982818e-01
5.443412744640235834e-01
5.403123193448629014e-01
5.289772407738146942e-01
5.099207934890672700e-01
4.910118087767978978e-01
4.797965009237097345e-01
4.619334025473625371e-01
4.578854249493799489e-01
4.664536699568999634e-01
4.682489563686764167e-01
4.759155362991251415e-01
4.853597450214908737e-01
4.753079111953713021e-01
4.688629693161674439e-01
4.669869556610846684e-01
4.702163898951081666e-01
4.687182279690189080e-01
4.718616390262365679e-01
4.705891798479323040e-01
4.718618871678313953e-01
4.761048731324358796e-01
4.782679132294954671e-01
4.737878170030717095e-01
4.751389594727938315e-01
4.788842615632803446e-01
4.800967033119191707e-01
4.813970291862436635e-01
4.819800229898034694e-01
4.884445660495377317e-01
4.894173629867050734e-01
4.915936963570890494e-01
4.846783936427043193e-01
4.833483656037649845e-01
4.742793518916579298e-01
4.633286007466184686e-01
4.690357933707419158e-01
4.555016344713734289e-01
4.537817333257629926e-01
4.359386217611874170e-01
4.182240688447518839e-01
4.012799216786931966e-01
3.856498428473072448e-01
3.728500220627863349e-01
3.597666077326848177e-01
3.597056289809172913e-01
3.548010680683371665e-01
3.606066479235598421e-01
3.575380161311151883e-01
3.539765962197900517e-01
3.344125083853192737e-01
3.356977301733013452e-01
3.264720392381087466e-01
3.098704561473282770e-01
3.152220580388690463e-01
3.190624154199056539e-01
3.262330093980349011e-01
3.302167844030520771e-01
3.295476728582039661e-01
3.263213339832151116e-01
3.206741732258703848e-01
3.301819485988718994e-01
3.297690521775820671e-01
3.239338397710203599e-01
3.339607573218786318e-01
3.280250320316618895e-01
3.235737973378204346e-01
3.192626031579894330e-01
3.182988914955728332e-01
3.200233501864817032e-01
3.227290945188688864e-01
3.262246402974964266e-01
3.274116115424406948e-01
3.289044297461242716e-01
3.240783152724824312e-01
3.183466393120890081e-01
3.049259632267203868e-01
3.041592555326424474e-01
3.104931946083667182e-01
3.047806266740422654e-01
3.076511074172669225e-01
3.154377057046176547e-01
3.186220214651432903e-01
3.152629255022544874e-01
3.168311344187233480e-01
3.150432161324513980e-01
3.176345052776017863e-01
3.131717489387271791e-01
3.074991629051531672e-01
3.080647370082728043e-01
3.009015181324743438e-01
3.083394961125527911e-01
3.179616839549513352e-01
3.281318549386876837e-01
3.428177951693227588e-01
3.651319593598889024e-01
3.583906552923530886e-01
3.795645685800367874e-01
3.856797493042870562e-01
3.838563230468277632e-01
3.849396090537071657e-01
3.851563414663839446e-01
4.088743960835712343e-01
4.148385013769268492e-01
4.322221526368214550e-01
4.289987309240623770e-01
4.386042160462126360e-01
4.530550361910946067e-01
4.604849512846739268e-01
4.731801428859217507e-01
4.997263197571482629e-01
5.122871286310091143e-01
5.231420013568578442e-01
5.391444944693422059e-01
5.485868868628988038e-01
5.486290771874781091e-01
5.475656152768396678e-01
5.274722791791793819e-01
5.091988702539302913e-01
4.801266521075432392e-01
4.391522570651588686e-01
3.907031729170843959e-01
3.357493328669587385e-01
2.972156395655014549e-01
2.766998236103805908e-01
2.724754182608550290e-01
2.547886899776759528e-01
2.721126817225874017e-01
2.991063951443423408e-01
3.114139022956195491e-01
3.294581658480221220e-01
3.416854185082317530e-01
3.536171981441894041e-01
3.570042623162166251e-01
3.582776089562289545e-01
3.529679203665840315e-01
3.516686164458480701e-01
3.477751924696902974e-01
3.497613055727769038e-01
3.449753063921591756e-01
3.570772026187546411e-01
3.476017463209474800e-01
3.476236712033918264e-01
3.459895150996902813e-01
3.445140698643118782e-01
3.470019877713860224e-01
3.469922676830430319e-01
3.433604629971374056e-01
3.407436213737830011e-01
3.331295094722851458e-01
3.325141940066751456e-01
3.226719439659992972e-01
3.116623041891777302e-01
3.096361932291385455e-01
3.086301522005384101e-01
3.082434733587433029e-01
3.001814917517973136e-01
2.965351144560975372e-01
2.746411875193567886e-01
2.730804878094807986e-01
2.650647911653423172e-01
2.426777701250143471e-01
2.375966238418618925e-01
2.224728955406878872e-01
2.181028070468131463e-01
2.196945650419187268e-01
2.121788780696189369e-01
2.157648793656102293e-01
2.024569376788665775e-01
2.165444301276603367e-01
2.031520000769264922e-01
1.957352070251000276e-01
1.985192305523106604e-01
2.010444031862430037e-01
1.934309926462466078e-01
2.004804950170328004e-01
1.983869483850268511e-01
2.082757054659683249e-01
2.145940535052736631e-01
2.137009107025170662e-01
2.307101525632272720e-01
2.426999839871189224e-01
2.504925114749280146e-01
2.559147280935855084e-01
2.633364749738612010e-01
2.953547223365627361e-01
3.159387206726896324e-01
3.393808654551762061e-01
3.513889066111732240e-01
3.542400173657370699e-01
3.464491432282025274e-01
3.424132874564063123e-01
3.349501527316202099e-01
3.266885599567502241e-01
3.116792016005174859e-01
2.977877984294383107e-01
2.903140349824701594e-01
3.009381627359569711e-01
3.012114116530256736e-01
3.137345088892265488e-01
3.277899207453169317e-01
3.504882603715952505e-01
3.594748733462655998e-01
3.640185922299677412e-01
3.357657132914281806e-01
2.989296271970722230e-01
2.891691528849099080e-01
2.697507420581002346e-01
2.607337151009021525e-01
2.459070655047147780e-01
2.317726448680213769e-01
2.313240235712330783e-01
2.346017160100846988e-01
2.324821578648453846e-01
2.320715743320193036e-01
2.179693787678891881e-01
2.373396361476791672e-01
2.630252698290219127e-01
2.941435931210038546e-01
3.194409109344334974e-01
3.432504101491103410e-01
3.558288480516733632e-01
3.662364393155109199e-01
3.704239975817512076e-01
3.613208385247660415e-01
3.495810115513611760e-01
3.334674826125005875e-01
3.131083409611514212e-01
2.889064297378711732e-01
2.709513978911146648e-01
2.641535877175301139e-01
2.502632052479429881e-01
2.388147153457866323e-01
2.255150161505738160e-01
2.170226597356607889e-01
2.120122302069876175e-01
2.431846318451236777e-01
2.510520778812086462e-01
2.522896994696939843e-01
2.528714204685603151e-01
2.449269823329499884e-01
2.387705447508006174e-01
2.321403879320497743e-01
2.298675406130964993e-01
2.411039212259703524e-01
2.451449314327126261e-01
2.604504453816998133e-01
2.536335416474541637e-01
2.548541075326650196e-01
2.224138277873947411e-01
2.151325003300727789e-01
2.283793376056807711e-01
2.354179846929448094e-01
2.523324650597211782e-01
2.516134261678119044e-01
2.561485623331177797e-01
2.759590062316462089e-01
3.055046219940354413e-01
3.317078721125727436e-01
3.626789379028141913e-01
3.698810867521912238e-01
3.758472393384034160e-01
4.039942384507310136e-01
4.115324422985340846e-01
4.392337491426343554e-01
4.461920165527438198e-01
4.099570951570353228e-01
4.250770146598364940e-01
4.452946041677877109e-01
4.595034572845132503e-01
4.584929072696616870e-01
4.578639978964009760e-01
4.588834032959267506e-01
4.590871491991791453e-01
4.598016845425278443e-01
4.644512958816942594e-01
4.738134530523304133e-01
4.839532704389736817e-01
5.049304129099442262e-01
5.130606997156241800e-01
5.340272290492491525e-01
5.416103481301365319e-01
