0.1361506315
0.1330730453
0.1335911415
0.1339031948
0.1314947439
0.1306576416
0.1292719634
0.1260087399
0.1258410567
0.1244475314
0.1249803058
0.1257710725
0.1260289007
0.1304050159
0.1336137361
0.1355548330
0.1388060242
0.1447673346
0.1471136454
0.1468184831
0.1506861469
0.1534928496
0.1555546891
0.1595743406
0.1606878097
0.1651772916
0.1686704790
0.1761612856
0.1765795678
0.1786205581
0.1766980826
0.1785079247
0.1793252229
0.1788929063
0.1810937532
0.1815455217
0.1825699065
0.1823373775
0.1807243455
0.1802000539
0.1799156346
0.1794481884
0.1789983865
0.1811222672
0.1811630331
0.1832639642
0.1847835104
0.1869473840
0.1880113151
0.1894301040
0.1897558797
0.1890879057
0.1890787846
0.1881972668
0.1874685396
0.1855564735
0.1832009832
0.1790908824
0.1767748332
0.1734950508
0.1713380380
0.1710734097
0.1709693105
0.1748034866
0.1741298118
0.1756658304
0.1755784689
0.1738549621
0.1703668843
0.1656081781
0.1597613425
0.1575250577
0.1555396033
0.1573912656
0.1607691810
0.1677553615
0.1727688756
0.1789871713
0.1820159946
0.1922852208
0.1892401071
0.1905598327
0.1857048466
0.1827776466
0.1804498761
0.1645812067
0.1610200687
0.1633080345
0.1617141007
0.1695502560
0.1831478309
0.1984106884
0.1967947623
0.1814778677
0.1820574987
0.1674945283
0.1606837933
0.1566776339
0.1455974382
0.1359454236
0.1346079333
0.1337080807
0.1310690311
0.1459833399
0.1394469589
0.1450104540
0.1475124411
0.1424947858
0.1444916613
0.1363654898
0.1421481917
0.1347709049
0.1257367947
0.1141756396
0.1144646465
0.1253379185
0.1256998848
0.1289037252
0.1256408361
0.1306299382
0.1280197456
0.1196984708
0.1082543325
0.1021944086
0.1031096163
0.0913768619
0.0871076348
0.0835162651
0.0764281472
0.0798686205
0.0820461493
0.0907267745
0.0878060492
0.0832411166
0.0838617008
0.0839117844
0.0861183175
0.0816027983
0.0784788369
0.0773735544
0.0756291770
0.0759758086
0.0764394901
0.0771701128
0.0731135135
0.0706731172
0.0681624375
0.0699217864
0.0757379506
0.0649307045
0.0667846857
0.0573067456
0.0572467173
0.0554967331
0.0545656042
0.0488707724
0.0432053436
0.0429494427
0.0417811315
0.0431301312
0.0444301246
0.0450741630
0.0465292450
0.0390066286
0.0386453785
0.0364545829
0.0327459075
0.0351335998
0.0324438847
0.0352015500
0.0380830873
0.0355540550
0.0340666541
0.0328990298
0.0331795897
0.0321852014
0.0319335401
0.0325225318
0.0293371295
0.0260768043
0.0237116979
0.0230044620
0.0210855214
0.0215742316
0.0234588340
0.0233404766
0.0197039760
0.0202495873
0.0186389358
0.0207740577
0.0222333155
0.0236219543
0.0218814333
0.0214253852
0.0190223977
0.0166871906
0.0161800951
0.0205431116
0.0234130444
0.0231589863
0.0195152641
0.0241568055
0.0223350232
0.0187906418
0.0219325695
0.0199279604
0.0218356413
0.0214929149
0.0264540473
0.0346259472
0.0391946986
0.0384614750
0.0398120765
0.0436323669
0.0470329036
0.0504708086
0.0525258015
0.0573014390
0.0498118762
0.0452633434
0.0439647683
0.0476590584
0.0518712752
0.0582524057
0.0645484272
0.0671160801
0.0707810028
0.0740345667
0.0767544758
0.0756791438
0.0781443705
0.0771988988
0.0786944543
0.0780436644
0.0784904371
0.0796978335
0.0801148307
0.0797108202
0.0790094510
0.0778901525
0.0789208307
0.0782971822
0.0745813782
0.0734164237
0.0768320505
0.0768475741
0.0747297408
0.0732504429
0.0718252211
0.0730730835
0.0724242521
0.0752623950
0.0732868575
0.0743830756
0.0771815082
0.0759599077
0.0760924852
0.0795310305
0.0782324453
0.0792583814
0.0788342731
0.0754384668
0.0760083015
0.0755031594
0.0768110665
0.0769771328
0.0773846709
0.0763432031
0.0750927537
0.0710582990
0.0671168036
0.0656017108
0.0651912078
0.0623250645
0.0603070130
0.0568632769
0.0552552949
0.0549287749
0.0508952585
0.0494254496
0.0455424744
0.0404821116
0.0386299246
0.0372931175
0.0366426966
0.0356398089
0.0338511692
0.0325362686
0.0307655354
0.0281540623
0.0263189756
0.0250942808
0.0229688459
0.0216425669
0.0226153054
0.0207374751
0.0213969942
0.0265241608
0.0260802849
0.0257334405
0.0265622938
0.0289958797
0.0316804013
0.0287209529
0.0239543868
0.0244090556
0.0206305074
0.0200251395
0.0235805970
0.0240056167
0.0252182906
0.0265517610
0.0278302766
0.0301452933
0.0316325137
0.0312687459
0.0331006120
0.0345676869
0.0333680963
0.0353628800
0.0342635149
0.0356052751
0.0364236214
0.0382040278
0.0399544589
0.0412056919
0.0418710132
0.0435245481
0.0441517267
0.0430353944
0.0443440918
0.0436773983
0.0447205104
0.0456879081
0.0429765639
0.0396065938
0.0426182405
0.0446982674
0.0426868624
0.0391373788
0.0388969865
0.0369874068
0.0388321097
0.0398447875
0.0376525572
0.0344481981
0.0376795088
0.0339264520
0.0304868018
0.0297417041
0.0311049915
0.0319054952
0.0297066624
0.0261024376
0.0242587943
0.0228369860
0.0264087847
0.0253179907
0.0278098099
0.0261583780
0.0299877136
0.0325906333
0.0369652617
0.0394250560
0.0465562934
0.0475398424
0.0545807355
0.0633919804
0.0730099424
0.0817972675
0.0907326345
0.0999982475
0.1079484514
0.1140844379
0.1145851701
0.1256705793
0.1297124895
0.1096578547
0.1037022198
0.0966780348
0.1016343195
0.0893355715
0.0816833217
0.0844213844
0.0792202906
0.0734793373
0.1174954944
0.0757299110
0.1232741220
0.1246054941
0.0671075391
0.0679240131
0.0714162900
0.0899370180
0.0903110300
0.0936955511
0.0967482184
0.0981376919
0.1048221172
0.1114714942
0.1190977149
0.1205347052
0.1246237859
0.1275375456
0.1220463206
0.1154905010
0.1101784333
0.1146143418
0.1123596163
0.0997809800
0.1027375546
0.1226355244
0.0966535443
0.1074671701
0.1051860127
0.1033712819
0.0846490501
0.0891416916
0.0939728236
0.0940250192
0.0984686074
0.0947477147
0.0958965567
0.0972723037
0.0922638501
0.0978749565
0.0981207926
0.0976952070
0.1008185321
0.1032724049
0.1064519839
0.1066989366
0.1076993972
0.1052890619
0.1037397621
0.1051884668
0.1051017829
0.1006658626
0.1013861790
0.0996862831
0.0998212362
0.1037982263
0.1093179376
0.1100007573
0.1067340093
0.1069877995
0.1152397315
0.1101973043
0.1039574005
0.1023662013
0.1066897236
0.1023751479
0.0982227077
0.0996552618
0.0980890596
0.0982862886
0.0957125657
0.0919743599
0.0910346488
0.0924587476
0.0917312263
0.0874555722
0.0891425266
0.0902222128
0.0918184238
0.0955227032
0.0947408958
0.0934690331
0.0939001087
0.0921589604
0.0918479169
0.0904595635
0.0888816967
0.0890178475
0.0890752279
0.0895291554
0.0875283209
0.0846723656
0.0814942357
0.0780310398
0.0755133020
0.0753507644
0.0762756934
0.0788701114
0.0832266713
0.0860885092
0.0917951188
0.0970059303
0.0973041571
0.0999749874
0.1038523438
0.1165253114
0.1240215204
0.1309665907
0.1444010204
0.1508118667
0.1561825597
0.1589960568
0.1601208103
0.1591012024
0.1595323379
0.1597948946
0.1607149288
0.1578566424
0.1533987394
0.1474027449
0.1437587604
0.1420673291
0.1397696050
0.1375156568
0.1372841472
0.1411637730
0.1445714073
0.1451331630
0.1476769853
0.1522358792
0.1565165163
0.1551795285
0.1577647360
0.1596763280
0.1641310039
0.1590114508
0.1580949582
0.1593268473
0.1573637765
0.1562169504
0.1577786912
0.1571775393
0.1576767176
0.1626672701
0.1633131532
0.1630500453
0.1630180741
0.1632300918
0.1653714068
0.1672693531
0.1685245234
0.1685271419
0.1685255360
0.1758534062
0.1765860346
0.1788715457
0.1825876605
0.1829319488
0.1826478352
0.1855361599
0.1852550757
0.1834911687
0.1806610491
0.1790832209
0.1782277381
0.1799282556
0.1744532718
0.1746744512
0.1711754998
0.1672165446
0.1661801591
0.1618069411
0.1563148637
0.1516502070
0.1462708926
0.1435514847
0.1419013362
0.1397028423
0.1384156191
0.1371340992
0.1382689272
0.1387618604
0.1394738046
0.1400883953
0.1412642199
0.1431935181
0.1449422442
0.1461664548
0.1474845158
0.1501465408
0.1538575536
0.1544668275
0.1528056912
0.1532458457
0.1524196071
0.1509047708
0.1503257027
0.1512263223
0.1503060751
0.1511652826
0.1516946561
0.1528723011
0.1521893080
0.1513997296
0.1533838241
0.1543291995
0.1563802220
0.1570618411
0.1547953358
0.1531526474
0.1512638498
0.1484285183
0.1469816154
0.1444262466
0.1427909625
0.1410582308
0.1434707647
0.1418605651
0.1406347688
0.1382057337
0.1366849708
0.1367259871
0.1346125507
0.1334983856
0.1351810869
0.1364933657
0.1359942691
0.1360334061
0.1350563396
0.1347108589
0.1321421613
0.1317674746
0.1320998740
0.1335753608
0.1359501661
0.1257624476
0.1300593351
0.1221589441
0.1173889072
0.1189551377
0.1157577411
0.1124268470
0.1104030454
0.1090163970
0.1028959155
0.1018678888
0.1039318889
0.1003786531
0.1084395480
0.1062372990
0.1127361715
0.1105754687
0.1132837407
0.1224581937
0.1169184713
0.1211861749
0.1236215054
0.1268171212
0.1332824042
0.1314847991
0.1231504267
0.1225126616
0.1180018179
0.1061915826
0.1088589902
0.1085845661
0.1056065854
0.0991351118
0.0964397195
0.0906945346
0.0912782954
0.0903482391
0.0881140732
0.0914848405
0.0961238972
0.1089052116
0.1168811899
0.1050078254
0.1160782523
0.1173965745
0.1198028646
0.1254387781
0.1248174913
0.1273433860
0.1268335086
0.1292436761
0.1264354941
0.1211275925
0.1209200388
0.1176752853
0.1160989489
0.1172170037
0.1156548845
0.1130757170
0.1124812626
0.1107308157
0.1105441034
0.1092586524
0.1083576890
0.1057024142
0.1059136664
0.1050705279
0.1044503746
0.1052702561
0.1041475763
0.1056644342
0.1064085735
0.1100941038
0.1117629537
0.1153244451
0.1179993650
0.1156470141
0.1140351819
0.1163559139
0.1147078302
0.1146349673
0.1174707718
0.1172726947
0.1157224520
0.1184068219
0.1186528083
0.1200065217
0.1196628552
0.1205103247
0.1214561384
0.1214717676
0.1235365560
0.1227277952
0.1243620147
0.1222818152
0.1236036387
0.1219373927
0.1226765163
0.1207049900
0.1205866503
0.1205449210
0.1202533328
0.1200459820
0.1182545480
0.1180618564
0.1189311456
0.1175348114
0.1175353695
0.1161590782
0.1152630478
0.1181827539
0.1230683928
0.1231862694
0.1240533670
0.1213107613
0.1151770358
0.1183290040
0.1188580141
0.1205354091
0.1193331062
0.1156249972
0.1121049338
0.1056703981
0.1041998293
0.1047161994
0.1038757425
0.1034468924
0.1064620691
0.1075163866
0.1061101986
0.1047930916
0.1042177700
0.1061459153
0.1094687137
0.1034398199
0.0971559989
0.1084718388
0.1127460111
0.1135307547
0.1187342133
0.1201905758
0.1246046204
0.1255045062
0.1322757553
0.1349979476
0.1405259740
0.1433154117
0.1461252508
0.1471780996
0.1466489563
0.1431326245
0.1416471305
0.1254323768
0.1184163985
0.1115163381
0.1054792479
0.1006498111
0.0957050832
0.0969541213
0.0946383940
0.0975261455
0.0991235113
0.1038287831
0.1067442385
0.1070077072
0.1070030474
0.1062918919
0.1084775379
0.1102072801
0.1101224647
0.1167393208
0.1181517302
0.1101482642
0.1039863820
0.1150270654
0.1087574910
0.1156294867
0.1138014733
0.1074461282
0.1235834620
0.1213178119
0.1055408595
0.1069851389
0.1127869542
0.0894779651
0.0622690110
0.0968197012
0.0914750761
0.0959224641
0.1164788936
0.0876231891
0.0824445304
0.0607258942
0.0797096444
0.0780216706
0.0711040683
0.0735109028
0.0735880829
0.0705998074
0.0727794747
0.0699945439
0.0686512653
0.0654134185
0.0624551583
0.0585976391
0.0575297842
0.0566478143
0.0594973881
0.0603990227
0.0681475773
0.0673757464
0.0693089739
0.0727100750
0.0746358545
0.0777433673
0.0809494371
0.0838063066
0.0859894024
0.0873013746
0.0884761510
0.0888931226
0.0887478213
0.0896994743
0.0898877475
0.0908940969
0.0924529651
0.0916768772
0.0908636957
0.0909434804
0.0903963775
0.0895148311
0.0894044160
0.0886803269
0.0872719829
0.0898090943
0.0878339733
0.0891545997
0.0885329791
0.0892170821
