1.1579653171
1.7009780876
2.4942825755
2.9119207124
3.4357394570
4.1090386165
4.4148153346
4.6923016209
4.6320290758
4.7288752762
4.7291833560
5.2053409332
5.3345922220
5.4868138908
5.7249435020
5.8242329576
6.0384431247
5.8676687238
6.1636720266
6.0070044313
5.9545396407
5.4373418174
5.9793159961
5.5524733743
5.7244328316
5.8854947018
5.4621422283
5.3280911823
5.0099273525
4.7999974370
4.5532608651
4.1929364711
4.0409245349
3.4430434265
3.0378495781
3.3475189990
3.3612816560
3.5420282462
2.7579382980
2.4367382574
3.0573478305
2.9129338857
2.5531900887
2.8440716878
2.6315983717
2.8364811190
2.6354267511
2.4070622676
2.2958416266
2.2578599914
2.1540689790
2.2087454218
2.1855380387
2.3082297528
2.0775666452
2.0017394614
2.2758823070
2.1513690021
2.4724579295
2.2080123249
2.1121516726
2.2123547064
2.2030717967
1.9479522024
1.8027977578
1.6886363289
1.6443066646
1.7291914732
1.3752198986
1.3485515995
1.2934377331
1.2885418629
1.2055545677
1.0881187724
1.3068619553
1.3459464091
1.4532966654
1.4269417222
1.5892974172
1.5185036055
1.6447021939
1.6909204222
1.6676814275
2.0157186340
1.6886566297
1.4428413920
1.4537038349
1.3029213565
1.2917484396
0.9228171133
1.2294863784
1.6949119082
1.7078091255
1.9714148142
1.7699936332
1.6267722132
1.8894621480
1.6007623747
1.6154167370
1.5860202650
1.5573594876
1.1741758404
1.3859653301
1.2801336998
1.0548932525
1.3213892073
1.3431357773
1.4156108379
1.4014621338
1.4394925903
1.8199155961
2.0952384563
2.1912703546
2.1189822117
2.2436098835
1.9846424129
2.0570672293
2.1281764617
1.8853944968
1.9951868674
2.2218851664
2.3582356515
2.1279615814
2.3261514490
2.1281836811
2.3026747384
2.3015359150
2.3395985632
2.3351551228
2.2684258005
2.4347354138
2.2226980217
2.2945792807
2.1779792622
2.0930657571
2.0600736981
2.0647329501
2.1293044170
2.2242476379
2.2403203812
2.4490551083
1.8983279926
2.2701944690
2.3161662323
3.0650085279
3.6683035189
2.2854051571
2.5474725792
2.0156839526
1.9606989597
0.4803767530
0.2408714141
2.4412023779
2.2781560570
3.6698187150
2.7081637296
2.6331240029
3.1353397665
2.7185718177
2.9263963147
2.5733385229
2.6778270395
3.0547646327
2.9315234512
3.3056059168
1.8505259242
2.1821209689
2.4428979502
2.6098523403
2.6419983376
2.9136263340
3.1620768385
3.4564047263
2.9075903546
2.8147077313
2.7028483551
2.6589884981
2.5006330054
2.4528685004
2.4812141653
2.8250462273
3.0059327741
3.1996947420
3.3266949241
3.4462346871
3.3216580345
3.3129610536
3.3791224372
3.4780347171
3.4546510509
3.0985528055
2.9000417663
2.6713204673
2.6846400852
2.5711118419
2.8142858426
3.0034895117
2.9242588904
2.8755611078
3.1353600543
3.1545233785
3.0297391517
3.1781980963
3.0816094953
3.0371568402
2.8997543903
3.0180452643
3.2015449117
3.2454389517
3.1835713604
3.3414983299
3.4352491538
3.3868389425
3.3577319484
3.3651308974
3.4181510244
3.4510673276
3.2005751228
3.1403091497
3.0284221194
3.1680813540
3.0980604566
3.1792502196
3.1560542247
3.1790767906
3.3359063085
3.2355692926
3.2012354277
3.3007031821
3.3175372464
3.3155642033
3.2560676644
3.2592839598
3.3194566388
3.3324817664
3.3640435241
3.4306498475
3.5326631375
3.4991147465
3.4529562736
3.3853867985
3.6796017350
3.3802709523
3.5080663259
3.3074406570
3.2757051621
3.4338359181
3.4566932592
3.4860265070
3.3920001453
3.2559627902
3.2642769887
3.2513862707
3.4916245735
3.5270197366
3.5338437148
3.6084170413
3.6826231688
3.6857580967
3.7617842638
3.5654801156
3.6261827680
3.6005732641
3.5996720716
3.5421073431
3.4555171519
3.4259867567
3.5563296811
3.7408055221
3.7269369039
3.6191767246
3.6477839754
3.6828293332
3.6989813287
3.6198441049
3.6899156856
3.9378144989
3.9072428743
3.7670480431
4.0564282089
3.8741726141
3.9732471348
3.9683281810
3.9826072916
4.0191845662
4.0075218147
4.0053966234
3.9451312841
4.0221469181
3.9868414871
4.0251054193
3.8215693927
3.8234357810
3.9809613616
4.1132740193
4.0705479145
3.8929307606
3.9385919469
3.8393543441
3.9565466428
3.9557596245
3.8526431763
3.9509614185
3.8464720535
3.6368560367
3.6032191102
3.9224762478
3.7668817893
3.5985610732
3.6922286490
3.7186186035
3.7611574374
3.6889364747
3.6888505754
3.6579375844
3.6549707344
3.7469279363
3.7607904480
3.7443430448
3.7335213020
3.7777424213
3.7390062051
3.7974037711
3.7675329391
4.0232588263
3.9583349902
3.9242963045
3.9707713262
3.9763907508
4.0015780485
3.9850906201
3.9602195483
4.0410244462
4.0234279881
3.9817333950
3.9010233341
3.8655802457
3.9507656101
4.0374709543
4.1385486910
4.1176557229
4.1180935654
4.2463733062
4.2819321523
4.1481913350
4.1891665224
4.2584194659
4.0556734662
3.8441106522
4.3992522408
4.2838338129
3.9355410908
3.9759011034
4.0578145629
3.9662750303
4.0274892598
4.0962853280
4.1043314871
4.0663277194
4.0451870711
4.1066626257
4.2985995835
4.2581153017
4.2882354628
4.1366953361
4.0556900391
4.0238163581
4.2034511172
4.1096021097
4.2630206290
4.1448653197
4.3868443402
4.4213466251
4.3893679315
4.3508124569
4.8216044855
4.8026022809
4.7438337319
4.4232238107
4.4308162275
4.6761178991
4.4207223743
4.5285518397
4.8747586403
6.2597654596
4.6732058194
6.2160683718
6.2115472923
4.9852851751
4.8826091616
5.4005189672
4.2959720180
4.5139538789
4.5116677997
4.6735221825
4.7775220064
4.6835437046
4.7279963706
4.6868349317
4.7651495711
4.5827891902
4.5038004024
5.0205710605
4.4142747461
4.7781784490
4.7726473473
4.8319371909
3.8010072806
3.6876479764
5.2753645677
3.4744629508
5.3947912835
5.1549118842
5.2772274532
4.3284571558
4.4863923121
4.0378860445
4.0170788564
4.9047863989
4.8895630369
4.9355731202
4.8527950989
4.2539572213
4.7092044447
4.7124487019
4.7153885410
4.7597667186
4.7387981422
4.6111225306
4.5776657729
4.6699127326
4.6031107211
4.5531192989
4.6198174443
4.6431543869
4.5176059892
4.5748630540
4.5172862848
4.5050964466
4.6696426627
4.9207392126
4.9063754313
4.6253272659
4.7389016520
4.9591560046
4.7009170353
4.4113025740
4.4568690347
4.5086661826
4.4681310457
4.4836038310
4.6228646636
4.6260080515
4.7166752450
4.6639844795
4.6462518189
4.6436551563
4.7612816225
4.7417717562
4.5439057498
4.6628905544
4.5620692517
4.4969225166
4.4351815936
4.5714539660
4.6878160195
4.5531890765
4.4961009913
4.4934425228
4.4229217709
4.4424694278
4.4812252771
4.4606043017
4.4884489846
4.4631083644
4.5563318469
4.4901846874
4.5529531908
4.4963261080
4.5253392000
4.5909385717
4.6136763910
4.4583463118
4.4524608960
4.5046689440
4.5590910028
4.4399754089
4.4432451918
4.3946673749
4.4508339346
4.5674412017
4.4436989354
