13.8766423850
13.8694266300
13.8723492482
13.8704005653
13.8835901235
13.8683986744
13.8734515755
13.8787833743
13.8799026382
13.8751758165
13.8738552287
13.8751753914
13.8727273010
13.8705679245
13.8775199063
13.8855808993
13.8836947927
13.8836771898
13.8780925026
13.8748379819
13.8703041630
13.8718994999
13.8730653640
13.8726774531
13.8693333083
13.8625529390
13.8624844982
13.8609598007
13.8639828020
13.8595214077
13.8668593000
13.8682418328
13.8700389336
13.8689093253
13.8682987096
13.8634186090
13.8617989945
13.8601811246
13.8612195605
13.8625282831
13.8634175089
13.8658072143
13.8656320284
13.8659107967
13.8693189517
13.8652438875
13.8676315624
13.8592648734
13.8634491512
13.8759235563
13.8745251230
13.8805406659
13.8805183463
13.8806589152
13.8787980063
13.8710448509
13.8622385885
13.8738091749
13.8801177806
13.8808625380
13.8818169070
13.8865033609
13.8884861296
13.8875404477
13.8909316980
13.8906304653
13.8901039463
13.8945949152
13.9023367600
13.9059478812
13.9058008314
13.9055666497
13.9074961679
13.9046389338
13.9067017419
13.8994396547
13.9004038605
13.8989351448
13.9004048335
13.8980716369
13.8934396334
13.8965190222
13.8922278399
13.8974408694
13.9000746587
13.8961662198
13.8956405531
13.8976825729
13.8896991949
13.8762358665
13.8765100346
13.8876282614
13.8886829810
13.8843171611
13.8927215180
13.8938081609
13.8840428136
13.8903284333
13.8895399046
13.8852677518
13.8864746617
13.8824703336
13.8789367237
13.8826108464
13.8833310495
13.8822256045
13.8793111698
13.8827098704
13.8810196750
13.8907838997
13.8943583458
13.8880443704
13.9238022087
13.9305671290
13.9333467792
13.9244319438
13.9190278044
13.9158083208
13.9197994400
13.9410725638
13.9561844270
13.9597272108
13.9624909611
13.9578312552
13.9456750753
13.9576577827
13.9514495067
13.9506130176
13.9522272048
13.9609028210
13.9606687941
13.9482533406
13.9460914051
13.9486323651
13.9595065109
13.9363135321
13.9148018922
13.9201493863
13.9385110278
13.9471741906
13.9489162062
13.9511392329
13.9523786405
13.9526717636
13.9515751079
13.9421962350
13.9539071422
13.9513467949
13.9530011889
13.9576100311
13.9576517932
13.9700874659
13.9656554091
13.9632839141
13.9594998922
13.9749777985
13.9803543062
13.9906534914
13.9985909105
14.0074194559
14.0026780226
13.9948386958
13.9933146796
13.9969416038
13.9918961645
13.9915454197
13.9855042599
13.9876073408
13.9927596432
13.9960539763
13.9986516847
14.0014682907
14.0022089729
14.0048118702
14.0094113154
14.0118864888
14.0084498244
14.0111838605
14.0076405728
14.0069654364
14.0065418517
14.0043180631
14.0046703910
14.0068574717
14.0000384195
14.0064944063
14.0196978749
14.0241374423
14.0191967629
14.0219795173
14.0331369627
14.0305811136
14.0273807065
14.0250354647
14.0321914732
14.0306647984
14.0203918057
14.0218618667
14.0197558806
14.0251687951
14.0199236272
14.0145629264
14.0110640015
14.0170217396
14.0144969130
14.0039334892
13.9950128934
14.0075842328
14.0034672813
13.9918935825
13.9830505886
14.0103890608
14.0144593825
14.0058085786
14.0027186289
14.0107545469
14.0034869741
14.0027315599
14.0015274439
14.0052914182
14.0014364625
14.0010125185
13.9994138532
13.9926167597
13.9934149370
13.9915525414
13.9936042163
13.9849911414
13.9846165711
13.9846629457
13.9870770824
13.9899988927
13.9895715101
13.9884888365
13.9890713855
13.9923301191
13.9914822269
13.9916427603
13.9877440663
13.9890026761
13.9871554246
13.9919016273
13.9881283634
13.9845112653
13.9779241876
13.9795736507
13.9812834421
13.9933438054
13.9935125849
13.9907939531
13.9965528255
13.9933817015
13.9903038715
13.9904108466
13.9915985980
13.9862767660
13.9826920267
13.9872908688
13.9738078614
13.9801216610
13.9759780875
13.9833192723
13.9844801538
13.9894201890
13.9891088982
13.9823183007
13.9826758477
13.9731856411
13.9721054206
13.9756565267
13.9747683853
13.9744503033
13.9740345849
13.9737696882
13.9736278902
13.9734327061
13.9660573964
13.9626986755
13.9559242534
13.9542726755
13.9515555390
13.9525038817
13.9458988274
13.9452419103
13.9375893663
13.9392187230
13.9414574037
13.9404938221
13.9302249555
13.9453482663
13.9490793957
13.9507623021
13.9450965365
13.9381840426
13.9300208819
13.9231569883
13.9149990324
13.9194830589
13.9221951886
13.9322036683
13.9339799601
13.9403643988
13.9379651482
13.9352067784
13.9304496256
13.9260974501
13.9293004427
13.9286237862
13.9250299100
13.9159078181
13.9229544789
13.9269607977
13.9314638881
13.9289730302
13.9262120793
13.9346642533
13.9403574653
13.9417732335
13.9415778880
13.9387813238
13.9369009611
13.9283668984
13.9180364784
13.9171340708
13.9309063108
13.9243999399
13.9186420409
13.9154189666
13.9089590462
13.9123910194
13.9021874332
13.9021208506
13.9032464243
13.9014893880
13.9060258197
13.9126465941
13.9137566504
13.9148519146
13.9135934142
13.9147858560
13.9109500135
13.9109752931
13.9132442161
13.9142214282
13.9149740295
13.9173425070
13.9180698929
13.9182929310
13.9149838011
13.9134214505
13.9129185138
13.9096088379
13.9072285740
13.9080409389
13.9119731030
13.9100756549
13.9089209228
13.9130646692
13.9101039252
13.9079350142
13.9075742778
13.9066615266
13.9065184066
13.8999582321
13.8946761483
13.8955749796
13.8948142280
13.8931646662
13.8954816376
13.9000628874
13.8981299230
13.8959521188
13.9007761742
13.8893666519
13.8849645974
13.8832939137
13.8851194443
13.8894904957
13.8900670217
13.8980323063
13.8952280081
13.8902120209
13.8806397020
13.8786169309
13.8796492449
13.8858162985
13.8772468361
13.8840194231
13.8806774673
13.8774311310
13.8816258467
13.8854395856
13.8799409733
13.8865573443
13.8927784221
13.8892662559
13.8937144670
13.8963577843
13.9012059819
13.8920016903
13.8959220983
13.9038025805
13.9106928803
13.8972813522
13.8883372724
13.8824018754
13.8811443487
13.8794000499
13.8795056681
13.8773111937
13.8780131599
13.8785819661
13.8731727106
13.8785935210
13.8774114032
13.8793147264
13.8752888229
13.8815347424
13.8875204062
13.9010409195
13.8995403055
13.9029723061
13.9037758597
13.9100843968
13.9058522384
13.9071813858
13.9011668136
13.8955363500
13.8980561643
13.9062425188
13.9121731130
13.9061677685
13.9102057513
13.9133021848
13.9035450131
13.9134309592
13.9164608339
13.9098425587
13.9163307590
13.9138584430
13.9086198154
13.9067673188
13.9057774368
13.9155942310
13.9178614815
13.9211693619
13.9166956167
13.9117986848
13.9152515762
13.9140768737
13.9182170472
13.9226262631
13.9226945349
13.9213858044
13.9201407060
13.9206174744
13.9206421799
13.9198468958
13.9169100767
13.9169830633
13.9152946414
13.9176690943
13.9234974722
13.9238925423
13.9263192472
13.9268672309
13.9303834460
13.9309916431
13.9315699992
13.9310709250
13.9318659683
13.9321291328
13.9315393939
13.9332887750
13.9341613954
13.9349027740
13.9368747527
13.9338944357
13.9334671957
13.9432802832
13.9452237923
13.9473300602
13.9510798558
13.9512958924
13.9490959903
13.9530087097
13.9528026411
13.9610411540
13.9621331039
13.9681341887
13.9706854835
13.9807667297
13.9831368954
13.9787755782
13.9762103208
13.9833618716
13.9840882005
13.9901454310
13.9893721270
14.0030606270
14.0027092516
14.0010203116
13.9970152223
14.0020194957
14.0041080751
14.0076087599
14.0020758125
13.9996774649
14.0021820411
14.0033815055
13.9913652720
13.9866037219
13.9858574689
13.9838583311
13.9785214011
13.9791294272
13.9717376286
13.9760285738
13.9814471851
13.9836871817
13.9923060816
13.9865394807
13.9850714522
13.9922803786
13.9965493614
14.0050696338
14.0049073023
14.0046576819
14.0021489121
14.0029153893
14.0053255661
14.0039611383
14.0061007315
14.0069213547
14.0006145120
14.0018819713
14.0099640631
14.0147076361
14.0130067881
14.0155808795
14.0146770877
14.0130298723
14.0144554660
14.0106828410
14.0194373404
14.0159538229
14.0230581755
14.0201197410
14.0150211537
14.0175209130
14.0150276431
14.0109280222
14.0075486442
14.0077597797
14.0100602075
14.0089255182
14.0090241619
14.0079443407
14.0073370254
14.0040377517
14.0038609828
13.9978930699
13.9996974241
14.0015025686
14.0009133503
14.0047775826
13.9962912336
13.9998304137
14.0009435418
13.9970348987
13.9932157350
13.9907849546
13.9864518832
13.9920290552
13.9841700805
13.9798113546
13.9752429491
13.9741299438
13.9727352900
13.9770223854
13.9755345542
13.9773410505
13.9807485061
13.9780620392
13.9808771399
13.9814537036
13.9846604187
13.9801059953
13.9749337449
13.9735807716
13.9744226567
13.9788691232
13.9775272016
13.9782545047
13.9766323339
13.9704145102
13.9693422332
13.9695613654
13.9692755381
13.9693571353
13.9703969239
13.9671335599
13.9645661825
13.9663583133
13.9665008126
13.9635278718
13.9670766488
13.9634124931
13.9631140448
13.9655128131
13.9684575404
13.9722535569
13.9730238332
13.9635022351
13.9595885606
13.9630832460
13.9617065201
13.9636887846
13.9511111802
13.9517196539
13.9559066454
13.9385811300
13.9433952797
13.9531073432
13.9450384611
13.9582788431
13.9623602954
13.9699492550
13.9657394039
13.9694279081
13.9710999605
13.9814825237
13.9776911074
13.9753643841
13.9750984506
13.9785910964
13.9848914752
13.9853490089
13.9821479211
13.9880995061
13.9782199261
13.9818800324
13.9801076769
13.9820364419
13.9747316357
13.9642862492
13.9787151104
13.9707430054
13.9470929503
13.9598063049
13.9496017367
13.9398029321
13.9405586317
13.9218579496
13.9467429056
13.9494685243
13.9033892111
13.9399767834
13.9471929032
13.9526348016
13.9466461191
13.9616266422
13.9449958373
13.9464937798
13.9509691723
13.9354240363
13.9490409837
13.9195073679
13.9205391534
13.9289058839
13.9308202048
13.9410134028
13.9449041907
13.9465318988
13.9453001619
13.9447264882
13.9447366672
13.9533950221
13.9579711127
13.9524952830
13.9546396408
13.9573069948
13.9537402478
13.9544706945
13.9467890201
13.9496452362
13.9515642882
13.9494849769
13.9431851025
13.9360808045
13.9415284853
13.9432984130
13.9364045323
13.9338729161
13.9336882105
13.9485805593
13.9508791785
13.9538647715
13.9494732059
13.9510032101
13.9492087688
13.9538184252
13.9505008959
13.9492985671
13.9467042817
13.9451179517
13.9421098848
13.9428258674
13.9449457416
13.9443976036
13.9461090393
13.9481782862
13.9474907969
13.9545167165
13.9542565745
13.9611445261
13.9609016068
13.9693586057
13.9678375483
13.9661017073
13.9678235667
13.9721885421
13.9692588568
13.9647430723
13.9661941335
13.9657842292
13.9719175687
13.9697300473
13.9687657846
13.9671232747
13.9710822160
13.9728472757
13.9724967378
13.9738008667
13.9750672867
13.9735225723
13.9745612123
13.9721151894
13.9651982910
13.9605844191
13.9640604395
13.9703403763
13.9606277902
13.9553599616
13.9533769923
13.9568216949
13.9583544762
13.9614245837
13.9624221100
13.9657904918
13.9698601901
13.9703606117
13.9728236899
13.9732099647
13.9714880147
13.9723477698
13.9725179901
13.9739794387
13.9764827160
13.9784101621
13.9798965522
13.9777963417
13.9755530633
13.9728313075
13.9729597500
13.9701299374
13.9720294140
13.9736113955
13.9776055929
13.9769593270
13.9767073816
13.9760748636
13.9750899659
13.9854894499
13.9878021661
13.9862014643
13.9803195036
13.9798554676
13.9842393104
13.9838061567
13.9863504553
13.9866358465
13.9855353254
13.9885010030
13.9896760919
13.9929704762
13.9975899011
13.9956400454
13.9963809136
13.9966197652
13.9941231634
13.9914525953
13.9916428185
13.9952894854
13.9943993467
13.9891877922
13.9870509741
13.9861272740
13.9878772965
13.9864225995
13.9821758393
13.9838391458
13.9825985922
13.9839791201
13.9918872032
13.9915749814
13.9933847907
13.9962077202
13.9962225437
13.9946884187
13.9953645827
13.9952968939
13.9939117682
13.9924506863
13.9896322683
13.9890879254
13.9888369561
13.9883519883
13.9888553150
13.9906300926
13.9921010447
13.9948176494
13.9922004475
13.9906579488
13.9939868550
13.9973027763
14.0022078793
14.0054358909
14.0076372486
14.0091781688
14.0063817836
14.0086723278
14.0061646754
14.0119889741
14.0045617275
14.0018862329
13.9990843629
13.9923147226
13.9880098214
13.9846847674
13.9829138631
13.9837667989
13.9879778794
13.9851495498
13.9840008820
13.9788815068
13.9806065143
13.9910019827
13.9966066454
14.0026917081
14.0049286112
14.0074119380
14.0092739113
14.0113834758
14.0135324938
14.0021860325
14.0008494959
14.0058064435
14.0020551620
14.0043386023
14.0048733019
14.0052207263
14.0087671174
14.0076398123
14.0048915454
14.0052126942
14.0046132139
14.0097505439
14.0100227867
14.0105527672
14.0127972210
14.0142261328
14.0211034200
14.0235748769
14.0164979955
14.0145430310
14.0196919845
14.0259374630
14.0269151460
14.0302718942
14.0272195095
14.0366570554
14.0372642919
14.0218443854
14.0222496391
14.0141030291
14.0114902681
14.0040918713
13.9973389120
13.9959681365
14.0006242734
14.0054157059
14.0087918894
14.0086726609
14.0106800828
14.0100658644
14.0110088143
14.0128196746
14.0127898389
14.0125150708
14.0138606289
14.0144243994
14.0160726207
14.0181694395
14.0161451140
14.0171475808
14.0194517861
14.0169832810
14.0191861812
14.0187880596
14.0118137664
14.0124028872
14.0129453833
14.0096870523
14.0090269589
14.0096572827
14.0050522160
14.0016471896
13.9961417032
13.9939250634
13.9897852120
13.9895160987
13.9851544724
13.9811372916
13.9842688551
13.9775994006
13.9752764973
13.9763379982
13.9715859838
13.9624894357
13.9561827605
13.9581993157
13.9670769494
13.9589398436
13.9600230131
13.9651203224
13.9675479313
13.9586753847
13.9592019375
13.9495648825
13.9540825525
13.9536443026
13.9482485336
13.9351465233
13.9372316947
13.9453192833
13.9549089212
13.9560404866
13.9516757873
13.9564492838
13.9509223172
13.9524816313
13.9448630739
