8.469131565996196320e-01
8.080742587149389866e-01
6.715999052937652314e-01
5.067489740170327828e-01
5.287684161037996544e-01
5.480927642941507694e-01
5.966093191680457153e-01
6.422303641854415490e-01
6.904340804066045889e-01
7.146482558330888857e-01
7.509984590071299149e-01
7.782496959656440838e-01
6.415862256842816969e-01
5.502149250753585186e-01
5.382758332031991610e-01
3.942296240111040073e-01
3.435443427834997121e-01
3.314789103873886367e-01
3.341941659959696276e-01
3.301009741369946293e-01
3.166109871647937446e-01
3.318516959183507864e-01
2.417913576800966025e-01
3.214920504388109612e-01
3.239028999153416577e-01
2.715826329273652862e-01
2.862820449327659889e-01
2.858554021479345342e-01
2.408559607174353412e-01
2.444826982602992527e-01
2.819269125606449489e-01
2.833325306935951526e-01
2.766940252756408536e-01
2.753466883976535273e-01
3.001109401828809253e-01
2.938940989034749540e-01
3.376822176384371987e-01
3.485060799932837017e-01
3.569312574147647799e-01
3.453002213360086281e-01
3.312001462045796041e-01
3.192735119825845791e-01
3.986618117285544716e-01
4.164356815967427128e-01
3.948974771666047268e-01
4.058165021786393489e-01
2.282354967124023692e-01
1.882235780338418762e-01
1.648451163988398638e-01
4.180332711507857013e-01
4.895181799187386940e-01
5.075962442224467575e-01
5.563528664544735713e-01
5.449576248634178111e-01
5.437842711524828454e-01
5.825372483156037173e-01
5.151623756043340885e-01
4.425126236767376597e-01
4.005470632153979027e-01
3.978599779878766451e-01
4.109103731538722992e-01
4.200901219830950328e-01
4.848039102596223837e-01
4.967408432430279186e-01
4.993045916791915007e-01
5.174459040762083850e-01
5.120517041402243841e-01
5.312002946939275994e-01
5.506859135954418338e-01
6.151030473244354368e-01
6.350786321806902723e-01
6.369573084773882954e-01
5.931382273970945418e-01
4.756525828756532626e-01
4.297308265215603607e-01
4.213039148560292491e-01
3.835173619917850441e-01
3.407470320753046567e-01
3.051819453754575084e-01
2.963187442353802381e-01
3.370381484213050283e-01
1.653524096492252904e-01
1.810618183792434555e-01
1.787140478124955856e-01
1.773323333364091037e-01
1.722786794561988466e-01
2.021247270575846355e-01
2.881695974477774813e-01
2.548828018325071110e-01
3.599624582100010572e-01
2.757544070276202741e-01
2.534580047866286101e-01
2.426604187753198805e-01
2.150347179582479396e-01
1.906290157450417910e-01
1.919380457920742689e-01
1.894406823345615443e-01
1.584317680281418228e-01
1.522293561189545508e-01
3.654168147543452871e-01
3.744743216696806987e-01
3.807459565989422257e-01
3.792118018225684728e-01
3.358325167034141301e-01
3.135390239274638557e-01
2.890939941957578196e-01
4.569040636210021655e-01
8.782792921117869023e-01
1.126395651529761288e+00
1.266210718980127492e+00
1.519085828352329193e+00
1.737210836310026263e+00
2.025496525002811854e+00
1.881255834999090215e+00
1.591656882101295079e+00
1.504224073737429279e+00
1.408111078705405195e+00
1.454285640654854328e+00
1.447732867929223621e+00
1.406061127179247139e+00
1.302536765307208189e+00
1.305712200656181210e+00
1.270028325640869760e+00
1.279202249950360137e+00
1.261384405725877844e+00
1.235844775363365677e+00
1.218250442032932757e+00
1.228690090546469493e+00
1.222848542737864141e+00
1.181438247993932045e+00
1.064909636894167067e+00
8.450272469411159726e-01
8.296176669500996415e-01
8.988461042996309658e-01
8.782327400939120565e-01
8.603064767003596458e-01
9.173882369287703620e-01
9.397228130605256302e-01
9.272348820815854431e-01
9.059855700430413661e-01
9.299430761799549749e-01
8.501887240783443378e-01
7.908468539809968556e-01
8.108001448371794373e-01
8.251753535736034983e-01
8.356917752316614934e-01
8.656670490982308896e-01
8.799877423308706259e-01
8.193947979554212502e-01
8.240834990098311330e-01
6.510957861693917881e-01
6.642592858761139363e-01
6.793117023078817374e-01
8.140714860288725818e-01
5.936800658973412359e-01
5.968287963049013767e-01
5.142328647155857135e-01
5.192706505176163390e-01
5.338550864199823609e-01
5.411773885080610746e-01
5.484148531111723290e-01
5.563303273926383241e-01
5.817124822878714241e-01
6.001647619850389859e-01
6.138026494799229127e-01
6.178977775655146720e-01
6.253884832581845243e-01
6.227518555224926811e-01
6.309247050233425247e-01
6.436182628579996123e-01
6.514844534791017772e-01
6.661962293973220373e-01
7.120198023412488419e-01
7.616457223334720528e-01
8.002371489228838897e-01
7.892499537589607872e-01
7.957774935308971065e-01
7.451506925428047490e-01
7.319063506890247650e-01
7.397163913015987191e-01
7.700497760201492348e-01
7.836762405387077690e-01
8.347747899925146431e-01
8.203280680159656946e-01
8.651480570557835703e-01
9.090575974451022834e-01
9.496867856420415643e-01
1.045790921449208932e+00
1.079808196509052465e+00
1.154324365547460429e+00
1.103521036814749001e+00
1.166175676014384655e+00
1.199956473633343235e+00
1.289418426941068452e+00
1.316269327446279558e+00
1.412638492272977997e+00
1.465104720053443721e+00
1.514577384122063552e+00
1.550423202180167825e+00
1.584894893681390249e+00
1.623852170931221695e+00
1.641016715248752256e+00
1.665629105981140334e+00
1.699561611692591567e+00
1.635548898893078862e+00
1.657898014482427129e+00
1.635490322663506246e+00
1.650652936856898290e+00
1.577016079393994907e+00
1.616064203712869407e+00
1.570268077886260105e+00
1.529122302928302535e+00
1.512096939701428999e+00
1.517883582397772546e+00
1.512232622245584857e+00
1.474377340901783517e+00
1.444298484413850892e+00
1.431239687841098673e+00
1.412146025429579899e+00
1.400797485271209064e+00
1.360439444563939837e+00
1.328896377010675867e+00
1.337999632018471496e+00
1.336394906971648977e+00
1.342499945495439162e+00
1.339772470790782544e+00
1.342271026455406302e+00
1.376495696096948773e+00
1.439527227599305625e+00
1.477316686616275021e+00
1.535017925627888413e+00
1.579775966313474500e+00
1.580614526943465270e+00
1.652406423231189914e+00
1.701887112943245572e+00
1.734926702115612951e+00
1.719645389537362234e+00
1.714921025187924331e+00
1.725983760511593745e+00
1.695868742577758104e+00
1.691315499704082681e+00
1.696205407163834833e+00
1.684639563464680023e+00
1.693658803981896277e+00
1.751305247839180845e+00
1.763485293105815588e+00
1.780261615869588310e+00
1.737546932736126148e+00
1.732367499802592192e+00
1.746523364818532986e+00
1.764616076693167113e+00
1.787048562070934432e+00
1.791313817033736155e+00
1.757465897078067885e+00
1.736005570766214090e+00
1.739483910345831497e+00
1.721862681845239829e+00
1.717039314417333262e+00
1.754446289630384515e+00
1.754891119211371420e+00
1.776797180242897234e+00
1.776703776673273838e+00
1.782813647805304935e+00
1.788551196241373376e+00
1.755227621504727553e+00
1.725717601411320024e+00
1.734430676179387509e+00
1.704154344263988818e+00
1.704782868451227618e+00
1.690567567064668486e+00
1.681259301583852839e+00
1.672185223906597518e+00
1.702750126052006374e+00
1.695664865519249220e+00
1.675337432240110669e+00
1.669984470363006679e+00
1.675013991497507737e+00
1.694130476066063151e+00
1.655252444113321619e+00
1.663077006204386921e+00
1.647843788963630152e+00
1.646045090694821633e+00
1.629011992084394622e+00
1.614547255699063877e+00
1.615033376824718259e+00
1.624700093510549115e+00
1.621488621867719360e+00
1.609532640084243349e+00
1.577123458964271308e+00
1.577586240614768931e+00
1.554544298144594716e+00
1.547353332124539627e+00
1.561470487939027096e+00
1.595583708924052990e+00
1.619700456085035212e+00
1.618515260206236483e+00
1.635674483474557794e+00
1.654669484280774094e+00
1.648424170675259814e+00
1.642996349131314426e+00
1.633723529920607431e+00
1.634535928729801579e+00
1.646224519279287479e+00
1.635932480123560850e+00
1.663663124491224776e+00
1.695355354860909936e+00
1.698759085095571386e+00
1.690745219914286723e+00
1.677708118096950862e+00
1.668837044528864721e+00
1.684429331166413801e+00
1.677935626305867123e+00
1.640028935502564122e+00
1.643646596258866222e+00
1.639860627573849872e+00
1.635217199250558640e+00
1.673755125462445204e+00
1.664794498205511175e+00
1.666673928472715227e+00
1.652082184743023818e+00
1.662374137499175397e+00
1.686273337267486072e+00
1.692553235734434836e+00
1.695214596944128793e+00
1.689170172278973814e+00
1.702488117070582563e+00
1.705005784190962492e+00
1.700092760424180227e+00
1.724339497359514306e+00
1.734292783429857598e+00
1.727404969661443079e+00
1.715011667160067033e+00
1.695518274119375501e+00
1.689060386805688818e+00
1.697992240844619749e+00
1.704463218178307482e+00
1.685212504420992241e+00
1.647622208220447693e+00
1.605988378719783949e+00
1.598507947081975633e+00
1.606387345236961028e+00
1.590189038635532848e+00
1.591758863827043680e+00
1.621076844757962654e+00
1.603988317336664471e+00
1.622702462821819180e+00
1.605548457241875671e+00
1.588696395191511623e+00
1.637714126353615685e+00
1.612397734380337067e+00
1.569645436224226254e+00
1.572223165507320664e+00
1.559803963998840581e+00
1.589045228623114037e+00
1.615174520513357193e+00
1.582036861883402867e+00
1.566481163661315401e+00
1.553253739984172821e+00
1.552926735947641967e+00
1.531299672557773217e+00
1.537431454710752377e+00
1.537810062415639667e+00
1.545922973240964726e+00
1.546416414351325930e+00
1.544599580879454148e+00
1.561429329743133421e+00
1.549940607642837920e+00
1.559088563767167868e+00
1.537107390871955248e+00
1.512685761542239993e+00
1.491653076116426613e+00
1.487960234133631321e+00
1.482155011384933108e+00
1.488504987433600268e+00
1.446903951420376089e+00
1.432356329252418403e+00
1.430878083123560573e+00
1.405573787707212752e+00
1.392128150977208767e+00
1.429576845613788283e+00
1.421722597643463093e+00
1.454213893880692776e+00
1.433399817537807763e+00
1.407954291783272582e+00
1.406693908995282571e+00
1.358847519688658911e+00
1.325166051016948732e+00
1.356168125919239076e+00
1.352254102255412871e+00
1.360989745173603938e+00
1.382530160138363717e+00
1.392416646208917141e+00
1.393671079435313320e+00
1.398990061479191471e+00
1.382811524855277474e+00
1.373522072976458785e+00
1.365652819949024099e+00
1.366927254240096534e+00
1.368930377073441562e+00
1.356639807860585023e+00
1.328068828871073803e+00
1.304893144883965794e+00
1.316803368136826524e+00
1.314519874559983981e+00
1.324408916474546505e+00
1.319992853146388478e+00
1.299520282783842795e+00
1.309119332421983639e+00
1.315022504135255454e+00
1.319967157551050096e+00
1.292651751794530401e+00
1.277622246955797403e+00
1.281160406255578810e+00
1.265515757100063254e+00
1.250142923339884415e+00
1.231501176214353954e+00
1.214486412876852439e+00
1.203164640220352632e+00
1.196523442117914060e+00
1.194310428602691543e+00
1.204503588071233811e+00
1.173058029714513673e+00
1.155237939978830175e+00
1.126248183846844775e+00
1.172590570799544318e+00
1.163611120664192145e+00
1.119682005358215937e+00
1.072571553096268948e+00
1.055276574424692582e+00
1.027866383724105548e+00
1.037799305803520644e+00
1.006985958729514241e+00
9.813767053659454564e-01
1.028167536241717972e+00
1.039860912896198863e+00
1.060018444475258503e+00
1.022886854478614715e+00
1.031139635061266047e+00
1.002004601316730081e+00
1.012519105682551990e+00
1.016535458815031934e+00
1.060455234297734695e+00
1.015757750646026913e+00
9.689049799921929385e-01
9.586290158967599728e-01
9.779736911821520495e-01
9.859059739671641731e-01
9.681684220468488311e-01
9.707953828597336576e-01
9.718198408845410974e-01
9.621728038586500054e-01
9.457599369303563153e-01
9.310032446205810386e-01
9.185082049911192925e-01
8.880505265271707582e-01
8.677762480072368501e-01
8.299968260884946769e-01
8.499489701464137958e-01
8.361658613042723953e-01
8.474041482477268072e-01
8.389716852788078327e-01
8.348778102499695430e-01
8.153187220618283160e-01
7.959494183901676401e-01
7.829889910835015066e-01
7.761939029475374285e-01
7.838600351678577383e-01
7.765210077054003346e-01
7.708057485573324152e-01
7.550512533975562990e-01
7.422227608035086854e-01
7.556169844969983229e-01
7.503148906963701403e-01
7.353131422566761000e-01
7.284846697436445639e-01
6.989443579824036190e-01
6.586402041374925798e-01
6.293919372533993695e-01
6.120244337594742401e-01
6.269675192601492641e-01
6.061820912353006463e-01
6.141280881190236407e-01
6.205598573997342937e-01
5.931195812547038759e-01
6.100105060182554606e-01
5.835927032119603286e-01
5.565864855766075037e-01
5.621627209165188654e-01
5.648011664191464609e-01
5.656229851920958618e-01
5.377815036836328666e-01
5.153141198867635664e-01
5.255413009896857668e-01
5.496837086642873960e-01
5.482744976964645245e-01
5.562849204195222663e-01
5.282307963933547956e-01
5.024261078361281774e-01
4.893398375788305388e-01
4.805950910155131206e-01
4.698164415132623506e-01
4.747776768095181010e-01
4.847610635008790525e-01
4.955178362738344999e-01
4.965397726739139150e-01
4.979439052817183908e-01
5.023900142817366854e-01
4.887670250032123964e-01
4.959747311349246290e-01
4.624027393376103912e-01
4.549270228390946413e-01
4.564938818861069003e-01
4.636492776647593295e-01
4.698359326761637478e-01
4.617994398391924160e-01
4.501496913299409819e-01
4.489410174936950826e-01
4.435700899450726320e-01
4.343272336371555853e-01
4.358070542492589183e-01
4.393191844859085649e-01
4.381319680440987629e-01
4.338469292603940319e-01
4.224970989369434271e-01
4.285991891696134259e-01
4.209539947929674120e-01
4.275187754814781527e-01
4.222496888371763402e-01
4.253335809912600074e-01
4.126044472213448167e-01
4.004620729700578141e-01
3.563318967445793795e-01
3.615816780375740724e-01
3.758477919379528687e-01
3.767320730634338699e-01
3.931145760287653723e-01
3.992242079623396500e-01
3.906204301072964680e-01
3.826018353922073789e-01
3.926197585653887212e-01
4.082837065143289368e-01
4.174208853602757729e-01
4.149552298719357823e-01
4.182764558403982980e-01
4.254136822933644591e-01
4.305944801209700690e-01
4.390592035046902986e-01
4.382982875067731876e-01
4.580655713670506168e-01
4.582176841728931582e-01
4.524319440913253665e-01
4.525431729908527823e-01
4.591929373009183690e-01
4.792734151363783335e-01
4.839799770592234651e-01
4.647947299587239511e-01
4.832515608573051957e-01
4.846461862171430601e-01
5.157890943260641237e-01
5.270183152851345421e-01
5.189259917256381360e-01
5.275827277947761074e-01
5.129639364288031134e-01
4.636457912989448427e-01
4.768812623973533449e-01
4.730824689532356353e-01
4.674102908804301793e-01
4.689192389624026736e-01
4.603172847883305607e-01
4.622302863740422318e-01
4.378252604129697079e-01
4.501456208627024891e-01
4.552592863414817170e-01
4.605871979644873271e-01
4.405860240380771176e-01
4.384850195491532543e-01
4.261785698159403779e-01
4.439988029216110355e-01
4.497446869273669656e-01
4.499585133727434516e-01
4.531395614232299751e-01
4.684848764169335933e-01
4.660651726198265510e-01
4.618702685130590679e-01
4.579783860511281723e-01
4.634424291390076833e-01
4.672644433927922170e-01
4.768256188718199007e-01
4.689148894837905646e-01
4.772709065988202659e-01
4.715592102650140727e-01
4.948299253419142785e-01
6.057580599198931770e-01
6.127650307456992129e-01
6.177458237474120484e-01
6.227859600563367959e-01
6.211199179788545743e-01
6.190376029796271773e-01
6.146120080762617066e-01
6.084067800145098737e-01
6.071632171764763664e-01
6.105383271032562842e-01
5.389388277719707743e-01
5.190665813031338782e-01
5.303223028281812690e-01
5.403992001057361660e-01
5.610221048580218417e-01
6.001937474468617140e-01
6.198957711406002380e-01
6.277118365003719891e-01
6.611052772477973294e-01
6.673019300751213967e-01
6.645451460664019150e-01
6.711949002827527488e-01
6.576714659716282885e-01
6.511638723390672512e-01
6.495141036773588450e-01
6.642193929119366569e-01
6.815982000072007274e-01
6.945365335026935094e-01
7.107770724531958795e-01
7.060356378823771095e-01
7.017952279767736279e-01
7.003647155557455317e-01
7.008436230517232080e-01
6.807037795737663766e-01
6.733515502373891293e-01
6.610744983413210374e-01
6.515496698289787725e-01
6.581662111462547315e-01
6.570150103254843721e-01
6.811926833751160704e-01
7.099168823773652770e-01
7.058071775301841821e-01
7.119108784560618242e-01
7.232136993813259584e-01
7.221976042377153959e-01
7.214520175275190850e-01
7.172776717028797044e-01
7.230397370298486948e-01
7.205325171824945585e-01
7.162096943108674507e-01
7.165882685693621967e-01
7.388514193140107711e-01
7.416521413867477319e-01
7.460140508682510108e-01
7.566870636515223847e-01
7.556232062912344727e-01
7.127793514565784472e-01
7.113944010197678081e-01
6.967394212603468251e-01
6.995818412587615498e-01
6.814226759629389285e-01
6.709164981870232580e-01
6.579397736423606702e-01
6.510372129700868760e-01
6.480983548642583747e-01
6.408339132968547958e-01
6.571543007536631009e-01
6.600030059176912323e-01
6.713140906261654273e-01
6.797180204129028569e-01
6.812420865394679392e-01
6.881871658178445594e-01
6.960702033562464752e-01
7.093101333762181770e-01
7.235719523760394400e-01
7.281758683745910288e-01
7.331832343748658776e-01
7.305260610630205376e-01
7.219071458194424862e-01
7.387507557143120351e-01
7.687008854186470064e-01
7.867646214832720863e-01
8.028189310162736625e-01
8.200271570270306620e-01
8.255438857452036538e-01
8.262315187433311170e-01
8.426766620942041097e-01
8.490219353397751023e-01
8.663628991202442231e-01
8.695509251572363096e-01
8.704647568511560962e-01
8.736815110506089832e-01
8.725580357664669551e-01
8.814971232340350626e-01
8.779857617728061836e-01
8.811498825417551917e-01
8.913217649036219159e-01
9.049660892199336004e-01
9.121360011350276853e-01
9.282165311321946000e-01
9.628603965839801493e-01
9.792403791491189891e-01
9.763936152866913298e-01
9.833721179798033951e-01
1.008081415561751903e+00
1.021231250984460326e+00
1.037830904918051411e+00
1.043779770834679210e+00
1.049412928726558780e+00
1.059748667511636988e+00
1.068859060230550106e+00
1.085473270169141857e+00
1.094601056658604410e+00
1.092211263459714754e+00
1.101197630955242923e+00
1.109669113952926223e+00
1.118467524084788778e+00
1.117068984854364011e+00
1.120350865308474164e+00
1.127474692083322738e+00
1.119353882875274042e+00
1.116394368796488346e+00
1.116121755872103494e+00
1.118833892222749204e+00
1.123232933937741596e+00
1.124835485762789355e+00
1.132370032143271033e+00
1.126658569427292589e+00
1.121820227268561121e+00
1.136518656144023032e+00
1.113457965628101398e+00
1.111804322127958766e+00
1.111471148057538771e+00
1.122001654626596068e+00
1.122508506628896896e+00
1.116622270328940569e+00
1.126935028408885930e+00
1.134225255947768574e+00
1.148795401726670828e+00
1.154284529050802588e+00
1.160377863254623776e+00
1.164534143084837936e+00
1.168835702695157686e+00
1.188773197025680739e+00
1.183059206146866105e+00
1.186389101790893408e+00
1.195105742904186252e+00
1.202324796341409874e+00
1.197421728370974270e+00
1.195151234803510487e+00
1.194791506929538283e+00
1.207215769519873971e+00
1.205578102325350898e+00
1.216141314176751420e+00
1.236716369179252206e+00
1.235085493332514162e+00
1.222130667141930527e+00
1.230764228349837675e+00
1.225521507077331096e+00
1.238495548125187362e+00
1.236757478218339257e+00
1.232838421097693260e+00
1.231129322748202082e+00
1.206220305376708657e+00
1.195906202298016474e+00
1.183206608134951932e+00
1.180000078990261381e+00
1.168883847311362079e+00
1.130809763258258993e+00
1.123185914002461150e+00
1.074071531540894187e+00
1.061256247337346359e+00
1.056744226965752542e+00
1.024884452758453968e+00
9.912256627668469822e-01
9.893764593126561646e-01
9.703858720941987981e-01
9.542534860340302627e-01
9.381870728986921870e-01
9.148447382388636973e-01
8.279067200210314947e-01
8.022919566558213145e-01
7.891167882771060738e-01
7.664782197728359225e-01
7.449752423801665469e-01
6.675646790655552776e-01
6.444172013531493937e-01
6.305863273593568241e-01
6.517110224068406454e-01
6.264685192281318482e-01
6.111272263292197859e-01
5.943157187614828141e-01
5.685476021838359317e-01
5.643499225543990860e-01
5.525819647980161342e-01
5.354954367480356803e-01
5.224209026269632794e-01
5.235570327500721488e-01
5.270348438456778917e-01
5.279568333985619200e-01
5.738408193621082898e-01
5.828173917865329123e-01
5.731358817583780407e-01
5.663571441856355415e-01
5.329022717529166009e-01
5.676842391391340170e-01
5.548047444965256147e-01
5.419007590862202628e-01
5.524686062057188041e-01
5.509144789146379617e-01
5.304789157599085758e-01
5.487007921376396702e-01
5.488860404425620620e-01
5.581110817429182358e-01
5.567795545536621260e-01
5.657980359040188922e-01
5.641412432348735795e-01
5.723796177929905138e-01
6.051292445602038939e-01
6.118149670750292479e-01
6.040540010984394304e-01
5.611448245429243586e-01
6.305732731304203309e-01
6.431465929264290615e-01
6.353709376073314319e-01
6.362357058718945968e-01
7.649492735723485426e-01
8.019208789137755033e-01
7.767386927430006693e-01
7.755247842895462984e-01
7.405420942504195025e-01
7.236785143102486551e-01
7.296239242941388037e-01
7.189000657596285038e-01
6.889679436098598009e-01
6.897097696246837772e-01
7.044566153665657859e-01
7.249948567893890194e-01
7.081362733828246991e-01
7.193369126911285383e-01
7.280021432176772000e-01
7.337257480761885109e-01
7.146681969322196126e-01
7.207550801564680532e-01
7.324969990919538709e-01
7.323720520315432081e-01
7.486806183042061802e-01
7.447995865577100583e-01
7.487805561688781752e-01
7.433181828848693939e-01
7.424157215560697187e-01
7.706847440896822388e-01
7.763425972930110275e-01
7.794702521892429292e-01
7.992368501332011155e-01
7.952043186421700049e-01
7.852173575400619443e-01
7.833178293393958658e-01
8.022669608972916588e-01
8.261932339012248994e-01
8.433109191026538776e-01
8.791951182576599466e-01
8.758043082529760603e-01
8.537322387174902660e-01
8.352058229578520621e-01
8.331476048012584901e-01
8.280096754333960973e-01
8.328704072439008232e-01
8.336072263198402998e-01
8.598555384164263682e-01
8.680125819605208903e-01
9.063332236256894658e-01
9.356361284432743730e-01
9.188243238987227057e-01
8.892260205755444513e-01
8.781533142527666591e-01
8.690729716605443134e-01
8.539185320258206868e-01
8.462153194583847959e-01
8.326604974455726893e-01
8.273133004622336140e-01
8.552609057274579429e-01
8.449260503226598829e-01
8.797201850674675194e-01
9.116868181430505258e-01
9.152531236307754892e-01
9.461179782671630401e-01
9.661152957267705732e-01
9.774850746108456612e-01
1.011283678320223034e+00
1.039404577144524833e+00
1.059187596741645088e+00
1.056708095441571960e+00
1.080016552152100795e+00
1.096657959886645051e+00
1.107020232905229884e+00
1.094641290311627602e+00
1.108749138421841085e+00
1.116456756843751563e+00
1.130519989187423802e+00
1.137802758522636681e+00
1.123157714052080758e+00
1.118374417600723758e+00
1.120779972244118294e+00
1.108687877547045897e+00
1.107643600912325388e+00
1.105128181480928395e+00
1.111055997786039029e+00
1.094258898297620686e+00
1.081568445002776713e+00
1.021916077231044717e+00
1.000257019178612428e+00
9.873837522363008157e-01
9.835027636511476379e-01
9.750146414350141510e-01
9.691677193885366304e-01
9.619798550090830069e-01
9.540879931948730297e-01
9.636165449710729636e-01
9.655195702556467197e-01
9.817883691055357964e-01
9.693469683953105376e-01
9.761251830157292586e-01
9.785451210297197999e-01
9.943240490590107283e-01
1.006598976063602047e+00
1.022120434807511913e+00
1.020200010281162362e+00
1.027788393489179830e+00
1.033012454607024955e+00
1.024692440756845624e+00
1.018018539156117175e+00
1.031925443974619716e+00
1.029348395475816469e+00
1.026355767928837093e+00
1.007629379909402711e+00
1.006688360242839142e+00
9.905532599889402823e-01
1.002730375280912911e+00
9.899918484816523367e-01
9.585801504139971341e-01
9.519603804598801844e-01
9.161739649966694765e-01
9.318501171191201360e-01
9.499051526533477396e-01
9.455419746240885104e-01
9.262649725958499447e-01
9.227759642591507605e-01
9.267478532938108193e-01
9.227940640326495192e-01
8.978256219492584123e-01
8.984609884826612047e-01
8.869734735850501872e-01
9.141721296273936925e-01
9.214454690482288823e-01
9.313961596172594115e-01
9.202387152067286191e-01
9.087566357271065209e-01
9.841513693448264988e-01
9.731809414601629848e-01
9.739319596396111001e-01
9.333563237650689404e-01
8.560719776801400949e-01
8.912506429038464795e-01
9.025617344074650106e-01
9.100062556076623510e-01
9.323592355623306904e-01
9.305053102075417915e-01
9.333093040431968967e-01
1.021966001618523023e+00
1.033735338320322716e+00
1.046692152954991961e+00
1.049969019732650111e+00
1.042880241929108331e+00
1.078225751234501706e+00
1.078403384129999587e+00
1.091937913266323612e+00
1.092238385339508344e+00
1.074384849164704336e+00
1.069050966910885636e+00
1.049112317237644865e+00
1.023601564322981217e+00
1.015559369396539013e+00
9.894087406006550900e-01
9.588280508829265525e-01
9.509796943863404461e-01
8.665517602819937659e-01
8.755135605883859196e-01
7.990212028765178998e-01
8.010962041142775103e-01
8.148258268783290514e-01
7.730936631146044791e-01
7.739424397129017752e-01
6.768414819875177013e-01
6.710427553525850630e-01
6.595124540720950224e-01
6.515954238502775775e-01
6.137964272998057691e-01
6.089591538895458012e-01
6.039683724283935184e-01
5.857311159785089094e-01
5.755992956775464187e-01
5.627341034133029885e-01
5.588475019705819724e-01
5.459422010541390424e-01
5.381830579195145958e-01
5.264002759892300043e-01
5.295326428633195803e-01
5.064141086071294318e-01
5.056034899467064525e-01
5.363327033044881231e-01
5.139927321399693216e-01
5.295927836758987928e-01
5.480145337043231812e-01
5.570792002951878708e-01
5.570244154271409842e-01
5.624092993993883294e-01
5.477651058340763379e-01
5.394511404342704486e-01
5.210457655008745581e-01
5.187400417860588142e-01
5.176266630795804957e-01
5.171921125005399800e-01
5.161597292267200432e-01
5.005407496751481666e-01
4.808106535704524398e-01
4.577686309307020807e-01
4.600278774225595724e-01
4.150995648313428599e-01
4.125338669718894846e-01
3.892184915271343915e-01
4.172361164990819882e-01
4.187192004410878465e-01
4.380181910502446430e-01
4.400601567443270246e-01
4.667179600514721471e-01
4.672212895876312055e-01
4.668660817625938098e-01
4.752432344410588150e-01
4.992862311163626665e-01
4.873003709949679796e-01
4.971873245231303584e-01
5.309364649174141970e-01
4.836754639674268330e-01
4.853405917909580092e-01
4.982622582267929867e-01
5.005523316920629240e-01
5.343681617456269572e-01
5.513378893368225953e-01
5.633360600344049507e-01
5.579699612254480634e-01
5.539107624167143307e-01
5.549160848232563836e-01
5.625033994771354573e-01
5.537452983641100168e-01
5.453809035216248269e-01
5.224856047323696018e-01
5.245044538867430495e-01
5.080876015340624052e-01
5.018247980327957825e-01
4.915674061127245364e-01
4.891469055316259862e-01
4.874741834066118051e-01
4.860797287340173911e-01
5.088977804884960987e-01
5.692039669303529115e-01
5.920872201484530528e-01
6.161069807758007277e-01
6.269448713437110188e-01
6.348644420828839507e-01
6.406146843204409969e-01
6.510162659104904437e-01
6.788070325778714498e-01
6.751726454632076546e-01
6.806004342046497735e-01
6.720843711422471722e-01
6.645218701397154204e-01
6.638016945979670069e-01
6.824912669221511186e-01
7.041727885887986149e-01
7.203552241351210972e-01
7.413072071513945316e-01
7.175563848450532412e-01
7.196068043529180169e-01
7.324694842220582647e-01
7.585409964716474107e-01
7.798820541642687010e-01
8.011163987113570917e-01
7.965188273502643579e-01
8.040569183181429658e-01
8.053552182326548792e-01
7.746028484741683817e-01
7.735083049470717897e-01
7.615076281641636191e-01
7.631579894436003597e-01
7.458285965703758125e-01
7.373304800875524201e-01
7.323365384555993174e-01
7.507399928458419192e-01
7.486344294615945305e-01
7.364614286536709242e-01
7.498458885406245056e-01
7.177886430546702723e-01
7.093529082367913130e-01
6.997764185901422795e-01
7.009013301528833617e-01
7.014236658685080172e-01
6.793548139530489749e-01
6.682657806333496264e-01
6.672359379552075254e-01
6.905773720120131909e-01
6.985320169315418770e-01
7.196146434178538609e-01
7.454116168794329145e-01
7.450540479108349601e-01
7.544689046446444447e-01
7.601353634799751235e-01
7.608503663352956803e-01
7.582600954821614447e-01
7.466110476724420186e-01
7.788778606061689258e-01
7.828961108842275030e-01
8.033592925986521305e-01
7.900945455228955971e-01
7.687424326442789946e-01
7.777520531065647003e-01
7.596536852422707264e-01
7.712533452970752323e-01
7.597278725141739519e-01
7.312413694835231404e-01
7.453339200317713464e-01
7.327256651101340390e-01
7.355652297833061848e-01
7.470162103042823354e-01
7.458505671251343117e-01
7.925950134459277541e-01
7.896853927079603430e-01
7.686229504253149214e-01
7.675691130648105709e-01
7.590595414062599744e-01
7.461449010583657282e-01
7.377542748432630582e-01
7.311392170191982620e-01
7.223600883373212378e-01
7.257850876056013423e-01
7.103948119054017685e-01
7.013908165769012770e-01
6.927272905566672634e-01
6.900722761514700432e-01
6.866132940521484374e-01
6.830007949180508797e-01
6.996522100539209754e-01
7.026755918231040177e-01
6.996682592876777296e-01
7.043731158154258321e-01
7.171048403468818222e-01
7.074848338158865602e-01
7.423700026985121658e-01
7.530863017855410346e-01
8.084486792431081481e-01
7.984072446868900608e-01
7.853740140280301985e-01
8.289298200271215666e-01
8.172247200181553817e-01
8.147279860079525982e-01
8.631185911593856064e-01
8.608341626260276325e-01
8.474310320554884202e-01
8.051497257799363760e-01
8.068767417845025269e-01
7.737517688101004376e-01
7.724558423544455321e-01
6.852158314618546076e-01
6.882884264666196961e-01
6.894707067096988995e-01
6.877750936366094914e-01
6.868804121677332120e-01
7.004990852611421293e-01
6.528970669667449878e-01
6.459272154766124707e-01
6.450702836897658221e-01
6.674552951219594465e-01
6.595001233624693260e-01
6.458220825397406051e-01
6.348608274427967046e-01
6.311842177348173655e-01
6.388089843019445491e-01
6.397847862011646347e-01
6.365258889719374036e-01
6.395454748418205604e-01
6.239171534801845054e-01
6.153384679557214465e-01
5.995078456248520427e-01
5.832707097524171269e-01
5.821018246568867571e-01
5.775800202582247467e-01
5.754214683034637456e-01
5.668550701215806509e-01
5.658821876991855238e-01
5.653542042277921453e-01
5.656233318116489217e-01
5.714115237417034532e-01
5.638488641371726118e-01
5.661861680904285432e-01
5.750956901189070436e-01
5.855955188802647315e-01
6.093581435870742968e-01
6.097334908583406099e-01
6.048670648094818247e-01
6.022008291504542532e-01
6.170426502343051567e-01
6.088222432238343806e-01
6.090712040498083013e-01
5.989837450405327557e-01
6.167366593045641165e-01
6.381305687871980936e-01
6.486096106729211108e-01
6.683327791645512495e-01
6.591978014501511662e-01
6.989907468801219714e-01
7.184976430539566916e-01
7.239224980364294959e-01
7.316044329205323438e-01
7.391425059589918911e-01
7.471320123599423102e-01
7.473525859147833739e-01
7.424685741761195557e-01
7.415268299669568464e-01
7.302564743814751180e-01
7.290732030677821163e-01
7.310912571751582156e-01
7.286356158418756390e-01
7.327003683960640057e-01
7.208046914843306840e-01
7.299435283319647416e-01
7.263066620538712881e-01
7.149779249467268505e-01
7.076327242061591916e-01
7.124195190216332518e-01
7.130771560337564319e-01
6.965316900889714224e-01
6.878363093497500413e-01
7.109887941888093366e-01
6.919940522565555252e-01
6.798970430142070587e-01
6.718532441646899445e-01
6.691680417595542441e-01
6.802587816715759406e-01
7.021941485114880921e-01
7.135187717235651483e-01
7.692038709596012991e-01
8.069085526670730646e-01
8.235408824933260208e-01
8.433132005433648937e-01
8.382899766036683298e-01
8.642736350090121089e-01
8.667277463839513363e-01
8.707447538786020624e-01
9.541597286724005089e-01
9.522461093051652892e-01
9.526327396261168312e-01
9.598775194603638150e-01
9.813906913764545159e-01
9.867245400965498625e-01
1.037523213407334222e+00
1.064216090002088722e+00
1.046835576547462177e+00
1.017604620782305958e+00
1.008775505854066834e+00
1.015188843467727420e+00
1.024419570763987375e+00
1.035435829274980790e+00
1.043235754610395194e+00
1.042721752650354050e+00
1.038383941472675431e+00
1.056207971956678149e+00
1.043701863472760616e+00
1.040434354294618169e+00
1.032206331527685927e+00
1.041787687967247855e+00
1.055670885681428306e+00
1.072173732956805958e+00
1.115023601561094813e+00
1.105062329196964566e+00
1.161240581977278863e+00
1.184751026382618644e+00
1.214948712860976832e+00
1.214452273054515308e+00
1.241321458034132963e+00
1.243994326422943164e+00
1.236073726133476658e+00
1.279357468489980665e+00
1.284855937104979695e+00
1.325167720845942254e+00
1.328263645971244911e+00
1.333275745675114976e+00
1.350290741810345585e+00
1.348699792393903030e+00
1.362137685594491776e+00
1.365650269091990721e+00
1.376420428359447667e+00
1.399239820083104435e+00
1.441263215104893192e+00
1.470978304624182664e+00
1.470178858675890154e+00
1.472418897532750348e+00
1.466485065548275735e+00
1.470371436232908335e+00
1.451929462487364209e+00
1.440878420441772834e+00
1.428944208428005291e+00
1.393427896185031267e+00
1.382902941613747938e+00
1.368746865934542534e+00
1.362884242365761223e+00
1.375750924231982086e+00
1.386399317970161249e+00
1.399798015383098670e+00
1.394914787419756053e+00
1.413521556093939591e+00
1.417215907935819530e+00
1.413848201255740289e+00
1.420348393650871177e+00
1.425754019284869667e+00
1.415804575396986564e+00
1.409221772934928119e+00
1.415984728922632607e+00
1.410679603390665893e+00
1.411491656609017431e+00
1.414512006719132797e+00
1.404837490449930559e+00
1.407869205678591973e+00
1.393959822192223585e+00
1.393181593331942913e+00
1.384371741995865879e+00
1.375780464982697460e+00
1.383056042982439227e+00
1.387316445959542399e+00
1.375285640440725654e+00
1.372242678571307106e+00
1.353768178445300618e+00
1.381858962011437875e+00
1.365585158222048845e+00
1.367568697175689962e+00
1.378629952387234958e+00
1.383912687535626906e+00
1.404854726235607920e+00
1.396973891005053980e+00
1.416743853317372848e+00
1.423901607210588560e+00
1.406888567187648098e+00
1.418911056749715627e+00
1.433922549109819755e+00
1.454634693140939294e+00
1.471906796758124525e+00
1.485083563977164012e+00
1.507255505591299949e+00
1.502579301477118934e+00
1.492116193898360033e+00
1.478518533525657430e+00
1.452894887777365751e+00
1.452918409731789096e+00
1.441305468641275400e+00
1.440666268113013349e+00
1.428952507380678805e+00
1.419228348750079416e+00
1.418741216390325466e+00
1.407148047021756998e+00
1.407136852750481282e+00
1.411520712744772421e+00
1.402810000725396078e+00
1.398244040142530009e+00
1.386887572560566717e+00
1.374817799798972340e+00
1.388024568263504399e+00
1.372556045595273666e+00
1.367443216099385683e+00
1.375983320633362705e+00
1.339420709779038932e+00
1.326248124263526895e+00
1.318225034955092800e+00
1.325691455542520325e+00
1.318416213115062519e+00
1.303968359775309560e+00
1.280821337048297259e+00
1.267010935124340376e+00
1.252526282107679911e+00
1.234507120998945329e+00
1.217039646055005475e+00
1.208220019591467631e+00
1.186238515042985497e+00
1.164245144518438968e+00
1.123207510965447353e+00
1.113321649701095817e+00
1.113695719036837950e+00
1.130530726282605869e+00
1.142449752586362388e+00
1.143549418742140666e+00
1.120685608980019898e+00
1.119258324807999916e+00
1.097503128722567833e+00
1.076550622344715435e+00
1.049375349636361143e+00
1.040557106194838877e+00
1.023450069018813968e+00
9.962622147345134849e-01
9.916886905011459419e-01
9.752657003307281247e-01
9.724257432468698115e-01
9.721534582728276197e-01
9.240577982417399472e-01
9.285226729601048223e-01
9.247203147850636684e-01
8.956739659193294623e-01
8.992729340903335977e-01
8.870683324492438793e-01
8.953045549821827542e-01
8.807068973741384310e-01
9.056472740478720418e-01
9.029457389604386153e-01
8.725107457328453719e-01
8.625937979360512875e-01
8.543861898519091724e-01
8.793731408587832643e-01
8.820065207234066840e-01
9.013290944749628997e-01
8.785582351442373650e-01
8.757712674359303673e-01
8.690482251972408978e-01
8.726257990980182955e-01
8.563415187333582868e-01
8.619463507230745725e-01
8.911133229724383931e-01
8.884041807715457040e-01
8.853664305032566961e-01
8.765297762793068381e-01
8.702653842807501761e-01
8.695755330944376915e-01
8.653638637033740366e-01
8.586378917320383053e-01
7.747545620709584968e-01
7.685440349142894645e-01
7.725946853551655114e-01
7.792337648052932719e-01
7.774861932986597557e-01
7.821789297385631778e-01
7.735924828092480832e-01
7.583379517345228971e-01
7.528612763148503362e-01
7.374373425971997298e-01
7.242702571053993843e-01
7.038592457922805412e-01
6.760094461661271259e-01
7.097777181588386108e-01
6.996623925943353806e-01
7.043157549293044273e-01
6.991874721729499642e-01
6.829801224702860551e-01
6.809919669827447786e-01
7.176471179441031856e-01
6.952520531993696684e-01
6.949723601673631901e-01
7.009606388040545699e-01
6.943898473874009492e-01
6.995784419931505571e-01
7.071553934207791547e-01
7.069053585854944144e-01
7.087441879442176740e-01
7.244662931634326952e-01
7.237492864863114272e-01
7.766386416389939873e-01
7.833415291018452908e-01
8.028814794039649261e-01
8.393145456690745965e-01
8.451135063526363789e-01
8.588568772468273549e-01
8.746069858496223759e-01
8.824478619438292926e-01
8.960605454350187848e-01
9.084446238225577508e-01
9.159052584725653201e-01
9.153796792974429053e-01
9.125477571056880288e-01
9.179931324445899099e-01
9.263162535145283982e-01
9.369165041634236468e-01
9.271993127750006725e-01
9.318082854892295597e-01
9.365260691891116318e-01
9.385794663693315387e-01
9.394997119707082511e-01
9.315522779217597638e-01
9.240500358765491029e-01
9.235766489088249598e-01
9.318487309092551296e-01
9.357758728813103666e-01
9.113555833579002341e-01
8.908766563398586857e-01
8.724599743643821625e-01
8.360225266240973729e-01
8.009534207068527145e-01
7.805653335807817284e-01
7.511180275930375849e-01
7.154716711572735033e-01
7.034685244326991382e-01
6.727474901542568331e-01
6.530805830708742432e-01
6.433720825208799621e-01
6.301039200198476076e-01
6.122913915478394031e-01
6.042870020569367506e-01
6.009463800010083068e-01
6.085090322933150997e-01
5.854760810813246508e-01
5.849900202054284515e-01
5.904408543297777756e-01
5.820818831375075275e-01
5.598156860777849797e-01
5.580835075462114991e-01
5.499286229053244046e-01
5.580544733977059746e-01
5.600197225396049694e-01
5.549874993132162260e-01
5.521039375752865297e-01
5.521066703690482580e-01
5.484687072183044299e-01
5.494070714289619461e-01
5.489546295152167854e-01
5.491778400218249034e-01
5.604951629285443993e-01
5.501027313771750249e-01
5.363211400354548353e-01
5.178926993784861432e-01
5.259794382839930726e-01
5.372997720373722252e-01
5.344199059960731413e-01
5.498058028685627319e-01
5.383005246928653786e-01
5.202272264414945502e-01
5.071888702715842134e-01
5.007912366284309469e-01
5.098084652686635243e-01
5.253103173251421065e-01
5.304141023125568122e-01
5.319049039367280685e-01
5.475980173176550059e-01
5.660977395934568834e-01
5.793973922603130600e-01
5.898692532858914594e-01
6.037689057518290658e-01
6.212864876341418485e-01
6.194303616535398183e-01
6.118614234326722467e-01
6.244360051485251528e-01
6.255011375224469594e-01
6.319797341274043800e-01
6.297669137019344943e-01
6.400197601160044769e-01
6.611937426042601151e-01
6.654871667112820521e-01
6.626176637932261748e-01
6.795852055756268495e-01
6.868595573559362899e-01
6.956520155003416139e-01
6.886756836893488387e-01
6.685069390524637223e-01
6.551034198982041978e-01
6.755443567179494346e-01
6.819133689493348527e-01
7.106726213904238643e-01
7.275482552747353227e-01
7.350663439553196676e-01
7.530353279150007184e-01
7.410361077831896237e-01
7.471558845884783695e-01
7.674730586370435148e-01
7.649637551719780104e-01
7.638071943959479082e-01
7.773239268324463325e-01
7.765120083738331624e-01
7.896820764281614613e-01
7.872592582807245165e-01
7.954156659823485853e-01
8.193236951485637354e-01
8.426636644218843397e-01
8.464296129606887487e-01
8.503767258661090178e-01
8.660095643175943492e-01
8.656542856882677439e-01
8.730480843576604588e-01
8.564719894117867049e-01
8.505425232485233078e-01
8.430589562552767147e-01
8.362917560778415638e-01
8.422751947458160249e-01
8.331506852866333857e-01
8.344090019297369931e-01
8.461288389158483358e-01
8.557354818374265371e-01
8.484155314911734358e-01
8.347204196488285932e-01
8.207504415021276145e-01
7.967131166134929776e-01
7.875487087949497589e-01
7.797272385398387184e-01
7.879766438604235423e-01
7.767649040395226967e-01
7.787833725171059429e-01
7.969820715338163941e-01
7.916039383647933692e-01
7.886181228743117666e-01
7.899536689942403545e-01
7.850462614469086997e-01
7.747106406199381068e-01
7.729189547697874474e-01
7.703161303003951410e-01
7.751346772291589637e-01
7.554070674398130070e-01
7.532427600450075644e-01
7.535373617320246797e-01
7.408996147281216027e-01
7.378787042791715711e-01
7.302190696546091431e-01
7.201717109136446249e-01
7.089894797575326812e-01
6.956523596663558573e-01
7.136123552839491735e-01
6.973667370393193954e-01
6.931832976931255885e-01
7.009973747746409689e-01
6.868523744285481847e-01
6.680316992442741908e-01
6.610772384807490631e-01
6.556110433113578884e-01
6.379696616210089877e-01
6.405928012666249893e-01
6.357461118443351600e-01
6.417799182626595655e-01
6.352973628416683782e-01
6.345724756973387670e-01
6.314558138382384556e-01
6.450570044275202308e-01
6.474518017213128918e-01
6.330729550973382969e-01
6.332248987111210869e-01
6.329958283288354970e-01
6.441255931434493043e-01
6.520820719623914297e-01
6.554041762695308471e-01
6.607617229931929126e-01
6.567930313118888197e-01
6.606535436769952474e-01
6.540157553020862213e-01
6.758782724589678104e-01
6.678331012155761526e-01
6.556017607789210722e-01
6.609016322900050922e-01
6.554522142164905807e-01
6.524454355809908845e-01
6.287690620764563310e-01
6.112324459719699066e-01
6.010227491945254741e-01
5.877871382866302064e-01
5.825059885435529550e-01
5.758687531343907873e-01
5.595992720658650166e-01
5.512716008835478743e-01
5.496886812290376900e-01
5.524376937887113259e-01
5.441077047624484075e-01
5.461661332508443989e-01
5.394730950580697293e-01
5.373463522803497705e-01
4.993443875520708897e-01
5.031798237919298256e-01
5.030200791539570782e-01
5.115041898081479355e-01
5.123907480471748821e-01
5.152058524345853874e-01
5.062682387644178439e-01
5.277293726040880317e-01
5.436053633789990069e-01
5.422234681106116172e-01
5.430689373521562224e-01
5.369283995495612860e-01
5.441585526061261113e-01
5.389439819056021097e-01
5.403440086581400292e-01
5.418802401827675919e-01
5.265220486965946911e-01
5.206824190704010258e-01
5.238228457220611700e-01
5.231553472033566576e-01
5.153145011935982289e-01
4.907930696256290748e-01
4.755350721554039151e-01
4.655221515049560166e-01
4.518848744574696652e-01
4.430943520698413796e-01
4.248141838000688564e-01
4.189217396568756802e-01
3.988006542845214941e-01
3.652339364117402343e-01
3.510559415297366259e-01
3.207802632742469129e-01
3.049214316939496960e-01
3.073129760595348925e-01
2.939324440882114531e-01
2.914160483686195624e-01
2.806062792532469929e-01
2.649312585706813383e-01
2.665502776831210063e-01
2.608315366837443139e-01
2.385431270566942819e-01
2.273805942058300666e-01
2.227726228971698141e-01
2.057299109801471182e-01
1.814540441100231105e-01
1.759102486449301839e-01
1.727565307254282923e-01
1.606211529308406161e-01
1.682553100417192304e-01
1.603818707308415081e-01
1.433275386863556988e-01
1.480684312110585599e-01
1.283292549294149931e-01
1.266278116421662436e-01
1.198670018312495006e-01
1.101969077613729336e-01
1.034304848989996140e-01
1.039993966287388327e-01
1.043918184967217999e-01
1.172151681073675539e-01
1.270505410396541024e-01
1.404145811162649249e-01
1.494124470877282174e-01
1.397136930441665315e-01
1.433156708316145056e-01
1.536612728538800376e-01
1.437637768124186977e-01
1.463481446390540452e-01
1.576331710254783858e-01
1.526258830159012148e-01
1.661387717579981549e-01
1.542834337042096604e-01
1.566061266752660497e-01
1.673337263683577214e-01
1.643549001172954493e-01
1.845255734306576190e-01
1.955996918120039285e-01
2.028418933434069094e-01
1.941529869534544539e-01
2.084372377153211053e-01
2.035709470440737190e-01
2.041287804680412821e-01
2.009806875022144279e-01
2.037789490957915839e-01
2.039258127691383482e-01
2.119636593949351111e-01
2.112648769371645585e-01
2.125515350751938093e-01
2.170805175136698850e-01
2.246183872067934184e-01
2.202388466172503501e-01
2.264411346460389052e-01
2.240610447637291502e-01
2.325164024801543439e-01
2.346721151269161310e-01
2.378734293315395432e-01
2.439571234546798750e-01
2.401401311270170147e-01
2.458538561060237826e-01
2.476224424126013679e-01
2.422016684611951187e-01
2.404356927553700229e-01
2.361097901847618863e-01
2.193695974182548192e-01
2.247812075816546795e-01
2.194093871042955002e-01
2.337318187498030886e-01
2.397510667768840420e-01
2.411536495051858908e-01
2.480763119706327624e-01
2.638297415606059015e-01
2.666577087700734983e-01
2.771520826804209636e-01
2.762710637784058787e-01
2.646343839233498141e-01
2.564932547553483433e-01
2.601387186345503477e-01
2.674411787489910375e-01
2.696648904062673990e-01
3.193190757933887514e-01
3.287105511606828179e-01
3.443365288444091843e-01
3.410056179741613458e-01
3.546001254419948734e-01
3.356504079479548652e-01
3.407196553081673351e-01
3.485404789178074281e-01
3.278387189112469402e-01
3.961010864220969041e-01
3.898421744098159447e-01
3.953452693728349288e-01
3.929718178620419944e-01
3.858834881893689617e-01
3.568589156128326723e-01
3.485280258296424849e-01
4.294366890599963793e-01
4.241001901309424116e-01
4.621662873131229254e-01
4.847149281864046033e-01
4.830383499735503294e-01
4.660399085103161254e-01
4.884007401614993138e-01
4.886515121139142770e-01
4.864760014790471265e-01
5.298872564553344100e-01
5.384889331894097131e-01
5.567172120138650371e-01
5.532386311714029281e-01
5.349754059417923813e-01
5.092029425579346347e-01
4.900243737441160041e-01
4.652979829230243225e-01
4.657832033015356088e-01
4.651661057681308886e-01
4.493085884834809862e-01
4.464454378772927390e-01
4.083085330259580981e-01
3.945043186032513582e-01
3.920661585113861536e-01
3.847864136446149663e-01
3.895495416911469722e-01
3.498875744787796616e-01
3.454200026159598980e-01
3.529443999103051288e-01
3.581850759272721674e-01
3.711186373529241078e-01
3.715385445620212890e-01
4.170352297159103383e-01
4.184597180935388239e-01
3.477222756994723940e-01
3.134465043550890284e-01
3.104007594337332421e-01
2.465770879305277941e-01
2.687957138842066995e-01
2.461203472621139865e-01
2.460775545278320597e-01
2.518287340922111261e-01
2.598356197532302181e-01
2.718651882411414755e-01
2.835805159787210816e-01
2.900988922585301943e-01
2.966736088401142890e-01
2.800397386781160458e-01
2.839514982849007385e-01
2.676775207215625896e-01
2.685388378748692073e-01
