2.7155648673
2.7157031454
2.7163728473
2.7160820887
2.7160933475
2.7165263674
2.7163276556
2.7159718109
2.7161510091
2.7162019104
2.7163129469
2.7164111336
2.7168124352
2.7234751991
2.7240056135
2.7232623067
2.7236445848
2.7237862165
2.7239547391
2.7241060288
2.7248733321
2.7245956672
2.7251745867
2.7250195173
2.7249415579
2.7246709905
2.7250214684
2.7250578669
2.7249979160
2.7248083990
2.7244479199
2.7246302936
2.7243555135
2.7244806616
2.7248243660
2.7248407980
2.7248908204
2.7250998812
2.7244788786
2.7249849187
2.7320809494
2.7327950186
2.7324346709
2.7328471074
2.7323966326
2.7397693701
2.7399707206
2.7400611944
2.7403814455
2.7470034125
2.7468121748
2.7467415336
2.7468844598
2.7544873331
2.7549110890
2.7543236310
2.7621395727
2.7717321804
2.7705482806
2.7761483962
2.7805064584
2.7834284746
2.7830416583
2.7822412001
2.7804007762
2.7772559816
2.7749268746
2.7710561563
2.7712317447
2.7738546384
2.7749453542
2.7756392402
2.7746887846
2.7745182602
2.7739004172
2.7737527756
2.7744153147
2.7765341716
2.7774917076
2.7778947822
2.7781121849
2.7792133712
2.7784641431
2.4483430158
2.4487362890
2.4480880010
2.4493426746
2.4500279937
2.4504508550
2.4519233847
2.4534460662
2.4542209418
2.4581159844
2.4552562695
2.4508873876
2.4445632495
2.4416258769
2.4385900308
2.4356556210
2.4359571368
2.4349457937
2.4321744165
2.4328974445
2.4308039454
2.4280490986
2.4278364325
2.4361844056
2.4324953880
2.4335310545
2.4387786698
2.4376657961
2.4410883996
2.4433650682
2.4446713882
2.4448651418
2.4456201349
2.4457379003
2.4448051379
2.4438470759
2.4434646232
2.4450529988
2.4446835557
2.4446255015
2.4429379074
2.4435141588
2.4447584344
