3.4062788768
3.4064808982
3.4121763455
3.4423410652
3.4606815597
3.4575302315
3.4596249075
3.4591665836
3.4611708235
3.4684950872
3.4788174201
3.4884358337
3.4927283882
3.4956007662
3.4956471193
3.5078246991
3.5243885553
3.5412646032
3.5702745194
3.6058347460
3.6190702663
3.6476374492
3.6730023736
3.7009253417
3.7201213385
3.7527905255
3.7860853161
3.8064669179
3.8309882046
3.8333011378
3.8369254567
3.8717691413
3.9210739652
3.9498627202
3.9818661038
4.0195425829
4.0672495588
4.0918282517
4.1369483712
4.1487235306
4.1843954990
4.2199944554
4.2550707602
4.2707209545
4.2644266474
4.2710879702
4.2724229913
4.2875486286
4.2757911434
4.2711087742
4.2482859689
4.2092012357
4.1354118714
4.0843930955
3.9666614221
3.8737965335
3.7684902135
3.6410623351
3.5385420718
3.4575957717
3.3703204309
3.3110601662
3.2821224724
3.2733392708
3.2778904244
3.2750431640
3.2713462519
3.2996153898
3.3300644026
3.3470719281
3.3627823529
3.3984121338
3.4187178357
3.4088629914
3.3832332545
3.3383358163
3.2662877877
3.1910153125
3.1247269026
3.0704336414
2.9974986235
2.9256801793
2.8504559301
2.7669952329
2.6858368336
2.6922115053
2.6466876401
2.6083629942
2.5826003562
2.5506285202
2.5300485397
2.5133839686
2.5003838338
2.4873825661
2.4699597745
2.4505796308
2.4194670496
2.3888824015
2.3551488072
2.3180861756
2.2814485782
2.2424630248
2.2034367188
2.1602823856
2.1165648315
2.1070939504
2.0563109780
2.0365405571
1.9875737650
1.9380903517
1.9245756939
1.9077247556
1.8972120903
1.8447240201
1.8303560686
1.8160361916
1.7650770437
1.7480665524
1.7296331741
1.7133957547
1.6896266189
1.6840741786
1.6335824278
1.6197310646
1.6010563134
1.5854487096
1.5683186660
1.5538628594
1.5432437808
1.5315725269
1.5127388156
1.4917956226
1.4747319717
1.4757339969
1.4770797639
1.4716481658
1.4670599053
1.4603830627
1.4563990971
1.4607632346
1.4668503733
1.4644178222
1.4580420025
1.4543269188
1.4518194299
1.4496096084
1.4454414604
1.4397140195
1.4368010148
1.4320350823
1.4276407130
1.4260807602
1.4213963750
1.4144380686
1.4074936997
1.3995684062
1.3981438686
1.3955189271
1.3887528454
1.3823512509
1.3755863812
1.3664389321
1.3570570062
1.3555124830
1.3547427830
1.3491989142
1.3399053548
1.3330088076
1.3312281483
1.3308501395
1.3344684662
1.3310364911
1.3284290440
1.3291532739
1.3289005876
1.3325160825
1.3339965420
1.3363708007
1.3406983598
1.3452993284
1.3408809798
1.3408731892
1.3429970273
1.3378495708
1.3465775659
1.3404181102
1.3378481246
1.3337648532
1.3391306717
1.3590648885
1.3662934651
1.3691681560
1.3762920538
1.3818061851
1.3888718784
1.3963417408
1.4327014601
1.4872501011
1.5216785182
1.5480374797
1.5717834739
1.5965556501
1.6192297088
1.6617728972
1.6897167005
1.7209162591
1.7712534451
1.8278586570
1.9039280872
1.9713280962
2.0341206898
2.1360458381
2.1974332015
2.2639651688
2.3117450929
2.3550874175
2.3779278328
2.4001580225
2.4228297259
2.4357033183
2.4520880675
2.4486429721
2.4461476538
2.4508433324
2.4569523629
2.4652801538
2.4720149769
2.4697324525
2.4543841185
2.4136178611
2.3704232605
2.3238645507
2.2025969591
2.0960590869
2.0056094478
1.9595956267
1.8753654829
1.8170775230
1.7466100085
1.6737287184
1.6236679444
1.5471335861
1.5109653736
1.4989649809
1.4854518321
1.4619799005
1.4405841949
1.4246584643
1.4397119542
1.4737096933
1.5161116039
1.5427854402
1.5754695331
1.6078606961
1.6215593552
1.6342991102
1.6257269590
1.6117537524
1.6074881494
1.5948793441
1.5846431160
1.5783712707
1.5785141885
1.5832224412
1.5838621061
1.5678999519
1.5656180462
1.5557730057
1.5372070270
1.5363440611
1.5408122861
1.5445969683
1.5306442327
1.5323289754
1.5443087737
1.5452838879
1.5361298331
1.5420097556
1.5408721973
1.5387577341
1.5192551483
1.5125647252
1.4948922812
1.4622458491
1.4289728736
1.4153529758
1.3960016416
1.3834787196
1.3589293852
1.3350473659
1.3265837480
1.3258092283
1.3369993599
1.3517514491
1.3720424399
1.3950994904
1.3996734376
1.4119284744
1.4181046518
1.4224477213
1.4235972668
1.4227129976
1.4304915981
1.4405609760
1.4336093195
1.4151516463
1.3978899014
1.3789113688
1.3587182232
1.3413270153
1.3215742431
1.2926979280
1.2668262323
1.2560646616
1.2403953327
1.2427869974
1.2047882391
1.1985575227
1.2054786445
1.2065847896
1.2280455264
1.2470915377
1.2525844034
1.2511981881
1.2518206648
1.2521283814
1.2556192486
1.2566836116
1.2548886066
1.2529907359
1.2500674855
1.2475813371
1.2461779106
1.2409712129
1.2379607906
1.2324637957
1.2309086323
1.2234100395
1.2151109716
1.2072509960
1.1970046301
1.1825728444
1.1662174075
1.1562099612
1.1487995395
1.1541644167
1.1417579395
1.1344220734
1.1207877066
1.1183769291
1.1265153967
1.1187039802
1.1290383517
1.1272138221
1.1294390278
1.1137623476
1.1208059302
1.1249546548
1.1084487904
1.1052878503
1.1080806711
1.0859192578
1.0583759948
1.0167887047
0.9809634169
0.9513077685
0.9376005281
0.9205902400
0.9086644552
0.8963719107
0.8737880059
0.8701694221
0.8852186423
0.8970832041
0.9035824257
0.8916268793
0.8679155897
0.8701530266
0.8557694272
0.8487049064
0.8447666473
0.8295662168
0.8140517909
0.8025814681
0.8018753751
0.8114201912
0.8261390877
0.8447136804
0.8678181131
0.8870273896
0.9480761540
0.9847335159
0.9905478214
1.0206018956
1.0225221549
1.0377888320
1.0303457928
1.0216719111
1.0178155273
1.0152664576
1.0137352259
1.0115267970
0.9974816970
0.9797407620
0.9723318982
0.9699920553
0.9946108187
1.0161531275
1.0060234576
1.0087205433
1.0086548781
1.0128815770
1.0028984406
0.9785009009
0.9614638303
0.9693589959
0.9590412822
0.9787132748
0.9837753222
1.0005797872
0.9935656820
0.9938255056
0.9957875134
0.9700955324
0.9405719920
0.9354193314
0.9128254543
0.9072949909
0.9032176552
0.8967382195
0.8841028063
0.8709178045
0.8458318373
0.8165600467
0.7980290023
0.8027355347
0.7937556456
0.7854158818
0.7812346724
0.7728098223
0.7593161916
0.7580335220
0.7515764288
0.7436842154
0.7332610774
0.7328347453
0.7517252964
0.7736617802
0.7951388781
0.8108270642
0.8110652330
0.8029832056
0.7867864087
0.7652690018
0.7428554285
0.7278188203
0.7036971634
0.6783588448
0.6468213815
0.6111606884
0.5778584438
0.5519481546
0.5331642277
0.5297975243
0.5221887760
0.5232038942
0.5328570645
0.5427824450
0.5434639164
0.5527280425
0.5519347399
0.5426637367
0.5324208167
0.5137501471
0.5090500672
0.4789785007
0.4723596770
0.4390229619
0.4352740020
0.4202635407
0.4143132161
0.3935715555
0.3895742557
0.3752599303
0.3639296293
0.3372296288
0.3304543254
0.3106487446
0.2910463127
0.2769057544
0.2605403133
0.2430954623
0.2406317318
0.2385911046
0.2301080296
0.2218627803
0.2030191103
0.1866960002
0.1783080898
0.1664325408
0.1597059642
0.1552937741
0.1463608566
0.1576198236
0.1877110055
0.2058390121
0.2080891980
0.2201044156
0.2311791011
0.2357129213
0.2291063965
0.2289468479
0.2268673696
0.2277136228
0.2188666593
0.2202198801
0.2131281457
0.2188275354
0.2297982192
0.2280160625
0.2240781186
0.2221314181
0.2118750731
0.2006754714
0.1856298617
0.1688568737
0.1669029297
0.1659026220
0.1706428719
0.1655343004
0.1696441566
0.1815736342
0.2125255222
0.2237248671
0.2414451392
0.2638343713
0.2823069518
0.3092324037
0.3315441771
0.3665635415
0.3922518229
0.4310647723
0.4488719772
0.4561296070
0.4684963458
0.4870285693
0.5100873900
0.5282920109
0.5576670200
0.5587120571
0.5648467390
0.5779721791
0.5919922516
0.6051511457
0.6285772480
0.6355123189
0.6488084210
0.6556024569
0.6723060255
0.6721013781
0.6851062848
0.6856318221
0.7009987344
0.7113508879
0.7208139800
0.7255886490
0.7251936435
0.7240779399
0.7270434266
0.7280149115
0.7289811991
0.7312479174
0.7288569872
0.7365887352
0.7390414265
0.7427898543
0.7492518852
0.7532861183
0.7639358170
0.7680617720
0.7720919928
0.7681480805
0.7697748565
0.7609017115
0.7566123997
0.7410746301
0.7309420225
0.7204599073
0.7103965428
0.7037368587
0.6970123532
0.6863147058
0.6886087994
0.6858150764
0.6942115305
0.6893337131
0.6965107364
0.6981032750
0.7065396964
0.7037551850
0.7061782247
0.7012709794
0.7003461759
0.6915735490
0.6893027801
0.6881998982
0.6739860774
0.6635343041
0.6520644413
0.6532689253
0.6402432207
0.6426915751
0.6443373305
0.6418477077
0.6322692229
0.6142897460
0.6017960053
0.5856001718
0.5650202051
0.5382471970
0.5467036139
0.5316835175
0.5132030211
0.5169723609
0.4977617477
0.4922309156
0.4722570824
0.4735490681
0.4541460823
0.4571540943
0.4441967676
0.4298895848
0.4051794083
0.3868157531
0.3715557268
0.3515793066
0.3451753241
0.3328452947
0.3252373413
0.3200971262
0.3170276092
0.3129810282
0.3204447228
0.3354860254
0.3527738166
0.3731445237
0.3788477421
0.4083821321
0.4434536666
0.4377027618
0.4642376660
0.4682666093
0.4764725144
0.4772969853
0.4520249016
0.4442973754
0.4203914249
0.4155945430
0.4003020294
0.4015032260
0.3828653613
0.3716657282
0.3605093169
0.3613525375
0.3478438837
0.3412049208
0.3311717307
0.3125795680
0.2932681530
0.2682358912
0.2522854341
0.2517485889
0.2562626718
0.2670792829
0.2607652767
0.2590674585
0.2431152497
0.2366604523
0.2261525928
0.2091051168
0.1998574367
0.1921392852
0.1788642480
0.1763935373
0.1737410690
0.1647266492
0.1643092780
0.1564571590
0.1499798323
0.1394891619
0.1281397196
0.1195335901
0.1142258919
0.1208183156
0.1302924374
0.1563531291
0.1753232944
0.1846986197
0.1883596834
0.2147692844
0.2111698996
0.2038437903
0.2313532563
0.1696997908
0.1523158393
0.1543703708
0.1505819602
0.1458788531
0.1474192177
0.1574172933
0.1538548341
0.1435648254
0.1340626232
0.1263558879
0.1272818940
0.1290387793
0.1344185307
0.1434752936
