0.1346777091
0.1317524306
0.1292292883
0.1270682678
0.1237864547
0.1230586264
0.1218808515
0.1202248650
0.1214930678
0.1248292452
0.1277560538
0.1309737757
0.1310792822
0.1318339019
0.1306263858
0.1295203174
0.1323110651
0.1343424414
0.1393695968
0.1403364340
0.1415647324
0.1456637142
0.1478560909
0.1520721964
0.1536239003
0.1552818981
0.1574692943
0.1635599486
0.1650017127
0.1652443035
0.1649919429
0.1704439755
0.1696394611
0.1738606951
0.1752694392
0.1736990398
0.1718555342
0.1728653207
0.1720761352
0.1629213910
0.1575290948
0.1536551708
0.1499495444
0.1458294576
0.1435556536
0.1394383095
0.1324562159
0.0855622332
0.0869453567
0.0818776610
0.0710447798
0.0575378213
0.0571586370
0.0873936988
0.1037004213
0.1087782187
0.1166690796
0.1200122246
0.1186505883
0.1146713376
0.1128987741
0.1151672191
0.1208158144
0.1304072220
0.1447731504
0.1557885557
0.1552053205
0.1569663604
0.1549402374
0.1576460668
0.1596131076
0.1620131845
0.1628276857
0.1663422698
0.1676458366
0.1643944993
0.1664365720
0.1691840457
0.1613665929
0.1564774938
0.1485963495
0.1345439883
0.1332721324
0.1272227496
0.1247923487
0.1228258976
0.1231928477
0.1275583439
0.1258276429
0.1299563917
0.1333052004
0.1419625216
0.1413348501
0.1337669267
0.1332467053
0.1287393148
0.1208693705
0.1151568577
0.1184952061
0.1345278973
0.1531077526
0.1669193218
0.1819226938
0.1980679180
0.2228871554
0.2386709528
0.2601795801
0.2711291657
0.2854439060
0.2874258922
0.2914584212
0.2879373298
0.2805452337
0.2660072231
0.2397374995
0.2281286405
0.2209560020
0.2186536829
0.2159946335
0.2164312631
0.2172979514
0.2122559581
0.2160196248
0.2150870417
0.2137641730
0.2133186831
0.2074104514
0.2034777750
0.1952686304
0.1860457747
0.1760328668
0.1734167192
0.1639390495
0.1528531990
0.1464794247
0.1442506092
0.1471783651
0.1486899277
0.1460648440
0.1437590211
0.1383096467
0.1320931684
0.1249803202
0.1182949936
0.1118403671
0.1065448477
0.1015644880
0.0979416183
0.0937395868
0.0898414742
0.0859933715
0.0825368862
0.0791331643
0.0769478519
0.0766920261
0.0764189181
0.0791204347
0.0826244100
0.0859102237
0.0917993265
0.0964550572
0.1036384822
0.1128685779
0.1168546239
0.1266656380
0.1364935908
0.1409504890
0.1503233562
0.1579274025
0.1530323513
0.1524175229
0.1521576109
0.1584106824
0.1586458189
0.1571156455
0.1585955981
0.1561057053
0.1487293771
0.1428170637
0.1392701393
0.1394205960
0.1372107438
0.1377747678
0.1382766224
0.1401519269
0.1468919950
0.1517958519
0.1630289925
0.1684253745
0.1782456662
0.1832961086
0.1916578303
0.2022035572
0.2131601342
0.2107416276
0.2019091829
0.2017202844
0.1935378903
0.1915681846
0.1850380945
0.1709085059
0.1631920824
0.1494851779
0.1386658717
0.1352104012
0.1279179987
0.1208706743
0.1169438519
0.1143371932
0.1122189723
0.1088781857
0.1160398078
0.1201916545
0.1245078318
0.1300247465
0.1241773440
0.1315736968
0.1401366359
0.1488631347
0.1513677863
0.1508411728
0.1480186950
0.1538588522
0.1515417046
0.1446264082
0.1493776211
0.1580770850
0.1679102459
0.1829268517
0.1973647159
0.2115595943
0.2295504049
0.2423542084
0.2469325471
0.2489195064
0.2502660840
0.2377962678
0.2262928484
0.2291157587
0.2214423685
0.2195532788
0.2163138885
0.2042278286
0.1941166795
0.1914959081
0.1907472022
0.1908229965
0.1898238517
0.1880031110
0.1858654746
0.1838080414
0.1774703169
0.1675695927
0.1605633431
0.1572668794
0.1490002197
0.1449844497
0.1420557028
0.1405353557
0.1375988615
0.1374732754
0.1341672061
0.1362899419
0.1379348348
0.1387627743
0.1422172593
0.1441857885
0.1480010060
0.1544519771
0.1557180137
0.1582211993
0.1615774166
0.1554374512
0.1499901971
0.1517558439
0.1507536442
0.1502547982
0.1497140760
0.1496683583
0.1497526101
0.1527293769
0.1553245771
0.1573567646
0.1583432468
0.1580583220
0.1606042303
0.1590248356
0.1565491246
0.1564317971
0.1556606018
0.1549764662
0.1541128047
0.1549187364
0.1558624912
0.1558963859
0.1560350247
0.1602538742
0.1628171249
0.1620367904
0.1601702503
0.1613098325
0.1597752148
0.1627312595
0.1652374472
0.1660348826
0.1597050518
0.1525419769
0.1530370070
0.1477823004
0.1430035623
0.1438053430
0.1379912986
0.1318192463
0.1279383688
0.1257877060
0.1262215791
0.1266563428
0.1304662834
0.1365215935
0.1449319165
0.1544752921
0.1699367957
0.1857900597
0.1891710289
0.1953090077
0.2030769839
0.2118844924
0.2230108471
0.2397970828
0.2458955633
0.2549133840
0.2680079161
0.2837072370
0.2946513275
0.3015246764
0.3060065683
0.3103999085
0.3182404297
0.3239816783
0.3257437363
0.3287182639
0.3306751849
0.3289170509
0.3298395439
0.3307505964
0.3311152918
0.3300037128
0.3301991348
0.3395640938
0.3460802265
0.3611305519
0.3710813741
0.3959344024
0.4057984096
0.4058575218
0.3856117339
0.3849816189
0.3848757881
0.3843575353
0.3860600350
0.3833792704
0.3834816855
0.3821799807
0.3809840480
0.3786165228
0.3756829471
0.3734541894
0.3710012572
0.3715758113
0.3723861900
0.3733087534
0.3752969058
0.3772996311
0.3809768037
0.3837828239
0.3852044173
0.3859455880
0.3856546218
0.3776908925
0.3763791590
0.3735986437
0.3736296360
0.3737086476
0.3707567760
0.3704152108
0.3716507971
0.3718985704
0.3707325857
0.3723484165
0.3784323573
0.3855312261
0.3912543264
0.3927195850
0.3916914176
0.3876036071
0.3777169422
0.3675624903
0.3574030717
0.3492257334
0.3460041064
0.3472351051
0.3182990047
0.3163881398
0.3213594694
0.3302377267
0.3356685372
0.3397965999
0.3454547115
0.3492326597
0.3515804448
0.3518296903
0.3490684698
0.3485906998
0.3490316624
0.3523414590
0.3549797455
0.3579055553
0.3730189703
0.3839582161
0.3915023027
0.4009910478
0.3953100186
0.3955980999
0.3900837942
0.3916806703
0.3848140454
0.3844887114
0.3828682464
0.3801119345
0.3787012282
0.3790853094
0.3777321753
0.3732064912
0.3695548707
0.3645253426
0.3565836042
0.3511188285
0.3441613075
0.3358557455
0.3276088464
0.3252169889
0.3237952494
0.3204473031
0.3199476757
0.3246006347
0.3268765146
0.3257552341
0.3194278984
0.3125567228
0.3094647998
0.3098581543
0.3150101001
0.3224881246
0.3281516221
0.3306828352
0.3305049701
0.3323526948
0.3357374799
0.3299435027
0.3310550117
0.3302178308
0.3263348796
0.3182091328
0.3138682005
0.3105643879
0.3084230275
0.3034850419
0.2994770444
0.2969751070
0.2947103901
0.2920627440
0.2849410673
0.2748310078
0.2695813110
0.2606468929
0.2517319065
0.2414635624
0.2349328494
0.2323331594
0.2327649139
0.2350864821
0.2352993006
0.2307674661
0.2353366415
0.2380566035
0.2402126841
0.2390860923
0.2366884616
0.2397977626
0.2443793355
0.2491087787
0.2456747399
0.2353448398
0.2213827223
0.2204825105
0.2175129695
0.2167603831
0.2161464597
0.2153169495
0.2128334521
0.2121215003
0.2113749398
0.2163476430
0.2229267085
0.2302756734
0.2340811473
0.2394534734
0.2436959900
0.2502176893
0.2524545859
0.2462560817
0.2382760663
0.2307774448
0.2324487144
0.2367320755
0.2414019635
0.2487333852
0.2518220743
0.2572040120
0.2634106392
0.2691894545
0.2762846389
0.2809660637
0.2820305545
0.2803779229
0.2708233263
0.2605572166
0.2567100967
0.2513927489
0.2447667607
0.2362399198
0.2291253494
0.2188374963
0.2151919632
0.2094433943
0.2083792892
0.2063059976
0.2022488558
0.2028215711
0.2011299650
0.2037806530
0.2030452262
0.2072408562
0.2106177822
0.2136086067
0.2065132178
0.1988148522
0.1969661888
0.1935421147
0.1908848145
0.1899760542
0.1923903401
0.1968932121
0.1952610946
0.2019474824
0.2014770813
0.2100532458
0.2110415867
0.2118035326
0.2199274712
0.2192279653
0.2174533983
0.2221911360
0.2272803601
0.2444272076
0.2513618583
0.2567050227
0.2596304499
0.2540899893
0.2566014599
0.2533065270
0.2519240262
0.2565968392
0.2634324344
0.2689054287
0.2752953917
0.2824129132
0.2868451765
0.2882144378
0.2894441101
0.2868807092
0.2653184151
0.2477328917
0.2375105802
0.2294292624
0.2237269446
0.2166947621
0.2094658067
0.2033319902
0.1971528200
0.1913815838
0.1894664990
0.1862421832
0.1815599986
0.1785012417
0.1749492417
0.1710208959
0.1642586435
0.1565943237
0.1665619694
0.1627140683
0.1592263602
0.1528033992
0.1457403842
0.1361811224
0.1312447809
0.1263077024
0.1224644849
0.1190430383
0.1152457795
0.1128824591
0.1160599483
0.1206152545
0.1305435983
0.1411512196
0.1476836899
0.1566378016
0.1663744085
0.1782403581
0.1802957169
0.2070300920
0.2151786210
0.2195481031
0.2125567059
0.2161731492
0.2170000815
0.2077741295
0.2066560892
0.2016301819
0.2051268425
0.2108494287
0.2165233642
0.2331503148
0.2427803125
0.2570909011
0.2750765530
0.2848365069
0.2763945028
0.2739124459
0.2636986948
0.2595445056
0.2512721995
0.2465583700
0.2495247890
0.2468450579
0.2469376132
0.2418092522
0.2387407150
0.2379196379
0.2385675984
0.2425519913
0.2465571233
0.2474608114
0.2461360309
0.2459817368
0.2431470102
0.2338225991
0.2315114072
0.2339457694
0.2257242596
0.2251873259
0.2240475525
0.2246421042
0.2269216424
0.2312813341
0.2336464401
0.2338767499
0.2353789008
0.2383302075
0.2403995052
0.2443903407
0.2501302751
0.2552768267
0.2607185466
0.2680883893
0.2735411120
0.2669006181
0.2671189861
0.2651901451
