3.1105073791
3.1071135600
3.1075800877
3.1047956107
3.1193132703
3.1198685721
3.1206196649
3.1224140395
3.1192223513
3.1252752274
3.1306497648
3.1430593813
3.1539074510
3.1468342284
3.1482755594
3.1490184405
3.1545808553
3.1583551247
3.1767243299
3.1753623541
3.1452104974
3.1285437160
3.1371779002
3.1060366066
3.0960319697
3.0870912561
3.0584519036
3.0328172341
3.0164266028
3.0138754833
3.0204253866
3.0312578871
3.0429538856
2.9957163885
2.9919339604
2.9398718248
2.8840726696
2.8414269927
2.7819921827
2.6955056885
2.5989571678
2.5102710482
2.4452188354
2.3657546847
2.2921002028
2.1495256593
2.0899263501
2.0375633567
1.9142971257
1.7377514324
1.5795994776
1.5467898120
1.5329089058
1.4282671739
1.4036716092
1.3518569435
1.2938274751
1.2668373084
1.2507957459
1.2445408775
1.2269882714
1.2393757375
1.2540808206
1.2465586213
1.2120967053
1.2031127094
1.2040986237
1.2033516204
1.2226727495
1.2245230404
1.2311401853
1.2408440470
1.2529292435
1.2537500048
1.2504749941
1.2545550896
1.2546199108
1.2332668737
1.1934815237
1.1654244971
1.1346246803
1.0774854188
1.0249514716
0.9760347820
0.9560943439
0.9354515615
0.9375642931
0.9534315349
0.9488647679
0.9661115474
0.9830933032
1.0018594562
1.0136293612
1.0335525553
1.0715408565
1.1595519398
1.2091007337
1.2325982893
1.2833571975
1.3416967108
1.4122186646
1.4723181039
1.5429313610
1.6412500511
1.7159462742
1.8036061245
1.8455192926
1.8212453930
1.7885152314
1.7074203268
1.6067541289
1.4423632880
1.3165717491
1.1957283419
1.1201403262
1.0978641034
1.0904671398
1.1221790115
1.1769770065
1.2232471580
1.2696555904
1.3261763691
1.3942380321
1.4330709103
1.4860191718
1.5255653850
1.5338245459
1.5305665362
1.5288444350
1.5352244542
1.5349376053
1.5375098272
1.5333276155
1.5261656033
1.5421645112
1.5613346488
1.5659988163
1.5711413376
1.5403917653
1.5371568756
1.4920530564
1.4774588022
1.4509008177
1.4469447352
1.4804438016
1.4668843627
1.4717165951
1.4520094582
1.4139277946
1.3802737282
1.3738703388
1.3677503983
1.3423894252
1.3276650796
1.2779714285
1.2506316532
1.1919706170
1.1321108243
1.0941966765
1.0934639716
1.1809340364
1.1808508189
1.1801297093
1.1729343229
1.1690454011
1.1586674143
1.1776198427
1.2145599873
1.2384470278
1.2693566427
1.3016797943
1.3445619943
1.3612400771
1.3743436600
1.3814861240
1.3749725224
1.3790021991
1.3736478430
1.3641085998
1.3567664794
1.3555623527
1.3661615118
1.3698476502
1.3927684395
1.3995576376
1.3911775464
1.3698976681
1.3630809840
1.3796836269
1.3733534998
1.3751580118
1.3692278768
1.3635590325
1.3515519409
1.3337092149
1.3081919739
1.2933968351
1.2886170266
1.2904287800
1.1655096103
1.7939118179
1.7476262714
1.7169494382
1.7049801673
1.7037804995
1.6981170934
1.6989162773
1.6577656392
1.5989324309
1.5822824525
1.5391999110
1.5056645718
1.4866924786
1.4202936685
1.3763367494
1.3374248099
1.2741517337
1.2693147048
1.2519672413
1.2568149197
1.1163280712
1.1156771891
1.0782001326
1.0495868553
1.0410117042
1.2009300746
1.1894285101
1.2023871247
1.1984466685
1.1900685024
1.1571504097
1.1299110465
1.1278784582
1.1050644015
1.0900849459
1.0791767647
1.0804208048
1.0784110407
1.0783962304
1.0517716137
1.0508482853
1.0508702571
1.0614860773
1.0421447088
1.0343583440
1.0286626025
1.0600486387
1.0729363189
1.0776672594
1.0858191759
1.0933019585
1.0582453096
1.0448986300
1.0568691221
1.0551666881
1.0445476287
0.9817609467
0.9201108522
0.8652269986
0.8361161397
0.8070134120
0.7912305998
0.7991958487
0.8019133579
0.8008747780
0.8113669121
0.8439695352
0.8678566839
0.8990686072
0.9168434634
0.9311166053
0.9688653103
0.9932388936
1.0186761916
1.0552434037
1.0676409438
1.0817021869
1.0895701696
1.1068560427
1.1287342811
1.1579942600
1.1741499683
1.1929168662
1.2200711338
1.2460222339
1.2706840592
1.2798857833
1.2458054780
1.2783353291
1.5252548554
1.5162128167
1.4931861932
1.4748226862
1.4686476685
1.4448935920
1.4449967753
1.4476568391
1.4395779550
1.4344112502
1.4431020139
1.4287826109
1.4146249513
1.3957998829
1.3693976135
1.3388291351
1.3266862874
1.3172939590
1.3164061388
1.3062142741
1.2992619466
1.2878520881
1.2721889716
1.2620747286
1.2566969766
1.2503436091
1.2408440709
1.2385582608
1.2295840924
1.2242246696
1.2202541189
1.2129053075
1.2096964560
1.2771250371
1.3177124952
1.3572015674
1.4330204955
1.8867776549
1.9205458852
1.9261056343
1.9413627109
1.9486286403
1.9110692802
1.8835260343
1.8863383135
1.8928848183
1.8909324090
2.1157868865
2.1115974549
2.0980709846
2.6576907795
2.6618985596
2.6470406393
2.6477785509
2.6483549926
2.6523029252
2.6500433022
2.6587383099
2.6688679639
2.6678886827
2.4808447268
1.9673662392
1.9458717979
1.9761138387
2.0093785816
2.0398668076
2.0246076738
2.0069859969
2.0323436098
2.0547202488
2.0582918374
2.0765188186
2.1006813258
2.1183243217
2.1298698990
2.1445244765
2.1556529408
2.1576964744
2.1555655983
2.1374434289
2.1280559753
2.1124472441
2.0903695191
2.0590589591
2.0469757652
2.0045582019
1.9626056900
2.1113725636
1.9603748186
1.9183051901
1.9188790185
1.9235147861
1.9443874348
1.9726059932
1.9794665846
1.8092037712
1.7614443229
1.7565190866
1.7577170339
1.7657526387
1.7623802924
1.7549814912
1.7629555271
1.7786660965
1.7914146575
1.7895420436
1.7757263830
1.7577230923
1.7434426040
1.7557556703
1.8694199800
1.8257944197
1.6002533928
1.6546465431
1.7347649227
1.7754698478
1.8259109259
1.8363690297
1.8292120215
1.8244307299
1.8057702995
1.7686950108
1.7345467779
1.6906178479
1.6596509663
1.7288406197
1.3416138773
1.3434914931
1.3531033185
1.3686727714
1.3711375363
1.3722923100
1.3407291943
1.3286497448
1.3126269368
1.3038175518
1.2918680056
1.2767133498
1.2623936538
1.2554282822
1.2341534681
1.2325315542
1.2196907857
1.2064426534
1.1706496203
1.1441370976
1.1079732379
1.0746856260
1.0348336003
1.0244719229
2.0608594184
2.1338002763
2.1504459771
2.1673882695
2.1662152758
2.1748323681
2.1980974179
2.2225090553
2.2228760150
2.2223247445
2.2226261461
2.2298053317
2.2256388856
2.2271779366
2.2184346008
2.2193431476
2.2319406055
2.3777403531
2.3901505809
2.3930219348
2.4762345982
2.5057132039
2.5242216460
2.5473631414
2.5854755352
2.6214741862
2.6447426906
2.6889456639
2.7228317285
2.7437113300
2.7372528976
2.6942789668
2.7138571291
3.0103785122
2.5814931802
2.6273080798
2.5007518661
2.4946901533
2.4907585912
2.5013356187
2.5248223115
2.5264196737
2.5401505020
2.5424752191
2.5443359205
2.5366965906
2.5658933921
2.2616699023
2.2529502639
2.3490587182
2.4715848190
2.5736217432
2.6696805786
2.8975460247
3.0989527476
3.1456693493
3.1539463548
3.1589477952
3.1689252552
3.1813519680
3.1932838128
3.2006869048
3.3048679223
3.2968835445
3.2926418258
3.3155514481
3.3356278500
3.3471895619
3.3247000840
3.3281299518
3.1623263304
3.4327676138
3.4237265261
4.0437800409
4.0637858888
4.0692753419
4.0711985353
4.0739690454
4.0766107179
4.0762265073
4.0780194283
4.0846536484
4.1061716927
4.1124985541
4.1097564330
4.0613450886
3.8732868987
3.4773226106
3.3593145664
3.3287506142
3.3670911269
3.3686447984
3.3609922074
3.3509058690
3.3462914384
3.3295118500
3.3025536529
3.2296439196
3.1053139758
3.0302519213
3.0149194953
3.0122226050
2.9969458461
2.9492349945
2.9025622615
2.7692187703
3.0496443319
3.7609667773
3.8756445819
3.8987629853
3.8989349823
3.8938586058
3.8927431602
3.8960339516
3.9068374510
3.9077299352
3.9075265496
3.9089665016
3.9163296846
3.9146870693
3.9075367690
3.8879262145
3.8512616816
3.6700222894
3.6447202417
3.6504613103
3.6481139991
3.6491707543
3.6500515323
3.6441700476
3.6356202821
3.6311966532
3.6318702071
3.6332483467
3.6364117263
3.6307856206
3.7020653473
4.0882487429
4.0804643633
3.3656338081
3.3794165336
3.2292427596
2.7241044314
2.6079065126
2.5938521242
2.5984675916
2.5985466162
2.5832679813
2.5601804085
2.5300396439
2.5139088166
2.4847456767
2.4496197782
2.3943507457
2.3321337192
2.2760544279
2.2366250831
2.2818574494
2.2470292537
2.0952660741
2.7581287019
2.9851750155
3.0427418158
3.0974290103
3.1367152237
3.1425267539
3.1668032556
3.1950161319
3.2023390598
3.2080101780
3.2007175512
3.1909325210
3.2004110266
3.1926662137
3.1884059305
3.1738648595
3.1738949927
3.1765322820
3.2029461690
3.0410561992
2.8863591168
1.4743208687
1.3997989578
1.3713434060
1.3521270590
1.3601225183
1.3632624366
1.3387166788
1.3080420773
1.2956876123
1.3133024403
1.3142009270
1.3340955095
1.3381138672
1.3286092720
1.3271483123
1.3250790357
1.3062579850
1.2695022430
1.2241903564
1.1522345372
1.1520624768
1.1663258507
1.0854415658
1.0714417031
1.0382033037
1.0140792078
0.9911411725
0.9837060911
0.9514199216
0.9089776729
0.8743492963
0.8434479546
0.8037573659
0.7636076458
0.7335096765
0.7727524545
1.1477035369
1.1023088561
0.8347359484
1.1161893542
1.2089832852
1.2403413144
1.2425515911
1.2437842688
1.2561583271
1.2354650740
1.2380867332
1.2340519852
1.2180090059
1.2010454909
1.1930112172
1.1909411779
1.1875695278
1.1871380554
1.1799684613
1.1728847442
1.4375217147
1.4327768639
1.4355501084
1.3691866291
1.3711286137
1.3659971278
1.3674456449
1.3542266063
1.3514555133
1.3491772088
1.3134646947
1.2943560814
1.2828365184
1.2656808074
1.2464058174
1.2133391516
1.1007002915
1.0489750623
1.0245833121
1.0428323021
1.1310106657
1.1343518491
0.9903731132
0.9331961684
0.9165006300
0.9073226617
0.9076737556
0.8999629301
0.9066606607
0.9385407407
0.9460646421
0.9590217280
0.9568141265
0.9538001134
0.9324873107
0.9097702216
0.9128796851
0.9162193656
0.9325856660
0.9531683826
0.9734945390
0.9960991299
1.0280497107
1.0401861414
1.0376219977
1.0388900739
1.0394340158
1.0217323345
1.0004830512
0.9810189990
0.9754404139
0.9744813834
0.9717323448
0.9802611773
0.9849958453
1.0081319492
1.0483142424
1.1167903135
1.1584288714
1.1696883291
1.1801548050
1.1856148889
1.1816263493
1.1641050405
1.1552319232
1.1638533394
1.1484593454
1.1454617001
1.1187099588
1.0951627569
1.3397007402
1.4107590600
1.4350908715
1.4200180838
1.3963410893
1.3647660070
1.3157182691
1.2918436434
1.3044658515
1.2519483444
1.2084228449
1.2015827941
1.1975183872
1.1904982133
1.2413505154
1.2676333798
1.2684037375
1.2705709246
1.2742638587
1.2790625876
1.2767531773
1.2748604694
1.2724873616
1.2669692870
1.2617934254
1.2554298043
1.2498973956
1.2477305955
1.3227944427
1.7088145257
