0.0168024066
0.0165333441
0.0168448434
0.0173156988
0.0180886586
0.0179109221
0.0175551048
0.0175056750
0.0178700316
0.0177506079
0.0176881671
0.0171354506
0.0157988400
0.0158620620
0.0164506095
0.0167197626
0.0165972855
0.0168040016
0.0171848841
0.0177622700
0.0181203964
0.0186197265
0.0193741322
0.0197299030
0.0197765515
0.0195997737
0.0200082059
0.0208624699
0.0206515114
0.0210551741
0.0204206426
0.0207123489
0.0201868946
0.0204074362
0.0198823244
0.0197869855
0.0203248463
0.0199122470
0.0198305853
0.0199420783
0.0205123303
0.0203116852
0.0203242587
0.0203588029
0.0190059932
0.0185756339
0.0183408323
0.0168106572
0.0157959897
0.0150354685
0.0156916577
0.0152814141
0.0135393566
0.0144733240
0.0134370587
0.0136605841
0.0148209471
0.0162573048
0.0182187292
0.0178133530
0.0187769645
0.0189698606
0.0157142589
0.0173338965
0.0151588092
0.0127321846
0.0108303656
0.0096994546
0.0088621350
0.0087662816
0.0090475535
0.0107838478
0.0121528814
0.0136792734
0.0174646979
0.0197612801
0.0201070126
0.0201943929
0.0199461302
0.0195872149
0.0195176247
0.0202894692
0.0204994166
0.0183584828
0.0194728759
0.0207444314
0.0197460380
0.0199972783
0.0155870786
0.0182287435
0.0121211301
0.0140797421
0.0090719498
0.0063089361
0.0069161281
0.0089625140
0.0118711720
0.0159854734
0.0156833600
0.0191276885
0.0241625554
0.0213246411
0.0205619807
0.0164762148
0.0134772342
0.0109110271
0.0105283780
0.0124364844
0.0131916758
0.0165399038
0.0190688584
0.0196768140
0.0153459377
0.0161739847
0.0167513410
0.0168065522
0.0160833573
0.0150680451
0.0167315012
0.0165110610
0.0173009747
0.0162401391
0.0230511829
0.0221666674
0.0219189145
0.0249732304
0.0231491750
0.0222355632
0.0227015407
0.0255976048
0.0268613020
0.0272052179
0.0279891414
0.0287196183
0.0292437815
0.0302934889
0.0300095123
0.0288660695
0.0323072970
0.0326537888
0.0316497941
0.0327429435
0.0313566188
0.0322761426
0.0325332176
0.0332325728
0.0319190449
0.0329908208
0.0330613138
0.0347644663
0.0373641703
0.0368075641
0.0413916944
0.0435059321
0.0422835238
0.0430443377
0.0403417779
0.0390055947
0.0359258336
0.0385856229
0.0387718068
0.0412479105
0.0416984871
0.0419207069
0.0451563657
0.0459891318
0.0457008933
0.0486795486
0.0491470844
0.0503600899
0.0504391702
0.0518107140
0.0511108272
0.0519218489
0.0530605923
0.0541241431
0.0556518614
0.0561906929
0.0583219779
0.0580125935
0.0558894951
0.0551222308
0.0569435159
0.0566588913
0.0563308080
0.0573549054
0.0587149407
0.0613447772
0.0615866235
0.0620476598
0.0629126567
0.0615936627
0.0636324642
0.0624729561
0.0637895395
0.0596359657
0.0570037550
0.0588959323
0.0570688042
0.0596385525
0.0592603641
0.0559341262
0.0574516274
0.0562238455
0.0556353845
0.0582842864
0.0575679413
0.0577302179
0.0577193550
0.0567494229
0.0562429446
0.0579181812
0.0591992833
0.0607540954
0.0620159381
0.0619253397
0.0624591445
0.0599363760
0.0581284432
0.0556772140
0.0554760967
0.0580533332
0.0577519529
0.0552234020
0.0524934421
0.0551923769
0.0576620858
0.0594561963
0.0627993203
0.0633189983
0.0634926300
0.0655519088
0.0694311283
0.0638278192
0.0630386561
0.0648362129
0.0644762219
0.0692253206
0.0778968268
0.0839714623
0.0803668958
0.0801464777
0.0802533976
0.0804441853
0.0797971021
0.0789249645
0.0785536562
0.0792910070
0.0772860671
0.0783971542
0.0751389622
0.0756584396
0.0752481260
0.0760395120
0.0751303751
0.0736047306
0.0745198575
0.0746445755
0.0759076689
0.0760572871
0.0743149054
0.0753044259
0.0774943289
0.0753569955
0.0745005825
0.0722722510
0.0747284986
0.0771757035
0.0779943526
0.0776944140
0.0770589787
0.0737666801
0.0660813155
0.0637059904
0.0634142450
0.0607941516
0.0608963401
0.0601716646
0.0614596241
0.0622551646
0.0597823582
0.0590090894
0.0598249197
0.0600581345
0.0625749321
0.0634595502
0.0620764343
0.0621410646
0.0675074414
0.0667193903
0.0666639111
0.0736441335
0.0745024735
0.0737981357
0.0718798807
0.0748388282
0.0778228769
0.0821382822
0.0785637986
0.0736370351
0.0729056966
0.0719509891
0.0777173137
0.0753125641
0.0787271087
0.0788230640
0.0806714975
0.0811173095
0.0819601259
0.0799160959
0.0826410255
0.0827817625
0.0826867648
0.0835659915
0.0830857128
0.0833610188
0.0880717674
0.0887833847
0.0908023118
0.0909129205
0.0908605515
0.0905579792
0.0901929967
0.0915786035
0.0912918654
0.0913738589
0.0909577132
0.0899812954
0.0898010825
0.0837265397
0.0833363446
0.0819132099
0.0798038320
0.0814034888
0.0821547224
0.0798547351
0.0786186179
0.0785238158
0.0766915036
0.0776447445
0.0780171155
0.0783891007
0.0773385600
0.0733319357
0.0722752277
0.0681374611
0.0652056811
0.0663626314
0.0628799099
0.0612943036
0.0567694159
0.0584746760
0.0589890589
0.0588997585
0.0575578366
0.0547977418
0.0529487936
0.0514501009
0.0523087428
0.0543281780
0.0542361104
0.0509659534
0.0505519240
0.0532922505
0.0517129546
0.0502128695
0.0462751927
0.0422634876
0.0421905812
0.0430500104
0.0389972447
0.0430855440
0.0397551586
0.0389489951
0.0354132970
0.0396166789
0.0365604306
0.0373450740
0.0391238758
0.0415275169
0.0379775774
0.0367506650
0.0325720148
0.0252517984
0.0312234342
0.0360861656
0.0390338178
0.0418844612
0.0481425639
0.0687462277
0.0525523242
0.0519964562
0.0469761012
0.0461834792
0.0455160520
0.0414834058
0.0415652226
0.0481153851
0.0381204306
0.0328834830
0.0373507641
0.0331061665
0.0336741142
0.0414863529
0.0359360275
0.0345916667
0.0342935330
0.0389684407
0.0327844837
0.0308826836
0.0272449467
0.0296804915
0.0269370038
0.0331309243
0.0455272968
0.0413942430
0.0451130052
0.0432959881
0.0482686112
0.0503120769
0.0491359389
0.0481898527
0.0500310307
0.0512129521
0.0500515387
0.0480193453
0.0476362329
0.0471303945
0.0494633747
0.0487695506
0.0476567408
0.0442184019
0.0488158128
0.0462424908
0.0438380883
0.0436818894
0.0488100388
0.0544242097
0.0546212085
0.0556052649
0.0588582592
0.0652768729
0.0620701736
0.0594265701
0.0460789405
0.0439545030
0.0428643608
0.0455050717
0.0448561346
0.0510638644
0.0527034633
0.0521395702
0.0500706388
0.0497963311
0.0490393894
0.0475888190
0.0472898398
0.0517005973
0.0454283352
0.0509398816
0.0626860169
0.0597703996
0.0635812763
0.0529635212
0.0754017983
0.0622891873
0.0690110268
0.0794852976
0.0697309867
0.0810320879
0.0923159047
0.0871203890
0.0804372059
0.0901889385
0.0932665146
0.0974011189
0.0978346457
0.1023760090
0.1030115656
0.1019814031
0.1039426829
0.1218211290
0.1255445603
0.1205054373
0.1147335159
0.1154757562
0.1236005395
0.1336036728
0.1415097313
0.1293006714
0.1268598869
0.1311751753
0.1313411796
0.1248902442
0.1261948475
0.1286518099
0.1258903661
0.1254731917
0.1276438121
0.1256176360
0.1229336910
0.1222946929
0.1180409088
0.1129597683
0.1090191352
0.1067890661
0.1027364546
0.1049909912
0.1037366317
0.1024163153
0.1027826017
0.1072844536
0.1037051563
0.1009975449
0.0967454274
0.0938536825
0.0918750564
0.0880663247
0.0876212386
0.0881035798
0.0856846979
0.0847890145
0.0803273413
0.0794768862
0.0809000428
0.0849440534
0.0821246376
0.0756414815
0.0815487412
0.0845086697
0.0862742309
0.0775669493
0.0858407433
0.0631494566
0.0594450073
0.0654450038
0.0661980185
0.0702657771
0.0631282161
0.0662343162
0.0687549159
0.0641445540
0.0644294833
0.0654235905
0.0667938724
0.0705685470
0.0707963243
0.0676373368
0.0645468084
0.0615233458
0.0596421098
0.0585969049
0.0566732054
0.0533190409
0.0532301895
0.0536650067
0.0537789280
0.0514307297
0.0446425102
0.0376003697
0.0336784545
0.0287964123
0.0242094668
0.0204366273
0.0171930011
0.0175982657
0.0231724895
0.0198907971
0.0190857899
0.0160713833
0.0154009417
0.0171569584
0.0188032047
0.0192075798
0.0166067727
0.0146452596
0.0140360431
0.0129372992
0.0131436816
0.0147203038
0.0143357892
0.0154811312
0.0194244397
0.0202346553
0.0242871024
0.0285287793
0.0294381749
0.0280385313
0.0320120917
0.0358906437
0.0348550273
0.0354868283
0.0381622549
0.0446367447
0.0446668933
0.0432882320
0.0430758485
0.0466080322
0.0479432471
0.0496468176
0.0506517194
0.0524039793
0.0559264314
0.0544070742
0.0510757346
0.0504752091
0.0517735757
0.0498680800
0.0543181834
0.0519078352
0.0381276500
0.0315560168
0.0133683485
0.0154526620
0.0226413397
0.0191261435
0.0248059549
0.0244182042
0.0263435647
0.0265854284
0.0324100611
0.0463009638
0.0489313208
0.0469427846
0.0544116301
0.0666460134
0.0618790223
0.0655927625
0.0621589067
0.0593968408
0.0576590995
0.0579337740
0.0590112242
0.0624360060
0.0650890283
0.0658862925
0.0614464644
0.0565697727
0.0546925532
0.0537614678
0.0548871776
0.0520328671
0.0538920105
0.0524172695
0.0555401043
0.0581972274
0.0646981955
0.0681132845
0.0714089126
0.0756835319
0.0735030651
0.0676513267
0.0684500664
0.0721147921
0.0733991026
0.0702418507
0.0677349129
0.0660534415
0.0657765488
0.0641644169
0.0635478590
0.0649975359
0.0658399398
0.0663386960
0.0642074750
0.0590455667
0.0557298765
0.0589754851
0.0514101102
0.0468256290
0.0463015074
0.0460208491
0.0477422057
0.0467297246
0.0425828051
0.0622844323
0.0560160160
0.0507805523
0.0495355951
0.0445002970
0.0395783615
0.0358251364
0.0323033634
0.0338582382
0.0292194791
0.0301706876
0.0292108147
0.0535362772
0.0288436055
0.0320453586
0.0443848619
0.0437020867
0.0383264515
0.0365811881
0.0364811626
0.0359771114
0.0349256900
0.0362321927
0.0355573837
0.0368213462
0.0388120387
0.0397991619
0.0406105312
0.0411449107
0.0412041461
0.0399824853
0.0347734826
0.0344351854
0.0343781284
0.0355860060
0.0359383785
0.0320087836
0.0309579004
0.0288177840
0.0252076428
0.0323099703
0.0344840449
0.0358490207
0.0334100535
0.0311081256
0.0269962260
0.0227834034
0.0226478984
0.0223675852
0.0244094305
0.0188719776
0.0164736444
0.0152821320
0.0149553644
0.0134731377
0.0137158043
0.0223033359
0.0242894450
0.0199679685
0.0145034201
0.0071101395
0.0233472094
0.0194379377
0.0135185816
0.0141232979
0.0191987218
0.0208192232
0.0258871175
0.0265696807
0.0287814741
0.0298895913
0.0310858916
0.0348813237
0.0332244827
0.0332886819
0.0338731038
0.0378303917
0.0365487328
0.0371463228
0.0375576556
0.0373419845
0.0462831926
0.0422310160
0.0381203456
0.0498198890
0.0482640682
0.0444160550
0.0598126638
0.0803171199
0.0529222129
0.0518251591
0.0492553345
0.0509675333
0.0478741392
0.0455654362
0.0433172966
0.0340638415
0.0211972579
0.0578381511
0.0880531345
0.0342058217
0.0405031362
0.0541481388
0.0360531459
0.0497920573
0.0572589020
0.0663971193
0.0723137632
0.0659705202
0.0721971956
0.0763990981
0.0737921355
0.0691637506
0.0661540778
0.0635695480
0.0602258445
0.0588312281
0.0556870646
0.0553324148
0.0542645861
0.0526668599
0.0526957468
0.0507728324
0.0533132230
0.0550175671
0.0603264647
0.0627944508
0.0630423242
0.0629375365
0.0667227914
0.0646609767
0.0621713342
0.0641241143
0.0662521667
0.0679402196
0.0629630592
0.0681881133
0.0677586720
0.0520363022
0.0548058487
0.0567025386
0.0613708110
0.0619703834
0.0656458822
0.0685503676
0.0660154071
0.0628381359
0.0578907761
0.0549973362
0.0550231428
0.0636850602
0.0586684348
0.0592944218
0.0627713806
0.0416073975
0.0426039103
0.0434199210
0.0466279699
0.0508448298
0.0431536772
0.0401198659
0.0385342709
0.0353923641
0.0343401616
0.0353524631
0.0382195941
0.0374411795
0.0359270715
0.0355487689
0.0362776480
0.0371652236
0.0419918186
0.0400561939
0.0414020336
0.0361207483
0.0357024087
0.0350025239
0.0354325137
0.0363207228
0.0363152461
0.0382006931
0.0413314647
0.0505908769
0.0540521176
0.0613475808
0.0638708099
0.0531846531
0.0612319970
0.0690791792
0.0634805692
0.0694675780
0.0476177342
0.0445647145
0.0348881075
0.0345561822
0.0253235574
0.0264562015
0.0198315827
0.0117002481
0.0133277983
0.0122778449
0.0105667550
0.0099205636
0.0106519568
0.0083489185
0.0076283427
0.0093024163
0.0132676463
0.0181036988
0.0172416681
0.0149661664
0.0165519761
0.0142847363
0.0154350634
0.0147240266
0.0162638172
0.0144159330
0.0151795853
0.0172454989
0.0205534942
0.0189704172
0.0265410951
0.0268511547
0.0309369962
0.0343010575
0.0344875915
0.0348510478
0.0374133546
0.0356559016
0.0352716759
0.0404065862
0.0399989741
0.0399638827
0.0398990975
0.0400709486
0.0402195346
0.0397888423
0.0409238438
0.0431809600
0.0400795002
0.0386525098
0.0392256302
0.0370393033
0.0368799227
0.0327968498
0.0341188763
0.0346609774
0.0348723475
0.0370646913
0.0400000828
0.0424170800
0.0448741469
0.0462728534
0.0470702681
0.0519492090
0.0546115096
0.0598209427
0.0624781080
0.0675386967
0.0688418468
0.0663282234
0.0672857311
0.0627676550
0.0623513991
0.0657356741
0.0650486735
0.0634162676
0.0604432391
0.0555020591
0.0598949071
0.0625816037
0.0621448912
0.0503587374
0.0524735948
0.0600415394
0.0590899799
0.0594552651
0.0578442482
0.0590752347
0.0572554408
0.0563400562
0.0552962192
0.0512733265
0.0513996477
0.0520705905
0.0516474410
0.0506893280
0.0511247389
0.0495090582
0.0489097435
0.0460542393
0.0464289095
0.0458354971
0.0464871598
0.0444105856
0.0418059980
0.0396649865
0.0379071630
0.0372341196
0.0322391071
0.0279227913
0.0316300853
0.0328414974
0.0355176631
0.0351024503
0.0388261548
0.0401935792
0.0395626138
0.0442124311
0.0459949578
0.0481980443
0.0522767908
0.0493779491
0.0523425215
0.0506579208
0.0490795024
0.0429687021
0.0432143934
0.0436695800
0.0441333490
0.0397837655
0.0360997106
0.0372405225
0.0348371284
0.0332880607
0.0355960583
0.0356708028
0.0357668441
0.0387087276
0.0422239388
0.0469210555
0.0396530993
0.0349995392
0.0361600857
0.0404841774
0.0343356381
0.0333145478
0.0380967728
0.0340112541
0.0261349065
0.0282553613
0.0307465330
0.0309821513
0.0346730192
0.0378567955
0.0352305191
0.0363544169
0.0365562871
0.0353574126
0.0363397199
0.0379579978
0.0360510582
0.0361120574
0.0385143198
0.0380453490
0.0330518676
0.0298678225
0.0293352662
0.0338256848
0.0324200181
0.0321813529
0.0302950768
0.0315663800
0.0661906787
0.0445770937
0.0420056601
0.0386274300
0.0413845006
0.0331150787
0.0243827974
0.0524850478
0.0483896800
0.0346755671
0.0376536893
0.0383853007
0.0348238731
0.0450633851
0.0498985962
0.0519310006
0.0558508960
0.0671711789
0.0603989324
0.0589560654
0.0652871830
0.0663316505
0.0536709269
0.0444572227
0.0411996122
0.0320700733
0.0263399646
0.0232687677
0.0204683488
0.0188610506
0.0185382542
0.0185298088
0.0188787052
0.0230264075
0.0302696255
0.0368560390
0.0419699149
0.0456377441
0.0526363735
0.0563860596
0.0569527111
0.0614956952
0.0624126310
0.0682774366
0.0684907091
0.0559855037
0.0516581185
0.0423261591
0.0375556529
0.0319140391
0.0271073530
0.0256416051
0.0251008098
0.0251310427
0.0233429055
0.0237808771
0.0182151982
0.0165213885
0.0227212769
0.0297377690
0.0354713152
0.0393184982
0.0372486706
0.0413619057
0.0397792133
0.0398275452
0.0468324109
0.0481983168
0.0544862240
0.0604108980
0.0656384918
0.0712611224
0.0669163372
0.0671184768
0.0690450849
0.0680775393
0.0695698668
0.0728441466
0.0741273900
0.0763086776
0.0784901624
0.0811740274
0.0842021878
0.0849258948
0.0840892067
0.0804654596
0.0803111685
0.0845225105
0.0931878647
0.1004385749
0.1010165698
0.0997959567
0.0953511804
0.0907065469
0.0863099821
0.0844272890
0.0849353244
0.0850363222
0.0876975899
0.0893478450
0.0864722930
0.0861609731
0.0915914899
0.0891563639
0.0895124056
0.0947278106
0.0940593929
0.0952673404
0.0930136643
0.0947433329
0.0915063501
0.0866901525
0.0784142385
0.0748923995
0.0694998101
0.0663286175
0.0660482541
0.0679241341
0.0706541220
0.0718317674
0.0748143518
0.0762726796
0.0768712475
0.0783310474
0.0767969303
0.0796019874
0.0841198821
0.0886664966
0.0934444541
0.1008073013
0.1106024500
0.1188301918
0.1191816954
0.1164454920
0.1142388213
0.1166391730
0.1201228438
0.1216950283
0.1283912772
0.1335217146
0.1365724086
0.1368861612
0.1367924558
0.1394129183
0.1343759771
0.1312965705
0.1283759064
0.1227969646
0.1171584488
0.1103213721
0.1104326224
0.1068864474
0.1054590553
0.1068922928
0.1058586900
0.1078435579
0.1088755714
0.1098339475
0.1116814039
0.1080015924
0.1087339156
0.1095324906
0.1153039497
0.1175416798
0.1201267873
0.1202500194
0.1194086468
0.1198390657
0.1195425349
