0.4449118216
0.6197429768
0.5708868306
0.4971533896
0.4596382058
0.4885271738
0.4837978021
0.4161474032
0.4222936012
0.4189638425
0.4541987405
0.5124685382
0.4931832086
0.5204828605
0.4834542737
0.4955256991
0.3303929869
0.2623612898
0.3552956297
0.4046872843
0.4377502105
0.3912487900
0.4029661388
0.4371964044
0.5070403056
0.3904086388
0.4582489105
0.3474286241
0.3516929445
0.5217420334
0.6557969521
0.7070737668
0.7079269683
0.7000950316
0.6839314546
0.6800950403
0.6644118924
0.7169233053
0.6274854053
0.7026488820
0.7324189523
0.4728260122
0.5568670452
0.7801242325
0.9016574655
0.4379024693
0.8470837979
0.5154119937
0.6075654665
0.6409713745
0.7512508849
0.9145026456
0.9180339137
0.8114438466
0.7695665727
0.9028238588
0.8195972912
0.6536576773
0.6764770410
0.6936352221
0.6309756817
0.6701019920
0.3527570563
0.5033124019
0.4880247806
0.4454178667
0.4969008528
0.4046108800
0.2829396467
0.2921848014
0.4101277305
0.3444813730
0.2004115379
0.2723789540
0.4223084118
0.3792238330
0.2204359615
0.1895663417
0.4896466919
0.5376865502
0.4924877767
0.4773562724
0.3306443282
0.3060187459
0.6814363151
0.6165515523
0.6082418298
0.5043836924
0.4256937064
0.3592850866
0.4194318607
0.3117804164
0.4215473747
0.2362647716
0.0679271440
0.1255721632
0.3949382008
0.2079538929
0.4148993077
0.9022618906
0.4265116504
0.5369515708
0.2937698888
0.3649481421
0.5076985749
0.2450292620
0.3758895261
0.5525371241
0.4902183926
0.6714822693
0.4399631588
0.5157274529
0.2445831662
0.5446244298
0.2900625426
0.4132328687
0.6062348841
0.5717356736
0.3979354220
0.3422254983
0.4562066836
0.3226492392
0.3776993084
0.3167730375
0.6028796351
0.5332008539
0.2280937810
0.2843367620
0.6390805717
0.6481712354
0.4922054840
0.4524542318
0.4534852143
0.1483299349
0.4700838494
0.3375163222
0.1666295919
0.2773259722
0.2303045442
0.4180984125
0.4338764873
0.3685486704
0.5202524996
0.4459486400
0.5378806212
0.5787145785
0.4426526085
0.3522500451
0.3851714376
0.3894018408
0.3950654989
0.4058438952
0.1917040642
0.2678334884
0.2335658191
0.3723310937
0.5275633929
0.5322015761
0.7316156703
0.3895659709
0.4107707932
0.2661595049
0.2742787728
0.0729882233
0.2541887665
0.3629643224
0.2327391304
0.0400822387
0.2646207778
0.3928432575
0.4035168412
0.5736065551
0.3450709104
0.4221365978
0.5107757297
0.4771530922
0.5717322662
0.4516507375
0.5326184965
0.1657585018
0.3945298476
0.6789332900
0.7816927458
0.7699163505
0.9754027106
0.5678740132
0.5234132461
0.5689159504
0.5694957845
0.5639916512
0.5826051099
0.2229841139
0.2724187197
0.0938581377
0.6794895420
0.6166443680
0.5187672814
0.6394966218
0.5567528041
2.0011009201
1.8522830455
1.8610136484
1.8939046023
1.1998504006
0.8955583480
0.9890721897
1.1330968475
1.2627671546
0.9533226416
0.8767009483
0.9386413283
0.7053811488
1.5374765730
1.4506855261
0.8210118014
0.9319137536
0.8913061193
0.7969002819
0.6757754919
0.5840318016
1.3790070111
0.6466017152
0.5855421426
0.5025953852
0.8334342239
0.9702783634
0.5017875570
0.4887561160
0.6034260738
0.4958015481
0.8928484164
1.0230727410
0.5159510118
0.4770225335
0.6262869416
0.5483926527
0.8302526682
0.8230611377
1.0448030128
0.9369107839
0.8125116226
0.7021243413
0.7790135894
0.9116165762
0.6976846510
0.6125881208
0.6814738812
0.6506800063
0.6764349798
0.6979040239
0.8250687709
0.6957881563
0.6374570687
0.5743888098
0.5796898577
0.4490117013
0.4482181109
0.4205008999
0.4757727187
0.3012237727
0.2711629451
0.5062620763
0.3756003802
0.4358912380
0.2881361358
0.4591181753
1.1573605731
0.7530938472
0.9401225823
0.9656511401
0.5261973782
0.5494848145
0.5165252302
0.6629931920
0.5705097941
0.9820172561
0.8508592502
0.6967017348
0.6636793095
0.4715842161
0.6163487854
0.5116920433
0.5820672445
0.6383075445
0.5111047675
0.7924352033
0.8952400563
0.5485033939
0.5312668442
0.5605619860
0.1372173029
0.2033786344
0.1973437389
0.6680695554
0.7905251797
0.7368215001
0.6014236852
0.8630958617
0.9966222627
1.0148777779
1.0404681092
0.8250475914
1.0554945221
0.8567143051
0.8045337256
0.7274624459
0.6242825115
0.7640227537
1.0266108484
0.4304205849
0.9669557060
0.8265813356
0.8577092261
1.3122286992
1.2984263889
1.2748956906
1.3135089629
1.3629130449
1.3042003424
1.3500101694
1.2841869447
1.3560279032
1.2782309036
1.4117235319
1.4219066281
1.3329713270
0.8900778119
1.0502887445
1.0736878117
0.8747328165
0.5466756929
0.4432722957
1.4700396812
0.8683125645
1.0961797131
1.1838306640
0.8903101549
0.8293324007
0.6291625539
1.0589303228
1.1279014016
1.0247312738
0.9600563492
1.4002140661
0.9394714520
0.8097096847
1.1666288307
1.0570287627
1.4659836066
1.0463908719
0.9734832747
0.9105130072
0.7185349598
0.7276899745
0.6048091244
0.6038039564
0.7835731958
0.8080484756
0.7060698530
0.5838765953
0.5271294290
0.7352662071
0.7717266678
0.5047847171
0.5757771300
0.7943079751
0.7773300994
0.7301814511
0.8559303776
0.7616265212
0.9196459996
0.8288590068
0.6308131184
0.5305296451
0.5808011375
0.5051704178
0.5293167264
0.6474625435
0.8401659104
0.9474414911
0.8695644726
0.5590857437
0.2342207964
0.4791831593
0.4971871983
0.6849737338
0.7457487816
1.1688072835
2.8026707398
0.6078542390
1.1148231546
0.8642725280
1.2756113881
0.6958872781
0.8568254292
0.6096439586
1.3722835965
1.0030057074
1.0313262056
0.7772407658
1.6614025980
0.9752448052
1.1719506075
0.7603416663
0.8025778876
0.5741890172
0.9942976283
1.5323229965
0.6913262409
0.8145289810
1.2021175331
1.5375521339
0.8079046563
0.6819194463
0.5824751244
0.4837186899
0.7835256694
0.7640885768
0.8538376715
0.8186872146
0.7675896872
0.8101837324
0.6986256172
0.4306209616
0.8343089441
0.4188711755
0.3045872433
0.5391124305
0.3151776750
0.3340608679
0.4884486687
0.4991493871
0.5152361173
0.4697474767
0.6072498089
1.2776414211
1.0735285733
0.9956003842
0.8836880822
0.8183660130
1.0018209064
0.8540587758
0.8319815564
0.8217806069
0.7980476164
0.6092480985
0.5433301000
0.2696134902
0.5615961443
0.5849279992
0.4773429552
0.4182035582
0.4342287677
0.3887105701
0.5017403573
0.5412198801
0.7816401542
0.3895031394
0.9704898006
0.7385120987
0.9528078363
0.8403986410
2.0994878154
0.7499619358
1.0104386920
0.9084395082
0.6360424013
1.4810393095
1.0955567333
0.8581588981
0.3225111660
0.8731525568
0.6729688726
0.8963861626
1.0952649393
0.9878289044
1.9163123348
0.8384365226
0.9500441345
1.1984991212
1.4057620375
1.5276455982
1.0022525603
0.9297760342
0.4461011818
1.0772819166
1.2433680564
1.1164007851
0.5638342297
0.7041466105
0.9887476938
1.3080021463
0.8635112176
0.8691310253
0.7502447038
0.5963715825
0.6777672732
0.9389150915
0.9552130248
0.9985265837
1.2789984392
1.2667668838
1.3508738920
1.3450476711
1.2880130836
1.1291546761
1.2576536949
1.3483941288
1.2643102804
1.1663411392
1.0936440845
0.9709736146
0.9556403011
1.8044872843
1.5532186090
1.4085107857
1.1522548119
0.7837338362
1.3056603786
1.0838703788
1.1213083572
0.9616677555
0.7485827945
0.7017053729
0.8428163420
0.7443829597
0.9058113314
0.5121658097
1.2651321403
1.3014738306
1.0336134582
1.8015822580
2.3193675171
2.0504544171
1.6134894468
1.5320677046
1.1316160793
1.2790534601
0.6790675532
1.3903434111
0.9530153719
0.6834206323
0.9763081278
0.8166066371
0.4469926837
0.7602748424
0.9631564994
0.7472374520
0.4865375528
0.5590525800
0.6366920461
0.7226660385
1.0558229098
1.0782239081
0.9696412450
1.0472431054
1.2603825382
1.2355258639
1.5820748085
1.5365264508
1.2131087419
1.3866242176
1.2291799482
1.1563512784
1.3580984234
0.6471133463
0.8954884267
1.0795992198
1.0040126133
0.9869771417
0.7982393781
0.5495328775
0.5353401305
0.2294390239
0.1350762001
0.5709169779
0.7259238545
1.0728416159
1.2778837638
1.0532338858
0.9239776276
1.1737547009
0.7141998293
0.9498767263
1.0212313187
0.9365100644
0.2533669228
0.5703422160
0.6123037649
0.7513555823
0.7412306250
0.7764254404
0.8396483709
0.8854928643
0.4951846907
0.6613633881
0.6335631577
0.8290292106
0.8710137082
0.5985225928
0.7574326081
0.5570847982
0.8044184846
0.9107582472
1.0257890855
1.0215388377
0.9491001667
0.6827885836
0.9139575048
0.8864255468
0.7598883168
1.2718542339
1.0063422035
0.8327383688
0.9618622509
0.8568962571
1.1571075347
0.4074934055
0.4819532908
1.0314241599
0.5079418218
0.8599009169
1.0511283456
1.3869424537
1.1052381123
1.0888538652
0.7763614936
0.5385684856
0.2780753805
0.3198790479
0.3533139209
0.4403183380
0.4453720242
0.4181436273
0.2594663418
0.2696981752
0.2305416314
0.5689884501
0.6925356115
0.8811821824
0.8657084250
0.5937754357
0.5852529964
0.5555423781
0.4966507373
0.6602008219
0.6038414092
0.6463225320
0.6484693119
0.6599401474
0.6645687374
0.7159425139
0.6587693826
0.4431208925
0.3569196184
0.4148505415
0.5365927717
0.8218010959
0.7125852801
0.9572996604
0.9160980306
1.0306099975
0.9254396363
0.8700569963
0.3521091208
0.4374200100
0.5902439486
0.4812051569
0.3675732802
0.7111468306
0.8987392282
0.9167239272
1.0516465450
0.7854423340
1.0696446604
0.7449666350
0.6611250063
0.6816055552
0.8943511241
0.9939857403
0.7986173894
0.8542405046
0.7349501720
0.6245606114
0.3933355408
0.4501695186
0.7799657864
0.3565026371
0.5442453615
0.2703497880
0.4696398274
0.2242467652
0.1441401653
0.3504639012
0.6083094348
0.2074715708
0.4682626763
0.2051321204
0.1970361409
0.2914994524
0.3655816091
0.1990930934
0.2956750894
0.5870228910
0.6680658330
0.5516224534
0.4602782100
0.2079503044
0.2212414960
0.7353601523
0.5522969828
0.4142399949
0.3366296178
0.4898628223
0.7053838013
0.8139969217
0.8922198718
1.0696035902
1.0634995563
0.9293390657
0.9037013316
0.8655229550
0.7624718519
0.8260454645
0.7469083556
0.6442051111
0.4538674074
0.6244584351
0.9839919144
1.0070330721
1.0113915699
1.0131100274
0.9480222890
0.6322062767
0.4408020649
0.3772876419
0.6295991655
0.8493904133
0.5382176065
0.3005889229
0.2449354556
0.5149110807
0.3041409332
0.2128627814
0.5110433709
0.9340464277
0.7464826263
0.7108945293
0.4578132320
0.2579582802
0.6140637211
0.3916910294
0.2685436425
0.1945595343
0.3641892252
0.7041071998
0.5080998436
0.4006766714
0.8476415657
0.1428208398
0.6831886523
0.8664547703
0.9544000387
0.8253674250
0.3040067470
0.6513142984
0.5366326056
0.7331003500
0.6237956879
0.6251713724
0.8200352122
1.8135376006
0.3723357726
0.7197950430
0.6873593508
0.8804598716
0.7401501315
1.0676406004
0.4959778561
0.3924776886
0.4086169336
0.2706734435
0.3959748683
0.6523487491
0.6966760513
0.5348233122
0.5004842645
0.4498285094
0.6853096504
0.6094524645
0.7826201228
0.9958339760
0.8270308394
0.8515937715
0.6810049752
0.4142606440
0.3507531141
0.4215135460
0.4350846556
0.2327030926
0.1739933118
0.2201855427
0.3759098873
0.5494167121
0.3390874655
0.2995190810
0.3953675016
0.3168619552
0.2345160199
0.5132169344
0.9351890233
0.8424046641
0.5214798053
0.4200372066
0.4181721364
0.3032759412
0.3670448485
0.5440246359
0.7277248763
0.5476703600
0.6562586279
0.3951269792
0.3235124322
0.4320130887
1.0240769275
0.9182216214
0.8175719434
0.9358808321
0.3677466175
0.0531621446
0.2584982519
0.5754887764
0.7329194145
0.6565704134
0.4786686326
0.3676978256
0.7932256454
0.3341671176
0.3705506937
0.4970491836
0.6888405770
0.5464775596
0.6911172486
0.7465715226
0.8576706256
0.7740951056
0.8837195944
0.8570462964
0.3038773473
0.8083881315
0.3319582534
0.4217028406
0.6784134258
0.7231052109
0.5871518963
0.6440319878
0.8957539023
0.9183936006
1.1912193539
1.2405238193
1.0411780060
1.0789289947
1.1956694114
1.0445755004
1.2126956297
0.7257983357
0.5216566409
0.3466395626
0.4545830942
0.4753832126
0.5920087375
0.5643203820
0.4581289060
0.3589244017
0.8545181646
0.8031805373
0.6988207673
0.6133560080
0.3918288856
0.4021616980
0.3613987470
0.1304292852
0.2839025146
0.2263659601
0.2063956785
0.4706255986
0.3691828395
0.3601830292
0.2702326413
0.2754329424
0.8774992338
0.8340569022
0.8211716472
0.9123424369
0.9593178658
1.1380658380
1.0724314430
1.1706162857
1.1576414588
1.0548983731
0.9092243881
0.9410904756
0.6423725149
0.4961448263
0.6590021206
0.6634727860
0.7238139047
0.7296426808
0.5991951969
0.4786005712
0.3773778603
0.6257907227
0.8776566985
0.7851263468
0.7607790269
0.7650675448
0.5480770254
0.4755335265
0.3910110756
0.5004602269
0.5008946367
0.6374242629
0.4332675937
0.4311287852
0.4510201212
0.4804247694
0.5091001562
0.1566308836
0.8602304681
1.5364200308
0.9149867827
0.7288806946
1.9633981716
0.8694875042
0.8456703978
1.0489349681
0.8686700330
1.0187323848
0.6091450313
0.9907725702
1.6655579754
1.1528347960
0.7967718016
1.0295504427
0.7679322035
0.8670807756
1.1749886971
1.1803651618
0.5229141795
0.3296649377
0.1907020623
0.3529994738
0.2458901678
0.3110115685
0.2300971228
0.0838415054
0.1602095955
0.2203364724
0.4234093105
0.3340696532
0.3583963714
0.4060217644
0.4531644609
0.5573692648
0.4872214060
0.4833034010
0.6048177735
0.7280435296
0.7624907260
0.7390330285
0.5364909297
0.3274551266
0.4929896129
0.6969679522
0.6082375471
0.4486180699
0.4394529075
0.3476484787
0.4157705435
0.5301251407
0.5594041895
0.4440457865
0.5134150291
0.5827712012
0.6465417337
0.4562293474
0.3606997833
0.4278804601
0.2232927933
0.5273067335
0.4214692335
0.4863041306
0.5119582197
0.4276538197
0.4704660248
0.4119505729
0.2983490048
0.4013958751
0.2821956654
0.4019581288
0.5599768142
0.4548589761
0.5928231176
0.4177015437
0.3544250054
0.3745518645
0.6155815362
1.0688522864
0.5803647428
0.5556663383
0.5588968674
0.3130449952
0.2828933227
0.4399148022
0.5615084246
0.5193025194
1.0270633922
0.7790377557
1.2593376567
0.6274855668
0.6736224105
0.3876402033
0.5017677682
0.6534835178
1.3182705304
1.2072584510
1.1651730763
1.0368831200
0.9036529364
0.5509845757
0.4174052015
0.9425389715
0.6809430437
0.6292684224
0.6625328171
0.7464577513
0.7132381708
1.4006625445
0.8724033298
0.9752016578
1.1060579955
1.2479099361
0.9796344137
0.9005743069
1.7047197841
1.6867130614
1.3447157414
1.3322550468
1.2107734112
0.9241299731
1.0935236251
1.1123206856
1.2970244574
1.3598143854
1.8455040400
1.2970975396
1.2746638769
1.5718521642
1.6810558326
1.7003374413
1.6687919973
1.6723802787
1.7069226149
1.4907829421
1.7407447885
1.5523091830
1.5091337011
1.4655884758
1.3591882980
1.4574597957
1.5492563624
1.6165961158
1.6731356348
1.6897806312
1.3597135215
1.4643530905
1.4230550200
1.7694331440
1.9227675699
1.8237308926
1.4963805106
1.8221150956
1.9199574805
1.9832853347
2.1715671118
2.2598324625
2.3516461887
2.3633557127
2.1625924339
2.0098547591
1.9426817072
2.1339202796
1.8173504187
1.7905638854
1.7343978554
1.8014702117
1.4853144023
1.4299719748
1.4949583480
1.7361811121
1.7984503238
1.9357285816
1.9880568363
2.0137088045
1.9190678539
2.1279498941
2.1717479102
2.0394124264
1.8095855139
2.0257018840
1.9040213356
1.9783943772
2.0092277263
1.9277041822
2.1424409301
2.2058414652
2.2048475785
2.3431335264
2.3711735976
2.3965828591
2.3779943988
2.2648854730
2.2625413451
2.1049890904
2.1928558595
2.2231652699
2.4408751568
2.7101437359
2.7296328907
2.6935404806
2.6412638607
2.5085593565
2.1080209501
2.2901467790
2.2102642515
2.3143240424
2.3256040006
2.4753643131
2.2579098387
2.6753626936
2.3088838006
2.4658839645
2.5859515561
2.5208706673
2.5562060131
2.4670368877
2.3222280522
2.2766130621
2.2803929649
2.2444448564
2.2035446903
2.1850706235
1.9724589237
1.8389127232
1.9759184267
2.0575738875
2.0321843520
2.0218178500
1.7632494848
1.9150098744
2.8707580546
1.6481243939
1.5060712114
1.7627538475
1.9609299067
2.0385589300
2.0624085750
1.7187514287
1.5513524667
1.8526607048
1.8933004337
1.6350451256
1.7185232237
1.2360410416
1.1658638520
1.4216460087
1.5491867532
1.0835742032
1.3279529355
1.3371735680
1.6412099025
1.3403151412
1.2935666326
1.4188693779
1.2650089276
1.2289588023
1.1709965360
1.3929737359
1.4105629254
1.4605686618
1.5271963593
1.3251691716
1.3085312453
1.1999153190
1.2094759472
1.1695429631
1.3623438964
1.3334581414
1.2794134330
1.1153806490
1.0027506106
1.0541429498
1.0827388459
1.0829101449
1.1846619669
1.0828289603
