17.7573857052
17.7869353957
17.4202600870
17.7223911833
18.3241650028
18.1647540252
20.3630650725
20.1782829440
22.1257745386
22.2090636992
22.2956342452
22.7408537195
23.1814691409
23.2830256974
23.9020103044
24.0422519872
24.2203757819
24.3776548834
24.6737080557
25.1298602693
25.3776507121
25.3540679212
25.3601116950
25.4365457472
25.5289757527
25.5939198640
25.7133924651
25.8154994237
25.9170932232
26.0450762432
26.2326114597
26.5026873333
26.7163530489
26.8790201212
27.5492418412
27.8198196666
28.2992201776
28.4367210027
28.4271497520
28.4648499516
28.2743516198
27.7813014645
27.3322292587
25.9675469892
24.8748071942
24.5369972719
24.6380109931
24.8250602312
25.1182415723
25.3913221761
25.7047338071
26.0827968729
26.4321258853
26.7035894418
27.0468330780
27.7567780483
28.3504789479
29.1366255914
29.4700615647
29.8780092498
30.2668072153
30.6644316590
30.8349465555
30.8211917670
30.9268275389
31.4212817174
31.4044543391
31.0266400530
30.9633834504
30.9551725877
30.8289724768
30.6425848531
30.6260224842
30.3239560538
30.0574244994
29.8593627232
29.8630124411
29.7353053910
29.7353389424
29.7100642060
29.7298237182
29.7857144762
29.8921164483
30.0434204598
30.1625692240
30.3436291582
30.4947386248
30.8433657444
31.1970294311
31.4162006860
31.5357182351
31.5923404321
31.5172944080
31.4970294580
31.5356171537
31.2915262629
31.4105423696
31.6177413543
31.7442670182
31.7776480207
31.6616291344
35.2104230437
34.7818137128
34.2417077104
35.0200878836
34.4341849284
33.8327776438
33.4841378356
33.1771328076
31.2008500351
30.1517872747
29.7751134355
29.4689543319
29.1563899304
29.0356669788
29.0922240017
29.2860671160
29.5662295237
29.6869806732
29.6518771791
29.5604416325
29.4255687641
29.2465326613
29.0853169778
28.9062844158
28.3283387399
29.0683087119
28.9426335091
28.5108813411
28.3594585452
28.1909870904
27.9784717319
27.7729350355
27.6552806196
27.5363739404
27.3856324060
27.2297634633
27.1436691192
26.6963144831
26.0614976017
25.6743185137
24.9478346424
24.6259730077
24.4411306801
24.3175753913
24.2777125560
24.4068843812
24.4981732240
24.5651918732
24.6029832425
24.6647073239
24.4866356329
24.6677551738
25.1941270822
25.0344119383
24.9658441666
24.9277291397
24.9151880245
24.9615976756
25.0119870790
24.7633023149
24.2834674644
24.1887210938
24.1263277526
24.0953868698
24.0270596600
23.9271285213
23.8806489849
23.5495981516
23.1533604015
23.6908448665
23.1134162108
22.9532220482
22.9524475773
23.0263131191
23.0373058788
22.9195365658
22.7251169665
22.4225265911
21.1074707989
24.8822411991
24.8189847769
25.0304332900
25.4186169918
25.9490162346
27.0430652461
28.2886443957
28.4142243981
28.5040553881
28.5055266052
28.4829348714
28.5171281585
28.4742798020
28.5816255329
28.8508528778
28.8001791670
28.8047272339
28.8044010042
28.8392889633
29.4693629398
29.8116970098
29.3094739701
29.0630225112
28.8851152003
28.6611038436
28.3652772289
28.0749780367
28.0767841066
27.6964116731
27.1870629595
26.5740801981
25.9851490679
24.6347973844
25.7424266186
25.5128165513
25.5916782222
25.6297758723
25.5852439243
25.6263083100
25.7367224391
24.9406056459
27.0042515154
26.6451623737
26.5057402235
26.4005039267
26.3848593472
26.5717232443
26.7003289430
27.6816724636
30.7270187281
31.6051212336
32.1307966573
32.1987803298
32.2269903876
32.3143845338
32.4915355605
32.4356307461
32.5577235157
32.7001162158
32.8911949975
33.0283957603
33.1208850192
33.1808772756
33.2027536762
33.3373250669
33.3024770373
33.2368257782
33.2154021277
33.2241397196
33.2340721502
33.2639213974
33.1799742286
32.7458599088
32.6078734897
32.5133256899
32.4043307789
32.1978865602
32.1639518868
32.1495166626
32.7192753596
32.6826403673
32.9656348625
32.8724173557
33.2852954290
33.2673450799
32.4294112128
32.4029823091
32.3546869363
31.7796699032
31.6717527769
31.5082959421
31.2943157663
31.0577774160
30.7603727625
30.4110144453
30.1123251267
29.8974084907
29.9358771920
30.3947031294
30.6475023886
30.9486229083
30.9529760695
31.2162299077
31.1596894541
31.0924699304
31.0452628166
31.0232612503
30.9853427203
30.9278873249
30.9070311068
30.9303870075
30.9290546626
30.9043165091
30.8493964826
30.8016057290
30.7025907315
30.5008719832
30.3288896184
30.2254634525
30.1649264464
30.1079644984
29.9965685507
29.8652051126
29.7453791375
29.6215214373
29.5035049173
29.4189416218
29.3479196649
29.2095061254
29.2902186431
29.4094180888
29.4391739206
29.4240972536
29.4121081136
29.4039504437
29.3843021176
29.3884512410
29.3661521718
28.9353811434
29.0989832105
28.4115289685
28.1143334386
28.0152847163
27.9608466360
28.0074539205
28.5338663284
28.6432505184
28.5420556224
28.4695372970
28.3996832716
28.2660585999
28.1377207195
28.0098433001
27.9256723801
27.7305829495
27.7004296638
28.3850409739
28.8891505597
28.8964625304
28.8001185571
28.5566308393
28.4830914083
28.4533581389
28.2950828106
27.8105608994
27.3213752205
27.1979889086
27.6060286143
28.6685859964
28.7160274051
29.7916896419
30.8727318121
31.0695089531
30.9912778934
30.8322882341
30.6104385068
30.4394831960
30.2918874331
30.0627299269
30.0277143791
29.6568250035
29.0741888136
28.6241120706
28.3322463647
28.3172700832
28.0241725004
27.7059858996
27.5330846536
27.5376096494
27.2217197613
26.7202591032
26.3987229121
26.2091709743
26.0192965510
25.3674017090
25.0345092497
24.9164249124
24.7601761952
24.5200587227
24.5811345883
24.5123938001
24.4270591855
24.3250094674
24.2136902122
24.1936980128
24.1186606165
23.9654864029
23.7412564659
23.2460265497
22.0803491824
19.8871209883
20.0055820118
20.2313532389
18.4404725476
18.6130182773
18.2921966767
18.1894037987
18.1053458570
18.0389330935
17.9667126187
17.9078935458
17.8393386766
17.7863432293
17.7456646052
17.7206036568
17.7229651150
17.7278534248
17.7937061575
17.9062151826
17.6867545879
17.5032343070
17.3388760555
17.2039740696
16.7177863949
16.9661580336
17.0167575783
16.9794977600
16.9632352683
16.9573937256
16.9459868069
16.9633460644
16.9510568886
16.9532099737
16.8984798482
16.9028886163
16.8806541450
16.9000729205
16.8942475879
16.9527147190
16.8955973422
16.7403063750
17.0635162365
16.2051584640
16.5969103304
17.0322054891
16.8380808342
17.1748528659
17.2745692572
17.3845069023
17.4651624501
17.5220727817
17.5976031607
17.5907349955
17.6505852125
17.6724165802
17.9503445937
18.2218165776
18.7255788232
18.6876296818
19.3574248605
19.7741959557
19.8175860520
19.7670618246
19.7135119717
19.6776677964
19.8544701706
19.9503229046
19.9125735334
19.6255360257
19.3886510502
19.8431383128
20.3030551291
20.0441147725
19.5968386077
21.1255485826
21.1352298088
21.0950811279
21.0353194356
20.9657609259
20.9021585726
20.8478230678
20.7947757217
20.7481717384
20.7062559018
20.6811813208
20.6217248694
20.6100680249
20.6627236686
20.9877187981
20.9274817393
17.0389650321
15.6515309206
15.7337648965
15.6223510462
15.4511033915
16.8892907434
17.4301907818
17.5240903161
17.5040539573
17.4702256654
17.4508553862
17.4487576890
17.4335284006
17.3955876429
17.3515575778
17.3091404656
17.2815106657
17.2620820584
17.2452800761
