6.3039240107
6.2126902120
6.1826072376
6.0866140102
5.9705208020
5.9614497005
5.8829240151
5.8770888619
5.8757362759
5.8686139357
5.9341123992
5.9741028995
6.0072257333
6.0129941547
6.0712611373
6.0749531196
6.0935347621
6.1041372065
6.1236917295
6.1869756015
6.2067811320
6.1980049445
6.1978859818
6.2287717467
6.2534051907
6.2571592452
6.2364717108
6.1176850796
6.0300234732
5.9394356676
5.9447288153
5.8515273243
5.7582015206
5.6703555350
5.5207300131
5.4611002067
5.4101400912
5.4826242166
5.4913045277
5.3743859444
5.2556670946
5.1742118540
5.1248153564
5.1519620005
5.2896696956
5.4257816996
5.5279736883
5.5658058506
5.6722236467
5.7209550755
5.7779472131
5.8533731000
5.9501580564
6.0760827835
6.2247673630
6.3187116968
6.3861385002
6.3734509271
6.3278734845
6.2719223185
6.2119195397
6.0874468995
6.0470091008
6.0267808643
6.0365016015
6.0776802710
6.0919794320
6.1550597776
6.1621859649
6.1726562247
6.1770007011
6.2226351938
6.2323965951
6.2189560032
6.2599612523
6.2597893779
6.3105833918
6.3149451539
6.3515782756
6.3543229671
6.3747144281
6.3802636194
6.3659782872
6.2754625131
6.1990995833
6.0965897885
6.0895633850
6.0805161574
5.9782293069
5.9753604915
5.9793759401
5.9888488025
5.8975102824
5.8970040709
5.8920187790
5.8046992243
5.8027281887
5.7370730409
5.7391290405
5.7558703388
5.7827094751
5.7427049138
5.7822307953
5.8212636052
5.8649694841
5.9139392680
5.9507259856
6.0227768646
6.1267705881
6.2801403756
6.4153827819
6.5624166552
6.6521726231
6.7942421776
6.9346060363
7.0812378641
7.2359461878
7.3668317723
7.4444052455
7.5496743691
7.6036343688
7.6503284546
7.7325517623
7.7713380848
7.8101554236
7.8400873231
7.9061679261
7.9887131902
8.0740346310
8.1488486872
8.2129539477
8.2631254059
8.3057770115
8.3039804816
8.2773684350
8.2272690615
8.1668832138
8.0544051516
7.9624729608
7.8603680650
7.7465933584
7.6245471145
7.4859897071
7.3329561832
7.1731642893
6.9862451700
6.6985198651
6.4173096183
6.2021117939
6.0057675985
5.8217307233
5.6586734611
5.4984489326
5.3735288176
5.2363141167
5.0988134528
4.9975904866
4.8808699556
4.7094881737
4.5038653008
4.3332374732
4.1953214934
4.0485306775
3.8996451444
3.7489052310
3.5862594485
3.3787665387
3.1507700632
2.8789404304
2.7349086805
2.5989162943
2.5044689645
2.4164149420
2.3385382719
2.2610077154
2.1894196566
2.1379511172
2.0643321655
2.0163260306
1.9467427382
1.9574191632
1.9637174311
1.9628557572
1.9471363003
1.9172260565
1.9197100018
1.8692946024
1.8951541292
1.8864472054
1.9185571042
1.9477884835
1.9525360209
1.9906810804
2.0138296910
2.0984407246
2.1689303862
2.2066500679
2.2368201288
2.2700512025
2.2703363906
2.3003823347
2.3303196025
2.3596267346
2.3876966838
2.4107385887
2.4157944295
2.4130439899
2.4363875445
2.4591677066
2.4665605543
2.4511482818
2.4162537233
2.1876931105
2.1560032829
2.0204937605
1.9247926896
1.8370959311
1.7588445323
1.7383710600
1.7010694790
1.7615548061
1.7642051708
1.7471187952
1.6427961694
1.6287488013
1.5928090899
1.7647835344
1.9693047648
2.0627919008
2.0941450423
2.1014111229
2.1170458376
2.1519183182
2.1631703157
2.1965339024
2.1956564859
2.2444180253
2.2782908141
2.3185780698
2.3462752594
2.3983435003
2.4404533837
2.4603613812
2.4804981218
2.4947962929
2.5277745401
2.5760395762
2.7158614725
2.7226738621
2.8075741268
2.8362305248
2.8046975479
2.7913397751
2.7701808856
2.7569964608
2.7364785437
2.7883562845
2.7902763458
2.7966625267
2.8546267204
2.8622533850
2.9198741431
2.9220648311
2.9619790407
2.9674053646
3.0086637021
3.0180971863
3.0244153757
3.0545121502
3.0562891268
3.1035859843
3.1413849413
3.1288726514
3.1470584557
3.1472288908
3.1159427911
3.1323912560
3.1610272778
3.1689722318
3.1815552391
3.1719153125
3.1737392765
3.0984709389
3.0953254430
3.0906739337
3.0865292778
3.0232490325
3.0148998804
3.0071381131
3.0063395018
3.0163495808
3.0244267463
3.0395685694
3.0418798704
3.0546724385
3.0502503404
3.0317591668
3.0170445490
3.0193827073
3.0261091263
3.0326707081
3.0350661632
3.0362424433
3.0329365662
3.0326083708
3.0710717509
3.0721744689
3.0654875592
3.0374292818
3.0280978198
3.0269069742
3.0274620988
3.0281399540
3.0308373159
3.0381495141
3.0498326724
3.1064115763
3.1156874732
3.1474266777
3.1547991801
3.0575572207
3.0190219122
2.9889846819
2.9419493341
2.8967338794
2.8619392131
2.8061675865
2.7746461315
2.7528838832
2.7445631920
2.7141816190
2.6774203881
2.6348805253
2.5779847540
2.4855149952
2.4188337839
2.3485442438
2.2753451199
2.2135695835
2.1774267806
2.1556135411
2.1305209017
2.1357853091
2.1322295594
2.1282563685
2.0733644977
2.0063169549
1.8955390987
1.7631859105
1.7031037160
1.5570760086
1.4161856496
1.3059119824
1.2849641599
1.2838155849
1.3219459067
1.3743178596
1.4291036925
1.4996640934
1.6366871610
1.6805173148
1.6723231545
1.6453176297
1.6771939998
1.7850767378
1.8569607643
1.9335176177
2.0117724230
2.1189117967
2.2083648918
2.3142633410
2.3710662878
2.3912591693
2.4033491647
2.4607071723
2.4233404513
2.3306311397
2.1876944174
2.0112055859
1.8683048246
1.8267352652
1.8323613766
1.8060074531
1.7899677255
1.7687428809
1.7567330258
1.7686032866
1.7933141519
1.8384386484
1.9145679016
2.0008853984
1.9989293015
2.0101782913
2.0829431227
2.1019603579
2.1374021167
2.1943583694
2.2263638889
2.2333284461
2.2652816823
2.2784550297
2.3085454353
2.3173697386
2.3373598606
2.3535026692
2.3685414666
2.3885560470
2.4051515009
2.4269156002
2.4521005032
2.4673546539
2.4777061691
2.4910825878
2.4954478235
2.5013790691
2.5347703351
2.5503980168
2.5765600789
2.6041757673
2.6269974833
2.6526352063
2.6688254922
2.6865281442
2.6988909429
2.7021258513
2.7109384351
2.7080222306
2.7000528985
2.7022298076
2.6991239344
2.7065676739
2.7060291048
2.7735274015
2.7582593271
2.7308535327
2.7424068996
2.6816021337
2.6410936369
2.6136375583
2.5812524783
2.5471743806
2.5111739197
2.4803130812
2.4486974602
2.4263112007
2.3966127466
2.3675619828
2.3059378812
2.2936750815
2.2303674944
2.2095583908
2.1890139122
2.1798652218
2.1780436516
2.1848493664
2.1636581527
2.1542043187
2.1697477030
2.1771031313
2.2417439367
2.2462410022
2.2264042850
2.2210630461
2.2137210738
2.2072187889
2.2051398506
2.2057293467
2.2080628344
2.2144830480
2.2226736517
2.2366363501
2.2556379332
2.2760949255
2.2969767418
2.3165573069
2.3371791426
2.3560088436
2.3701897632
2.3723368112
2.3812793437
2.4948623850
2.4912087661
2.4890619616
2.4928530574
2.4960401210
2.4521648617
2.4426629744
2.4416700398
2.4469748995
2.4575199574
2.4702485621
2.4780231231
2.4822484283
2.4883946909
2.4945153935
2.5039769587
2.5113140732
2.5190092531
2.5236522224
