0.8030636729
0.7253404761
0.8571978859
0.8631429955
0.7869296905
0.7028179781
0.7414513523
0.7696003156
0.8905055107
1.0413209555
0.9763602030
0.9657724202
0.9600742269
1.1770334727
1.2333949240
1.1897723269
0.6707013251
0.6400013582
0.5967571656
0.9581547701
0.7317704366
0.7414171246
0.7060905910
0.7758169493
0.8073102878
0.5517106202
1.3048621409
0.6506568561
0.6733873199
0.5644704033
0.7093313509
0.8570827207
0.8272094701
1.4175570847
1.2207940793
1.0165526179
0.4618240456
2.2781938154
0.4990367646
0.5474147319
1.2789392679
1.1874623932
1.2812171370
1.3782276320
1.5811820442
0.7267844877
0.7261829883
0.7533726717
0.7536395814
1.0611781314
1.1058543844
0.8229047231
1.2609074693
0.8532437262
0.8268270119
0.9970543513
0.4067473184
0.3734751208
0.4184773063
0.3491834454
0.2836799384
0.4771241528
0.2942846865
0.4132290238
0.4096836973
0.3912260234
0.4833468684
0.3922660311
0.3419182766
0.4465038240
0.8040764933
0.4008037822
0.6609104265
0.5414399838
0.3432452188
0.6413996886
0.7413204102
0.7344606886
0.7460919601
0.5860812495
0.8867710236
0.5535708560
0.7370781718
0.9800207493
0.7215514608
0.7491972932
1.1104579979
0.9430098169
0.9811526358
0.9801096839
1.0445829657
0.6635683499
0.5297943818
0.6699269056
0.5247566973
0.7247839056
0.6262453570
0.6684306488
0.7674064779
0.5180754863
0.4669064224
0.7155249396
0.9191521704
1.0938511248
0.7794072991
0.6486078885
0.5559781247
0.8843313259
0.5180614575
0.4639049198
0.4893248798
0.5350881182
0.2978689912
0.5198699272
0.4163095326
0.1895634509
0.1983523977
0.2731575114
0.3620265707
0.2926405720
0.4134795358
0.3814037635
0.4219790169
0.5361798823
0.1665433026
0.2712876831
0.2890800355
0.1580806512
0.2139739472
0.3743358245
0.0898338838
0.2973457507
0.3300720285
0.3863992787
0.4952684024
0.5042734986
0.4438343172
0.3246217511
0.5431711013
0.5266289525
0.6758850793
0.6981139894
0.6395343629
0.6914767824
0.7138356184
0.6378931126
0.6485099301
0.6379780764
0.6027057312
0.6455441684
0.6339362040
0.5988528987
0.5868215811
0.3863515620
0.3682882987
0.3136912600
0.3129257948
0.2653005256
0.2397771747
0.4995896115
0.8301940519
0.5033144323
0.7786487853
0.8709286497
0.8506791059
1.4858086264
1.2527294945
1.1064029513
1.1479904875
1.1759584896
1.1433418320
1.3128210260
0.7669274445
0.7587843907
0.9299458185
1.0958392912
1.0930051165
0.4833543363
0.4832351810
0.6006734154
0.5875614258
0.6096003383
1.2421221454
1.1543854811
1.1060121383
1.0606627408
1.0068462606
1.2102752528
1.5310653587
1.5716754560
1.4898240000
2.1890323697
2.4500346407
1.0090937666
1.0316418045
2.2686693178
2.1673176164
0.9019532354
0.9681669294
0.5648441713
0.5699495722
0.7102053575
0.6522124421
0.2876903211
0.3106090547
0.9475824815
0.6520738567
0.4812038805
0.5397389784
0.4162832473
0.3505503985
0.3572631644
0.2318658772
0.4904265271
0.5173798548
1.1229362130
1.1387049800
1.2606281821
1.2233644946
0.2953976006
0.3587023317
0.3814049460
0.9795338293
0.9477644032
0.9697317984
0.6312524441
1.1154491639
0.9520493505
1.0792405220
1.0461430128
0.9115873132
0.9082961058
0.5676431734
0.6216721580
0.3183961501
0.5814447046
0.5766740745
0.4302713310
0.5716331917
0.4260473451
0.4641897872
0.4505687511
0.6289257166
0.4143748799
0.5091968508
0.2447718497
0.3144001228
0.4115663680
0.6625758574
0.4565037357
0.4160585451
0.2088350855
0.2339846499
0.1664789924
0.3766588312
0.4140511813
0.4815036188
0.3612871414
0.4778053394
0.3442852258
0.4743603568
0.2652642707
0.3270162392
0.3237170961
0.2670291573
0.2504637754
0.2233176007
0.2756418368
0.4807681870
0.4489401312
0.4461643429
0.3704672279
0.3818349130
0.4642501709
0.4145035611
0.3873503207
0.3980861323
0.1512618902
0.1234545422
0.2815884783
0.2370985539
0.1492270359
0.1760741282
0.1364578553
0.4710046442
0.2986651246
0.4730122223
0.3421591313
0.5090052798
0.4882434821
0.3325994960
0.4007204923
0.4367726181
0.1354957550
0.4135247317
0.2441247271
0.2245259588
0.3533935639
0.3810673097
0.4296917222
0.4462724021
0.4167302225
0.2953154844
0.1877016829
0.1708416403
0.4312149335
0.3946576453
0.2452003129
0.5099878031
0.4995732756
0.3422688757
0.5035451729
0.4405847067
0.5421365915
0.8504225736
0.4792657724
1.1698842489
1.0691322590
0.4716037227
0.5100964858
0.7249483040
0.3342683834
0.3349148301
0.3530991329
0.3044717618
0.8345953006
0.6668797679
0.5599172495
0.7195623377
0.5779675357
0.9181838591
0.6314661267
1.0580753965
0.7647873330
0.7723218883
0.6565448515
0.7329060880
0.7592381248
0.6906306889
0.6544981983
0.3979935810
0.5938882748
0.5918941420
1.6979237233
2.1477754247
2.2016377337
0.8771874818
1.6563643620
0.9711048886
1.0530338386
1.0833375165
1.1700090743
0.7451498232
1.2463978654
0.7317720312
0.3964828384
1.5170192293
0.0954235652
0.8194274642
0.3178568501
0.0602670492
0.5215519234
0.5101916962
0.5277235023
0.5967465942
0.2784905992
0.5353660378
0.5592810423
0.3565981600
0.4258756867
0.0982836671
0.2349348875
0.3881003858
0.3632939329
0.2238348371
0.3024154519
0.3661088286
0.1401445725
0.1247540254
0.3255199923
0.2423553530
0.1602364843
0.1127129241
0.3487668191
0.6165627857
0.5158714490
0.5542399405
0.4761843749
0.3527770074
0.4197992623
0.5103977401
0.3871975495
0.3641007401
0.3134204963
0.3892199971
0.4088576646
0.5040395279
0.6283240764
0.5610586784
0.5172384453
0.4232759269
0.4006335799
0.6509954798
0.3595983605
0.4647949755
0.2723695334
0.2428408905
0.4107695221
0.3693393596
0.4413460909
0.5602712192
0.5765654011
0.5422870179
0.9029129415
0.9257396675
0.8519346068
0.7129271383
0.5362620925
0.4642443584
0.3560473564
0.4676161048
0.5373569773
0.5681444844
0.7946184718
0.8677081226
0.6459693425
0.6445796831
0.5453587125
0.6983523312
0.7451322697
0.3023681156
0.9390100972
0.6948153582
0.9194679917
0.7052896364
0.7923599463
1.0843551267
0.6014453635
0.6142103235
0.7041769175
0.8042283300
0.6317298670
1.3723499699
0.6476654071
0.5924776646
0.6346156492
0.8655883326
0.8896108133
0.9725485195
1.4292338550
1.3834822587
0.9268707822
0.4446098355
2.4122941982
0.4555546866
0.8960328770
1.2975685033
1.2915082866
1.6226165392
1.7084478687
0.8573452435
0.7174965136
0.8304385296
1.1718649915
0.6272068303
1.0875297836
0.7825136511
0.8281072743
0.7747336007
0.6859758048
0.3743974140
0.4464981548
0.3921480854
0.3960878559
0.0264048524
0.2274847561
0.4862484916
0.2666774819
0.7095118508
0.4985159035
0.3007813909
0.4080247502
0.3112580950
0.4886008023
0.4796982259
0.5499713106
0.3597551613
0.4155020960
0.3911700708
0.4720911304
0.4835098900
0.4191105258
0.4052601634
0.3034581447
0.3018340365
0.4039614868
0.2561038802
0.4077700459
0.4631853380
0.5375557743
0.4667133880
0.4684074972
0.5090843873
0.4462209379
0.6022957717
0.5024717429
0.5289230071
0.5188329306
0.5217693406
0.3435940104
0.2378579096
0.4162218570
0.4414526513
0.2157590452
0.3821462421
0.4116400566
0.4986938984
0.5652762414
0.7163705654
0.8058397965
0.7444613775
0.6883388181
0.6008852231
0.6724699055
0.6487213015
0.7438509640
0.7769350334
0.6584212132
0.5438561049
0.6498936348
0.4719268038
0.7299811636
0.6503997275
0.4806642034
0.9794382282
0.2568278460
0.5514314476
0.6890027402
0.5765648595
0.5387889029
0.3820839905
0.3275394829
0.1972823152
0.2477707373
0.3088193003
0.3692362490
0.4591020595
0.2939817443
0.4259443435
0.2076878769
0.2160257080
0.3539182680
0.5414657930
0.5752533584
0.3856713377
0.2424344814
0.3397870017
0.4796111309
0.5423725332
0.7167362810
0.6078461673
0.3706919789
0.2433361389
0.4702939624
0.5978052974
0.5258264641
0.5363889913
0.7955424412
0.3250778269
0.4562530466
0.6743064571
0.7829591173
0.5400924560
0.3204546222
0.6145412631
0.4558042368
0.1644456092
0.3029720857
0.4569842951
0.6057740712
0.5973625727
0.5450215612
0.7328903815
0.8023606231
0.4988130083
0.7709047408
0.8302713959
1.3635979392
1.1374105614
0.6046527294
1.1520589560
0.7559169295
0.5523578708
0.2492855424
0.6685358523
0.8409020920
1.0381273686
0.9592760546
1.9378142445
2.0617617525
2.6582663384
1.1736439611
1.6576693536
1.2970596235
0.4415304625
0.6911900913
0.4623949265
0.9649006370
0.4109935439
0.6167642608
0.6324154121
0.8994498229
0.3785454278
0.4014701996
0.4992607573
0.5835112916
1.1892316679
1.0696388133
0.7772358859
0.5203632736
0.3117333605
0.3864016955
0.2066143963
1.0441033788
0.4449327776
0.4107530145
0.7241188079
0.1772334333
0.2107222679
0.2862503344
0.4517799545
0.4741373920
0.5796107206
0.3526448354
0.3564136008
0.2331174074
0.1386042650
0.2043097445
0.4515693940
0.6258098769
0.7931630571
0.7693457835
0.4746499686
0.1821411116
0.6171500448
0.6388499853
0.7133992327
0.8822231460
0.3553518922
0.4740345733
0.5277867753
0.6670827928
0.4434305462
0.6891633047
0.8492796572
0.7123866670
0.8234859573
0.8670462702
0.9703041093
0.8559935218
0.7300286769
0.6811666477
0.5939279461
0.6483251926
0.8172954883
0.8098872268
0.9138218085
1.0419175249
1.0280516876
0.8595247639
0.8892811991
0.9029364764
0.5065359665
0.7891967977
0.8264005342
0.6647886594
0.8153931312
0.6428850925
0.4722226381
0.3901578271
0.6437669417
0.6585019135
0.7836363750
0.7394449331
1.0713208269
0.9389708669
0.6872629772
0.7658677404
0.7686607138
0.9767754645
1.2865302872
1.1349015181
1.1877049281
1.3580544261
1.1098130234
0.9477333906
0.9544760891
0.9108354673
0.8522082213
0.9872818829
0.7008945434
1.0343817076
0.6911529024
0.9068080060
1.0523930074
0.9982683922
0.7148305700
0.7616919976
0.6352425802
0.7829416166
0.7549675182
1.0163968283
1.0829950691
1.2162838547
0.9957433644
0.7795644459
0.9452559293
0.6925255748
0.6865517605
0.8463764799
0.8399118084
0.9415429613
0.7324416050
0.6056022746
0.8062070548
0.9576758470
0.9907784498
0.9383445603
0.8867113712
0.7299081224
0.8521716398
0.6553061663
0.8970744140
0.7992233446
0.7337629121
0.5548729223
0.9015421559
0.5260658323
0.9956873485
0.8782004451
1.4076999314
1.7248129530
1.6141388242
1.5483928003
1.6861699082
1.2585688131
1.4792519172
1.3582111675
1.3419285178
1.1773340688
1.3026444201
1.1586512645
1.2305406151
1.0249266081
1.1538723836
1.0305178792
1.1449298733
1.0794981347
1.1026049372
1.0721727485
1.1407978986
1.1136489241
1.0718627192
1.2097264505
1.1447604721
1.0217155150
1.3653673975
1.3522838070
1.2649776740
1.2451777075
1.2535546141
1.2506028845
