2.2431939984
2.2101737374
2.2357753227
2.3288381470
2.3607701219
2.3455836303
2.2985645657
2.3520588190
2.4758317850
2.4616786847
2.3474722035
2.3647385634
2.2838250984
2.3270962751
2.3132638463
2.3609536323
2.3629717117
2.4321244873
2.3993914703
2.4202497716
2.5342565801
2.5677032073
2.4977755180
2.5512417389
2.6166845687
2.5581393493
2.6135483813
2.7427995369
2.5238231631
2.7182266024
2.5827472812
2.7266252151
2.5596427864
2.4575586939
2.5038058883
2.5431573741
2.5243451006
2.3164458224
2.4090125758
1.9074258261
2.3047302408
2.3420714448
2.3028340287
2.2978942414
2.2109154555
2.2612825214
1.1035497308
0.6962111730
0.9972128685
1.0193616863
0.8170059256
0.4896929014
0.4267764782
0.8297135637
0.3676229060
0.4438139742
0.3729097403
0.4751542073
0.4435838796
0.3264796851
0.4781201529
0.3431558596
0.3192578635
0.4454836648
0.4291085466
0.4291605361
0.2500802445
0.3443404133
0.1898220502
0.2656637003
0.2042681318
0.2377119018
0.3109597742
0.2401648777
0.1830763056
0.1819376510
0.2185074749
0.2051193359
0.3167751686
0.2723843616
0.3624469401
0.2118822213
0.1459744577
0.1308921886
0.2364682992
0.3261312476
0.2020276939
0.3524740306
0.5276465400
0.4879657905
0.4821420051
0.4969755592
0.2146635994
0.3549374033
0.3595752644
0.2037372619
0.3730968872
0.6656337895
0.5173626816
0.2880062514
0.4170124318
0.4176864151
0.2761952085
0.4812120729
0.7328381610
0.6250315163
0.2975742806
0.2793569586
0.4077581756
0.5004093048
2.1094900261
1.5828064761
1.5395691340
0.4065578028
0.5944918493
0.5084522568
1.0175062679
1.1486786920
0.9810205871
1.8304407449
1.8683583346
1.9195861274
1.6857713313
1.8720950589
1.9720553002
1.9278944844
1.9970944285
1.8552149519
1.8721426021
1.7798150857
1.8698651054
1.8489996923
1.7398249673
1.8380736014
1.9156990436
1.9178452161
2.0017730811
1.8388814177
1.7479294608
1.7592453396
1.6753340315
1.6720276591
1.5314574750
0.3929292868
0.5250125364
0.4114149041
0.3803368859
0.4247737009
0.6538911435
0.5581924309
0.3674762413
0.2282661249
0.3371954183
0.3941412254
0.3600640880
0.2144250780
0.3319254642
0.2735641105
0.2692843377
0.3461400396
0.2685286998
0.4338020966
0.4308699679
0.4657672976
0.4645766511
0.5442542878
0.2653734803
0.3650208552
0.3597296162
0.6503153482
0.4260339526
0.3588416515
0.5624746489
0.3790201250
0.4303214850
0.4981212394
0.6049926848
0.6611827614
0.6587368537
0.4805375705
0.4274478722
0.6168792325
0.5175601029
0.4068447458
0.3389139229
0.2524698439
0.5948898555
0.5132879153
0.4742965407
0.5611326941
0.4422611635
0.4256855264
0.2474003120
0.2681876429
0.3022613615
0.1635907800
0.2490118554
0.3785884702
0.3679970545
0.4388051106
0.1910835837
0.2559274513
0.4255165641
0.3703300829
0.3927052688
0.4122604321
0.5846747674
0.4415823260
0.3593746497
0.4883016361
0.5359384098
0.4005409099
0.5115981155
0.6044011452
0.6366926623
0.5408386378
0.3426610593
0.4876913528
0.3975957571
0.4487900961
0.3711734900
0.3185160464
0.6503502278
0.4158121998
0.6216104635
0.4101980153
0.3998073487
0.3765385566
0.3052805858
0.3734803371
0.5856815024
0.6210096878
0.9154138248
0.5970863055
0.7064821259
0.6146162586
0.7214445557
0.9093030397
0.8480177650
1.6129149525
0.9382221867
0.6477718203
1.4349168438
1.0027728229
2.1463234001
1.1536937246
1.3587092556
1.4576749214
1.5789502419
0.9935788347
1.5664564284
1.6072147663
1.3861402825
0.2890788312
0.3151952243
0.4060288377
0.2364981656
0.1791222822
0.3318944252
0.2600866918
0.2219574861
0.2317469631
0.2194280137
0.2126712696
0.1871275975
0.4652405109
0.5454041863
2.3559788569
0.4107690749
0.3537347424
0.2082081301
0.3096738411
0.2913085221
0.3186064532
0.1719179732
0.2172908694
0.1910043071
0.1543242026
0.2222899879
0.1114870536
0.1960769956
0.2000448711
0.1328843387
0.2167116748
0.2261675298
0.3666604094
0.1490181810
0.1965777342
0.2072341051
0.2637468603
0.3358285540
0.2901901661
0.1363131797
0.9065806022
0.6750971457
0.3093223979
0.1469320507
0.5979028391
1.8543531677
1.6675002203
0.5788920203
0.6831590943
0.6970936729
1.3000137492
0.8537275704
1.6349589733
0.2866683872
0.2704666160
1.7341611151
1.1606099075
1.3695083556
0.1679208909
1.9084037302
1.8205870591
1.6220155661
1.4721429480
1.8112100190
1.6191971940
1.7599495945
0.8026521597
0.9971029789
0.9413941441
1.0343289198
1.0168029047
1.0032084925
0.4352030628
0.4716299535
0.2526447346
0.0937385497
0.3094439345
0.7287999197
0.2418212922
1.3451581882
0.3961970121
0.3878690043
0.5100526832
0.3681244570
0.2185685146
0.2459473602
0.4673388227
0.2053818857
0.4739140658
0.1788451386
0.3535101094
0.4154203161
0.0792709523
0.2964938555
0.1526948180
0.2517893844
0.2804195181
0.3009535703
0.5132093364
0.1812720001
0.3896988502
0.2999314049
0.2465706550
0.3309967655
0.3901141180
0.6035232853
0.3664889666
0.1424460735
0.2977909189
0.3723560357
1.0388873686
1.2620815503
1.6557125374
1.2247929721
1.3017856883
1.0424461678
0.9549843957
0.3276440353
0.4211746416
1.3023415056
0.2084641765
0.1750656168
0.3592512149
0.5390027319
0.5044960032
2.2079476444
0.4258800453
0.1502234795
0.2131883180
0.0684157754
0.4490218358
0.6008624551
0.3748391227
0.3223488132
0.4502443133
0.4338359829
0.4746121599
0.4548802728
0.2805028458
0.3183880468
0.4472520972
0.6651593059
0.1510531410
0.5753963565
0.3200298355
0.2884925196
0.1755250851
0.2346162331
0.3531238564
0.2860258941
0.3662353412
0.1836184096
0.2698779732
0.2696090555
0.3524581953
0.2612629293
0.2474086454
0.1826155557
0.1562188638
0.1411019173
0.2930586447
0.4995349035
0.3524730668
0.2605530243
0.3929208951
0.3523990223
0.3066942481
0.3928669763
0.2856098538
0.3204018538
0.3771224191
0.5859918949
0.5307872926
0.6331877868
0.5116681225
0.4033395275
1.1335023570
1.3032621812
1.0067441520
0.6331264128
1.5384072851
0.6422744226
0.3409369609
0.5590553893
2.0328717991
1.1889562712
1.6442280568
0.6659027879
1.2064271576
0.6280334764
0.7344585729
0.5331096222
0.6492300599
0.8188347829
0.5446946584
1.5883114723
0.7218983276
0.7620051003
0.7098720932
0.6678943528
0.6443650682
2.7283839203
1.0535043036
0.4940916450
0.6347625117
0.4537358778
0.3761797930
0.1411501350
0.2272953897
0.2742110993
0.2095921537
0.3534340964
0.0893085908
0.1053320959
0.0893227282
0.2680188269
0.0520542987
0.1586717889
0.1376994177
0.1115509686
0.1935007970
0.4018732086
0.2364532524
0.3252498862
0.2448591815
0.3478424747
0.2588077051
0.3366907222
0.5022833974
0.3138254269
0.2534579455
0.2149791081
0.2509058792
0.3810655947
0.4411124252
0.2963556628
0.3666839129
0.3764795583
0.6927818594
0.5632462876
0.6259387155
0.5349108080
0.4906577325
0.4809157995
0.7308497623
0.4706297544
0.7548312521
0.9901430498
0.4671152128
0.6959684010
0.9468171311
0.5735221780
0.5845234542
0.5216544256
0.1317284244
0.9354676711
0.5048651531
0.7301881014
1.3545657079
1.5321837960
1.3902857163
2.0442493994
1.9604359927
1.0978259390
0.9337074612
1.5409121793
0.4559915487
5.8720903285
0.2940247686
0.3771480284
0.4506327999
0.4217709322
0.4208897476
0.1467728381
0.3556605951
0.3707239247
0.3090621497
0.1414448670
0.1941999113
0.1758923816
0.0258368482
0.2457117623
0.3242907002
0.3497372775
0.2735410694
0.2803361887
0.4212454866
0.1622937661
0.0947633693
0.2988302532
0.3899106049
0.3893897867
0.2741713583
0.3426961465
0.2958266267
0.3889834614
0.2909738341
0.2007796110
0.4061491719
0.2891645839
0.3196733749
0.3505665419
0.3789818547
0.2296870948
0.4556823345
0.3057340296
0.4741076238
0.4470884178
0.3157149627
0.5965942491
0.9302344876
0.5281110558
0.4595922112
0.4148260551
0.3030972208
0.3495786981
0.7349379618
0.2189591124
0.5448656001
0.5892260401
0.1035171492
0.5106262665
1.0534081688
1.8080395998
1.5920888101
0.5434411173
2.7459024137
1.3023426092
1.2730556799
1.9457643627
0.6004352287
0.5360252796
0.5034848247
0.5349472974
0.5943494515
0.6039223705
0.5773360092
0.7688649127
0.6445863046
0.7454399858
0.6675077566
0.7646469566
0.5941290256
0.5623380450
0.5165373638
0.6450443109
0.1091884726
0.4654668358
0.3985069654
0.4221611117
0.3788442161
0.4498809215
0.4213420170
0.4473524399
0.4607075655
0.1710749014
0.0857558061
0.0719520087
0.2081631246
0.4519463012
0.4244616869
0.3397771260
0.2416929997
0.3148178281
0.1049655599
0.2138693071
0.1213214937
0.2946726709
0.4907439568
0.4026369188
0.3199494865
0.4702839303
0.5216589736
0.5405891501
0.3577162197
0.3040738447
0.1978831994
0.6779717917
0.7242528682
0.2380293259
0.3254320159
0.3538915049
0.0492973289
0.5679228136
0.4640376594
0.7611101869
0.5834173286
0.8407910385
0.6544357691
0.6317430101
0.8446886449
0.3538221222
0.5219288450
0.6151278893
0.8503151105
0.6744847652
1.1009075361
1.0014876326
0.9603757086
0.3330928907
0.5332207059
0.7248619199
0.6875730364
1.9775782579
1.1508055492
0.5723688140
0.7983426533
1.0703706699
5.6180787009
0.8148377447
0.9025274967
1.1299147869
2.5209891985
0.3499511008
2.8526776865
2.6348671148
2.6762856482
0.7439827663
0.7423428774
0.7723657802
0.8011893053
0.7237286740
0.7206768707
0.0864157285
0.4621277132
0.4337618454
0.8513765493
0.7875371091
0.2788008431
0.1711368574
0.5165647098
0.5700208829
0.4782854736
0.4087868849
0.2538113058
0.2989017872
0.2493164734
0.2027130612
0.2113973317
0.2739889999
0.2728438359
0.2921039723
0.2733992357
0.4445593268
0.5839778857
0.5351357573
0.2749996315
0.4114984511
0.8354674801
0.3696059618
0.3283288133
0.3139443755
0.7144092227
0.5166749974
0.2512329770
0.4984073926
0.4196661024
0.2891572208
0.8568655411
1.1349252251
0.9360916704
0.7053429727
0.5745914117
0.7619102416
0.6112964642
0.8140057735
0.7831852503
0.8340334067
0.8785557541
0.7876716084
1.0311337411
1.4030245190
2.3722594588
1.3231257253
1.0539068924
0.9201606052
3.1387494466
2.8794416934
2.9572728223
2.9077679196
2.7663321353
2.7442034613
0.9451786794
0.8204432759
0.8802090823
0.8345716430
0.8199651530
0.8274645008
0.8937933326
0.3708314310
0.8661402323
1.3558797174
0.4342147696
0.4657978580
0.6153798226
0.2964017239
0.3558080485
0.3625941902
0.5037949223
0.2952549786
0.3902707782
0.2912581392
0.3569531619
0.3176589322
0.2061816867
0.1655803946
0.4464293502
0.2891920512
0.1962491822
0.3850085783
0.3345901435
0.3259900024
0.3230387981
0.2456986019
0.1686149204
0.2322642164
0.4244462616
0.4936025432
0.1226746222
0.3251261791
0.4085060602
0.5077012711
0.4233516159
0.2201412421
0.2130785882
0.3732239647
0.2905344072
0.3741486321
0.3727062437
0.7682828115
0.7962399248
0.7413031553
0.9024628079
0.8110963967
0.4819435976
1.1966980238
0.5489569217
0.4880485090
0.6140295461
0.3956242824
0.5073393277
0.3234220742
0.8105944618
0.7255908404
0.7662386944
3.2589099951
0.9610831382
2.3331661930
3.0247614917
1.0815533465
1.8920350256
0.5495818366
0.5916056325
1.7170021508
3.2699012147
2.0289320239
1.8705724585
1.7317720858
1.9679393087
0.5044647695
0.4201885518
0.3898382566
0.1953244194
0.2894155181
1.1513842508
1.1959940750
0.9055642957
0.9761517885
0.5316667720
0.1418381834
0.8213575823
0.4748436330
0.5127071694
0.4209355619
0.2260749597
0.1885397065
0.2599338370
0.2922198423
0.3721138382
0.3200437542
0.4794699902
0.4600786860
0.3482310694
0.1971511215
0.3223464396
0.3159809050
0.3491423695
0.2252335081
0.4248640729
0.4528568952
0.5101242354
0.5794323205
0.6224264042
0.4666004178
0.4201796246
0.3713609942
0.3299274849
0.2661908978
0.0953851707
0.2208613681
0.8894323899
0.7789196086
0.9998987050
0.3061939510
0.9555606674
0.4708749031
0.4062744343
0.8456214336
0.4484826083
0.6710625992
0.4090616612
0.5578639124
0.5634702584
1.2811075097
2.7025009735
0.5844432917
0.5457674506
0.6234486376
1.0613900101
1.2952793503
1.3336179960
0.8071732241
1.3969931695
1.0033415821
0.7317994995
0.7160670652
0.9734219385
1.0985447674
0.0961157171
0.5289218179
0.2993752501
0.2541169452
0.2644599717
0.3819153248
0.3629208201
0.1889168753
0.1289097443
0.2444227100
0.2693105266
0.3761026337
0.2239126188
0.1649940095
0.1546716908
0.2160710216
0.1698202095
0.2562015103
0.3226660920
0.4556436844
0.2581423233
0.3646936816
0.1798975416
0.2132236729
0.1674482609
0.1605950849
0.2250229093
0.2843939560
0.0647219710
0.1453554031
0.5229770562
0.6192437251
0.5999895469
0.7677137603
0.5192710773
0.5135083631
0.1198400188
0.5566258122
0.3330714306
0.3956150817
0.2990720206
0.9209394862
1.1030648039
1.0507410492
0.2698976482
1.4395522651
0.5550998373
0.4443734339
0.3573645041
1.2599775280
0.7322760693
0.2524081223
1.6819435905
3.2737762002
1.5084947896
1.5299961839
1.1867656318
0.3606230827
0.7025871909
0.7416516904
0.6056654503
0.7178036042
0.8316292307
0.1670684956
0.1448224909
0.1824381752
0.1073369790
0.1224037088
0.0952074989
0.2005622511
0.0768424560
0.0894373367
0.2652995074
0.2805535618
0.2554602291
0.2930011112
0.2673801444
0.2216262582
0.1675961220
0.3108905145
0.1451230851
0.2048210363
0.2002932930
0.1962996016
0.4354106003
0.3149034891
0.2225716342
0.2866684511
0.3361811573
0.1842648749
0.2502518435
0.2645002762
0.1965662801
0.2817645943
0.3327030898
0.4023177637
0.2596056540
0.3704509671
0.6678749425
0.4438431275
0.4665726258
0.2804883967
0.5714587416
0.3688565490
0.1443355057
0.2829451479
0.4202685457
0.3911841213
0.3912723480
0.4592447027
0.7401290477
0.6045475428
0.5420154166
0.3460903226
0.4941934897
0.2029879898
0.4419836842
0.6919199669
0.5165074052
0.5811122816
0.3834020361
0.5755594362
0.6150307848
0.1802732285
0.7709473122
0.7373827775
0.3143886574
1.3923472101
0.9195787369
0.5942768277
0.5279980289
0.6028561582
0.9462278099
0.2395048499
0.1074871165
0.4436486196
0.1288432994
0.4733285059
0.3647495202
0.3348010056
0.2843907583
0.4162220197
0.3897443276
0.3024406118
0.4921499315
0.2451239201
0.3651460599
0.4147675167
0.3616188458
0.3197283265
0.3261771879
0.4306879126
0.3725882408
0.4904824089
0.3676439579
0.4347889415
0.3905666321
0.3944660009
0.3870812603
0.3585359336
0.5908293308
0.6529468966
0.7173460660
0.7397209033
0.6413422658
0.6545635782
0.6452975441
0.3838265947
0.4918804532
0.4570227823
0.3819469856
0.4837291474
0.4627387359
0.4526779246
0.5933977392
0.4894139504
0.6011366423
0.6307217068
0.6239699952
0.6121136716
0.6247605030
0.5094639617
0.6094205644
0.5412219645
0.4909993305
0.5497828112
0.8135064731
0.7458582323
0.8031112054
0.5814957418
0.4603560735
0.4282162779
0.4787421126
0.5660858436
0.8854104164
0.7256863749
0.7042313172
1.0556601950
1.0020741992
0.8236855099
1.7700550773
0.6377632493
0.6924809350
0.5684203460
0.5877575816
0.6200045782
0.8902149136
0.8081729548
0.5575453051
0.3161126163
0.3235459744
0.8167113534
0.5560362056
0.6494021319
0.8175144717
0.9799138694
0.6209093876
0.9804890890
0.8530242189
0.3654210873
0.2941354706
0.3828210145
0.7616791274
0.7359988407
0.5676487622
0.6765235508
0.6283212312
0.7888867049
0.7415938758
0.8620549924
0.8332645420
0.7816558851
0.6898241951
0.8567673198
0.8012415256
0.8724956973
1.0158334041
1.0500435380
0.9456295047
1.0381278085
1.0542863448
0.9608792258
0.8988978541
0.7748161767
0.7974650028
0.6034168962
