0.8247093609
0.5555702947
0.6830185595
0.5149646706
0.3989989132
0.6682656545
0.7132848751
0.6351804348
0.6611905872
0.5010114027
0.7397350288
0.7412473493
0.6199416210
0.5465150345
0.6134034167
0.6710309763
1.0071802922
0.7152915357
0.6214019236
0.6028510791
0.6674738911
0.5810437454
0.8350318028
0.8126350050
1.2753061648
1.2622035133
1.3277339901
1.2237401305
1.0233381628
0.7482866473
0.6461532000
0.7403617199
0.9235789739
0.8499046846
1.0328233707
1.1571879979
1.2305155367
1.5238165460
1.4793027491
1.5513371775
1.3550653364
1.0562952538
0.9879301843
1.1681324404
1.2642477064
1.1320854894
1.0006347107
0.9642294845
1.0492293620
1.1715754169
0.6771313438
0.4233289313
0.5742701589
0.8111821068
0.7000922480
0.8227613387
0.7539936601
0.8178067838
1.6296536567
1.7973350538
1.8666916077
2.2954086425
2.1150780806
1.3343924560
1.3835257109
1.1441928781
1.0313261203
0.6039652364
0.6209163315
0.8794990042
1.2072600274
1.5999625848
1.4271439023
1.5217102568
1.9353469781
1.7512992964
1.6546336502
1.3202369342
0.9299599740
1.1166295260
1.1622532327
1.0103773990
0.9302442115
1.2761457548
0.9788820168
0.6488907387
1.2939775970
1.3364748799
1.7118220504
1.4568487872
1.3434328234
1.1766859713
1.3205953058
1.2619803931
1.2563957331
1.0432991491
0.6434069127
1.0109481913
1.0550380248
0.3762315902
0.4263657851
0.7102770062
0.9059403738
1.5821094214
1.3377204303
1.2081796126
0.6620248117
0.2874585444
0.8401934230
0.9145086227
0.9625446698
1.2299625866
0.7161304347
0.6039179023
0.4039677785
0.5628704695
0.7001989577
0.8606754082
0.7149371649
0.6233647668
1.0859746934
1.3959318134
1.3829465001
1.4054311748
1.4633234625
1.3514317006
1.1892322366
0.5243930596
0.2280988244
0.4818938373
0.4731765647
0.7224666751
0.9206998407
1.4547145505
1.8475329433
2.0128766604
1.6875603835
1.4884946843
0.9674052040
0.3721909719
0.2623231794
0.4026076871
0.7476168637
0.7728751506
0.8899681480
0.8458588147
0.5312208486
0.2029192685
0.7166100598
1.5131572656
1.7807647692
2.0609633208
1.9668410669
1.3534494109
0.9883763359
0.7013695064
0.7027150579
0.8245211186
0.8507792698
1.0007664673
1.2681324137
1.0592350850
0.8384027518
0.6097924800
0.8064242876
0.4031099716
0.3808560572
0.9724279373
0.7288750992
1.5810572047
1.6109219719
1.2944833597
0.5389282646
0.8619221548
0.6363711637
0.7614918785
1.0063360572
1.4770997307
1.4394564089
1.4210981674
1.3886174790
1.3707025208
1.3504761430
1.3889798802
1.0106864723
1.0700145507
1.1434533114
1.0179625885
1.8551923800
1.5959147163
1.2432404745
1.3923073530
1.1720156266
0.9764931083
1.0733888056
0.6147482810
0.5719301717
0.3620124829
0.3029022211
0.6600447869
0.9415848383
1.2482833303
1.1343720480
1.1596690908
1.0824057890
1.2087786875
1.1147051852
0.6996814026
0.5128179733
1.7626975733
1.6711237180
0.9484915239
1.2561430570
1.5913185598
1.4179659344
0.7281702258
1.6886000022
0.9901518840
1.2034838013
1.7887496488
0.2689871097
0.3822886731
1.9652320984
1.7819758550
1.2899734434
0.5495480092
1.9187820529
0.4954633446
1.7024274820
1.6305378556
0.3485207026
1.4083577107
0.7163233124
0.9001797409
0.8601821669
0.5766671513
0.9140735833
0.5401560541
0.9057173229
1.1248002874
0.3534495087
0.5740440359
0.9816114999
1.2054802330
1.3376698146
1.1929527467
1.6653921459
3.6723558158
3.2676524404
3.1788666575
2.5682176594
3.4783371940
3.6068109586
3.8900460591
3.8871725058
3.7577211482
3.6912601501
3.7145950620
3.6062692823
3.6289387536
3.5017100185
3.1651889162
3.2190141373
2.8215223994
3.0416101876
1.6448262895
1.9954656529
1.5912338686
2.0221728843
2.2765503145
1.2878370367
1.3215774277
1.5353161846
1.7899917793
1.8608917787
1.2501599408
1.6421773186
0.9468355272
0.4113311349
0.3252002197
0.7126350340
1.1798133045
1.1421699846
1.1395923131
1.1419471807
1.2586028558
1.3191879915
1.7259290141
2.1990568810
1.5673440013
1.7773020695
2.1061074758
2.3781203359
2.8549341178
1.8139002830
1.1787744659
1.0407501307
0.6832735536
0.5667039570
0.5191809152
0.7670860729
1.4730349790
2.2239761294
2.7785409254
2.6471148085
2.3949273327
1.6430951573
1.2513585398
1.2829595701
0.6210982383
0.2353971709
0.5099953256
0.7542491845
1.2808214056
1.2494279681
0.8661619892
0.9966882090
1.5901835890
2.0657531177
1.9710157749
2.0763594671
2.4848526239
2.5414182052
2.3848745176
2.1776188834
2.2496632136
1.7170734961
1.4465199780
1.8525997359
2.0453973825
1.7404366258
1.5244336210
1.2298961168
0.1549982210
0.4937657308
0.7055262667
0.5075944066
1.0685413339
1.2109948030
1.7877613562
1.9183878861
1.9701235922
2.8146860350
2.6103789308
2.2980262957
1.9624906835
1.8285758995
2.1393464940
3.2763597787
3.4012434098
3.0656754724
2.3682875818
0.5465051635
3.9939365572
3.9488822929
3.5958612858
2.5113117938
1.4629109557
1.5706797638
3.7361998283
4.1622876210
3.5273551589
2.9855653044
3.1745634626
2.6592252958
1.4832508580
1.2745682274
2.9662113430
3.4972612117
2.5738485309
1.3219744799
3.2847361922
3.8859148775
2.9360797219
0.9764590882
3.1811224837
4.0893684396
3.4981470808
2.7210174521
1.6040517311
1.1214811520
2.1447784371
3.3119621662
3.2083649914
4.3242512746
4.8210207544
4.8557805833
4.1178517526
4.3162311350
4.0419703117
2.7217068661
1.3734924236
1.2967477405
2.3647883755
3.4081386673
4.0032034569
3.6088984403
3.7334686725
4.0525644026
3.9784336530
3.9433255906
4.0768553323
4.0210778560
3.3061577060
3.4556688173
2.5184345350
2.5011793367
2.3671211157
2.5902546690
2.8038123091
3.0249103696
3.0107497239
3.2247691074
3.4854741596
3.7009702286
4.2664595558
3.7591897233
4.0283221336
3.1688408041
3.3024574985
2.9598859285
2.7765296737
4.3051270659
5.0254124654
4.9840329223
7.3193294039
7.6635876109
8.0552969297
8.1861591508
7.2987822246
6.6285330520
5.6707138601
5.3604700767
4.8404394689
4.5425220552
4.0474182269
4.3781987395
4.3039832475
4.8302763839
4.3347989248
4.2818794583
4.0795381512
4.2218004599
4.2327792859
3.6047276154
3.4720631904
2.9394467912
2.9853775156
3.2050848047
3.8795161314
3.9936907318
4.8299220877
4.6036872216
6.0955633019
5.9201058331
5.8117196010
6.5165185997
6.0829438683
6.3779306196
5.9639580082
6.4149879309
6.0783565935
6.3259149742
6.8285315662
7.0062105655
5.9506443460
5.7196067235
4.9134825468
4.5299112132
4.3311488756
4.1453623979
3.2179751498
3.3023101928
3.1448468519
3.7875555785
4.5890734572
4.6193282699
5.0913781387
5.6204780685
5.6987897769
5.5505812380
5.2654365847
5.2592039546
5.2851861828
5.5581366475
5.5604034964
5.4268715698
5.3280147861
5.2877322892
6.1838047810
5.4171384701
5.7591239648
5.7587295911
6.1416818775
5.8471292611
6.3955132906
6.6007902173
6.3983293046
6.2820705044
6.2974789757
6.4231874310
6.6673161191
6.3291463076
5.3733512286
5.6015427088
5.5926450427
5.7800388039
5.7940567874
5.2920420750
5.2676492049
5.9024029282
6.0197985273
6.1473473782
5.7165911964
5.8187706386
5.6286597507
4.9894221205
5.1664928804
5.2975949478
5.1807146214
5.3718182859
5.5540613955
5.8698218958
5.6084354809
5.9271927545
5.7787094162
6.0159489555
5.8488696385
5.9734791317
5.4371334197
5.8493892990
5.6993112422
5.6305961909
5.8979068033
6.1209159836
5.7625019015
5.2744189001
5.2754541766
5.1076836550
5.4140274403
5.1752656437
5.3298659472
5.7624865259
6.1831686055
6.6262638204
6.8298862897
7.1537604528
8.1287559626
8.5639698412
8.3526739735
8.5415102103
7.9580436913
7.9109550519
7.4039397566
6.2076115797
4.5868681639
3.9821382658
4.2939993327
4.1512478987
4.2930618520
5.1093545940
5.6416538177
5.6936728380
6.8471109034
8.0878609191
7.3823651516
7.4168467702
7.4970887440
7.3803169162
6.7277846206
5.3859662099
4.0063321811
3.9132434885
5.9742666970
6.6120250451
6.8466372578
6.4702509409
6.7451955739
6.3494324791
6.3126764193
7.0464869238
7.3051959640
6.8161154032
7.2529054281
6.9798393375
6.9964471676
7.2067376861
8.6546033626
8.8048309605
8.8849626624
8.6952956996
8.1544537658
8.6436715000
8.2031692956
7.7790527267
7.2648103613
6.2662111960
5.1410533735
5.1017790607
5.9877317737
7.0688162277
7.7966846679
8.2376136279
8.6175639254
8.8124915478
8.5558502361
7.3936093239
6.6399537261
6.0467987119
5.0858728412
4.1190354592
4.4147689325
4.7557793077
5.6659973239
6.2458205596
6.4509690023
7.1021656366
6.7834358442
6.2092966446
6.3773225796
5.7987027974
5.3078397560
4.6065319203
4.8122536762
4.8123861444
4.4847770744
4.4895086649
4.2123845599
4.2832972346
3.8406482352
2.9584889366
1.7944881522
1.4378313942
1.9705400943
3.6462569486
4.8782323659
5.4694166863
5.6487780145
5.7527804049
5.3528150346
5.7253902499
5.0525351337
4.4743725569
3.4866577486
3.4442577293
2.8533134721
2.4687926459
3.5812311795
3.4235212355
2.9313456918
3.1372795782
2.5262571461
2.5583610324
3.0160231581
3.9296645658
4.9592794500
5.5096663173
5.7332852333
5.1295463743
4.7491446572
3.7789754038
3.0600232987
2.8859786980
2.4809368236
3.4945506391
3.4273571573
4.9336207126
4.3387479779
4.5939899604
3.4481756631
3.3149112120
3.3815029131
2.4553047263
2.5067233030
2.3746776121
2.4503100770
3.9678225134
1.2964665906
1.6478827557
0.8583126271
0.2969247652
0.6752509750
1.2617431734
2.4559159110
3.2546584974
4.2296562916
2.4361876018
1.9435557514
1.4933100562
1.6732175070
2.6935235020
3.9310250972
4.4169831824
4.3051119793
2.9136395018
2.2123897619
1.8861449217
0.7499452711
0.8289897110
2.2130045530
2.9524380182
2.7681401172
2.5278092005
2.7616667019
2.3461491692
2.7094398825
3.5305111998
3.1314219236
2.8907288891
2.1734119349
1.2587518176
1.7640728539
2.6984246569
3.0155719709
3.1422328491
