0.0844810385
0.0843888729
0.0846778058
0.0841017813
0.0856905258
0.0860690492
0.0872128864
0.0876311487
0.0885322763
0.0898963798
0.0909657814
0.0904692362
0.0909344846
0.0909865499
0.0930907642
0.0934230447
0.0952586028
0.0928488941
0.0938474543
0.0940480212
0.0950515885
0.0937827043
0.0964787489
0.0947120305
0.0978138762
0.1036717085
0.1087793866
0.0999430324
0.0983036397
0.0957142276
0.0965275496
0.0959613469
0.1023088492
0.1037010477
0.1025911468
0.1022659188
0.1017782106
0.1015023326
0.1007760196
0.1007276802
0.0987272020
0.0962974408
0.0982510343
0.0985560118
0.1000842549
0.0979356860
0.0961250213
0.0991263463
0.0956100706
0.0846107992
0.0858844062
0.0874458451
0.0847620433
0.0800949194
0.0817190887
0.0841421257
0.0818699190
0.0828906003
0.0842100018
0.0855710539
0.0864492358
0.0852744440
0.0854793917
0.0842783775
0.0863239267
0.0865120041
0.0800916658
0.0848020309
0.0825042002
0.0899987061
0.0958266023
0.1030523934
0.1129453239
0.1105746395
0.1166286218
0.1075386390
0.1180083365
0.1053244050
0.1101412568
0.1108426804
0.0986276101
0.1014692271
0.1147369365
0.1208428683
0.1169235688
0.1163675602
0.1210776417
0.1232759010
0.1277402222
0.1327110827
0.1316755847
0.1313549014
0.1366947953
0.1403318297
0.1394475070
0.1388286547
0.1373624001
0.1401669742
0.1323894456
0.1333536881
0.1339764575
0.1329943439
0.1364439176
0.1329334287
0.1398002825
0.1326444879
0.1304187962
0.1304175130
0.1300673791
0.1202847106
0.1218422734
0.1208895808
0.1190154139
0.1165432634
0.1163590689
0.1146630387
0.1116661261
0.1083926687
0.1048080943
0.0995938473
0.0937165754
0.0914242411
0.0868724973
0.0815701664
0.0761804340
0.0742359058
0.0683296437
0.0647206005
0.0640578158
0.0620552809
0.0629308812
0.0609455251
0.0620649766
0.0697579679
0.0722185921
0.0771371679
0.0765865724
0.0779778261
0.0807109069
0.0802936557
0.0793195677
0.0808672168
0.0796579770
0.0745200518
0.0784739338
0.0719164854
0.0746055605
0.0728837263
0.0772320455
0.0778228551
0.0804142764
0.0800344522
0.0790741752
0.0803518138
0.0755377061
0.0756623182
0.0775808886
0.0778892037
0.0771687177
0.0804137298
0.0814859459
0.0817073455
0.0823631464
0.0823904376
0.0785456232
0.0778045989
0.0769540674
0.0761815177
0.0763243077
0.0782703696
0.0776316275
0.0819974778
0.0837974154
0.0814740239
0.0813734722
0.0827412298
0.0777958058
0.0775964491
0.0765875076
0.0746011226
0.0757759808
0.0755781169
0.0795778284
0.0824863379
0.0812616425
0.0852494272
0.0848421261
0.0819624267
0.0781938418
0.0824085347
0.0768586985
0.0758003108
0.0734739017
0.0728078908
0.0829922253
0.0847270281
0.0829679325
0.0785516289
0.0762334793
0.0781469410
0.0813473977
0.0797798302
0.0826670474
0.0838247403
0.0863683332
0.0850057323
0.0816830441
0.0839984502
0.0835751361
0.0824049108
0.0786439134
0.0749037527
0.0745513470
0.0742628950
0.0744996291
0.0754841877
0.0756910831
0.0757729665
0.0757419326
0.0751882074
0.0765498180
0.0760729535
0.0764499247
0.0768309350
0.0761770643
0.0770951636
0.0789878418
0.0783819343
0.0795589727
0.0797482843
0.0797490348
0.0828244037
0.0817420686
0.0814747763
0.0794207686
0.0796391294
0.0778957407
0.0788907057
0.0789937717
0.0817541624
0.0841385139
0.0839190163
0.0841017328
0.0852298162
0.0840309071
0.0848035611
0.0895207284
0.0881462239
0.0897304823
0.0905778218
0.0891417319
0.0897988534
0.0890211405
0.0895658332
0.0886260849
0.0879150146
0.0872701524
0.0880698310
0.0916150374
0.0898340050
0.0957227998
0.0980931180
0.0961013168
0.1011404893
0.1022475505
0.1024240096
0.1052980062
0.1007517830
0.0984819443
0.1012982347
0.0975185051
0.0971849483
0.1010080022
0.1013321713
0.1020687596
0.1026643089
0.1028661351
0.1046291438
0.0993455831
0.1026620392
0.1029260552
0.1032256870
0.1008793972
0.1009166030
0.0988227475
0.1025672836
0.0997940833
0.1003811505
0.1008613482
0.0996076181
0.0987543607
0.1013263380
0.1033000256
0.1041749305
0.1066685615
0.1086133542
0.1123147309
0.1070064021
0.1144760974
0.1180449784
0.1124693620
0.1147757038
0.1235468391
0.1167336646
0.1232797979
0.1234703125
0.1283380786
0.1324682642
0.1323402108
0.1330090810
0.1366159796
0.1433464501
0.1465268997
0.1516598250
0.1503684200
0.1542365603
0.1581543888
0.1576737141
0.1631354090
0.1618453021
0.1658631474
0.1695566014
0.1734685674
0.1753218249
0.1757503541
0.1788608675
0.1816028080
0.1859752934
0.1853445051
0.1898550164
0.1938655321
0.1997091666
0.2060085194
0.2119905624
0.2171261907
0.2247017186
0.2235248626
0.2124351171
0.2173115397
0.2175387351
0.2191982179
0.2184596454
0.2185568204
0.2109256114
0.2053006392
0.2059376629
0.2038104045
0.2004404912
0.1988845629
0.1977093533
0.1959440773
0.1959478878
0.1952476310
0.1947729463
0.1930102863
0.1922456035
0.1930669657
0.1943790095
0.1953581309
0.1935060296
0.1934462244
0.1976349774
0.2038107891
0.2029974781
0.1961341250
0.2077876417
0.1954638015
0.2088112648
0.1924681134
0.2129325315
0.2089473055
0.2081954428
0.2075525823
0.2085116177
0.2070656926
0.2065721205
0.2070832220
0.2058489361
0.2052305955
0.2030765840
0.2023393080
0.2074197142
0.2087306978
0.2103340846
0.2086862128
0.2145174989
0.2168815087
0.2173830803
0.2301670776
0.2244183757
0.2219504229
0.2235446129
0.2238497404
0.2259704110
0.2251822388
0.2272555462
0.2276716207
0.2281647301
0.2281559372
0.2344292039
0.2350937041
0.2416680067
0.2480313209
0.2595473147
0.2664328371
0.2731034390
0.2801406276
0.2983924902
0.3058817169
0.3128911162
0.3192817594
0.3211660864
0.3209799578
0.3208769634
0.3187156050
0.3200164518
0.3138215008
0.3145073861
0.3136667898
0.3159323860
0.3216591024
0.3224819165
0.3298277500
0.3342081925
0.3355861391
0.3391799377
0.3388971430
0.3452066544
0.3473892692
0.3514495303
0.3533102044
0.3551016260
0.3539781247
0.3536901469
0.3565388944
0.3633536315
0.3669656185
0.3711294888
0.3732865920
0.3726329090
0.3730435347
0.3758616392
0.3784170904
0.3777543116
0.3790290802
0.3801844153
0.3806506649
0.3793110081
0.3782505236
0.3840966122
0.3872638380
0.4016401586
0.4028912320
0.4071534734
0.4042587334
0.4113500830
0.4135088263
0.4179108108
0.4194117173
0.4167587899
0.4172248816
0.4187991590
0.4158885186
0.4160208566
0.4239587967
0.4230037081
0.4284862265
0.4448452081
0.4355301890
0.4319054078
0.4389236831
0.4496781276
0.4406319047
0.4397902748
0.4399511562
0.4399586940
0.4375646783
0.4303804594
0.4279618675
0.4273660142
0.4301903833
0.4279994492
0.4280316804
0.4290535576
0.4294402827
0.4276381420
0.4301802330
0.4280003154
0.4273925099
0.4263453684
0.4343866442
0.4351531755
0.4393255361
0.4509191007
0.4184912307
0.4223583543
0.4239870637
0.4226613846
0.4422467478
0.4420027633
0.4437997671
0.4454879423
0.4454995417
0.4474567944
0.4485203488
0.4443045145
0.4413290705
0.4417600449
0.4382488740
0.4371344310
0.4375916788
0.4449571405
0.4455065929
0.4483360435
0.4481002918
0.4496139877
0.4510916921
0.4529828842
0.4525821856
0.4541708144
0.4525254673
0.4545946571
0.4575317448
0.4596953660
0.4592737810
0.4589315106
0.4558053562
0.4517806408
0.4498225265
0.4474785540
0.4466235022
0.4479622488
0.4496234083
0.4535719256
0.4572682917
0.4579800580
0.4606517066
0.4613208850
0.4634430885
0.4642090485
0.4644994024
0.4644392913
0.4629141524
0.4621055086
0.4622785548
0.4602509469
0.4566132912
0.4537941320
0.4471263018
0.4473154710
0.4439233734
0.4446941840
0.4456467602
0.4455190163
0.4451769406
0.4517321459
0.4536186113
0.4503032398
0.4494210506
0.4469624039
0.4498762902
0.4465890747
0.4454953786
0.4459085815
0.4487476405
0.4499697994
0.4496407296
0.4469837229
0.4473759171
0.4462251672
0.4453778782
0.4438555082
0.4379181437
0.4362348494
0.4372104830
0.4391002330
0.4429692459
0.4430694222
0.4474288332
0.4473131122
0.4367002089
0.4548309348
0.4532494631
0.4540095619
0.4541929694
0.4530936214
0.4548815992
0.4592896401
0.4588344219
0.4587318830
0.4579311155
0.4555249322
0.4540120559
0.4535890428
0.4537890908
0.4584742144
0.4608723690
0.4570891051
0.4671386356
0.4781108478
0.5283407383
0.4775948466
0.4536661989
0.4432643065
0.4526447478
0.4517761437
0.4506648242
0.4451169735
0.4439912026
0.4422414563
0.4363872390
0.4324008131
0.4301528012
0.4203643183
0.4183512160
0.4168422637
0.4061100621
0.4140252871
0.4256739614
0.4332274101
0.4338179623
0.4355048471
0.4419371610
0.4347761361
0.4375547732
0.4400079395
0.4462669103
0.4453629580
0.4430600742
0.4375106587
0.4315310177
0.4222736089
0.4172275875
0.4160122069
0.4119824237
0.4124878675
0.4066910501
0.4011954871
0.3981996482
0.3967201385
0.3950115576
0.3991259646
0.4025089365
0.4038815196
0.4021842767
0.3969692282
0.3990008960
0.3981150475
0.3936010364
0.3989318819
0.4013173646
0.4028757319
0.4025546447
0.3966085892
0.3935339495
0.3898996668
0.3840667016
0.3784256982
0.3716179553
0.3693131599
0.3664325005
0.3676212119
0.3659764305
0.3632407440
0.3619818724
0.3597065823
0.3663937359
0.3600495705
0.3686719329
0.3703647084
0.3638271976
0.3578237016
0.3516234865
0.3412541806
0.3352353026
0.3303958310
0.3366095741
0.3366052144
0.3373343362
0.3393475165
0.3350686605
0.3258164541
0.3182019925
0.3196159305
0.3159467425
0.3114122795
0.3024775738
0.2961253765
0.3031521216
0.2989053307
0.2982764119
0.2894372394
0.2896200369
0.2784749500
0.2830873885
0.2925686991
0.2862705739
0.2663306642
0.2565887531
0.2452444201
0.2401786700
0.2361239677
0.2362444289
0.2377271180
0.2360238886
0.2367407923
0.2393076375
0.2348555713
0.2367375090
0.2353661364
0.2334534810
0.2322368007
0.2322590093
0.2299843906
0.2277559818
0.2312109657
0.2363159771
0.2356648087
0.2307041339
0.2285720614
0.2349100622
0.2346297600
0.2282631248
0.2226637034
0.2213097945
0.2166883469
0.2137743484
0.2153289723
0.2060294011
0.2010120281
0.1921341132
0.1928603865
0.1953689780
0.1959139888
0.1974751976
0.1967572742
0.1942899720
0.1831595842
0.1806555690
0.1811871959
0.1771579384
0.1754311946
0.1752729901
0.1736849692
0.1713057694
0.1713741021
0.1669402038
0.1645200982
0.1615756497
0.1606258353
0.1574464827
0.1546202638
0.1496600844
0.1496856167
0.1516596128
0.1486160868
0.1383482054
0.1310203501
0.1281182739
0.1250280286
0.1215345922
0.1188448848
0.1146704577
0.1083475154
0.1023803341
0.0966324226
0.0926421290
0.0930756684
0.0913304090
0.0956735350
0.0945272048
0.0951749882
0.0966887437
0.0969357086
0.0988098937
0.0947163864
0.0933439221
0.0933411179
0.0957403369
0.0945167365
0.0958530158
0.0963939129
0.0933162005
0.0989356215
0.1034356636
0.1005717391
0.1034364767
0.1088767020
0.1116340394
0.1115016593
0.1080627033
0.1053452758
0.0979862228
0.0912797205
0.0860946757
0.0799789473
0.0815607111
0.0808494295
0.0928500583
0.0929119167
0.0887611812
0.0791251921
0.0844150498
0.0749850304
0.0717822109
0.0788206829
0.0749056384
0.0732890409
0.0630474288
0.0664434715
0.0703811531
0.0697197826
0.0721624097
0.0727090010
0.0696202456
0.0683047765
0.0648318097
0.0687083572
0.0671443480
0.0673876586
0.0697083435
0.0745611153
0.0725617505
0.0710545503
0.0804660961
0.0796146736
0.0794945468
0.0793369000
0.0745424460
0.0789031242
0.0820699294
0.0817871934
0.0814333049
0.0815745643
0.0838386384
0.0856352168
0.0826503125
0.0861623963
0.0840132776
0.0808511442
0.0818514961
0.0839000512
0.0798968128
0.0762427231
0.0766512803
0.0773664010
0.0789521746
0.0909683260
0.0931846042
0.0938460862
0.0977053571
0.0959950397
0.0929965163
0.0909468596
0.0876659435
0.0876409609
0.0912842236
0.0799010738
0.0895758828
0.0909422991
0.0890513642
0.0881400671
0.0869244244
0.0877486082
0.0866023246
0.0933516347
0.0939657416
0.0877862340
0.0781338855
0.0838886692
0.0629300701
0.0596829889
0.0566692460
0.0559322785
0.0524509818
0.0585544851
0.0593640864
0.0611681162
0.0606038709
0.0543199381
0.0614663121
0.0625200734
0.0670211732
0.0632915152
0.0652141513
0.0663813059
0.0666942715
0.0732656586
0.0715073919
0.0705225646
0.0698435166
0.0707765664
0.0749093819
0.0725695658
0.0718800734
0.0708557345
0.0712252493
0.0691133431
0.0691030298
0.0725718171
0.0718977022
0.0726453264
0.0729261167
0.0728136418
0.0714014762
0.0701464594
0.0708155035
0.0628255264
0.0633167447
0.0650821734
0.0619045307
0.0582780728
0.0547723553
0.0527638882
0.0559712088
0.0652410257
0.0692118479
0.0736729047
0.0769796770
0.0810596999
0.0869302975
0.0955242515
0.0994114023
0.1030152421
0.1074377294
0.1147633833
0.1186646044
0.1165226978
0.1305042515
0.1340462096
0.1314276178
0.1347753060
0.1426986198
0.1412535447
0.1358498830
0.1507774510
0.1782421069
0.1725045147
0.1704637332
0.1540267906
0.1533239220
0.1354291001
0.1414176378
0.1458684453
0.1497452735
0.1382265970
0.1417146084
0.1339599968
0.1011631136
0.1085514069
0.1028210017
0.1010527488
0.1001439709
0.1005398077
0.1037221375
0.1027032389
0.1066781845
0.1004871958
0.0974157176
0.0958884505
0.0975958590
0.0984633236
0.0980485398
0.1003248654
0.1013125418
0.0716699570
0.0714143931
0.0671922644
0.0629895380
0.0693456050
0.0655064336
0.0701846529
0.0734857119
0.0796908953
0.0792156556
0.0968874294
0.0971597253
0.0933880040
0.0909458153
0.0959127758
0.0930718355
0.0947153699
0.0896461768
0.0902599742
0.0907556726
0.0890913742
0.0929028115
0.0831800834
0.0867485677
0.0940307764
0.0972605159
0.0947867806
0.0872529556
0.0706007954
0.0705643178
0.0674150024
0.0628889464
0.0560901198
0.0512603553
0.0428676963
0.0430182250
0.0469354059
0.0446208537
0.0415671286
0.0391046499
0.0668855559
0.1428374086
0.1978902272
0.2637744821
0.2246376295
0.2158904091
0.2239136986
0.2220858805
0.2329183176
0.2283460836
0.2255927452
0.2241832845
0.2172317478
0.2549681757
0.2626272511
0.2542488093
0.2415755620
0.2407221180
0.2346567829
0.2393168048
0.2137253878
0.2163904008
0.2189324717
0.2219061576
0.2219377000
0.2178871304
0.2173862894
0.2153982759
0.2080422287
0.2064243092
0.2061825888
0.2038701837
0.2031072843
0.2053421902
0.2041464838
0.2015469406
0.2026817153
0.2025712167
0.2056930644
0.2080133165
