0.3451843335
0.3449609055
0.3471655743
0.3446532769
0.3422646876
0.3375000821
0.3380682771
0.3362838401
0.3324727251
0.3342636039
0.3286393496
0.3261260995
0.3218971686
0.3253324781
0.3274355789
0.3333876782
0.3441568587
0.3679912554
0.3776953640
0.3935140460
0.4100589878
0.4188292332
0.4254468847
0.4256081541
0.4209910019
0.4381770220
0.4411617631
0.4501985825
0.4569070120
0.4590142309
0.4507188321
0.4323996747
0.4167614461
0.4075794877
0.4042458953
0.4026342809
0.4013908713
0.4009408475
0.4013504022
0.4016130529
0.4015258088
0.4011089659
0.3998354262
0.3964254949
0.3879425406
0.3935356505
0.4003264007
0.4111730781
0.4142234178
0.4208156151
0.4244869640
0.4283452279
0.4304377562
0.4344818624
0.4339513887
0.4349248133
0.4358621192
0.4300539432
0.4257879666
0.4280958262
0.4245857950
0.4187732565
0.4190283438
0.4183702634
0.4107837280
0.3924395489
0.3719180443
0.3472331250
0.3195988182
0.2979736065
0.2826281034
0.2762020659
0.2733538490
0.2712553672
0.2664548830
0.2603490858
0.2563238370
0.2521128980
0.2451431995
0.2399503118
0.2393702296
0.2382881860
0.2426590114
0.2497519667
0.2585129099
0.2700714418
0.2744214838
0.2805311361
0.2928745496
0.2961950208
0.3041408487
0.3019146161
0.3031811148
0.3045879196
0.3002549679
0.3041304882
0.3128787920
0.3169909193
0.3209112330
0.3219381472
0.3209280671
0.3224079222
0.3461244890
0.3354092954
0.3282560936
0.3255966104
0.3261771192
0.3391292800
0.3494354425
0.3550813756
0.3576804600
0.3621320785
0.3628361769
0.3655070138
0.3608010029
0.3504013244
0.3330169022
0.3323900171
0.3306807248
0.3281921880
0.3299349874
0.3282996788
0.3249052694
0.3241316604
0.3196994497
0.3173878747
0.3134481814
0.3104991741
0.3063279854
0.3044790001
0.3017158645
0.2922611311
0.2799031920
0.2691247175
0.2706552869
0.2709022919
0.2705491097
0.2680940323
0.2684625775
0.2700867605
0.2682539317
0.2714388961
0.2732449750
0.2727957829
0.2725700239
0.2735186024
0.2718327541
0.2727339763
0.2688705268
0.2628884482
0.2578121277
0.2606081980
0.2576633270
0.2543983238
0.2505028441
0.2531571540
0.2518807185
0.2571535801
0.2573982287
0.2630837884
0.2690311902
0.2731975103
0.2757368274
0.2748542347
0.2737127165
0.2727510249
0.2736321160
0.2768728463
0.2779227037
0.2804033870
0.2807890187
0.2802919273
0.2779750522
0.2767953953
0.2775075682
0.2790573399
0.2801570934
0.2809298565
0.2812793404
0.2796656132
0.2714117249
0.2634359500
0.2571729115
0.2519982918
0.2498214856
0.2522059242
0.2558402492
0.2571361958
0.2540265351
0.2457010282
0.2360358156
0.2353660657
0.2362063629
0.2301470324
0.2270633275
0.2216215804
0.2149635237
0.2081989057
0.2034698946
0.1949201642
0.1943124555
0.2033666876
0.2038560641
0.2237273524
0.2199394099
0.2136244866
0.2109283863
0.2107007667
0.2150160692
0.2212479682
0.2197130519
0.2169177167
0.2114536937
0.2005150045
0.1944700056
0.1843792009
0.1718268767
0.1574457280
0.1464808680
0.1454699327
0.1490961280
0.1529504963
0.1552808528
0.1569988698
0.1597723154
0.1651217918
0.1628337160
0.1585206757
0.1558167209
0.1549865981
0.1580297321
0.1667022444
0.1733588473
0.1826752317
0.1913319994
0.1967051032
0.1943445898
0.2097077306
0.2245627777
0.2301262160
0.2313657821
0.2338854165
0.2369421465
0.2443108572
0.2415733357
0.2410059156
0.2351640995
0.2331791838
0.2312318952
0.2295797823
0.2283874350
0.2263551201
0.2272381631
0.2278141206
0.2283762916
0.2286053807
0.2284106681
0.2288139419
0.2302722116
0.2291297269
0.2302802326
0.2353131030
0.2378473577
0.2401565412
0.2419556520
0.2431507737
0.2428214004
0.2442825817
0.2443938571
0.2471207991
0.2493091376
0.2545036489
0.2589011262
0.2634497386
0.2678722642
0.2717086671
0.2803144381
0.2840466192
0.2872438631
0.2897354071
0.2919265592
0.2945007940
0.3048600915
0.3063877943
0.3159485491
0.3162083340
0.3251109162
0.3321800867
0.3306164600
0.3349392700
0.3414370769
0.3405890419
0.3447593058
0.3487730843
0.3491972279
0.3554581421
0.3612834313
0.3648989808
0.3670481320
0.3692111384
0.3742845695
0.3821334162
0.3922959050
0.3959665264
0.3988388553
0.4014163689
0.4037049900
0.4056886069
0.4057381556
0.4039015996
0.4046427201
0.4016497158
0.4023512329
0.4052045689
0.4016634826
0.4046529750
0.4070397892
0.4037582138
0.4049523457
0.4060226193
0.4015923248
0.4020144047
0.3977946606
0.3983818283
0.3981205238
0.3918798209
0.3890482062
0.3815290109
0.3800984891
0.3735310181
0.3704099324
0.3684174462
0.3681977635
0.3676285677
0.3675667672
0.3679105156
0.3645869518
0.3620955673
0.3532829926
0.3504616908
0.3558842807
0.3888399601
0.4157930589
0.4272731728
0.4352417701
0.4481471683
0.4525298088
0.4686536303
0.4860291214
0.5031096774
0.5152682166
0.5340769194
0.5378436755
0.5246635341
0.5273293528
0.5324822758
0.5352775225
0.5338467053
0.5235915690
0.5138300938
0.5097595850
0.5070745669
0.4948135150
0.4917811288
0.4842466841
0.4803788085
0.4759357065
0.4740704346
0.4713432116
0.4725615160
0.4744579550
0.4721318357
0.4667627852
0.4601195404
0.4526877003
0.4367364740
0.4544015048
0.4614576647
0.4667981776
0.4689924251
0.4672966538
0.4595555320
0.4539589477
0.4474359515
0.4377672934
0.4341582618
0.4306491442
0.4258294938
0.4174147570
0.4095862958
0.3998894557
0.3842158612
0.3793511071
0.3784259412
0.3745751283
0.3725928391
0.3729105164
0.3738740493
0.3762641109
0.3789817638
0.3802057635
0.3804262126
0.3802106816
0.3808809879
0.3828527892
0.3854121028
0.3871019193
0.3916623658
0.3949234897
0.3971059615
0.3972549426
0.3966422352
0.3964790700
0.3959316840
0.3958682562
0.3962415388
0.3965685752
0.3972163353
0.3973693689
0.3972146180
0.3967601270
0.3962308154
0.3961205590
0.3966982109
0.3975179646
0.3989330715
0.4000024269
0.4019955672
0.4038471941
0.4056824521
0.4071581927
0.4085431933
0.4109681245
0.4134672235
0.4166442724
0.4191056755
0.4209690537
0.4214158784
0.4199313101
0.4176098879
0.4157930958
0.4146227701
0.4135617425
0.4136396734
0.4154411911
0.4191166728
0.4237582649
0.4274914596
0.4292172931
0.4303752553
0.4320859684
0.4340409415
