0.0566191394
0.0554080308
0.0532084085
0.0568668513
0.0573731826
0.0575122633
0.0641066955
0.0653471736
0.0671183342
0.0772841879
0.0858647394
0.0921085584
0.0937500338
0.0913385822
0.0888623201
0.0907886236
0.1013265934
0.1138668885
0.1262290747
0.1231736650
0.1271191630
0.1329400293
0.1359852391
0.1428084635
0.1526193029
0.1528002380
0.1503618597
0.1397601192
0.1398769913
0.1366194934
0.1359999127
0.1385101722
0.1407850971
0.1414072259
0.1453359302
0.1465882418
0.1488051370
0.1575419874
0.1600485795
0.1574962265
0.1563792820
0.1606099993
0.1629110701
0.1670281605
0.1685087235
0.1689651383
0.1676589168
0.1739327581
0.1848595822
0.1879868133
0.1884475126
0.1846841626
0.1856183430
0.1825683245
0.1789691745
0.1755553581
0.1700564700
0.1654371412
0.1631969450
0.1661868892
0.1668162085
0.1604361130
0.1541537805
0.1469705524
0.1379125240
0.1331062822
0.1309566591
0.1290825249
0.1275268662
0.1237986650
0.1246725670
0.1250023511
0.1247440290
0.1240738169
0.1216314403
0.1230320491
0.1257866672
0.1357554487
0.1410989075
0.1427007530
0.1347872170
0.1316375880
0.1283789407
0.1273070076
0.1272253391
0.1274832872
0.1262957461
0.1267700868
0.1278454938
0.1283340147
0.1270198671
0.1269413915
0.1249929737
0.1207543061
0.1134465542
0.1051797318
0.0973105153
0.0899614599
0.0948766643
0.0905710307
0.0899435129
0.0901187511
0.0914332132
0.0970589276
0.1026644857
0.1095615872
0.1143147253
0.1101493323
0.1103190529
0.1095643995
0.1053021631
0.1013410059
0.0890895035
0.0870398063
0.0851605054
0.0835068491
0.0895872007
0.0894222333
0.0861914601
0.0843029123
0.0802417313
0.0761265201
0.0692900150
0.0637230647
0.0589361828
0.0575533500
0.0553885301
0.0541906763
0.0534833502
0.0519465566
0.0545642926
0.0607159501
0.0671682447
0.0688298956
0.0774603183
0.0807574959
0.0897294009
0.0901715655
0.0958570074
0.0938587683
0.0970040787
0.0990418632
0.0976482273
0.0991659718
0.1016854761
0.1060746166
0.1110168400
0.1171888799
0.1254184299
0.1286939427
0.1360709474
0.1435966502
0.1462550530
0.1554324421
0.1575694107
0.1646425565
0.1653215727
0.1726999382
0.1768513305
0.1736409460
0.1724262835
0.1704151533
0.1745749996
0.1810314200
0.1842726929
0.1891078069
0.1887175019
0.1890229728
0.1885320670
0.1847960671
0.1827101952
0.1798224046
0.1761708734
0.1683575146
0.1657170353
0.1620887800
0.1584032825
0.1489951431
0.1425051165
0.1401853543
0.1374010438
0.1341701282
0.1278699810
0.1254586471
0.1212886815
0.1169448142
0.1131678159
0.1106768305
0.1097671688
0.1029893310
0.1017253947
0.0969582746
0.0938616128
0.0942966421
0.0927236532
0.0915316867
0.0932338928
0.0993301976
0.1011103042
0.1183796746
0.1205971904
0.1200628320
0.1190780561
0.1203467187
0.1186035732
0.1163658007
0.1158761961
0.1173188345
0.1190059857
0.1198815030
0.1206104257
0.1202097700
0.1186509330
0.1152962619
0.1135114386
0.1138952261
0.1129937926
0.1129563803
0.1134731859
0.1149718132
0.1182777306
0.1219041889
0.1231217813
0.1179371436
0.1105058824
0.1019949452
0.0967537747
0.0919839930
0.0862547141
0.0790582838
0.0704313897
0.0609499647
0.0507402648
0.0414737403
0.0356660527
0.0281679410
0.0208183175
0.0165760656
0.0093763541
0.0072444162
0.0088841811
0.0137762183
0.0205039336
0.0243115224
0.0309863347
0.0367621670
0.0418786377
0.0469693732
0.0499172205
0.0526672348
0.0532883291
0.0534896957
0.0513994547
0.0484024990
0.0446008128
0.0440006430
0.0431479960
0.0445078311
0.0430643682
0.0416985169
0.0445802122
0.0465013046
0.0502831617
0.0568124971
0.0607750724
0.0638985181
0.0695636468
0.0700481606
0.0687071340
0.0666387788
0.0632415289
0.0594473650
0.0555518288
0.0568719242
0.0555260358
0.0546713041
0.0535871459
0.0524666822
0.0509672139
0.0523261804
0.0512497339
0.0529170523
0.0524355306
0.0512201538
0.0501805543
0.0471845517
0.0387520250
0.0365705803
0.0300464992
0.0280606565
0.0254773200
0.0288256305
0.0323006393
0.0383439870
0.0473180235
0.0505129375
0.0530508567
0.0611849609
0.0663770388
0.0732466278
0.0788818635
0.0834042957
0.0872860322
0.0918327146
0.0928289785
0.0957050587
0.0983806789
0.0995850774
0.1028318189
0.1054920890
0.1066802077
0.1111668358
0.1135534964
0.1164844916
0.1184700675
0.1192435367
0.1196885538
0.1197416548
0.1204187215
0.1210479261
0.1216928210
0.1213107303
0.1181993797
0.1159150656
0.1103197060
0.1060373599
0.1058186465
0.1095154161
0.1156812378
0.1198071681
0.1240917549
0.1289678389
0.1381202956
0.1478746409
0.1527651107
0.1571122540
0.1599135002
0.1663226442
0.1734597244
0.1737372229
0.1750566138
0.1753595559
0.1764471000
0.1781641109
0.1775927852
0.1816997299
0.1820840457
0.1680405397
0.1441281130
0.1341885348
0.1300733634
0.1289239193
0.1254303117
0.1185019773
0.1112588962
0.1085258184
0.1075256913
0.1061812233
0.1061980151
0.1054242709
0.0969483011
0.0936023298
0.0929327088
0.0911349323
0.0903011783
0.0902801024
0.0894179631
0.0902295361
0.0935433201
0.0971705347
0.0998759990
0.1003825992
0.1011271174
0.0964850826
0.0932544879
0.0902351720
0.0886378542
0.0887304426
0.0892252997
0.0909372057
0.0931238212
0.0975688552
0.0983545962
0.0987339508
0.0989136254
0.0986301611
0.0956792834
0.0980438554
0.1008956875
0.1001211442
0.0918690256
0.0885938438
0.0792390266
0.0720107370
0.0650137740
0.0615673982
0.0595429295
0.0593857178
0.0562691327
0.0514004073
0.0457114376
0.0417035042
0.0383940501
0.0339262436
0.0357650472
0.0416279460
0.0464907793
0.0469853654
0.0477251368
0.0473752545
0.0430205069
0.0412981973
0.0426517002
0.0402285766
0.0447512650
0.0480642258
0.0493367679
0.0559543181
0.0625446997
0.0610591488
0.0558369428
0.0503717403
0.0467974315
0.0439125915
0.0428329234
0.0422193067
0.0392209305
0.0357335178
0.0325260672
0.0310190648
0.0336656451
0.0329002972
0.0324782351
0.0327296613
0.0382243563
0.0440330427
0.0474959948
0.0510272085
0.0545171195
0.0557763284
0.0571555450
0.0581173691
0.0612732189
0.0676677262
0.0750258879
0.0813996758
0.0802775113
0.0828463407
0.0825662714
0.0796986924
0.0813443459
0.0825058967
0.0841865602
0.0867778762
0.0881323437
0.0892805328
0.0889776529
0.0867866623
0.0883850182
0.0856864792
0.0809837794
0.0788363145
0.0789806233
0.0797352167
0.0800842751
0.0808770320
0.0823499937
0.0835550826
0.0843526549
0.0846525942
0.0835307691
0.0813749935
0.0804869936
0.0788641742
0.0767685741
0.0756122415
0.0759003792
0.0756108144
0.0777885846
0.0797993499
0.0816920456
0.0854873874
0.0867391163
0.0857986419
0.0863326460
0.0866424687
0.0868355686
0.0896627297
0.0877313538
0.0877737419
0.0869927416
0.0861145479
0.0852146200
0.0849055645
0.0846890224
0.0851122337
0.0863446754
0.0872586323
0.0896964203
0.0912665821
0.0940206683
0.0963415983
0.0958260668
0.0912714190
0.0901860920
0.0870903135
0.0852819494
0.0801870434
0.0747480435
0.0696463779
0.0678461659
0.0665292411
0.0642287957
0.0619802793
0.0570247354
0.0514694074
0.0457925026
0.0413433426
0.0384610479
0.0359935563
0.0335135715
0.0318952163
0.0316956835
0.0340026862
0.0360812164
0.0388978940
0.0427149019
0.0453577340
0.0464866763
0.0474964575
0.0473667715
0.0475525697
0.0468680648
0.0457240488
0.0452780310
0.0441524541
0.0434418792
0.0435861173
0.0445726129
0.0438610485
0.0436901314
0.0407816905
0.0386753682
0.0335820166
0.0305479242
0.0372231031
0.0342269138
0.0352805813
0.0352151814
0.0361198232
0.0328907872
0.0291777302
0.0285569989
0.0264986983
0.0265308188
0.0271484090
0.0274756139
0.0269335320
0.0271932569
0.0261702928
0.0251576376
0.0227760738
0.0205096384
0.0223383063
0.0227159625
0.0230397316
0.0224028002
0.0203008234
0.0204882210
0.0225164754
0.0212789150
0.0200592546
0.0224326501
0.0255291445
0.0278492932
0.0292365867
0.0303818964
0.0322518875
0.0333432134
0.0315008629
0.0292580433
0.0266126634
0.0242158438
0.0250873712
0.0255816011
0.0269721648
0.0295868470
0.0330636472
0.0408178595
0.0437301698
0.0504734723
0.0627984354
0.0681211565
0.0803810938
0.0962946645
0.1127568784
0.1281247689
0.1579669083
0.1825190241
0.2007022616
0.2272765907
0.2354838160
0.2400060993
0.2403218580
0.2438405311
0.2359609305
0.2337916468
0.2157751669
0.2063460780
0.2051426511
0.2050978290
0.2027899625
0.2033190470
0.2010241603
0.2015953960
0.1930408247
0.1916852165
0.1910231234
0.1839665176
0.1850537133
0.1833346471
0.1840975333
0.1854708455
0.1872581798
0.1881230804
0.1903622589
0.1917058941
0.1926526350
0.1930704257
0.1931512710
0.1933162279
0.1929577372
0.1915673548
0.1908150063
0.1900161121
0.1901849595
0.1894141575
0.1901717739
0.1913246766
0.1926578184
0.1938664158
0.1945536982
0.1955199947
0.1954679967
0.1940032070
0.1863090683
0.1803133995
0.1774901615
0.1774769350
0.1761186578
0.1754751947
0.1756188724
0.1751500170
0.1746054808
0.1727835921
0.1732599422
0.1699161274
0.1672277367
0.1642935421
0.1611556906
0.1588366492
0.1548873840
0.1524365717
0.1487257271
0.1450946417
0.1430196353
0.1411847385
0.1414738901
0.1406987558
0.1408266710
0.1441650478
0.1448790124
0.1442143771
0.1436482668
0.1432693080
0.1410376788
0.1383092802
0.1359568267
0.1351591816
0.1357272941
0.1336889370
0.1386784268
0.1394564943
0.1355923272
0.1386419627
0.1412541068
0.1436022646
0.1456836593
0.1470529678
0.1447921571
0.1451642506
0.1436744054
0.1454988429
0.1476652705
0.1500708726
0.1519363447
0.1530654199
0.1548488333
0.1569454986
0.1589112538
0.1594645468
0.1595914245
0.1582386730
0.1545816818
0.1503834548
0.1490494141
0.1461378612
0.1415155606
0.1424300109
0.1463461421
0.1476844750
0.1466933433
0.1445703317
0.1391307678
0.1302131920
0.1207387339
0.1099231906
0.1007752149
0.0927035916
0.0865089356
0.0844075297
0.0845988625
0.0827572939
0.0842598909
0.0883455766
0.0911136757
0.0883928109
0.0862307898
0.0813813198
0.0783552835
0.0736309235
0.0738914862
0.0702870907
0.0673088211
0.0631095299
0.0615104088
0.0565363826
0.0526701233
0.0518400840
0.0517559840
0.0493311601
0.0469244420
0.0435353653
0.0461949880
0.0532048819
0.0569291316
0.0538067276
0.0471047590
0.0438309154
0.0428203137
0.0441346306
0.0459906163
0.0466263322
0.0455888092
0.0374020432
0.0404517903
0.0405887939
0.0391417114
0.0388186680
0.0440142276
0.0422100045
0.0362588516
0.0327175044
0.0322790017
0.0318329611
0.0328452875
0.0367091524
0.0374415233
0.0327800547
0.0310617340
0.0278807025
0.0275277056
0.0293816419
0.0257973380
0.0238870700
0.0215124605
0.0177973400
0.0182085285
0.0173034682
0.0193417251
0.0198262705
0.0220679694
0.0239578895
0.0286060406
0.0328164583
0.0377085153
0.0414470036
0.0434931828
0.0446389500
0.0443923692
0.0408393846
0.0375920788
0.0319664418
0.0281874956
0.0270624455
0.0310937187
0.0331131874
0.0350610448
0.0373057436
0.0447275324
0.0454045310
0.0482487727
0.0487085901
0.0466937747
0.0421978759
0.0377671837
0.0308154639
0.0239625337
0.0203532664
0.0175956372
0.0187210310
0.0201534747
0.0201252812
0.0227658339
0.0270703721
0.0320209139
0.0339862884
0.0382753423
0.0393198563
0.0419404874
0.0445908924
0.0484234829
0.0503395232
0.0543944607
0.0593702288
0.0636380974
0.0691018165
0.0734809406
0.0837513836
0.0846540045
0.0905668920
0.0920263952
0.0916126266
0.0926213839
0.0959562695
0.0956026247
0.0944124633
0.0929178939
0.0871663598
0.0843683370
0.0794989398
0.0770238814
0.0735759101
0.0708965852
0.0679265327
0.0672425662
0.0643583550
0.0608928317
0.0575147912
0.0531063049
0.0494770192
0.0468388774
0.0448608280
0.0411197221
0.0413805364
0.0428218022
0.0461689982
0.0483575744
0.0497797378
0.0517486470
0.0529337121
0.0544538702
0.0550046708
0.0565655321
0.0580126693
0.0580239133
0.0599294920
0.0574080303
0.0506398848
0.0526420462
0.0475875477
0.0498933428
0.0446773059
0.0449436873
0.0433971859
0.0404614949
0.0463683803
0.0449174473
0.0558638854
0.0780124741
0.0880433314
0.0922334879
0.1124478885
0.1134366217
0.1345314984
0.1576467070
0.1685034042
0.1736148662
0.1782874090
0.1720226529
0.1735638316
0.1876334242
0.1955889146
0.2014413144
0.2048475089
0.2020764244
0.2046602965
0.2175690494
0.2284707662
0.2411466965
0.2362618790
0.2329364797
0.2288986221
0.2293265536
0.2324063861
0.2322828628
0.2361974258
0.2353468242
0.2345043729
0.2380272467
0.2417532860
0.2400821751
0.2397455544
0.2429845859
0.2415181327
0.2405214319
0.2414673843
0.2394610751
0.2477637436
0.2492318486
0.2566445628
0.2674690874
0.2678192522
0.2642782609
0.2578691749
0.2532206354
0.2484819341
0.2450413974
0.2441418639
0.2431113418
0.2413581526
0.2396410971
0.2385716450
