9.653186386169025912e-01
9.794867787067533804e-01
9.842070931204658368e-01
1.008343382046654524e+00
1.012669409132535892e+00
1.033959803434931546e+00
1.036852037336604582e+00
1.040043575561127254e+00
1.044952715981324998e+00
1.051309144354384495e+00
1.080086018063393993e+00
1.084078026064962730e+00
1.116041939982105324e+00
1.120313872743076367e+00
1.127779406381991256e+00
1.133089058810713645e+00
1.138459440157284730e+00
1.157464090707591930e+00
1.154679912014783483e+00
1.161716910642313749e+00
1.138865883494631692e+00
1.130515819538108646e+00
1.130758848477716683e+00
1.130815265008319859e+00
1.132084028840364853e+00
1.130824159824778574e+00
1.118948369074730609e+00
1.116782148362007732e+00
1.106765511316371020e+00
1.098364632102295291e+00
1.089211428420465477e+00
1.069171984743555903e+00
1.069939407508377682e+00
1.051751257514355720e+00
1.030159002810695723e+00
1.001660758325628731e+00
9.838557396900124985e-01
9.739354470457786128e-01
9.700176629595254063e-01
9.565899341812846846e-01
9.528830695819767715e-01
9.500366437475562531e-01
9.276298833005266475e-01
9.256663901063538757e-01
9.268866065768753826e-01
9.198986950151799569e-01
9.063294919887602274e-01
8.945214608550182689e-01
8.844324172200382916e-01
8.867619831513714468e-01
8.821110067484411177e-01
8.868057960523163530e-01
8.887608052995664698e-01
8.866525773461825244e-01
8.878924574229029032e-01
8.698466517012580779e-01
8.698728530392025871e-01
8.781460634787242592e-01
8.751889992399740636e-01
8.813144695056077671e-01
8.842519873965035693e-01
8.846805170212705960e-01
9.002036011617178257e-01
8.872027352618775398e-01
8.859974715425872338e-01
8.909678533871288053e-01
8.935500897845626289e-01
8.955506112450755118e-01
8.910242515494697368e-01
8.894849190032283470e-01
8.843455442307565084e-01
8.782785254359037896e-01
8.734027367962883259e-01
8.687506142393149888e-01
8.617621068647196569e-01
8.578235652564625280e-01
8.528464304196859969e-01
8.480062823386833593e-01
8.424254687563244026e-01
8.357089604744841749e-01
8.313508367471547089e-01
8.299351416573923501e-01
8.208795669994376487e-01
8.170996278613815722e-01
8.166964893741812670e-01
8.136080737033147825e-01
8.099940909087117724e-01
8.067891710917249881e-01
8.055506732725163932e-01
8.060335050005211777e-01
8.052038518600258543e-01
8.044967997566729867e-01
8.075580862178056707e-01
8.079978742518948431e-01
8.100032815685216381e-01
8.117878065107715368e-01
8.125678041989360390e-01
8.168136461634418755e-01
8.213844947351378600e-01
8.229203520863129784e-01
8.248614298240473097e-01
8.298461025416771220e-01
8.340266896439978428e-01
8.408836548386703358e-01
8.502531607420149573e-01
8.493080888981495713e-01
8.400752549600177810e-01
8.426465706001972089e-01
8.388705874361040982e-01
8.391022348638899064e-01
8.351216813733485234e-01
8.313461388144549602e-01
8.359920062440394650e-01
8.385791347388940054e-01
8.369435944290157803e-01
8.365769909178605301e-01
8.442621247941349827e-01
8.469391046334323603e-01
8.488962603140567387e-01
8.541763093236479643e-01
8.559858300819089827e-01
8.600681898956539229e-01
8.641482016063170013e-01
8.684134464853553448e-01
8.727696830943573181e-01
8.718129915893425563e-01
8.719228309363359353e-01
8.659342653644974686e-01
8.718556951504579100e-01
8.772521888522518685e-01
8.806982714995876815e-01
8.841036009650187211e-01
8.831077862177769688e-01
8.823087771232542842e-01
8.813817353271971022e-01
8.823836246002431105e-01
8.873269779545854830e-01
8.874152488600838273e-01
8.918456588073845337e-01
8.839940718134760012e-01
8.756342428804688716e-01
8.752601700239033278e-01
8.742935596996244119e-01
8.765828741124945811e-01
8.806979613312484467e-01
8.875005987510807826e-01
8.880987980737464760e-01
8.929980469666335408e-01
8.958786269456679996e-01
9.021994663500583211e-01
9.013526109116750673e-01
9.062875810343145044e-01
9.062912580534489004e-01
9.107644025675241117e-01
9.083417916451587137e-01
9.136741426334464844e-01
9.159760649558426060e-01
9.142887815469836754e-01
9.131625931972389143e-01
9.108340136521329011e-01
9.078505174400274269e-01
9.298872452787966258e-01
9.440994590279365717e-01
9.423208420485714720e-01
9.402727096906837723e-01
9.475357092635525724e-01
9.490150374268557787e-01
9.486739712578794448e-01
9.488721385299645483e-01
9.331428133304748851e-01
9.312103075211355385e-01
9.309137132670808334e-01
9.319598695793079868e-01
9.339473134465013926e-01
9.231449270123658346e-01
9.252522466587908001e-01
9.295395902005926247e-01
9.280790327684852459e-01
9.281350563020500655e-01
9.115237588092469645e-01
9.135559163360532642e-01
9.166104516426577531e-01
9.222225498635808760e-01
9.276881323045086392e-01
9.327855386545403915e-01
9.141221436972567504e-01
9.211396646388584353e-01
9.247595547787349490e-01
9.265744464403095071e-01
9.285233669714120230e-01
9.081413764273452705e-01
9.024031601882697151e-01
8.832748970512634967e-01
8.776283598289091881e-01
8.587278736231648280e-01
8.487093792610658216e-01
8.438476921982343004e-01
8.182999037766457429e-01
8.193774071402195602e-01
8.175141367842896356e-01
8.149105993866804232e-01
8.152672751125121797e-01
8.144289255388896809e-01
7.969940127588730494e-01
7.907299219251314737e-01
7.921286981461798105e-01
7.920545870831318114e-01
7.900213353393951143e-01
7.762640849919706376e-01
7.769968006593405141e-01
7.761285251376442984e-01
7.720446177124535847e-01
7.636062667396481540e-01
7.651252069359363306e-01
7.674350409907381154e-01
7.666437911207680811e-01
7.742381395325482751e-01
7.870504067197953146e-01
8.069658920267999136e-01
8.215047285748896533e-01
8.380089955854947981e-01
8.638145434756563379e-01
8.806030109342082302e-01
8.970081281896779002e-01
9.224861325526014788e-01
9.329824755625136801e-01
9.374970642081237315e-01
9.630967484998330663e-01
9.493366614962496230e-01
9.509388532616044332e-01
9.240141402525224867e-01
8.648968480270461390e-01
8.091356149844346479e-01
7.446477896616577885e-01
6.814992531020204192e-01
6.697555825362276893e-01
7.039556835237326116e-01
8.002497215752565340e-01
8.464464220694980501e-01
9.630014345823798561e-01
9.966743548815735210e-01
1.034593979819866227e+00
1.040139817390734578e+00
1.032423010423657583e+00
1.039617902354510459e+00
1.021243694855967998e+00
9.884761347798248776e-01
9.685846907608656187e-01
9.121179296990440388e-01
8.453357081531504003e-01
7.823342629564863371e-01
7.330078355029041592e-01
7.022600686726488961e-01
6.582204728965083129e-01
6.110009165306178325e-01
6.165615645335605910e-01
5.572730831918334404e-01
4.894092838326362105e-01
4.423593164652960263e-01
4.670726560634309577e-01
4.771570701509993961e-01
5.060705144759154450e-01
5.347366769992587532e-01
5.177056944197236943e-01
5.190205184392553406e-01
5.046756147503811407e-01
4.781513784241254172e-01
4.476180943830094794e-01
4.389866584089097690e-01
4.151916995024036439e-01
4.035204184449921461e-01
4.061407640466783708e-01
4.004974124178635186e-01
4.244026376607657469e-01
4.426620663427676683e-01
4.401962621129061337e-01
4.411802029748865261e-01
4.415516625947402685e-01
4.419187188162621571e-01
4.424968017003954590e-01
4.377445629924560100e-01
4.190174442608057270e-01
4.068826601627022477e-01
4.102294294386246154e-01
4.043911832561480901e-01
4.033690617287286617e-01
4.087336807755338475e-01
3.983084578998010161e-01
4.068518157705439675e-01
3.976821491667165143e-01
4.040208623413905076e-01
3.890734981676147175e-01
3.671006878054579592e-01
3.557045172292723212e-01
3.219244907204049100e-01
2.936268707530635402e-01
2.874966212634332274e-01
2.758304173904638223e-01
2.719493906790503290e-01
2.733596985909366728e-01
2.803294622003934533e-01
2.830722345622492253e-01
2.952509227369435885e-01
3.017307260749826914e-01
2.965397674412276197e-01
3.019238577094622289e-01
3.000112632485321118e-01
2.753677582780644228e-01
2.445492561243831076e-01
2.335890274686260315e-01
2.419275736884200501e-01
2.222687736773180378e-01
2.138967165124838199e-01
2.148972256376906753e-01
2.038968461753841999e-01
1.956205846898333989e-01
1.968306752045994312e-01
2.040481154894155658e-01
2.112469500577132953e-01
2.325576894444283393e-01
2.433227228744491988e-01
2.420830934667772827e-01
2.566899158717756424e-01
2.763267522601656756e-01
2.856156483080564135e-01
3.080306744501572491e-01
3.392941613911941712e-01
3.724131314059506703e-01
4.310202057866237002e-01
4.911483727415491551e-01
5.395116143449384394e-01
5.485085206803957947e-01
6.055508162706179087e-01
6.592219404557871920e-01
7.135038796538702988e-01
7.488780234687857362e-01
7.760898433317663381e-01
7.859569685592726618e-01
7.874826100302048104e-01
7.810708290132768461e-01
7.616112792697727896e-01
7.541178774440431276e-01
7.658131236763248140e-01
7.524864418827504897e-01
7.362928202806162670e-01
7.270242462068604583e-01
7.163408072382967395e-01
6.988068450890115857e-01
6.847933345339199951e-01
6.657871488828405182e-01
6.515138312457950942e-01
6.471693879545518113e-01
6.456873286742800255e-01
6.575606295565279424e-01
6.660104550770932219e-01
6.591163024265375148e-01
6.525288248381302392e-01
6.468504716699713386e-01
6.428029266922038465e-01
6.306730850981295822e-01
6.142760673109975977e-01
5.969081519102762412e-01
5.894572228467507280e-01
5.761380047333751753e-01
5.645111911725605447e-01
5.583727107276450496e-01
5.510383885643738155e-01
5.406072641883266083e-01
5.435495423499546730e-01
5.369376755623693764e-01
5.270470207701614118e-01
5.238821036044294388e-01
5.248758808937740161e-01
5.371812531990740602e-01
5.554240047248325540e-01
5.757791906178484354e-01
5.807590513345615157e-01
5.928971536736667991e-01
6.016532400976680739e-01
6.328630928723879556e-01
6.942657927207995794e-01
7.509577168146535087e-01
8.159811768026987711e-01
8.965017368175214330e-01
9.755223169370700331e-01
1.050235620709581541e+00
1.117778845725965198e+00
1.185594227629388708e+00
1.252925395893123017e+00
1.326871180183797350e+00
1.381597151872269391e+00
1.413577159440563058e+00
1.397492394203853294e+00
1.445976605470475906e+00
1.505798309151339831e+00
1.576727967374479844e+00
1.584726886914199939e+00
1.570119626318795758e+00
1.559908409270307494e+00
1.663134734817703908e+00
1.640826972338923939e+00
1.613686593327062990e+00
1.594502680826000995e+00
1.578263774273856335e+00
1.633018284565790568e+00
1.617003134236406181e+00
1.593444660692832748e+00
1.557887609681315233e+00
1.540200348201123726e+00
1.553670791981436317e+00
1.570907551129000268e+00
1.608309881418494625e+00
1.606786346144744693e+00
1.590157834337481590e+00
1.571956994652019102e+00
1.558000263497435922e+00
1.540656885065626813e+00
1.528973863015067103e+00
1.521808562541060672e+00
1.527679276225321514e+00
1.549358407935390591e+00
1.588465603984510643e+00
1.650109360486170518e+00
1.637757640806865922e+00
1.603892943355342826e+00
1.599426795960257053e+00
1.606629094568559069e+00
1.633785827179438099e+00
1.647157162453254831e+00
1.627309432315335203e+00
1.587711862486370640e+00
1.568697709413790831e+00
1.564470537809345974e+00
1.557639283701545363e+00
1.572884112621648844e+00
1.592410048324620853e+00
1.606004538869215459e+00
1.621518445241783013e+00
1.640058872256125344e+00
1.655321772683650439e+00
1.665231338560228869e+00
1.676996357989116948e+00
1.686937935210783390e+00
1.710600223112858753e+00
1.734530984071522397e+00
1.761612488262293441e+00
1.790291303646199816e+00
1.821779419226978503e+00
1.838824227765054609e+00
1.853089098455325434e+00
1.846904243557851988e+00
1.824558177786578250e+00
1.811254778302849200e+00
1.769845365659830305e+00
1.718728942617862021e+00
1.690374869312043948e+00
1.637339780339902573e+00
1.631206097901606089e+00
1.611151116815198625e+00
1.584716594009184298e+00
1.550993378035331327e+00
1.547563149893759649e+00
1.527860406604861998e+00
1.525573738273545255e+00
1.530245998859762313e+00
1.539530126216951400e+00
1.581358552480564228e+00
1.630968687785310234e+00
1.676900884941575631e+00
1.714019916982769232e+00
1.732172861789146090e+00
1.752621472410190950e+00
1.790282594466464428e+00
1.838065781184109238e+00
1.881622892104529710e+00
1.916526057669261318e+00
1.935999147638232776e+00
1.943694666740183763e+00
1.940097098024442523e+00
1.923212312009536573e+00
1.898976182907869070e+00
1.874930759404013214e+00
1.831327737079621931e+00
1.805288503906315123e+00
1.796423079401214373e+00
1.788344075568770064e+00
1.780234776610692293e+00
1.762900794976108632e+00
1.742576033426372684e+00
1.702731412015907830e+00
1.665916325054772162e+00
1.629656644002660970e+00
1.542603813173864857e+00
1.485564522696374956e+00
1.416595820521855398e+00
1.348468519552667111e+00
1.297255852680144095e+00
1.245798006043484119e+00
1.213252379557710370e+00
1.173510686598141062e+00
1.149450306873647465e+00
1.095154088032014750e+00
1.051308549124217562e+00
1.011905822460498872e+00
9.703852535110210065e-01
9.269791371526683310e-01
8.940916230028640443e-01
8.663903329716780011e-01
8.296458570052535064e-01
8.148141831071084029e-01
7.988166081130512186e-01
7.929041821635092191e-01
7.876789008863932517e-01
7.725117685216382757e-01
7.464972756239663942e-01
7.248156503204133960e-01
6.720630723205985868e-01
6.261932843883815103e-01
5.517049703252007165e-01
4.816711885350686839e-01
4.096010894939977609e-01
3.915523903330500599e-01
3.588365688947850463e-01
3.588303003908084876e-01
3.604389366382441118e-01
3.462359224770149013e-01
3.539401784860364830e-01
3.666158182059608972e-01
3.453526539539996665e-01
3.604423061291717190e-01
3.606033645165449553e-01
3.491667285554780342e-01
3.522216986333964739e-01
3.504957791692893676e-01
3.444192202512530443e-01
3.418584239804314806e-01
3.446994021236505779e-01
3.482831308011809512e-01
3.729801594596837133e-01
3.751037627506303984e-01
3.950366564392118196e-01
3.956012109935753140e-01
4.213265611634279262e-01
4.534347255452551573e-01
4.577021120479548566e-01
4.760242423715414506e-01
4.979613388163877663e-01
4.984650927101065832e-01
5.256677138701060237e-01
5.582935377426478940e-01
5.622124930045429014e-01
5.679394070921665039e-01
5.938139454925082106e-01
5.923041590147682944e-01
6.046081132865355201e-01
5.994587796498118681e-01
6.037570231711373303e-01
6.137744980496140368e-01
6.104704691108004955e-01
6.126687318160759510e-01
6.161289038930191087e-01
6.226221832470758555e-01
6.203253200849770943e-01
6.661144734055768346e-01
7.175509381357697558e-01
7.593370331687961938e-01
7.941765215085462293e-01
7.961830897926849282e-01
7.573742537096667116e-01
7.988063968186951413e-01
8.059598184508139918e-01
8.018432842395162297e-01
7.864701234647550887e-01
7.838115229579079024e-01
7.794870172861797508e-01
7.642683686462791171e-01
7.501633231658508816e-01
7.410284054470286375e-01
7.366602489388487385e-01
7.290205375848771707e-01
7.469761632486537906e-01
7.299031078885087620e-01
7.224605108796013919e-01
7.131677512694435395e-01
7.135006791980292862e-01
7.049906736917400663e-01
6.915880598375965249e-01
7.090644795532151656e-01
7.213926886972962249e-01
7.032958341753899889e-01
7.209898644634715748e-01
7.042903427775203395e-01
7.132640811495694066e-01
7.054793603567415250e-01
7.083733657133751693e-01
7.251314985827878035e-01
7.415193181003406631e-01
7.657553346940980665e-01
7.981036602807203284e-01
8.185151284784137893e-01
8.337104958803038812e-01
8.516622783055697310e-01
8.672253512795168318e-01
8.761276050671078508e-01
8.821674923592695006e-01
8.885066240805483684e-01
8.902808143129787855e-01
9.005411332770715260e-01
9.050110530577174517e-01
9.008792661733091567e-01
8.926839922399703031e-01
8.918808685692429794e-01
8.736986818123164689e-01
8.637942497774636630e-01
8.595249226722726510e-01
8.537312573995087250e-01
8.509803583818688066e-01
8.488740301144482858e-01
8.470186221584918851e-01
8.452267098295079828e-01
8.356310615375459605e-01
8.309659044251654914e-01
8.228527389477925391e-01
8.266238983889889758e-01
8.207720711214484544e-01
8.373145828559898085e-01
8.539473404421160652e-01
8.477795204096737480e-01
8.779059540163516306e-01
9.143537207090282060e-01
9.191508182823350248e-01
9.580259843795108088e-01
9.965790054311798318e-01
1.036952243515063765e+00
1.074685464989817651e+00
1.102920144037292660e+00
1.125793638326969104e+00
1.140322460570974306e+00
1.146133539451611449e+00
1.115425276275113120e+00
1.092207500740885795e+00
1.061200551630852251e+00
1.025192595480453273e+00
9.669674535707453167e-01
9.451828311335970234e-01
9.319407770366986421e-01
9.282945273096107064e-01
9.436105756491401930e-01
9.561587822265397163e-01
9.655787708781156109e-01
9.725456659976161600e-01
9.828435933739877450e-01
9.998654258228403258e-01
1.023248022143294245e+00
1.054628464980753577e+00
1.093232032837176959e+00
1.122079268412461861e+00
1.142012767464267942e+00
1.127313561701098088e+00
1.107512221429215460e+00
1.087707311168874869e+00
1.062092308615146807e+00
9.805589644108366754e-01
9.259668484663547972e-01
8.548570055476200080e-01
7.763314193372866656e-01
7.716936956138965575e-01
7.648881900464313821e-01
7.313073373393541576e-01
6.992895503012795944e-01
6.690026388802819968e-01
6.383565107984142672e-01
5.722280774631840483e-01
5.243221205974544219e-01
4.573211292608004852e-01
4.306006041519138128e-01
3.270357764112608034e-01
3.224415016904422226e-01
2.513359418086225650e-01
2.620923173536877648e-01
2.673994512414525904e-01
2.675512437638630781e-01
2.656206058090912481e-01
2.578001760608060189e-01
2.427654254131647871e-01
2.287824421617225268e-01
2.180015291329135407e-01
2.230471725707288966e-01
2.291014280355108124e-01
2.489311010744680863e-01
2.478726470137915250e-01
2.613636594571126515e-01
2.740890366739247574e-01
2.805213939630705755e-01
2.909705501393251015e-01
2.956031695178811813e-01
3.117156847245486362e-01
3.104825874447469380e-01
3.240529398921437321e-01
3.267184208904439502e-01
3.255590783778504749e-01
3.354173973908005646e-01
3.303213250077774998e-01
3.257541351532123319e-01
3.214351381060833179e-01
3.193586405665769790e-01
3.151745612747439140e-01
3.037414341866172540e-01
3.017320483500703365e-01
2.970281163942098401e-01
2.848548832856537261e-01
2.836177389242302560e-01
2.793559537325972508e-01
2.643435226438253238e-01
2.607834411331288460e-01
2.418055976958052022e-01
2.411447846012317875e-01
2.370293381223925744e-01
2.257221023709838625e-01
2.277570481403884406e-01
2.210463048031892641e-01
2.220164255944851450e-01
2.243449693139312751e-01
2.272260037232897434e-01
2.322328985639874332e-01
2.365178427859586929e-01
2.568873711540866633e-01
2.541520268823818651e-01
2.678938305327661640e-01
2.668458842452546276e-01
2.689676282885430370e-01
2.705763183039716635e-01
2.731922699127502518e-01
2.750893901848543432e-01
2.753502762650889557e-01
2.801733143953150096e-01
2.751490920249097805e-01
2.723907998000727471e-01
2.702238416224413409e-01
2.692938999086341156e-01
2.658353848569502964e-01
2.642395506504748859e-01
2.607855107830273078e-01
2.621061160300532933e-01
2.634997663638699028e-01
2.630348455929029106e-01
2.566499927482705501e-01
2.542516425809154268e-01
2.516148682967949690e-01
2.533507425176902972e-01
2.455379447057434994e-01
2.559256695055849851e-01
2.559540527447229374e-01
2.577373072398308484e-01
2.580640324025283427e-01
2.585522230950654810e-01
2.600937044278323618e-01
2.593624433501441895e-01
2.629457198032462695e-01
2.912226267346754716e-01
3.053132038959621708e-01
3.162834502464139108e-01
3.245162945056253578e-01
3.260643870737367500e-01
3.482303962552817378e-01
3.778260961706136345e-01
3.988695730579806531e-01
4.434840188058381538e-01
4.461877938056827420e-01
4.744064434478539316e-01
4.918900982874986894e-01
5.009774183895639998e-01
5.214964432198984090e-01
5.387668352628377511e-01
5.750197595489846547e-01
5.939703971249971071e-01
6.214979700317182498e-01
6.057121889165426598e-01
5.643266932201486119e-01
5.616213903231495053e-01
5.511334212240405206e-01
5.234751924976331905e-01
5.060131063122020878e-01
4.933013789480671374e-01
4.944036964379416865e-01
5.002488910898720276e-01
5.236541067849332931e-01
5.550101427434677159e-01
5.889642112554694942e-01
6.194006151760471646e-01
6.239692607071921637e-01
6.627222058158506179e-01
6.777739196867323956e-01
6.748259116571568850e-01
6.835868220055909550e-01
6.838632338163070923e-01
6.872136364824172894e-01
6.905621303073884443e-01
7.077776889059013143e-01
7.341962866988246406e-01
7.540640912064644485e-01
7.762233342199055253e-01
8.079238326267966785e-01
8.154317790823848444e-01
8.215440814532168901e-01
8.318212737974568505e-01
8.244002833364387772e-01
8.195845938933120634e-01
8.061980026773996055e-01
7.909823323698328412e-01
7.546744732201099426e-01
7.325559633905667223e-01
7.109569971771533270e-01
6.921314555811506342e-01
6.758440334785597026e-01
6.753689256415307263e-01
6.741370276968141617e-01
6.870811317284279962e-01
6.984186681747702741e-01
7.089962439411700013e-01
7.180743456904936650e-01
7.260589631569519531e-01
7.248233107970230016e-01
7.135351856737109921e-01
7.080343206992525396e-01
7.064164852123031579e-01
7.085026166408182613e-01
7.158510807757184624e-01
7.272192792264566830e-01
7.579014101946351945e-01
7.950917683184188789e-01
8.461840843900581000e-01
9.053948921859222843e-01
9.602705328053794398e-01
1.003074018940636858e+00
1.013586511128132139e+00
1.064164623272590537e+00
1.099712122398879943e+00
1.133817686205462305e+00
1.158885908923008357e+00
1.169675575229864428e+00
1.174404647242575761e+00
1.168822543512018308e+00
1.151115523962848997e+00
1.121485299948560721e+00
1.087922770570417308e+00
1.072566578398429948e+00
1.044947971684280663e+00
9.928060040624441251e-01
9.680929742441479746e-01
9.572369145015990899e-01
9.654084724679161678e-01
9.075101933719169622e-01
8.827159640818612596e-01
8.687192163393575584e-01
8.831753977981727788e-01
8.531314524655171372e-01
8.802097632318768294e-01
8.957914401305637764e-01
8.737237440247236364e-01
8.543682030009992490e-01
8.153378476422171728e-01
8.081755650943428515e-01
7.676024927603891657e-01
7.458343579372650467e-01
7.415446599438024755e-01
7.487429703411466742e-01
8.536330354598685721e-01
7.816689867107297074e-01
7.432834279943626443e-01
6.421871046060634303e-01
6.113352997818257695e-01
6.095893150777061953e-01
5.782401557954862659e-01
5.792727601608432808e-01
5.537514370022047494e-01
5.323527118014305115e-01
5.162580509134214735e-01
5.015965119647916026e-01
4.869076464225082779e-01
4.723340758929680527e-01
4.605157118208543232e-01
4.443208686651399231e-01
4.423959187403212479e-01
4.256565163996833268e-01
4.001627538853432253e-01
3.761132767158516521e-01
3.539683398144518600e-01
3.361100714056109995e-01
3.171405266647011056e-01
2.949124731348495287e-01
2.904298112993204395e-01
2.672558774291722283e-01
2.642816327072676774e-01
2.402969449322628903e-01
2.230253736740788750e-01
2.187533776750216763e-01
2.118352094519860840e-01
2.056594129822989780e-01
1.971257820002424443e-01
1.995899219017534254e-01
2.013884084641079930e-01
2.157887743629005040e-01
2.181431149813574388e-01
2.213308959167826218e-01
2.381920902383045380e-01
2.321716520659321825e-01
2.257279397112604280e-01
2.193109405504871379e-01
2.139028077186140298e-01
2.080520410908152373e-01
2.016625942632961355e-01
2.016184751950699239e-01
2.042897966001255006e-01
2.058415178624849462e-01
2.057764091521556982e-01
2.076229797494992257e-01
2.059067225997664730e-01
2.196248588264548274e-01
2.228750610340813065e-01
2.252887074958338232e-01
2.281639527088521469e-01
2.501560907155213620e-01
2.533429535793524923e-01
2.674767922448340052e-01
2.673018484541647699e-01
2.714041058789882777e-01
2.715298439249246853e-01
2.800565849083453962e-01
2.822824187849087285e-01
2.946562390095114337e-01
2.968488876559004508e-01
3.091310972261134271e-01
3.108265250170155758e-01
3.146719892462942481e-01
3.135435746163720006e-01
3.258334540515130384e-01
3.280984192653925158e-01
3.274827977631529774e-01
3.260796243388393578e-01
3.210690131430589678e-01
3.171780994077845195e-01
3.161798641322043912e-01
3.172851853138741740e-01
3.171084794418714825e-01
3.112827251131593531e-01
3.116286821234789950e-01
3.096774354041232358e-01
3.135526348152740117e-01
3.152111597194255932e-01
3.185798603086880121e-01
3.212703238607297895e-01
3.199946638836421720e-01
3.204539525733205996e-01
3.285407675646883074e-01
3.284438026088579710e-01
3.290429184388511952e-01
3.379166327882876519e-01
3.379298492651535701e-01
3.383723359584922541e-01
3.385104885985042444e-01
3.379520238795968856e-01
3.315614070764539290e-01
3.314106051587798474e-01
3.380037878616583003e-01
