20.0326210975
20.2825047522
20.7735472989
21.3247187006
21.2995913876
21.5951475274
21.5911703001
21.9159604110
21.6514993995
21.7620004938
22.0411674967
22.4144373247
22.5080520362
22.7784131541
23.1474626173
23.4959705040
24.1400092771
24.6897506588
25.1550692007
25.4746280644
25.9380157172
26.0134421255
26.4665666197
26.5710962292
26.8428098205
27.1975966750
27.4739969211
27.3500636532
27.5486986258
27.3624912980
27.6031774000
27.5477546770
27.5499189393
27.6326291346
27.6864211788
27.5972882851
27.5098363308
27.3955817106
27.1542937100
27.1581938344
27.4499657320
27.5903857021
27.9976892499
28.3778705661
28.4248220954
28.4721362019
28.5321466498
28.5274340498
28.4736289382
28.5176322509
28.4350776211
28.2698200009
27.3870293998
28.6849882696
28.5129133789
28.0766582663
27.5834623893
27.2605110580
27.5453564533
27.9235857232
27.9654950502
28.5171394133
28.3199612722
28.3114550301
28.2603880626
28.1094651259
28.2264392253
28.3395582539
28.2774741644
27.9977361251
28.0592541563
28.0226059127
27.9218688278
27.9259880295
28.0642671317
28.1926093849
28.1608329696
28.1057260773
28.3155855229
28.0950544225
28.0359118836
28.1561472944
28.0079980555
27.7903831639
27.9938582094
28.0893875763
27.9981585956
28.2397134363
28.2083631529
28.3010821682
28.5707828454
28.4605946336
28.3804793493
28.2418780673
28.3202842749
28.1395788385
28.0573372428
28.2232772219
28.3520088859
28.3469015201
28.3353402202
28.3536299909
28.2453070110
28.5511007503
28.5631594636
28.4735149154
28.6029632748
28.4852812230
28.5224988403
28.4960749858
28.4906533814
28.6456182467
28.5399848284
28.5903685446
28.7467931162
28.4097193843
28.3502981317
28.4154295478
28.5794383421
28.3277897874
28.5882123288
28.4046225656
28.5261640631
28.5621088731
28.5345268165
28.3712309478
28.3397599619
28.3280466951
28.2727557330
28.2512869985
28.4907136912
28.0254432919
28.8364172554
28.8652348217
28.7349364633
28.7049268938
28.5606669076
28.4389297972
28.2008134627
28.2297447584
29.0621322695
29.1275833754
28.6591882888
28.1840708807
28.1819014417
28.4215861545
28.3926587228
28.6382185662
28.6081301916
28.1731833343
28.3114603944
28.8261102047
29.0503165766
29.1842676119
29.1999513531
29.4316862010
28.9678026326
28.5175226776
28.0894176836
28.2072608046
28.9407817278
28.7280896134
28.8298206990
28.7568117170
28.2774651403
28.3143236535
28.2207812321
28.3484643899
28.1521185199
28.2945173772
28.3052275752
28.3383734864
28.5168084587
28.5640547436
28.3628568502
28.4732128414
28.4556129099
28.4207949608
28.4662878385
28.3696764366
28.3829264411
28.4176674299
28.2843044575
28.3098564827
28.2204660720
28.3295852380
28.1893193282
28.1983150347
28.5062626970
28.4745667498
28.4892088692
28.6372763472
28.6882366558
28.8647585879
28.8059049485
28.7195277855
28.7212851125
28.4287635357
28.4005129587
28.5124749715
28.3105035132
28.2231830224
28.4119398093
28.5975318802
28.5815223398
28.4910852507
28.5005162975
28.2226088806
28.0992098906
27.8914057590
27.9534444304
27.9790289386
28.1608610266
28.3790111339
28.3013503134
28.5637960004
28.3127132056
28.2426716816
28.2612083661
27.8373818253
27.9217076937
27.9567866228
27.7440872826
28.0946307834
28.5111541282
28.3353752226
28.5473342214
28.2813603013
28.1680319448
28.2922956785
28.0331242601
28.0450940707
28.0353708245
27.9176842648
27.9711977167
27.9608859224
27.9442597005
28.1313449779
28.1011124096
27.8763388268
27.9800508338
28.0104247719
27.9759872026
28.1562041561
28.0877405055
28.1503079161
28.2600989816
28.0555997930
28.0331766284
27.9295278218
27.9564567267
27.8840103770
27.7900179714
28.2012497003
28.2450291592
28.2188927059
28.1395874895
28.1530822852
27.9474828363
28.1173521816
28.2039079207
28.1693014524
28.1851854916
28.0208321760
27.9921884541
27.9079949019
27.8399397130
27.8992128078
27.8820128093
27.9380971155
27.9950413457
27.9624552208
28.0222928185
28.0681030714
28.0538132986
27.7845478702
27.8235191963
27.7474553632
27.5729193975
27.6365720794
27.7286030970
27.7943783316
27.7798002424
27.7330700903
27.7512550435
27.8496626848
27.7690522136
27.8164293864
27.8581434008
27.8542700459
27.8704206451
27.8360299021
27.8472765513
27.9310664782
28.2032486327
28.1041038143
28.1957223591
28.2556364217
27.8312984160
2.1262309811
2.0572050733
2.3358757789
2.2238811347
2.1731617968
2.2681067616
2.3685971926
2.4105797556
2.4602582986
2.2658417715
2.3644885593
2.6008296611
2.0990096432
2.3536845909
2.5341508141
2.5935062741
2.3423846388
2.3311337920
2.3226620293
2.2963946870
2.2621445220
2.3993084739
2.6214937321
2.6078686028
2.7366817692
2.8382966037
2.7934077816
2.6028745130
2.5538068769
2.5816534214
2.7264252483
2.6155577672
2.4956091295
2.4828540419
2.4972364096
2.6744048131
2.1804341965
2.3427268873
2.2193416976
2.2144743281
2.7123533490
2.1484961064
2.0987447433
