2.5589318534
2.5676102621
2.5857427693
2.6052632670
2.6189650596
2.6261516811
2.6456300610
2.6756133624
2.7005785809
2.7197819873
2.7278119199
2.7380254470
2.7471454297
2.7686278614
2.7850623573
2.8037189008
2.8211554337
2.8202661988
2.8494645081
2.8652399746
2.8329890253
2.8311486781
2.8141346548
2.7752076610
2.7465283833
2.6986117433
2.6941281843
2.7007587741
2.6816469164
2.6601417020
2.7312742113
2.6799030964
2.5808519337
2.2073782007
2.1386110468
2.0871670116
2.0269341803
1.9792369967
1.8532778259
1.7500351835
1.6584818851
1.5284461833
1.4471357644
1.3937462980
1.3748241097
1.3480398654
1.3451182145
1.3236167432
1.3089757925
1.3049679594
1.3520329810
1.3859024228
1.4497682431
1.5574404735
1.6119897619
1.6559128597
1.7101180169
1.7433848844
1.7130567835
1.7331223180
1.7402339427
1.7882000990
1.7853872175
1.8095598145
1.8129831568
1.8271905671
1.8324237782
1.8362579496
1.8445311116
1.8443525326
1.8454262362
1.8572611331
1.8519451478
1.8414758154
1.8612437003
1.8147134980
1.7720010733
1.7628493325
1.7257849813
1.7041202570
1.7078554825
1.7464809308
1.8036701517
1.8576253757
1.9145516388
2.0346681854
2.0722294380
2.1356315058
2.1693165542
2.2036442021
2.3646804328
2.5385093158
2.6396036948
3.0090923575
3.2105548746
3.3170818211
3.4243782900
3.5731266130
3.6789245918
3.7666443101
3.8462963040
3.9105462817
3.9334012485
3.9272214592
3.9060432176
3.8338123116
3.7363189537
3.6176422816
3.4600217605
3.3345421244
3.1132048163
3.3041661076
3.2288078082
3.5195124036
3.5075737745
3.5303852091
3.5811748190
3.6095761720
3.6238959741
3.6309106893
3.6363817356
3.6363560516
3.6675537246
3.7014308961
3.6660204897
3.6629354488
3.6934314749
3.7269980198
3.6150605065
3.5055087488
3.5173085445
3.4471217923
3.4610867923
3.3882985261
3.3887718151
3.3798111094
3.3909948424
3.3918557287
3.4137086931
3.4168226884
3.4210939097
3.4023874243
3.3963973340
3.3686378523
3.3554859144
3.3443401374
3.3630118069
3.3650026319
3.3647448097
3.3400330197
3.3186640742
3.2964366777
3.2585933205
3.2142431185
3.1699611476
3.1464008490
3.1296349124
3.1114610708
3.0804516310
3.0008560887
2.6322076949
2.7772840651
2.6835767393
2.6775835218
2.6931306487
2.7211457480
2.7461184643
2.7783164364
2.8106176490
2.8542980678
2.8357223828
2.8054864818
2.7758870163
2.7130000086
2.5953438489
2.3260369553
2.2116386101
2.1832942168
2.1250281899
2.1009324821
2.0851366615
2.0683587718
2.0553706124
2.0412082272
2.0332901401
2.0276925265
2.0222157154
2.0076962109
1.9920638051
1.9885957048
1.9739487116
1.9360437574
1.8989229091
1.8870163282
1.8808564465
1.8348882781
0.8892920498
0.5622126228
0.6468212008
0.7006917903
0.7470474717
0.7846788972
0.8443532636
0.8678435349
0.8685528973
0.8772282380
0.8950119552
0.9334058617
0.9749563809
1.0347989767
1.1509797788
0.8971588560
0.9112697554
0.9293913466
0.9156738160
0.9365656501
0.9624583179
0.9879431632
0.9873910566
1.0011423913
1.0082567352
1.0126960625
1.0137937034
1.0039948036
0.9950202471
0.9772415047
0.9710207567
0.9544366444
0.9425511606
0.9515214285
0.9567679905
0.9295217305
1.0859750105
2.5780370193
2.6544972743
2.7040070244
2.7053163730
2.7124198930
2.7515605425
2.7622099721
2.7961398367
2.7879984322
2.8086025996
2.8067855577
2.8073756811
2.7981167528
2.7861828536
2.7979998575
2.8141203828
2.8236861421
2.7960193738
2.7852474759
2.7780192784
2.8170421067
2.8564878451
2.8827519737
2.9042186196
2.9099992132
2.9187089374
2.9191281534
2.8913498133
2.8888638890
2.8801583715
2.8566421363
2.8822354164
2.9443830776
3.0721120174
3.0652714820
3.0238622884
2.9915575439
2.9598479684
3.0525885857
3.0507599723
3.0522224502
3.0700578001
3.0754804755
3.0875959682
3.0962117542
3.1161122847
3.1250287824
3.1335873897
3.1409400206
3.1392535380
3.1387210534
3.1392006017
3.1443020161
3.1363936597
3.1355194038
3.1468488410
3.1623216859
3.1664199501
3.1606284076
3.1604517465
2.6273848875
2.6906353758
2.8022777198
2.8046457367
2.8977492931
2.9181073121
2.9204867332
2.9159964645
2.9466296675
2.9667200574
2.9728966718
2.9733702808
2.9726697706
2.9882000597
2.9979756752
3.0103639433
3.0306589566
3.0375849490
3.0461440076
3.0526020715
3.0645646193
3.0669989648
3.0720365123
3.0278331864
3.0561489211
3.0893960282
3.1192916218
3.1665051330
3.2560611548
3.2691681709
3.2775284884
3.2795741066
3.2520571877
3.2350450055
3.2505224946
3.2465706529
3.2803813154
3.2601774961
3.2463533294
3.1769633405
3.0174917158
3.2593497424
3.2723282530
3.2880594929
3.2956348262
3.3029611287
3.3077454840
3.3207986102
3.3274815834
3.3463070759
3.3687688567
3.3967759848
3.3817815543
3.3087231345
3.2725662894
3.2583137840
3.2643031188
3.2441853672
3.2047347464
3.2210085548
3.2243468422
3.1460710695
3.1319677930
3.0669149184
2.9996248752
2.9659481836
2.9656110542
2.9651021252
2.9674993787
2.9685669884
2.9828425215
2.9930108950
3.0183233543
3.0393992611
3.0725248983
3.0987503374
3.1284838707
3.1433937626
3.1639490448
3.1680128974
3.1814951227
3.7494754783
3.7653983025
3.7616673313
3.7520482534
3.7525885478
3.7660657376
3.7844163863
3.8003277176
3.9824650635
3.9952308161
4.0461800596
4.0632186874
4.0898348183
4.1148290980
4.1402507512
4.1671728881
4.1988936699
4.2164109910
4.1899758119
4.4125726182
3.9941793352
3.9237819472
3.9102237378
3.9059411312
4.8732973292
4.5748895840
4.5445908870
4.5236324751
4.4728482039
4.4439953278
4.4097603715
4.3987861275
4.3823376852
4.3501627817
4.3330100853
4.3499050827
4.4677923703
4.5582010290
4.6535511887
4.6807901003
4.4775718231
4.4635984733
4.4636861002
4.4712006482
4.9014990891
4.9251180869
4.9378185635
4.9374588128
4.9309153285
4.9419024620
4.9395583500
4.9333267661
4.9283888318
4.9272263156
4.9239669834
4.9098943852
4.8939291729
4.8849806904
4.8692914796
4.8573488913
4.8511871603
4.8516151454
4.8600835450
4.8359992829
4.8427432069
4.8536977145
4.8721722368
4.9165659367
4.9493117784
4.9856504435
5.0238260491
5.0483924852
5.0879234300
5.1042934495
5.1162703013
5.1329805033
5.1424906082
5.1551813665
5.1586688942
5.1638596719
5.1670454577
5.1601860289
5.1668324108
5.1711365629
5.1907223207
5.1957680637
5.1890118261
5.1762332544
5.1845431343
5.1919013668
5.1961557762
5.1794838619
5.0705732849
5.0365551561
5.0243788938
5.0186158338
4.9902464026
4.9711382220
4.9330296497
4.8954884507
4.8790980551
4.8777550515
4.8844589133
4.8900259289
4.9143339605
4.8891961397
4.8618976556
4.8162704840
4.6139183345
4.4948390160
4.4869733660
4.4780432675
4.4306326172
4.5492099375
4.6814495957
5.0209338569
5.1746872890
5.2306129040
5.2068878529
5.1865959931
5.1648193975
5.1681487771
5.1282001408
5.1289127524
5.1237955630
5.0912293969
5.0904564543
5.0574802330
5.0337597013
5.0306389645
5.0477108865
5.0220642125
4.9418089099
5.2203532551
5.2247152002
5.5980874684
5.5612468106
5.5228299825
5.5190073208
5.4464709363
5.4462995491
5.4085417801
5.4150669071
5.3848764880
5.3572601647
5.3360624832
5.3564500785
5.3204124348
5.1407780856
4.9969799785
4.8646819739
4.7300794247
4.6624662441
4.6024873632
4.5407883708
4.4892393881
4.4545211072
4.4548415838
4.4532971524
4.4143268115
4.3393514761
4.3081214325
4.2670307671
4.1595631613
4.1177980839
4.0488756961
3.9570745688
3.6476012756
3.8106774424
3.7522032447
3.7082975979
3.6858417889
3.7246038787
3.6861115865
3.7406671269
3.7532983566
3.7410315199
3.7494419455
3.7377827521
3.7365838921
3.7421715666
3.7515205192
3.7497018482
3.7212510550
3.6347792793
3.4119041985
3.3337388538
3.3098059692
3.3048614018
3.2980276472
3.2876692749
3.2818794726
3.2801928358
3.2797735074
3.2794972526
3.2819389557
3.2829860924
3.2791167320
3.2681070867
3.2750357416
3.2943292642
3.3102140369
3.2732474201
2.2843495407
1.4195059045
1.3563508735
1.3575204194
1.3672601952
1.3741500936
1.3746499061
1.3738752729
1.3684994348
1.3612050376
1.3600343923
1.3454681684
1.3193391447
1.2854057682
1.2606871215
