3.640990451197460676e+00
3.638551506009477965e+00
3.641014878787829812e+00
3.636276637216328655e+00
3.632512607740313371e+00
3.641710484344703236e+00
3.641086313712404099e+00
3.638080765764827529e+00
3.648181495452679890e+00
3.657423105463818214e+00
3.672697145092496562e+00
3.688559916215745194e+00
3.704743049367223762e+00
3.699990502133830628e+00
3.713374297324624429e+00
3.711270394803455108e+00
3.725328277596607229e+00
3.747901116532116994e+00
3.754218883708935195e+00
3.775614936160260005e+00
3.785689679945253516e+00
3.807876023578281366e+00
3.820286823814998289e+00
3.816616466999255053e+00
3.815214081345086328e+00
3.807844096640832454e+00
3.792153583769941605e+00
3.771721888274778056e+00
3.748013785663322217e+00
3.731511469127685388e+00
3.716143158457386964e+00
3.690162672458440873e+00
3.662178977018289316e+00
3.598638477691980420e+00
3.554427692525456983e+00
3.473818492208538444e+00
3.375162537594314394e+00
3.215243901470778543e+00
3.054486359222508440e+00
2.910744468698845289e+00
2.776122664854516309e+00
2.653833067594229433e+00
2.564139211170613830e+00
2.491912062354978641e+00
2.465968467817560406e+00
2.437142795601115797e+00
2.475139208819733483e+00
2.456636498321443707e+00
2.434623467910658867e+00
2.396417844336190761e+00
2.365734009796898185e+00
2.305412352081000815e+00
2.186504517702721362e+00
2.059350262310538859e+00
2.008187912741329129e+00
1.970174828946887891e+00
1.932748622468727140e+00
1.878607030024299407e+00
1.846849399476641285e+00
1.812585626753309365e+00
1.817417747500901903e+00
1.834842967227805266e+00
1.866992888598586475e+00
1.897833034569412547e+00
1.938780727275720261e+00
2.020228414555599095e+00
2.048689677866064152e+00
2.075079202727768024e+00
2.106686884589038744e+00
2.121417965321478416e+00
2.144396290503790325e+00
2.158225599576580223e+00
2.168282634844822976e+00
2.180204006751293555e+00
2.184335291171331850e+00
2.182631622195272403e+00
2.172866178173735285e+00
2.164649589597675838e+00
2.131718423306590893e+00
2.092732027447580467e+00
2.036305821356747980e+00
1.983141303267633493e+00
1.945827607518144431e+00
1.910407194357998106e+00
1.890410223260785338e+00
1.883722806847592413e+00
1.878579676313234748e+00
1.878617201848838292e+00
1.899596444338634393e+00
1.926946271575555869e+00
1.958646696881251481e+00
1.938613242628007161e+00
1.947081239271665876e+00
1.972925656104211001e+00
1.998796120761530570e+00
2.048849986388138422e+00
2.060810588299326618e+00
2.083879904365187219e+00
2.076578647332153249e+00
2.107009091447607840e+00
2.120507049320688786e+00
2.151713272362042240e+00
2.206777419698868759e+00
2.240994909502868282e+00
2.105984647636733431e+00
2.115238473049922074e+00
2.039026814307772995e+00
2.003305867717590782e+00
1.945011921226744711e+00
1.822927590437698919e+00
1.701776623615592232e+00
1.613311460910483053e+00
1.638207282922184094e+00
1.547464548123001604e+00
1.501751516821781651e+00
1.454856659658943840e+00
1.418327428985520555e+00
1.405256027893839743e+00
1.420215989152496139e+00
1.439912889802641205e+00
1.427963944790618056e+00
1.438397084455421249e+00
1.427879197203841821e+00
1.406768287216964231e+00
1.374163055794228372e+00
1.342020994154336178e+00
1.305754522766132464e+00
1.315960621796463004e+00
1.301705275221098246e+00
1.272831159791904421e+00
1.238625255776033329e+00
1.222529997597915141e+00
1.213534978042793311e+00
1.217732761292989130e+00
1.226018142922087550e+00
1.249042770301650007e+00
1.279754400669380177e+00
1.333774293884128603e+00
1.377352004565031818e+00
1.387070796679356510e+00
1.403100280649127285e+00
1.411531521835131198e+00
1.418065968832120882e+00
1.411675758923074175e+00
1.395946082406872790e+00
1.378957722592851987e+00
1.353194665121989493e+00
1.343286758374192535e+00
1.323528755337337603e+00
1.318620768309482161e+00
1.308044946797807473e+00
1.315070420212862246e+00
1.293919188169110113e+00
1.263569726321452924e+00
1.242115742335750728e+00
1.213369906282757871e+00
1.198230911329599246e+00
1.166397959564407838e+00
1.135619342561989153e+00
1.117298548481906462e+00
1.092003832147790066e+00
1.074524582463875388e+00
1.061019993685261342e+00
1.041686053803978274e+00
1.037494942190670955e+00
1.045860649551672905e+00
1.057104754256573242e+00
1.077285977355841196e+00
1.113746685711383133e+00
1.156764046997731610e+00
1.195050965138021892e+00
1.255346181646327608e+00
1.286523820639823068e+00
1.335853116821023923e+00
1.361016611633445450e+00
1.361152860660910457e+00
1.349816370008178001e+00
1.295879629159397473e+00
1.278197167867469508e+00
1.241802794609017990e+00
1.177121295716102356e+00
1.110738868742652707e+00
1.076525328708393348e+00
1.046644106625216120e+00
1.030897082280388677e+00
1.019087038498002196e+00
1.002596976338131496e+00
9.896369218119074329e-01
9.742907666468652028e-01
9.487753530021196813e-01
9.257437580171423708e-01
9.281514695875074938e-01
9.281103123136945632e-01
9.306627810466383544e-01
9.120253481187924338e-01
8.934316121217121820e-01
8.812733880443361922e-01
8.536146071030752402e-01
8.151426612524105275e-01
7.785075886120016442e-01
7.335754740178231925e-01
7.011644369449064884e-01
6.928371026877926386e-01
6.895268196443129494e-01
7.360686142088276318e-01
6.898616636902236143e-01
7.069146845877661844e-01
7.166402793119861503e-01
7.486547874083230303e-01
8.981107592322862265e-01
1.965149353500329932e+00
2.286643898506086181e+00
2.249841307844328675e+00
2.192313687891961127e+00
2.132256645498173508e+00
2.093618571225381420e+00
2.076382005433870415e+00
2.084104724357595639e+00
2.097416408474498173e+00
2.118261224571475143e+00
2.121445257155265995e+00
2.134456266671300728e+00
2.155447844090040199e+00
2.179436607467222675e+00
2.209356735786441650e+00
2.176496853442658086e+00
2.186961771426818579e+00
2.203958335226333887e+00
2.211880015548584044e+00
2.211987039892645335e+00
2.209648019708709832e+00
2.205907529292448821e+00
2.209667672649671566e+00
2.235535707035968045e+00
2.256800170146510798e+00
2.263290773215909102e+00
2.251388183643558971e+00
2.170464345140233675e+00
2.168124281540730003e+00
1.786878498479472555e+00
1.778670329564985497e+00
1.437205278175240242e+00
1.425443564994770984e+00
1.408692893087052589e+00
1.400960974665138581e+00
1.291692594901733493e+00
1.306316138517482184e+00
1.287530822625089000e+00
1.303177136974088102e+00
1.315623304595860521e+00
1.311062481831747562e+00
1.296259776564400612e+00
1.261113565913695833e+00
1.244626843346582135e+00
1.234961954691364605e+00
1.182164535521684323e+00
1.109557596889914510e+00
1.029712212452122078e+00
9.498016184858782962e-01
8.910249841213903066e-01
8.605163083090151543e-01
8.336425218560044037e-01
8.304166469403387874e-01
8.023688227707462817e-01
8.097905104020152178e-01
8.224541892846465307e-01
8.097392048295816158e-01
8.270284693079228422e-01
8.083663960470779397e-01
7.778185744773400412e-01
7.944295821709861372e-01
8.153657407499994569e-01
8.918049002248709112e-01
9.181062551759285872e-01
9.413905215447738728e-01
9.505619620139634796e-01
8.088129776139880711e-01
8.111314076857284450e-01
8.042033593781328094e-01
7.963371714700901993e-01
8.018498764403138024e-01
8.210363377479060754e-01
8.339568249704372160e-01
8.447416973680522689e-01
8.522123658813175462e-01
8.204967624410263172e-01
7.777906091824809964e-01
7.674628765175313116e-01
7.686057994893246148e-01
7.828039054694522214e-01
7.782428880642808799e-01
7.746270676930879784e-01
7.645804882699598348e-01
7.582479316033756689e-01
7.399404616675219204e-01
7.488161453867370199e-01
7.394404594606902581e-01
7.285267094637153384e-01
7.411738761752598714e-01
7.305410083995145243e-01
7.131370862756626350e-01
7.148442681809465959e-01
7.194164439416427248e-01
7.166889981408681720e-01
7.116337899535900569e-01
6.921963793594503311e-01
6.804615545902998885e-01
6.654423820418238211e-01
6.553274263685543444e-01
6.482355407469040376e-01
6.415742737526566319e-01
6.423466889080509112e-01
6.579321725407180077e-01
6.715278237691577612e-01
1.178016318443765753e+00
2.521894613877463609e+00
2.647632902392125676e+00
2.649616546336372558e+00
2.662784801479848529e+00
2.671642209011777069e+00
2.685477986484701596e+00
2.713973073533525682e+00
2.715358954344801123e+00
2.738955729254317184e+00
2.757673850137116300e+00
2.796430374654676587e+00
2.831599602696766471e+00
2.897380393180446934e+00
2.791649281707848651e+00
2.668124512746137267e+00
2.690709852172607164e+00
2.737773561925798571e+00
2.760723690699432353e+00
2.768795818970978928e+00
2.796728908502727595e+00
2.840574130156372057e+00
2.901481302766580672e+00
2.960045243171930629e+00
2.999574640171915441e+00
3.026136018773473157e+00
3.053331106175873888e+00
3.074725910797732720e+00
3.083686487221561912e+00
3.100455910270958348e+00
3.116808047079100419e+00
3.133336616491055882e+00
3.143293055845540973e+00
3.177565459593290509e+00
5.289978572873518914e+00
5.391517427331834256e+00
5.404236440880394454e+00
5.397227479511693460e+00
5.424533439707903248e+00
5.396827466084142877e+00
5.422745698206886011e+00
5.432942810673652367e+00
5.425950839011115079e+00
5.407643591163615149e+00
5.397356121069668333e+00
5.388378013076850159e+00
5.351595744343183192e+00
5.335613347578798127e+00
5.293880244955664338e+00
5.287816588439357979e+00
5.294100430481965880e+00
5.309679311025186088e+00
5.322502161461710735e+00
5.333867970604681652e+00
5.345029653008421811e+00
5.362586315527896552e+00
5.406206193667177473e+00
5.423238202388518836e+00
5.467582141504671256e+00
5.473713803694358226e+00
5.486404106546897808e+00
5.595053156653530202e+00
5.597855457370084054e+00
5.619436414453281792e+00
5.617340264138497297e+00
5.622015521798651605e+00
5.626782529781306330e+00
5.650315480562032810e+00
5.678456050483869255e+00
5.694680920316955053e+00
5.712057218514865475e+00
5.760244913644334552e+00
5.802564746845918719e+00
5.809273541797878693e+00
5.826155307884290480e+00
5.850793625546192978e+00
5.679256785101861382e+00
5.766153660755544585e+00
5.381038199441107395e+00
5.373989764634047539e+00
5.388379519165266807e+00
5.412450105210398377e+00
5.461354186312918912e+00
5.456156562698993184e+00
5.333733935388329073e+00
5.255135339075276413e+00
5.370178702893991129e+00
5.373804610107531410e+00
5.435708329728791810e+00
5.555467695827542407e+00
5.489741254736495435e+00
5.528391028938233198e+00
5.530495526021227626e+00
5.544701878488743851e+00
5.530369089132117999e+00
5.524704553681095476e+00
5.523119566426672122e+00
5.552785947609164552e+00
5.577181279311057338e+00
5.589193701215331878e+00
5.595550905832683775e+00
5.665616457493253932e+00
5.419154392866011527e+00
5.214322202057469546e+00
5.133785642405465310e+00
5.075618327858292034e+00
5.089221125579915572e+00
5.321533518595519041e+00
5.195142498175520096e+00
5.177758081171913496e+00
5.166362142372788568e+00
5.166793589351555305e+00
5.209776350578409598e+00
5.219437961680855942e+00
5.208760373348814809e+00
5.233595702125291460e+00
5.229590134649479083e+00
5.223424131819241367e+00
5.215377597800251230e+00
5.205124470101624823e+00
5.196264068958883264e+00
5.187113604975091441e+00
5.176598367041730597e+00
5.185547630779359096e+00
5.189389455770179183e+00
5.143158722482875866e+00
5.096033695839873090e+00
5.085996256931660575e+00
5.086888581264735976e+00
5.085740292436472743e+00
5.104113186204595642e+00
5.129362543467523849e+00
5.160308899725154497e+00
5.227008920351572385e+00
5.228594020954461463e+00
5.234818212979560847e+00
5.230942717670862052e+00
5.223880085068003609e+00
5.198931391420705594e+00
5.096517104816608246e+00
5.074732462275451716e+00
5.081756704985843420e+00
5.095038719554813689e+00
5.159682636533872824e+00
6.199381378403113096e+00
6.237657107178610438e+00
6.248346359017764584e+00
6.252247208948793045e+00
6.271556268358452257e+00
6.275775432618836192e+00
6.294577548629908037e+00
6.311315895846253632e+00
6.333509713469869240e+00
6.346505761777954113e+00
6.346001242289357691e+00
6.316308081993607715e+00
6.311354776354556328e+00
6.521411497424010939e+00
6.513829073361644184e+00
6.512367091097945426e+00
6.509432362357127744e+00
6.511907022209392437e+00
6.516404627610641320e+00
6.522697182284176165e+00
6.525793353884147052e+00
6.529564746971245448e+00
6.535428122439035370e+00
6.869119999130238519e+00
6.870359666044540070e+00
6.089313379124410730e+00
6.041484411773186736e+00
6.042265972516488226e+00
6.073416757514888964e+00
5.971259159862966293e+00
5.914857834133399273e+00
5.911898159519017426e+00
5.954183578999201032e+00
6.085424528926137278e+00
7.248151026247324324e+00
7.603284943363615156e+00
7.609523010808890930e+00
7.606806764526318432e+00
7.634166221487505233e+00
7.679217579013066342e+00
7.775494894854100281e+00
7.820466559405599760e+00
7.820896785895585346e+00
7.814816798870259262e+00
7.834740913776841786e+00
7.860638511395174000e+00
7.870383684342474595e+00
7.903716403914555322e+00
7.921368212518039797e+00
7.935537650848123903e+00
7.905161421303817271e+00
7.857114274052134917e+00
7.863841775957578051e+00
7.867683018187730859e+00
7.871062300313877991e+00
7.871936317879223211e+00
7.865741689573676254e+00
7.861988473498049856e+00
7.857178299012909761e+00
7.855473426309949936e+00
7.861272717352927764e+00
7.857629377667693760e+00
7.870392698156289057e+00
7.879294131594158479e+00
7.881422418654015161e+00
7.878546540455747760e+00
7.793221522420298086e+00
7.366096460656314626e+00
6.952215033610357864e+00
6.813117660487219673e+00
6.847299828381533615e+00
6.880081629203556481e+00
6.915056495239324974e+00
6.927728406385964988e+00
6.937708135809382171e+00
6.930000540225161210e+00
6.934779260052210681e+00
6.933182313390609863e+00
6.939223197812299126e+00
6.933998571710526804e+00
6.929521453453181046e+00
6.894524418158977319e+00
6.858004679792128577e+00
6.807970651870332013e+00
6.748966882449706439e+00
6.747625936582503314e+00
6.834707070608504687e+00
6.832985458083299157e+00
6.832153158024101280e+00
6.656641859907000303e+00
6.630053299045425952e+00
6.614215821678072871e+00
6.600742958477757050e+00
6.596317744950988882e+00
6.597256702625061031e+00
6.594047100363631841e+00
6.586898998872308120e+00
6.588997778412079676e+00
6.573037390689566273e+00
6.572496591890166329e+00
6.545737287954922046e+00
6.514875456202904758e+00
6.468302179589424661e+00
6.324011736131541106e+00
6.202181573230710399e+00
6.142378297491687178e+00
6.123339548919770614e+00
6.115501875606552673e+00
6.099503080887683559e+00
6.085204816526065486e+00
6.082118762122374456e+00
6.062754106625270367e+00
6.064461758817139447e+00
6.041115563358054885e+00
6.036245941528114223e+00
6.001517005683558281e+00
5.970612136217482657e+00
5.967029747673769258e+00
5.961348531252581573e+00
5.927013503010552853e+00
5.905990777389579449e+00
5.609395660828487173e+00
5.247402147903563296e+00
3.856308849289128204e+00
3.753313122758791920e+00
3.721373689430612863e+00
3.689057844521993257e+00
3.659182844804746093e+00
3.603325123639560701e+00
3.572374085715527059e+00
3.559382505714863143e+00
3.551986505116476955e+00
3.534423663033399610e+00
3.503849798645253255e+00
3.463156516880316893e+00
3.424226467662742301e+00
3.339988260928110186e+00
3.293044168822512496e+00
3.224339783119695824e+00
3.097822333673860840e+00
3.060863198415876507e+00
3.301729612612224418e+00
3.425968102213795774e+00
3.429421751748896963e+00
3.423479099699063166e+00
3.381258271304272700e+00
3.369368671309067143e+00
3.364219050228926644e+00
3.351448295926573895e+00
3.334420502477018378e+00
3.323978544612844033e+00
3.315935992116431752e+00
3.296882141751646955e+00
3.259027395779144687e+00
3.222857897610906797e+00
3.183132213187111592e+00
3.150991363656768574e+00
3.119504093687345048e+00
3.114074807273933931e+00
3.105628873885760033e+00
3.083048256310604973e+00
3.033393696972862319e+00
1.091518632803846645e+00
9.998606649128155555e-01
9.840022699006798490e-01
9.580761583326365960e-01
9.424788329943164511e-01
8.942599661817264289e-01
8.564206620626011457e-01
8.253339944059178146e-01
7.696903722141281712e-01
7.286540209533147738e-01
6.968063530610562051e-01
6.355770919639898153e-01
5.752412487121624229e-01
5.368685933314784053e-01
5.167966620467048244e-01
5.498779738889115754e-01
5.805601961232091934e-01
6.063326197685512398e-01
6.283125251101691067e-01
6.713106814331618599e-01
6.635499572269729640e-01
7.167538575475759233e-01
7.063575430521980003e-01
7.382791952414043957e-01
7.395740708131215424e-01
7.575982239178640221e-01
8.080819431297434630e-01
7.952601216703516496e-01
7.745465178952407603e-01
7.571975582768547541e-01
7.436418342464653497e-01
7.483469899509987977e-01
7.639258636524364210e-01
7.814681304066332101e-01
7.825277614332607490e-01
7.140601828036072796e-01
6.659680519004306243e-01
7.183956275970521110e-01
7.306540984000170491e-01
6.125266805439718576e-01
6.351440774642458376e-01
6.631045985797547893e-01
6.927480958474696582e-01
7.186548724019542478e-01
7.399789409376607008e-01
7.544531319097771416e-01
7.626488701096633127e-01
7.730066078284524300e-01
7.754941915415359821e-01
7.717187564744902861e-01
7.723205272236809416e-01
7.750863011654184342e-01
7.839247186818447677e-01
7.999282396620734925e-01
8.333728129037084598e-01
8.353753542533641774e-01
8.749892918769733852e-01
8.871551881708525933e-01
9.168779839377626528e-01
