0.0749236329
0.0773927591
0.0729056846
0.0715215111
0.0720986443
0.0707668390
0.0683447593
0.0737775400
0.0710921151
0.0713398507
0.0736406392
0.0777417839
0.0807361642
0.0802465293
0.0786279932
0.0813169778
0.0819120636
0.0811255580
0.0824228038
0.0774898341
0.0807293902
0.0803096662
0.0835944425
0.0904682264
0.0843797162
0.0867850176
0.0921721940
0.0907767276
0.0892191250
0.0858362356
0.0861712931
0.0872837895
0.0870660862
0.0905967664
0.0955639264
0.0863546732
0.0918166105
0.0920853783
0.0950018868
0.0934683553
0.0897252045
0.0896765691
0.0865568983
0.0889076095
0.0902966650
0.0901040948
0.0985514779
0.0967650921
0.0975476776
0.0987055530
0.1025918252
0.0974123479
0.0993750982
0.0913363895
0.0831407115
0.0827628349
0.0794350454
0.0742919117
0.0739453012
0.0726351511
0.0692585688
0.0675814095
0.0687414170
0.0679040922
0.0661007181
0.0677796202
0.0652010912
0.0634530864
0.0621922331
0.0568679741
0.0574255208
0.0542384081
0.0490982997
0.0447619632
0.0435871002
0.0434923929
0.0426693166
0.0469968185
0.0452665198
0.0458756405
0.0467373180
0.0392789686
0.0348428770
0.0296397722
0.0191409745
0.0174774963
0.0135060641
0.0108587935
0.0117667328
0.0097006917
0.0119611004
0.0186970379
0.0213718275
0.0265715866
0.0253052211
0.0234000884
0.0292769800
0.0287825341
0.0249142363
0.0195671046
0.0296654448
0.0262335189
0.0199448642
0.0279805291
0.0169441472
0.0189332155
0.0231388051
0.0258673979
0.0325126270
0.0381234295
0.0380761817
0.0441784607
0.0437013493
0.0535155121
0.0609578182
0.0634801096
0.0616981201
0.0520286108
0.0522949744
0.0411845975
0.0433026504
0.0433799796
0.0435251669
0.0497971945
0.0494464293
0.0426713640
0.0351363017
0.0304812685
0.0344164407
0.0320985531
0.0363688369
0.0365629109
0.0377698686
0.0391830509
0.0412218149
0.0378593700
0.0387169205
0.0399569191
0.0411642788
0.0402614834
0.0431870957
0.0431637994
0.0442032295
0.0466656310
0.0508727662
0.0522827683
0.0524168197
0.0519480959
0.0533836519
0.0557754371
0.0582413311
0.0610834731
0.0606604626
0.0559223337
0.0556448972
0.0555767045
0.0544413515
0.0522063501
0.0484570615
0.0483298498
0.0476874047
0.0492619885
0.0476540453
0.0472802276
0.0469485707
0.0464688570
0.0443426781
0.0441445922
0.0423092275
0.0427937527
0.0431555569
0.0422686981
0.0420133910
0.0357323153
0.0332100707
0.0369682621
0.0376188223
0.0378491786
0.0383222358
0.0405669539
0.0422007858
0.0446243896
0.0429400118
0.0440429944
0.0424655871
0.0358301041
0.0341752856
0.0344883653
0.0397213514
0.0450603834
0.0451171234
0.0470539637
0.0395761827
0.0307933898
0.0269429728
0.0253095477
0.0264344335
0.0237435475
0.0336633470
0.0459966027
0.0394961011
0.0414127185
0.0385704365
0.0363123789
0.0331365804
0.0348133859
0.0360623393
0.0368817694
0.0352448780
0.0232085517
0.0244145622
0.0299032080
0.0301324818
0.0307563453
0.0249318604
0.0233457924
0.0251664934
0.0236661620
0.0236566277
0.0238194100
0.0233298030
0.0227650931
0.0220656041
0.0212172182
0.0244059994
0.0237719257
0.0228180199
0.0237302913
0.0221601990
0.0199287346
0.0199240264
0.0154662977
0.0147934253
0.0187357109
0.0171658789
0.0218908600
0.0330952719
0.0295251346
0.0269957007
0.0124463505
0.0127671011
0.0092953229
0.0109727855
0.0115025342
0.0091164999
0.0077830634
0.0132075207
0.0229696385
0.0235890742
0.0266694655
0.0261127150
0.0304290707
0.0391561216
0.0367619282
0.0351436888
0.0356536549
0.0340082729
0.0283758905
0.0331658625
0.0306809192
0.0298371324
0.0293774701
0.0330332171
0.0312214800
0.0308802901
0.0272896894
0.0236909713
0.0328285768
0.0307855431
0.0290950738
0.0277888074
0.0321841962
0.0319050019
0.0367660579
0.0389888621
0.0366541609
0.0376573854
0.0361061666
0.0394274529
0.0369819810
0.0369813080
0.0335343322
0.0360051439
0.0382144108
0.0362943216
0.0353270987
0.0362697769
0.0327751599
0.0371422185
0.0380715609
0.0321482498
0.0310162436
0.0350676211
0.0404784216
0.0554737990
0.0514622568
0.0369886147
0.0244179050
0.0192757251
0.0472330367
0.0238200940
0.0104837730
0.0072409406
0.0060956603
0.0284089441
0.0070141726
0.0060107695
0.0077832441
0.0073443058
0.0192420111
0.0431168676
0.0428420347
0.0379606526
0.0412838377
0.0370649770
0.0426839990
0.0384323193
0.0318688867
0.0302571529
0.0333995030
0.0346901813
0.0382677909
0.0390321277
0.0361288559
0.0366360466
0.0379386451
0.0430844085
0.0401507667
0.0410554177
0.0357505259
0.0359915104
0.0366805671
0.0392667938
0.0341650564
0.0342696018
0.0284526657
0.0301777616
0.0309462848
0.0305776777
0.0271449915
0.0353562052
0.0375604091
0.0365878478
0.0351366734
0.0357850454
0.0323855041
0.0427406356
0.0447506301
0.0512344066
0.0461456461
0.0435444912
0.0444316226
0.0357185335
0.0151253177
0.0332756048
0.0197323903
0.0716822404
0.0561593144
0.0665829279
0.0360785526
0.0293876528
0.0461198656
0.0328958739
0.0410189648
0.0391206766
0.0355234731
0.0348078633
0.0312868579
0.0367730700
0.0372841765
0.0384195208
0.0496423307
0.0507894677
0.0521685950
0.0535704675
0.0534234640
0.0569292884
0.0623763585
0.0628725233
0.0616045508
0.0564544730
0.0547224510
0.0546865705
0.0515949689
0.0510216869
0.0499661890
0.0503164908
0.0488838513
0.0459022077
0.0468433280
0.0467598375
0.0484453465
0.0416466057
0.0387042888
0.0389730116
0.0372918413
0.0361719410
0.0342169687
0.0328589192
0.0298101087
0.0284022002
0.0279651714
0.0277519329
0.0277465329
0.0298969200
0.0335978368
0.0347776231
0.0353689949
0.0365876920
0.0380776979
0.0441922804
0.0429226043
0.0379753861
0.0466663566
0.0479166270
0.0495342547
0.0540333396
0.0549738671
0.0621030603
0.0450550176
0.0367568497
0.0337942067
0.0551114118
0.0354635072
0.0327294444
0.0334442850
0.0323978625
0.0286246585
0.0266795122
0.0258426447
0.0242411118
0.0214054798
0.0266406238
0.0186226019
0.0188567784
0.0220188903
0.0174900297
0.0176204725
0.0087706340
0.0115560057
0.0142734483
0.0100723758
0.0143223373
0.0053605326
0.0039507190
0.0064145618
0.0061551639
0.0076159459
0.0064893786
0.0086273280
0.0067475302
0.0095825689
0.0178963121
0.0166281484
0.0137569332
0.0156919596
0.0188379277
0.0185938515
0.0211914253
0.0255952418
0.0257086670
0.0273882315
0.0293281209
0.0315610195
0.0330225361
0.0357265391
0.0375203477
0.0396946892
0.0409825508
0.0428958364
0.0440115145
0.0467543527
0.0482342622
0.0491753498
0.0488877642
0.0486602494
0.0480287304
0.0496225685
0.0472138940
0.0482779346
0.0424981730
0.0444138216
0.0466704009
0.0457812792
0.0399919168
0.0375142560
0.0486666448
0.0650174311
0.0568902012
0.1027731149
0.0768600908
0.0736534602
0.0326151689
0.0290069525
0.0332846803
0.0378051643
0.0426894514
0.0486963994
0.0362531356
0.0342512203
0.0349327296
0.0361078152
0.0351871290
0.0361135363
0.0386225853
0.0399176013
0.0424944929
0.0486856256
0.0478769058
0.0454955103
0.0522063511
0.0456273791
0.0419231104
0.0478136413
0.0538549967
0.0495300679
0.0489411448
0.0456101972
0.0439436700
0.0427360503
0.0429051127
0.0406337286
0.0381123056
0.0341361074
0.0331477786
0.0322357314
0.0350806152
0.0333011402
0.0249231868
0.0243915640
0.0276631782
0.0284228512
0.0283387805
0.0219487546
0.0213200548
0.0211477801
0.0210020205
0.0209330264
0.0205621621
0.0193994182
0.0202581578
0.0126901228
0.0126425503
0.0105055477
0.0087664175
0.0090004003
0.0103529956
0.0132360382
0.0117070076
0.0094495222
0.0107845950
0.0148509558
0.0142654119
0.0144903915
0.0039612030
0.0071209039
0.0122445463
0.0056482680
0.0067554763
0.0083626914
0.0059775274
0.0049753861
0.0155752334
0.0466711462
0.0519660636
0.0544892443
0.0224815480
0.0323201532
0.1013754821
0.0089371851
0.0594561976
0.0612963522
0.0374235149
0.0424544321
0.0323053936
0.0390303672
0.0528450086
0.0594213239
0.0173955772
0.0282947887
0.0516473975
0.0143961988
0.0154009614
0.0169612105
0.0231001358
0.0263425314
0.0193906125
0.0322862281
0.0142438502
0.0198093976
0.0159717132
0.0121956285
0.0157021698
0.0166187396
0.0162323357
0.0129686728
0.0149356119
0.0128381684
0.0140240772
0.0122466908
0.0129228707
0.0090819595
0.0181356592
0.0105659458
0.0131971612
0.0111642477
0.0099587659
0.0096677316
0.0142567334
0.0170854072
0.0105104507
0.0116537528
0.0138812605
0.0169134746
0.0139657712
0.0184082312
0.0218379208
0.0214991603
0.0238132365
0.0182515625
0.0217488765
0.0267316207
0.0321226195
0.0263737515
0.0306367709
0.0329561395
0.0359171097
0.0355880193
0.0362704528
0.0376840434
0.0351744630
0.0368547322
0.0381649707
0.0315980254
0.0445986542
0.0883060368
0.0536378605
0.0347212902
0.0422027887
0.0333946941
0.0371174557
0.0413284577
0.0442965014
0.0434291442
0.0296112056
0.0402600405
0.0480125178
0.0630452863
0.0661258051
0.0913122226
0.0566810925
0.0333069733
0.0442708085
0.0451497312
0.0421704270
0.0347226582
0.0408100220
0.0438876809
0.0463905729
0.0465338010
0.0351427269
0.0421388841
0.0413337366
0.0400468185
0.0435668884
0.0423044215
0.0400740274
0.0412125706
0.0429918421
0.0442948851
0.0448475369
0.0313062350
0.0310287784
0.0329407138
0.0366183513
0.0363536522
0.0357808413
0.0327589513
0.0321387401
0.0334865142
0.0231647034
0.0291149815
0.0222608455
0.0160866108
0.0096598825
0.0200563446
0.0129878356
0.0153505381
0.0222318719
0.0175006104
0.0208719457
0.0162260783
0.0242228256
0.0205590967
0.0260947431
0.0227404816
0.0293497935
0.0293902790
0.0268225896
0.0403421308
0.0329617254
0.0251514553
0.0531395169
0.0373504205
0.0934845826
0.0550838735
0.0347404969
0.0289311858
0.0763658596
0.0624433464
0.0855683606
0.0600519631
0.0734784830
0.0314799756
0.0318070821
0.0333260940
0.0283752984
0.0202835738
0.0338351222
0.0300263442
0.0308323134
0.0293010455
0.0368917050
0.0314851027
0.0272159137
0.0214848996
0.0225793111
0.0207938668
0.0209009339
0.0258258231
0.0212988376
0.0156173489
0.0148190349
0.0120642739
0.0140915811
0.0177363775
0.0159314641
0.0155770152
0.0159418885
0.0145326968
0.0144230328
0.0147433342
0.0145515184
0.0119056899
0.0124697689
0.0101639559
0.0138296248
0.0130390736
0.0160377284
0.0161391945
0.0122532289
0.0077545288
0.0079135005
0.0076166893
0.0057238648
0.0072636546
0.0124841278
0.0170567656
0.0158698617
0.0142098119
0.0126508829
0.0149748838
0.0144708926
0.0182031703
0.0133576007
0.0181070748
0.0174849196
0.0409949137
0.0931788479
0.0667784319
0.0230732407
0.0435659433
0.0512083080
0.0157964293
0.0327817567
0.0537834173
0.0579832834
0.0262384275
0.1008087363
0.1221206140
0.0614649163
0.0465115720
0.0160194892
0.0182605089
0.0346853910
0.0296509314
0.0230609171
0.0196187535
0.0144979171
0.0111521043
0.0124207138
0.0122395807
0.0107686829
0.0110762130
0.0127245783
0.0121987116
0.0138632427
0.0089803642
0.0123112681
0.0115659293
0.0107251330
0.0085681371
0.0198277391
0.0162162674
0.0201052533
0.0212574704
0.0164248588
0.0106069454
0.0087821674
0.0143345505
0.0127929898
0.0166903421
0.0152580710
0.0140513870
0.0133076629
0.0117362311
0.0114404772
0.0152796163
0.0164380695
0.0163099517
0.0115312120
0.0169834256
0.0146579300
0.0144141026
0.0116536929
0.0187020371
0.0152491977
0.0132550964
0.0134513195
0.0204155063
0.0073276302
0.0029628608
0.0011399930
0.0218465546
0.0146210235
0.0132131122
0.0093833844
0.0146495571
0.0268562748
0.0623587643
0.0644465125
0.0725483586
0.1026964928
0.0121830459
0.0276415443
0.0572950079
0.0713332739
0.1210848338
0.0786457299
0.0246130668
0.0180480702
0.0110667170
0.0094228819
0.0229411132
0.0126555589
0.0170480702
0.0103426446
0.0109412210
0.0062209017
0.0147238156
0.0164819235
0.0240723817
0.0187282894
0.0168587431
0.0243448625
0.0182553124
0.0204847217
0.0263547548
0.0226050569
0.0217181486
0.0208943464
0.0237499328
0.0235356343
0.0241930563
0.0214803784
0.0179916514
0.0201404944
0.0180022738
0.0200288834
0.0189503356
0.0190453786
0.0224006547
0.0186706324
0.0280201402
0.0294576609
0.0282415856
0.0255239505
0.0252211026
0.0267824941
0.0313756890
0.0385575529
0.0351028925
0.0398147302
0.0448552234
0.0546299733
0.0566533020
0.0677652929
0.0363959445
0.0284377812
0.0563414107
0.0710464556
0.0631927451
0.0978078962
0.1012476189
0.1096553228
0.0859312687
0.1045957917
0.1022453978
0.1250780071
0.1191520470
0.0674089434
0.0678528733
0.0673320361
0.0723519549
0.0868808805
0.1047241676
0.0749829017
0.0680809186
0.0700669056
0.0804416621
0.0606959626
0.0656546808
0.0739498368
0.0724547022
0.0675873478
0.0730803378
0.0653867284
0.0693844020
0.0595198214
0.0639403473
0.0616807611
0.0625509737
0.0582705100
0.0597179322
0.0598585038
0.0561293734
0.0509123633
0.0494330991
0.0508388758
0.0516697258
0.0519047149
0.0517792269
0.0499899454
0.0518582377
0.0529289518
0.0497565649
0.0503415365
0.0503812621
0.0481368451
0.0452271700
0.0463342161
0.0457754224
0.0359829630
0.0412356441
0.0389543128
0.0447798749
0.0351324687
0.0438140611
0.0208381641
0.0183950797
0.0256325872
0.0236307678
0.0274863414
0.0269413392
0.0199696736
0.0409306066
0.0339160766
0.0289637498
0.0251300629
0.0372879702
0.0407043597
0.0405851373
0.0482807607
0.0868267780
0.0757569479
0.0475306362
0.0443813662
0.0637889440
0.0841436186
0.0558297644
0.0594081921
0.0650930371
0.1330035597
0.1608796884
0.1588278739
0.2169142301
0.2313617661
0.2389561345
0.2415283723
0.2539058734
0.2435238830
0.2427235821
0.2434728287
0.2401907196
0.2411879431
0.2420912466
0.2411481975
0.2424820751
0.2435665745
0.2428871656
0.2419721433
0.2437196347
0.2436109860
0.2433755482
0.2435664807
0.2410588374
0.2421701107
0.2401353229
0.2409032405
0.2406373090
0.2397310171
0.2400478199
0.2371718853
0.2347975603
0.2410896644
0.2399541133
0.2404539942
0.2478442450
