5.6690841448
5.6719910002
5.6751575599
5.6226158861
5.6279416740
5.5838854479
5.5938349137
5.5496866795
5.5577236136
5.5267885051
5.5418534503
5.5591700276
5.5696749843
5.5310330394
5.5368999990
5.5385528391
5.5096068171
5.5120269104
5.4935382901
5.4493449436
5.4465008471
5.4031451247
5.3768169980
5.3737351556
5.3275082807
5.2764087378
5.2130245289
5.1470604809
5.1014835326
5.0697117096
5.0450597782
5.0519680288
5.0593516013
5.0424877145
5.0208928605
5.0263983586
5.0003128166
4.9712008696
4.9378803417
4.9147864709
4.8895023949
4.8626568988
4.8611930991
4.8606795950
4.8393799326
4.8141076208
4.8150893560
4.8123927241
4.8176939154
4.8015537589
4.8055707039
4.7871418303
4.7859238962
4.7831307958
4.7807740118
4.7509704460
4.7202226584
4.6711155845
4.6161832564
4.5889069396
4.5476099005
4.5005685803
4.4395584164
4.4080391139
4.3706933167
4.3703927912
4.3340501643
4.2805478714
4.2340250463
4.2117811277
4.1704795199
4.1596715587
4.1405370541
4.0979526894
4.0766240226
4.0330309927
4.0041570689
3.9732082318
3.9259915926
3.8987223898
3.8540902160
3.8073927074
3.7740663701
3.7305084738
3.7227948972
3.6949172042
3.6622773423
3.6446778017
3.6252181584
3.5831467981
3.5534059908
3.5091610973
3.4907957239
3.4721902788
3.4239944941
3.4056105582
3.3559176824
3.3378986353
3.2875868617
3.2676584584
3.2405199061
3.1902092980
3.1758332898
3.1403134673
3.0809479097
3.0018813200
2.8655470267
2.7775743535
2.7337320005
2.7095100193
2.7005962817
2.6913073218
2.6907636878
2.6893666012
2.7022875346
2.7101238591
2.7162988596
2.7102118089
2.7197627320
2.7475147826
2.7635149094
2.7818215074
2.8043921512
2.8033557318
2.8316004387
2.8956451509
2.9449867496
3.0062357545
3.0927894451
3.2874020021
3.3647794154
3.5108216422
3.6440604252
3.7931693356
3.9312173835
4.0655338818
4.1861637186
4.2886568014
4.3642401621
4.4467429048
4.5466457250
4.6599719071
4.7711330639
4.8736809183
4.9837849329
5.0973785565
5.2231973103
5.3587487192
5.4973490424
5.6339019323
5.7772868121
5.9320994541
6.0820516792
6.2294397960
6.3726275124
6.5254679080
6.6818349886
6.8349564577
7.0065213717
7.1735509957
7.3463420055
7.5251999364
7.7046502417
7.8763808300
8.0420826974
8.2067259426
8.3708095152
8.5436099730
8.7181915645
8.8807521344
9.0653148181
9.2476412427
9.4350139234
9.6325145603
9.8309046193
10.0378970748
10.2291785549
10.4399324444
10.7002753502
10.8077902284
10.9886825088
10.3272244215
9.5565492988
9.1551629726
8.8953950507
8.6614758338
8.3114355643
7.3510264995
7.5052536174
4.7042913781
1.1029077771
1.4979485739
1.4975091901
1.4662832166
1.4445029822
1.4415366168
1.4333835073
1.4387881175
1.4383800988
1.4411850477
1.4477721463
1.4503739541
1.4397156561
1.4336336961
1.3472397679
1.3446310048
1.3404757995
1.3570104833
1.3697482387
1.3691534856
1.3934365431
1.4148499897
1.4175096081
1.4441025564
1.4558579948
1.4927140602
1.5050810176
1.5398295502
1.5640239225
1.6033577557
1.6371773430
1.6865500135
1.6871575499
1.7272947709
1.7382139105
1.7578200603
1.7776767703
1.7991714790
1.8095154970
1.8162132070
1.8436037385
1.8510292705
1.8637876713
1.8483608811
1.8561801096
1.8489035198
1.8764035345
1.8883074565
1.9294129263
1.9772652228
2.0423466528
2.1253984755
2.1713661077
2.2263873849
2.2426360570
2.2835948692
2.3287468849
2.3564347156
2.4080081157
2.4195942262
2.4368881868
2.4670459046
2.5553543321
2.6778246964
2.7436621849
2.8138509894
2.8886892996
3.0097755399
3.0665684248
3.1557680357
3.1872695891
3.2499226745
3.2850676516
3.3595555730
3.4002263922
3.4361228825
3.4883594985
3.5245649683
3.5686841452
3.5970555479
3.6128432675
3.6504334485
3.6989713569
3.6868215386
3.7085444200
3.7564469933
3.7465770326
3.7947427419
3.7758781180
3.7364005875
3.7094983661
3.6973330004
3.7037334209
3.7048676145
3.7138403771
3.7363528311
3.7532143822
3.7864177641
3.7967976193
3.8168891917
3.8222086307
3.8295504377
3.8224479719
3.8343017719
3.8062468787
3.7803656853
3.7977162845
3.7510866286
3.7203265426
3.7110268923
3.7163150637
3.7867729324
3.8037049282
3.8324361703
3.7688747031
3.7514413796
3.7192682748
3.6780682062
3.6491225652
3.6411951910
3.6102473041
3.5885141649
3.5809475285
3.5601837716
3.5274891206
3.4627947458
3.3900136428
3.3429633754
3.2737870202
3.1776503599
3.1439139224
3.0210267218
2.8775944009
2.7354652324
2.6651780078
2.5774212730
2.5227759957
2.4401397933
2.4161282267
2.3540411963
2.3418030816
2.2882980230
2.3635607638
2.7664740735
2.9087325569
2.8944623838
2.8833531134
2.8497960264
2.8077621714
2.7546500880
2.6987592279
2.6396250777
2.5614290837
2.5388946628
2.4835985539
2.4567861854
2.4049422515
2.3679268917
2.3310233981
2.2906665383
2.2961223225
2.2445269709
2.2103965552
2.1962770059
2.1642047983
2.1400680157
2.1156759224
2.1193858339
2.0961122117
2.0549977500
2.0066010843
1.9733107348
1.9663117116
1.9652762508
1.9657769230
1.9538950448
1.9238793426
1.9247508792
1.9023609092
1.9169152692
1.8801968054
1.8940544021
1.8907929944
1.8681322022
1.8474152069
1.8213969753
1.8006817596
1.7826793794
1.7610497369
1.7459596486
1.7268700746
1.7067878713
1.6811182667
1.6392454895
1.6012150225
1.5614280818
1.5255504960
1.5053859754
1.4605479066
1.4337059839
1.3996275087
1.3655670899
1.3194214126
1.2903544113
1.2541437480
1.2080216065
1.1747009726
1.1633988507
1.1467550656
1.1162341851
1.0884844465
1.0558772868
1.0271912703
1.0069263250
0.9964891144
0.9715231269
0.9576772016
0.9459404169
0.9301048736
0.9193811367
0.9085866267
0.8942139179
0.8838543816
0.8779736934
0.8563201054
0.8527965903
0.8411861886
0.8257985710
0.8309612675
0.8467987055
0.8570678503
0.8794925346
0.8877160991
0.9075034407
0.9212023170
0.9591311051
1.0109168849
1.0312758828
1.0766382092
1.1403152675
1.1891741653
1.2486170505
1.2960162366
1.3454061464
1.3904924599
1.4334675849
1.4756059086
1.5166704908
1.5702013040
1.6365622972
1.7656729241
1.8157942814
1.9114249837
2.0037577966
2.0846946598
2.1647335015
2.2157153129
2.2569610341
2.2968854122
2.3418568784
2.3919896279
2.4808313209
2.5389081816
2.5944238912
2.6498097398
2.7045471839
2.7823876177
2.8383511758
2.8919133148
2.9399957648
2.9841087637
3.0375079958
3.1172768740
3.1668307391
3.2472172247
3.3105649136
3.4064188289
3.4632921895
3.4898495604
3.5418960234
3.5595087745
3.6027670789
3.6189022748
3.6654572893
3.6830971893
3.7197841920
3.7293874527
3.7294242440
3.7485579304
3.7553623219
3.7383248229
3.7730666903
3.7767993862
3.7936654720
3.8138659498
3.8464125534
3.8722697827
3.8989271465
3.9275035462
3.9595263619
4.0133378992
4.0298005725
4.0569909330
4.1084130446
4.1283476338
4.1817412976
4.2022005965
4.2588044406
4.3212625173
4.3368289905
4.4059568583
4.4646379038
4.4825558254
4.5296503020
4.5705532933
4.6104641808
4.6594750830
4.6582489295
4.7083076382
4.7157866155
4.7634998547
4.7965197106
4.8513295769
4.8748274467
4.8859242800
4.9138915258
4.9135206311
4.9216615565
4.9255596891
4.9251465495
4.9158182217
4.8755215684
4.8212108669
4.7515908069
4.6887207360
4.6380252714
4.5605074547
4.4942413670
4.4136405118
4.3247091854
4.2815244591
4.2530957819
4.2414328851
4.2451634286
4.2916029637
4.4192190604
4.4070260778
4.4117982933
4.4118138581
4.3891148935
4.3534916730
4.2949158978
4.1672507177
4.0841903906
4.0230711294
3.8630388106
3.7800955493
3.6922023925
3.6071164073
3.5034176029
3.3752361878
3.1140792256
2.9687449091
2.8367923628
2.7102025438
2.5980413202
2.4884102763
2.3834131073
2.1882085551
2.0851127506
1.9839539641
1.8816547284
1.7339826140
1.6498526168
1.5589678833
1.4949119944
1.4120831088
1.3808079062
1.3195442626
1.2417405269
1.2069115909
1.2469343624
1.3000372377
1.4136927653
1.5708946103
1.7553884049
2.0773991458
2.3631009865
2.5943691296
2.6938772916
2.8299066961
2.9203821910
3.0333302576
3.0964278258
3.2125967214
3.3157728642
3.4286359131
3.4588302640
3.4857818139
3.4654359304
3.4986602061
3.4605598531
3.4622672443
3.5096740510
3.5019341840
3.5106987174
3.5140231814
3.5360733143
3.5759208333
3.6183010347
3.6835011070
3.7574954443
3.8510703296
3.8775728273
3.9226446340
3.9806401209
4.0193255657
4.0240841411
4.0712118152
4.0859412332
4.0843250089
4.1017106784
4.1213581792
4.1481946634
4.1489495061
4.1736309391
4.1868236486
4.2047046342
4.2480455170
4.2497749680
4.3222665685
4.4067400296
4.4454550743
4.4590280429
4.4813849427
4.4600183139
4.4481982596
4.4380139200
4.4627707791
4.4582606655
4.4449258728
4.4474514612
4.4517570111
4.4569798370
4.4715524620
4.5067989132
4.5485889889
4.5658200527
4.5865888349
4.6011038763
4.6122612256
4.6114282661
4.6247430509
4.6096835438
4.6229214260
4.6095580309
4.6200311711
4.6159185791
4.6178164533
4.6258896763
4.6201003785
4.6119638551
4.6193035075
