7.130747007440458418e+00
7.096077434015190200e+00
7.030282907620610366e+00
6.894124548257723362e+00
6.933776755326427121e+00
6.860132557950635146e+00
6.825967610924364770e+00
6.934970372667919492e+00
6.850800486479879048e+00
6.669812100706209002e+00
6.643531349401437858e+00
6.589673383566303499e+00
6.536885015919049913e+00
6.464996105901328782e+00
6.538622033737852668e+00
6.531507210224574145e+00
6.525536819414138989e+00
6.545068978263993920e+00
6.544820000230800794e+00
6.542599526804564469e+00
6.562299763139226805e+00
6.546282830825242094e+00
6.529182765978150726e+00
6.498814336177028750e+00
6.469987182049987240e+00
6.474873202203058398e+00
6.473529755562343446e+00
6.508586535770854553e+00
6.510443264543409825e+00
6.520667689653276256e+00
6.506710887225283457e+00
6.534155778363429867e+00
6.530853507908713773e+00
6.541847418702332106e+00
6.554121000408058784e+00
6.490935194734823277e+00
6.490166060810361515e+00
6.506945893391211655e+00
6.521933188416737082e+00
6.547568959791068899e+00
6.536744620484663315e+00
6.504580031092763726e+00
6.507433893529189994e+00
6.527388125549227205e+00
6.543659705453417352e+00
6.568784877556113955e+00
6.553408007813947833e+00
6.534344800422112520e+00
6.550093534415530883e+00
6.507621028084444426e+00
6.505391474584873102e+00
6.516127862179724062e+00
6.535406649450008487e+00
6.567640917733757355e+00
6.574347254010653785e+00
6.616719795237221646e+00
6.600377518256843601e+00
6.573673688337689391e+00
6.563819040645242353e+00
6.545215295458429949e+00
6.521260573370804892e+00
6.529020076018047014e+00
6.554356771328960107e+00
6.572452409542535179e+00
6.530464841353040839e+00
6.528573125815828604e+00
6.567632230841790708e+00
6.586154936183952202e+00
6.582341208276868194e+00
6.584309364991627334e+00
6.571798667891770585e+00
6.536365965379349774e+00
6.525446066903551667e+00
6.539755635858081284e+00
6.567464790238288330e+00
6.557690573652537935e+00
6.584023178337336191e+00
6.596686209329719830e+00
6.610927874619251021e+00
6.659329466204748194e+00
6.658565679299876194e+00
6.638919175004748041e+00
6.727889425825945402e+00
6.745841177006037803e+00
6.813415922522189305e+00
6.787653542636573611e+00
6.865925131854766050e+00
6.838464396472991425e+00
6.937303538986512308e+00
7.069782888758433970e+00
7.280452976377898899e+00
7.807012421130113289e+00
7.848108322553809302e+00
7.604158372028907209e+00
7.528573858323579948e+00
7.470199426225691219e+00
6.855119362329200605e+00
6.789563121171046767e+00
6.548683447529886514e+00
6.406862714566707417e+00
6.185802250477941300e+00
6.440296064322871494e+00
6.478829653667880883e+00
6.457752445157932009e+00
6.388928750382029342e+00
5.938250974044716912e+00
5.945212835252354999e+00
6.034455485611939451e+00
6.093174810282767417e+00
6.089469225746069192e+00
6.083715561217080570e+00
6.079356163495979182e+00
5.961403042373775385e+00
5.935099046633211195e+00
5.955515726665455034e+00
5.815638310706644276e+00
6.008219100792747902e+00
6.155751632606060397e+00
6.104552612453252536e+00
6.087777684072673168e+00
6.179222440046500786e+00
6.269477347381641863e+00
6.405523235240058177e+00
6.219822361739240968e+00
6.191843776512247821e+00
6.162212905411914576e+00
6.108269516095724327e+00
6.261436273610734737e+00
6.293209852803008708e+00
6.298760321131953610e+00
6.368230739162300758e+00
6.446719094579987264e+00
6.476041289728065031e+00
6.469171288842873402e+00
6.471497372498913769e+00
6.446877282346040516e+00
6.457995183097456682e+00
6.460604842807375015e+00
6.487772167857616346e+00
6.451683325253732448e+00
6.408110513289160259e+00
6.514330456099231448e+00
6.538977075816503337e+00
6.682827317796723676e+00
6.651082514865072071e+00
6.721115966012507492e+00
6.755666588019205498e+00
6.722423148123732872e+00
6.792884334277450087e+00
6.724157768492299070e+00
6.717663086382469118e+00
6.745607967519370085e+00
6.710465575742126987e+00
6.802766629695768508e+00
6.890222325946438353e+00
6.774250797809055591e+00
6.770453087597173791e+00
6.852708198360222269e+00
6.775234190734852113e+00
6.816993982576107669e+00
6.885648066303709847e+00
6.899170927303513778e+00
6.846378691297544172e+00
6.767197084424992681e+00
6.813570365674967988e+00
6.830301698518737474e+00
6.931458802199613523e+00
6.975462107629027741e+00
7.075670512371887710e+00
7.122163846062778525e+00
7.156073979196537316e+00
7.088925424667163355e+00
7.010755284897422612e+00
7.018055707130370635e+00
6.925848819879349527e+00
6.920047199433589924e+00
6.935876982418363035e+00
6.945792368714100107e+00
6.988409133889875058e+00
6.933683144975896440e+00
6.946474869851356537e+00
6.922050054825900745e+00
6.915527730234696691e+00
6.970892066174075197e+00
6.935165180709899069e+00
6.990049825764089064e+00
7.064735428163888109e+00
7.118386663343177823e+00
7.137944914826730880e+00
7.116640089938561786e+00
7.072775870387158825e+00
7.054754144984100250e+00
7.101819052346201921e+00
7.113209876034107815e+00
7.153062650258948274e+00
7.159887311172424162e+00
7.221260723839775686e+00
7.264174900116664446e+00
7.260737463139840919e+00
7.290589492506072133e+00
7.259934660062435263e+00
7.233511987362906126e+00
7.252639241706529738e+00
7.215485574304810079e+00
7.155676059791461263e+00
7.169219471293345691e+00
7.102129155643221559e+00
7.016317253188098846e+00
7.036686409955712485e+00
6.992481470829113199e+00
6.990763279826702536e+00
6.951195786937500287e+00
6.880952624324637945e+00
6.898604955419190610e+00
6.860876194095538061e+00
6.836318050882700170e+00
6.817401417822830823e+00
6.735638004365120501e+00
6.699587339456019919e+00
6.679117754791186634e+00
6.650082631434226954e+00
6.644384603832447667e+00
6.687895380113360488e+00
6.704237893220415856e+00
6.760528142971585552e+00
6.780998675977182977e+00
6.773455392664105901e+00
6.863401438173153402e+00
6.900015436874447516e+00
6.974187661950473682e+00
6.922603970891601399e+00
6.909100009936807396e+00
6.971762446021207538e+00
6.994505636009973770e+00
6.917096285970214531e+00
6.928350285718357426e+00
6.928255799066763032e+00
6.938637475273780275e+00
6.929222152014642866e+00
6.935510653666008274e+00
6.940325396416748838e+00
6.918372375797647855e+00
6.914451994899717846e+00
6.914024518454644941e+00
6.926247274069559978e+00
6.913651499285005997e+00
6.919625465117634100e+00
6.900471030117470761e+00
6.898847958197745989e+00
6.914198690902506605e+00
6.909780669359519401e+00
6.915015060367083244e+00
6.917312046643561807e+00
6.923037601987397593e+00
6.910245965042533633e+00
6.959151927926643388e+00
6.998098378961161714e+00
6.996726630483924403e+00
7.012037044860464974e+00
6.995130043200062708e+00
6.937314942177063237e+00
6.888588055261781307e+00
6.924951177089283760e+00
6.924632002671449627e+00
6.978789306853898644e+00
6.979947814420675023e+00
6.932307984766008957e+00
6.901965434601789795e+00
6.865852551729169306e+00
6.946073141300358245e+00
6.985585617179741469e+00
7.021413162662158314e+00
7.051037575665441537e+00
7.062644789270594359e+00
7.048648115119928725e+00
7.110868745473451824e+00
7.107204530222527517e+00
7.122049989785939061e+00
7.118891501289265733e+00
7.124525649863036492e+00
7.141587581745718616e+00
7.129688615837583399e+00
7.049289836467258041e+00
7.022226116816088215e+00
7.040168472544905853e+00
6.971695947482182909e+00
6.923977036992291723e+00
6.927077804559064411e+00
6.894110203345491072e+00
6.810917562000438075e+00
6.789728317189923423e+00
6.724474187862868213e+00
6.588051268980288810e+00
6.533204105012871743e+00
6.517373052978273407e+00
6.496419280064878343e+00
6.571494092967086864e+00
6.608155640426767619e+00
6.609079052201775717e+00
6.578395519218561915e+00
6.496704954573607971e+00
6.441958737452768702e+00
6.472452473122971561e+00
6.441189579353311601e+00
6.422424223930536691e+00
6.433635333561044334e+00
6.482697914776104575e+00
6.593721161351654203e+00
6.658624077310424383e+00
6.703042123666588914e+00
6.714446195635423109e+00
6.712821227847386218e+00
6.722100760583310297e+00
6.703823247979936895e+00
6.742163775423944294e+00
6.756402194547949769e+00
6.739836575209110059e+00
6.739662666210610276e+00
6.732317722994452858e+00
6.682705784748722344e+00
6.644118636637054820e+00
6.652109574770804556e+00
6.622189766626514817e+00
6.611880389687772031e+00
6.609807023719826091e+00
6.574632344138818141e+00
6.575948762951484561e+00
6.575111651281742020e+00
6.562258838317517551e+00
6.538123069474180760e+00
6.530720351269456714e+00
6.522884000433839979e+00
6.504515176919990260e+00
6.526285795662491118e+00
6.565563337743937744e+00
6.572434535181274740e+00
6.563203397749299839e+00
6.578258076351167993e+00
6.654983352364927107e+00
6.679935346980195199e+00
6.711005319227282939e+00
6.764020728845128616e+00
6.747628337721115699e+00
6.675309417308868731e+00
6.675259983603975655e+00
6.671981182377662023e+00
6.716423805086042975e+00
6.693327109997696311e+00
6.695383755457784858e+00
6.687480861105849606e+00
6.684944196473005640e+00
6.705923511607579712e+00
6.696894221595714569e+00
6.681215841111364462e+00
6.659883409031020385e+00
6.626210228903107513e+00
6.583375579911452391e+00
6.599278201138671029e+00
6.598669295086105002e+00
6.576797129793564345e+00
6.619330954857643334e+00
6.632957582464278801e+00
6.584808957173132526e+00
6.660912998301998122e+00
6.699634401866283895e+00
6.658465634494628027e+00
6.715934513096391889e+00
6.785355148401422731e+00
6.745215117219251155e+00
6.673281470256134718e+00
6.651470014328713098e+00
6.640024196524909605e+00
6.647222865671103875e+00
6.612834857211064232e+00
6.591674211187499743e+00
6.534973135689898349e+00
6.549068350695599783e+00
6.511705753231130878e+00
6.549644221919587395e+00
6.550542343011565904e+00
6.535820365562884149e+00
6.533020848206432696e+00
6.580100746198513484e+00
6.561481476389841028e+00
6.555545476348927814e+00
6.581387068045806643e+00
6.588096903656971648e+00
6.644673883429661920e+00
6.630413224122725602e+00
6.656250757595914003e+00
6.656767285906698639e+00
6.608793767580396050e+00
6.597852111854153989e+00
6.611770441341453974e+00
6.566241454195325566e+00
6.518006448873909342e+00
6.531877173347897525e+00
6.501012045725688360e+00
6.538873165577849811e+00
6.479569957276497760e+00
6.464709355783095468e+00
6.493360586869929563e+00
6.448261467262123681e+00
6.423495004706614608e+00
6.368092799004450910e+00
6.310971434926589296e+00
6.245129778200423587e+00
6.190314251039698235e+00
6.178098987559472732e+00
6.171894378426931560e+00
6.183462726857766434e+00
6.144659591938238741e+00
6.116863485002631329e+00
6.117069619462912833e+00
6.063916986101813400e+00
6.079468041331273831e+00
6.025662426958504625e+00
6.003507089721821899e+00
5.980835570917504285e+00
5.978228760144958187e+00
5.947310844970855825e+00
5.969195069772917250e+00
5.914049680493008054e+00
5.911423753612626619e+00
5.915100353502777963e+00
5.915510763436286013e+00
5.906295280933566261e+00
5.878090634499428369e+00
5.874665467034902555e+00
5.862040585174654872e+00
5.862732891979922201e+00
5.892064995277291217e+00
5.918512310517058950e+00
5.901242587960013886e+00
5.909980909214621825e+00
5.923733808218936581e+00
5.893766931688447563e+00
5.888357929587690442e+00
5.905337685160517935e+00
5.888614382078709575e+00
5.885475533785776925e+00
5.870056088787654502e+00
5.871636899419291566e+00
5.897327277135915757e+00
5.891303866818314638e+00
5.948138241891379074e+00
5.975416270232595473e+00
5.979800827299077248e+00
5.973257949982228254e+00
5.955238453201680215e+00
5.984645317194947189e+00
5.929994382778573048e+00
5.926237634874066629e+00
5.952118670304844095e+00
5.968265708151564652e+00
5.927963769857401921e+00
5.924226610428024564e+00
5.920255915452439233e+00
5.919473733171052743e+00
5.907191966243367176e+00
5.911923008520963307e+00
5.940221867736275030e+00
5.880491525448054091e+00
5.849513401506589716e+00
5.818601990274617997e+00
5.778166998427343160e+00
5.752918806943900343e+00
5.770746517348857907e+00
5.735559533031334034e+00
5.733307770766568723e+00
5.709646917555111223e+00
5.664164812608037280e+00
5.605597900333313177e+00
5.632667984655117088e+00
5.605810548977362195e+00
5.571856336594219528e+00
5.612949620009897167e+00
5.588670381276282129e+00
5.576710018464813068e+00
5.595145675419080256e+00
5.606052349662933310e+00
5.605326467747600461e+00
5.582823589169823464e+00
5.594713127630575045e+00
5.607138738144458401e+00
5.612478097094312446e+00
5.595519918677474003e+00
5.557167339715729959e+00
5.504689480076019770e+00
5.500354334143229273e+00
5.470135051483310917e+00
5.462023959773521398e+00
5.446102266703954697e+00
5.428026067387551556e+00
5.448159003898405572e+00
5.427844373794207478e+00
5.425500938984536781e+00
5.431576424705781392e+00
5.449406075435407004e+00
5.433695637837753445e+00
5.420932821266469581e+00
5.438284011728512723e+00
5.458043783348237810e+00
5.443854916101670049e+00
5.402923082577165026e+00
5.406469784322530892e+00
5.402975009077628066e+00
5.361521924483772850e+00
5.368888243379863923e+00
5.314429299615830438e+00
5.294926493696657133e+00
5.252178767475463417e+00
5.259477065124724682e+00
5.244163785645878484e+00
5.260954163963853070e+00
5.265563884513452031e+00
5.242874617818316096e+00
5.227193007732212848e+00
5.243168838577688007e+00
5.269426447368015687e+00
5.295505864828974119e+00
5.342553651582391261e+00
5.371777514603424564e+00
5.333523694055631204e+00
5.366254497143065016e+00
5.354474391060744409e+00
5.364967704859429531e+00
5.379349621347899735e+00
5.404901133911453215e+00
5.405282679940642154e+00
5.446588097180098842e+00
5.469194203032492929e+00
5.435639749292870526e+00
5.390888441731123137e+00
5.402811668513338716e+00
5.360574346607823060e+00
5.312817747818220582e+00
5.316155722823774354e+00
5.315724050630906028e+00
5.295242434183890623e+00
5.259345605939784285e+00
5.160123859782375533e+00
5.083465001996876786e+00
5.023161498888443433e+00
4.989498207108008287e+00
4.930286876778815497e+00
4.881563649050930209e+00
4.870239174940152793e+00
4.890539951226174686e+00
4.900785781516286299e+00
4.884241098783931534e+00
4.882550729931921296e+00
4.895945762090337716e+00
4.862002957142911974e+00
4.859721408588616676e+00
4.865151767858822751e+00
4.884525897509074177e+00
4.878567838112302546e+00
4.857126182586721796e+00
4.850235930198175893e+00
4.838345121392547021e+00
4.852741842369121095e+00
4.874058227771542740e+00
4.900991031136349818e+00
4.883153714953129665e+00
4.905113993854232746e+00
4.907056927841294325e+00
4.898157335970728887e+00
4.890693155431065975e+00
4.848989179652181569e+00
4.888207630235945622e+00
4.880915501510552090e+00
4.804061019844765745e+00
4.779257183890742944e+00
4.821987608061458097e+00
4.772961399581205022e+00
4.777455242519678791e+00
4.791064164764364364e+00
4.785950732692897169e+00
4.815782735603670872e+00
4.816475927212564123e+00
4.797325952292518458e+00
4.783505132182448882e+00
4.799564500785391985e+00
4.803534041631309925e+00
4.805539464690522067e+00
4.799249810050751464e+00
4.771216117036154891e+00
4.763821564575758671e+00
4.760476062742697856e+00
4.777425333081626313e+00
4.740955971233876909e+00
4.752813978773758663e+00
4.756410502669534246e+00
4.745192784780032369e+00
4.745058488737698532e+00
4.766385881877151398e+00
4.783381438737928981e+00
4.773687056977004239e+00
4.792951298245039737e+00
4.739486193424593097e+00
4.789976373406023669e+00
4.774966667427950284e+00
4.788185029817918270e+00
4.879798259832104357e+00
4.850442066446325917e+00
4.802889504272128463e+00
4.929200802093556710e+00
4.928837849491585210e+00
4.916790912011837378e+00
4.993102907623382158e+00
5.004746295763330188e+00
5.079669978647728179e+00
5.076517915827260197e+00
5.143605292897890813e+00
5.159025697189145276e+00
5.215668231306826108e+00
5.244734256252617577e+00
5.257479402734862362e+00
5.250646906348226395e+00
5.233971163903404111e+00
5.193642186346737688e+00
5.167823271316455802e+00
5.076233173397369569e+00
5.087335669623111123e+00
5.068276945793541266e+00
5.036482204283410091e+00
5.036338618470678874e+00
4.968639088315823571e+00
4.965580226904988237e+00
4.942491647058338877e+00
4.846228838133583849e+00
4.806680320776684390e+00
4.795040036076805734e+00
4.756135839184664427e+00
4.737278651857461220e+00
4.718736632575694756e+00
4.700652045839120774e+00
4.654470725441703038e+00
4.631178433371314185e+00
4.617108644830101305e+00
4.623553709037228288e+00
4.641091712704839445e+00
4.638667159511619786e+00
4.666661464402191761e+00
4.622426877929179945e+00
4.626024706823023358e+00
4.672980167096833171e+00
4.726695411883128806e+00
4.814127379795018591e+00
4.648344735227738056e+00
4.578948895932698271e+00
4.526754640698203325e+00
4.577951924218526258e+00
4.625071300402305852e+00
4.674786163442913534e+00
4.692415840467578647e+00
4.720702964666604551e+00
4.767535458194995357e+00
4.749027092901218161e+00
4.655319337246405453e+00
4.547811598936926991e+00
4.494984878668565997e+00
4.473265632494032751e+00
4.475728582560753566e+00
4.441418942113881663e+00
4.430844808029069881e+00
4.447429809615494278e+00
4.444524691394264870e+00
4.452570666283087952e+00
4.447474369512577574e+00
4.448350249483635110e+00
4.442657409924961165e+00
4.446155997563403517e+00
4.492770679167009007e+00
4.638106718147755103e+00
4.634410693910684387e+00
4.676136643414761096e+00
4.608937046619181466e+00
4.533780420082953455e+00
4.481977718659938326e+00
4.470025750398590958e+00
4.422429666440883977e+00
4.383388073387601835e+00
4.422401062646986070e+00
4.491528802297017009e+00
4.488872854911568844e+00
4.447888093677899946e+00
4.447812658659827001e+00
4.374380550115446908e+00
4.406567604235543278e+00
4.431494435312761659e+00
4.429069412774924608e+00
4.509233866767619503e+00
4.482251953698914271e+00
4.503489167985391006e+00
4.444701253744227643e+00
4.303174329966787504e+00
4.305785602699713444e+00
4.371370181348328998e+00
4.455134253969997182e+00
4.569452270643025393e+00
4.638312114126707186e+00
4.612797679595489697e+00
4.485896365096532890e+00
4.235954710409390422e+00
4.098639679094691068e+00
4.027414282381594823e+00
4.016946134941719926e+00
4.089149549993020827e+00
4.146743210580956962e+00
4.225604538514511788e+00
4.070578209118736801e+00
4.052599391000459406e+00
4.034180693479223478e+00
3.993358397676093574e+00
4.150319425054835420e+00
4.136668745054550733e+00
4.068663262469077502e+00
4.096831070154123289e+00
4.160129473580545856e+00
4.174910003639372036e+00
4.257144986762408934e+00
4.352064133413764857e+00
4.283234496184008755e+00
4.262619876824683018e+00
4.222396852294269642e+00
4.221368764089485914e+00
4.165332615718185139e+00
4.138623901020280549e+00
4.133205688456317084e+00
4.121839595190614602e+00
4.178077968775244955e+00
4.142177815735243129e+00
4.168885732719584070e+00
4.219271910667542258e+00
4.198208138623838792e+00
4.182383696992366673e+00
4.159574612856042464e+00
4.112977879336514597e+00
4.028513756562477788e+00
3.990988407684002315e+00
3.925804627349159137e+00
3.866652686162749042e+00
3.857631291915516236e+00
3.892417255545209454e+00
3.717294263045070934e+00
3.852230978419377561e+00
3.865676211831635012e+00
3.771756084274759058e+00
3.770841278408264774e+00
3.696441848030469934e+00
3.749555478876331893e+00
3.818029366209045428e+00
3.858799572643617726e+00
3.890825193800955262e+00
3.964995422383128076e+00
3.983236241462063010e+00
3.993395081432425719e+00
3.964663474862202719e+00
4.003735020077452411e+00
4.050878381530012895e+00
4.044347735503313501e+00
4.031868843061171326e+00
4.038768320150952107e+00
4.048298163094355751e+00
4.039849257647363245e+00
4.009921320370767539e+00
4.066208321963370231e+00
4.082495649399081827e+00
4.091501714233769960e+00
4.118377802182200398e+00
4.118550502989614337e+00
4.125772031526250494e+00
4.106912748448088735e+00
4.105018476070535272e+00
4.066459282292168353e+00
4.049073603982691338e+00
4.108663151371655609e+00
4.147142129667521715e+00
4.175961972359290009e+00
4.145016602736520284e+00
4.171230235597215952e+00
4.155597568546314236e+00
4.182506878655843252e+00
4.197001930223676958e+00
4.169234325048469358e+00
4.156071244957725064e+00
4.150046027651887570e+00
4.154822041361152074e+00
4.161165119037671722e+00
4.141158297616319039e+00
4.144706492477342685e+00
4.231864390560076572e+00
4.276839841670675213e+00
4.352057749389830477e+00
4.394213873265192305e+00
4.420405345963433597e+00
4.446553183088010286e+00
4.470801927765056583e+00
4.461630678915250670e+00
4.459465744908861495e+00
4.469500947445866679e+00
4.470964722040766226e+00
4.474599267562692440e+00
4.493105164951604280e+00
4.491697385333767834e+00
4.509686448931569558e+00
4.524667903452191275e+00
4.551728810346561183e+00
4.552730306306230545e+00
4.571602049274757995e+00
4.603881859129545617e+00
4.630758255465809548e+00
4.652049090355715677e+00
4.677236802158136086e+00
4.679246576247508393e+00
4.682343859043563761e+00
4.676084632163755472e+00
4.679520061385338714e+00
4.684025938989243798e+00
4.697991439469991981e+00
4.717883893593866951e+00
4.711028504283412133e+00
4.696688543307388386e+00
4.664258585597514717e+00
4.638257057185309229e+00
4.638942614488533067e+00
4.641784997960851200e+00
4.601616196806000758e+00
4.571256957293737599e+00
4.528505443100165451e+00
4.521517451365308027e+00
4.514018028836883190e+00
4.494471479422874616e+00
4.485616207648209119e+00
4.438835165922917270e+00
4.435780699727916776e+00
4.429326729527216955e+00
4.434361125038649654e+00
4.421805702562839002e+00
4.400329739998207756e+00
4.417579998000638497e+00
4.430520259791659754e+00
4.444541452414570770e+00
4.414765174381832580e+00
4.421363121770906623e+00
4.420527536283299419e+00
4.431303126753374677e+00
4.440934501396485601e+00
4.435946466527910026e+00
4.417599728622789712e+00
4.410853061032614875e+00
4.410108641973594423e+00
4.410119971152498763e+00
4.367560738130332076e+00
4.379302327637828895e+00
4.354137991684590148e+00
4.309542096866532113e+00
4.298374257030805445e+00
4.283797349919898245e+00
4.308990320206722124e+00
4.324079736147722564e+00
4.284214010945064821e+00
4.291196834825383277e+00
4.285926660412031630e+00
4.287172384929029079e+00
4.304994698796163810e+00
4.283105701970673529e+00
4.284692346923010930e+00
4.251169072522329451e+00
4.278439255800162933e+00
4.275278670956723204e+00
4.309921272403351544e+00
4.354502047059985337e+00
4.320915795233174705e+00
4.306074560326583089e+00
4.224317720147602095e+00
4.230732260114147714e+00
4.236995905625095205e+00
4.209172726070189441e+00
4.148386521833091756e+00
4.135023663036520247e+00
4.084966513129898225e+00
4.070896837538922064e+00
4.105416784642174299e+00
4.125678251239517813e+00
4.120845283029060724e+00
4.136981677392312484e+00
4.141042624368312275e+00
4.134797930502067231e+00
4.126265956090081843e+00
4.106726330546497827e+00
4.087045486259225591e+00
4.048278714706614601e+00
4.016716215452709626e+00
4.004070261015761467e+00
3.970798104150560892e+00
3.951747143150606600e+00
3.951236490128209322e+00
3.939583337422851272e+00
3.935908464149051156e+00
3.934446622518364745e+00
3.906236861567290664e+00
3.904752882463817354e+00
3.871297027543763036e+00
3.871076871426401222e+00
3.884769439555511017e+00
3.861217280210014646e+00
3.871939891310233417e+00
3.874346039744979819e+00
3.874252585930639370e+00
3.903967262845082775e+00
3.923749646222584708e+00
3.932345420444022466e+00
3.936073047821985416e+00
3.935055162995792610e+00
3.934601638486882269e+00
3.932425601333145782e+00
3.928639005585571553e+00
3.938584272551481913e+00
3.920817042761476579e+00
3.934690344455598510e+00
3.922555254163890837e+00
3.915910201621187525e+00
3.905327406653885003e+00
3.909606833947835813e+00
3.907885318438888422e+00
3.936596594064297960e+00
3.941557219233143172e+00
3.953530088990901969e+00
3.966634727784836834e+00
3.972461473132001597e+00
3.969732274954895779e+00
3.980907205475176625e+00
3.977323328008517400e+00
3.962318426635202506e+00
3.965744627051659865e+00
3.962029746647290018e+00
3.938985965822503488e+00
3.959120210699601294e+00
3.945755192848551030e+00
3.914702939339468557e+00
3.880013148943030288e+00
3.861647696488918147e+00
3.850445590544797625e+00
3.879905209596786975e+00
3.875528659328949743e+00
3.865204817725249153e+00
3.860686320949874517e+00
3.877990509847638378e+00
3.887529060477990406e+00
3.929517173789035756e+00
3.933249013520977666e+00
3.957978466372581217e+00
3.976620274028863200e+00
3.990358926836173215e+00
4.018387379795416159e+00
4.036700818015978243e+00
4.049344493805095091e+00
4.019722411754864666e+00
4.017854944773729287e+00
4.018097827186227100e+00
4.004616424590815349e+00
3.983783919251065786e+00
4.003247950395691923e+00
4.015322800544338655e+00
4.030743857923604345e+00
4.035808818669932130e+00
4.041736776921989183e+00
4.045129370021847137e+00
4.034387805762089663e+00
4.028780381114494880e+00
4.042733816050962048e+00
4.055446452945973057e+00
4.048100759653278757e+00
4.055967481729275903e+00
4.010196522337373004e+00
3.951313989406135985e+00
3.944458673052721576e+00
3.812436606319943078e+00
3.739354370847992381e+00
3.731488542183006629e+00
3.705872809270757795e+00
3.697604267491195973e+00
3.691224034499467344e+00
3.733909023843341224e+00
3.744447121811589341e+00
3.769204407733414808e+00
3.741788151317202438e+00
3.743575021971565775e+00
3.738433846653835602e+00
3.753456503426363611e+00
3.723468320077106153e+00
3.773062759492847640e+00
3.775345271199694874e+00
3.767807603574527153e+00
3.784071971458354167e+00
3.758696261470520827e+00
3.819197796546092594e+00
3.858001650026149587e+00
3.865668543351017838e+00
3.800923571579855054e+00
3.757090482920315555e+00
3.671718695551569489e+00
3.696907890903291083e+00
3.710212590895042517e+00
3.749875720929523037e+00
3.749105692302926229e+00
3.727831067370960483e+00
3.844063741103104892e+00
3.862091507867973394e+00
3.833834787458140436e+00
3.751391562819138326e+00
3.670289004142047951e+00
3.539572110594515930e+00
3.559273448014739660e+00
3.611197080213908617e+00
3.612271205060396007e+00
3.668502149287983460e+00
3.568151112688239479e+00
3.606232251210641948e+00
3.675812069501605439e+00
3.768635829058191167e+00
3.805277948052021575e+00
3.787285920580965914e+00
3.754002702483122178e+00
3.683623221299635819e+00
3.665284211440857920e+00
3.669528132487524186e+00
3.664307103815226618e+00
3.677778141331488726e+00
3.716022461936329790e+00
3.714130419076440148e+00
3.677149998510374385e+00
3.634978408138067607e+00
3.543948857728330903e+00
3.423009681679379135e+00
3.531685682733202825e+00
3.634392087294584517e+00
3.666279375849807565e+00
3.595509421771019731e+00
3.644041543023870400e+00
3.664300874627109739e+00
3.755824298228290559e+00
3.691082367683828025e+00
3.660917783786656443e+00
3.516927839127827138e+00
3.429447872940767361e+00
3.426278489044402242e+00
3.407529004121391480e+00
3.396456952740340096e+00
3.392054098067288859e+00
3.372665847402095185e+00
3.402024961022944272e+00
3.485614814337736345e+00
3.497950494413041955e+00
3.449911178846900572e+00
3.407592204117500412e+00
3.388896758321469083e+00
3.326362371183811728e+00
3.323863230688033799e+00
3.310568473085202079e+00
3.341533615749858299e+00
3.348542051526216312e+00
3.392374599863305473e+00
3.419016118278126903e+00
3.396638954203245131e+00
3.406112340630399249e+00
3.367427670912659377e+00
3.356763392264759283e+00
3.344339031668880580e+00
3.384375116953382889e+00
3.377520959413803148e+00
3.383030645894627764e+00
3.388554282040197485e+00
3.399313202616707219e+00
3.428235210273035349e+00
3.498213224228831297e+00
3.473363052598152922e+00
3.400062249647193724e+00
3.328567514139291639e+00
3.283083846287357055e+00
3.233411395594825155e+00
3.234515109289341606e+00
3.236087663857757590e+00
3.201273925004293197e+00
3.226685515239567703e+00
3.186448166436708362e+00
3.189702740852852436e+00
3.247700859905709780e+00
3.247419037883020554e+00
3.243873098624016293e+00
3.324227765169942561e+00
3.351011193078279771e+00
3.377784601762977790e+00
3.415520093351862130e+00
3.448993753771332660e+00
3.465189521567442643e+00
3.466622789342775235e+00
3.453744469407511009e+00
3.464585199695861206e+00
3.477360186936381048e+00
3.415191901446107181e+00
3.327614172418605687e+00
3.303925799766783022e+00
3.308270664847771325e+00
3.188530374575844206e+00
3.173465065285892006e+00
3.176164385137413060e+00
3.058710204056643178e+00
3.053542848380804919e+00
3.014664020117813426e+00
2.996790533014735747e+00
3.058764584399615405e+00
3.035918421479943063e+00
3.096535019838359215e+00
3.095353117124390874e+00
3.082991033209357301e+00
3.126486703078351415e+00
3.141769175996989016e+00
3.145053627923110717e+00
3.198098186879915428e+00
3.212001095111411519e+00
3.214287055248962854e+00
3.231850401573511444e+00
3.244678042537547213e+00
3.332400310842345004e+00
3.334271093132898933e+00
3.339099825617688921e+00
3.333161048765359791e+00
3.286321267794273027e+00
3.352096155993591342e+00
3.348583730995035701e+00
3.372854172702236752e+00
3.395732440670132579e+00
3.386894306673937205e+00
3.371113991517350250e+00
3.383608923740559771e+00
3.395253775172113020e+00
3.450901770440773841e+00
3.447590514815273455e+00
3.367784769371013898e+00
3.443551581060098066e+00
3.357208196403639100e+00
3.269008445785335670e+00
3.298202529978099928e+00
3.299616783741207815e+00
3.357581023199344816e+00
3.425337676272428578e+00
3.505981823430352584e+00
3.510551128206623961e+00
3.464513531681313818e+00
3.446455661845296170e+00
3.369131460887555551e+00
3.330397880430257640e+00
3.316426101101880519e+00
3.327734300246298016e+00
3.309975736580147210e+00
3.317893608906520964e+00
3.302383238729093229e+00
3.292757355837751199e+00
3.353884670808174207e+00
3.386444488631566774e+00
3.250348164317673483e+00
3.126186354468576845e+00
3.046345770992231916e+00
2.960203806036989516e+00
2.954933876379849611e+00
3.019770381858720043e+00
3.115511430113591107e+00
3.163048874800027832e+00
3.182628194908664110e+00
3.235421321497780056e+00
3.243644086918451297e+00
3.142480196562400518e+00
3.177584714043287573e+00
3.152932965257870368e+00
3.095637036878848836e+00
2.979123605531452945e+00
2.928179399279151607e+00
2.981512157274345487e+00
3.013738637612807469e+00
3.009746937090533869e+00
3.128628858226113696e+00
3.367460983021887788e+00
3.449877033330097209e+00
3.450078413850509840e+00
3.447055737357938021e+00
3.498160818789662230e+00
3.607929333734934296e+00
3.366752306303769871e+00
3.375133973708127400e+00
3.384967079799053202e+00
3.381140997497468881e+00
3.343921584695848992e+00
3.340695052131427367e+00
3.367081497356571695e+00
3.384594967135855281e+00
3.416097693872763408e+00
3.404971668608434587e+00
3.464260753988543495e+00
3.577061292620399957e+00
3.559254148397351436e+00
3.507466276337795730e+00
3.446018908845774220e+00
3.364698127727713484e+00
3.315858834128416532e+00
3.301736302049762095e+00
3.290202416051455803e+00
3.335050702022494207e+00
3.331949381614471850e+00
3.490846941947812088e+00
3.570584002505101218e+00
3.554337788785674412e+00
3.493197441311766127e+00
3.393545274121362532e+00
3.310956963532419195e+00
3.238003964306315652e+00
3.184628489428066533e+00
3.162116973325172165e+00
3.278494158580788298e+00
3.366769465842931019e+00
3.399225105028432115e+00
3.373557813169636876e+00
3.344967863849735323e+00
3.357232977828226606e+00
3.359559887754226093e+00
3.349768705419388315e+00
3.306218977099384393e+00
