0.0335309532
0.0336426621
0.0345965873
0.0344627918
0.0355400398
0.0358442764
0.0365072714
0.0361891522
0.0373714760
0.0364040995
0.0360317748
0.0340039569
0.0304688534
0.0282747445
0.0280828390
0.0298799429
0.0328227076
0.0342834028
0.0355716531
0.0359307198
0.0361962490
0.0357971701
0.0347711983
0.0356386327
0.0346080037
0.0349464768
0.0343034132
0.0325945365
0.0319352133
0.0334600406
0.0346766561
0.0344418865
0.0341198808
0.0340242005
0.0342412004
0.0344938357
0.0340575605
0.0338207701
0.0339012404
0.0302017137
0.0294727979
0.0293914573
0.0270689563
0.0289440969
0.0319957828
0.0305624364
0.0314409215
0.0313598758
0.0303670551
0.0311516409
0.0332496586
0.0340426101
0.0332036124
0.0325294764
0.0305454542
0.0351459161
0.0346367219
0.0333653806
0.0373086901
0.0355705218
0.0369514782
0.0313680872
0.0336507698
0.0232338945
0.0246894157
0.0307737210
0.0366343043
0.0407719974
0.0377558280
0.0395708168
0.0374091165
0.0394256687
0.0436341742
0.0423444909
0.0425456011
0.0417585677
0.0389635312
0.0424771840
0.0352436387
0.0321778291
0.0311053087
0.0300584057
0.0285465644
0.0253576042
0.0218987794
0.0235402558
0.0364013385
0.0449208588
0.0390898627
0.0512674923
0.0511562215
0.0460529871
0.0466459795
0.0459282270
0.0430149901
0.0409705588
0.0421520105
0.0435912248
0.0449340519
0.0459222079
0.0468961082
0.0475252778
0.0498123382
0.0494276003
0.0504151178
0.0539310080
0.0570619161
0.0517144333
0.0501965381
0.0503015938
0.0511676022
0.0499338077
0.0492344791
0.0494321776
0.0512455493
0.0510430288
0.0528559951
0.0513105499
0.0533829364
0.0562660767
0.0603084466
0.0624384314
0.0661400414
0.0703837445
0.0716271519
0.0718069415
0.0730179107
0.0744919823
0.0753945702
0.0779289173
0.0800489301
0.0801113428
0.0807780371
0.0804768357
0.0800686483
0.0806705650
0.0840267829
0.0915693837
0.0911810016
0.0926924363
0.0978012499
0.1121040330
0.1069903239
0.1047765983
0.1051270719
0.1039152415
0.9429214266
0.9460331695
0.9460053056
0.9368124219
0.9366439612
0.9322770074
0.9272058836
0.9204164148
0.9177663159
0.9380302762
0.9473296928
0.9615758837
0.9525663170
0.9468233818
0.9526343117
0.9760065841
0.9242992616
0.9418014460
0.9774293575
0.9551808893
0.9703005996
0.9317866284
0.9609038251
0.9755644963
0.9642123594
0.9702023547
0.9678779567
0.9782022075
0.9867996811
0.9732309071
0.9820346300
0.9850686934
0.9921201291
0.9885378813
1.0080400258
1.0085701536
1.0104049365
1.0041945595
1.0106217816
0.9960386380
0.9930911211
1.0060470018
1.0104886873
1.0094823668
1.0092797318
1.0094303469
1.0779500357
1.0788447490
1.0835173350
1.0827557899
1.0808115889
1.0822130408
1.0809503825
1.0794984249
1.0799449189
1.0804982982
1.0797698209
1.0824180655
1.0834111698
1.0858779234
1.0818362658
1.0827847993
1.0817657906
1.0809377058
1.0771670653
1.0788094259
1.0772771980
1.0755398911
1.0750636658
1.0726507045
1.0713553470
1.0691421345
1.0662445276
1.0641810731
1.0616106264
1.0567447653
1.0589420242
1.0557089368
1.0501697812
1.0528143297
1.0497998489
1.0514698684
1.0522185021
1.0507119846
1.0450347695
1.0397879580
1.0352875219
1.0322759883
1.0310507175
1.0308886309
1.0299182543
1.0259452818
1.0233302925
1.0220313293
1.0239016684
1.0250977004
1.0259248554
1.0275669321
1.0260558736
1.0243904699
1.0227064302
1.0205764900
1.0191166890
1.0206700921
1.0188685522
1.0182794205
1.0144168956
1.0127513688
1.0153076926
1.0150613478
1.0135272944
1.0097962424
1.0078792361
1.0077571583
1.0087356211
1.0070615642
1.0050532959
1.0038254078
1.0014062091
0.9980716475
0.9976314187
0.9934834896
0.9892514800
0.9830993885
0.9858212924
0.9884026042
0.9930826470
0.9928666941
0.9930360020
0.9945611096
0.9950005000
0.9988864628
0.9969358337
0.9972213354
0.9961520052
0.9966903875
0.9955103194
0.9960493524
0.9977731390
1.0005473414
0.9951916510
0.9874075566
0.9874128186
0.9814290879
0.9784995763
0.9850968982
0.9882213198
0.9938906352
0.9957713737
1.0000312081
0.9949577674
0.9969894212
0.9996048772
1.0014492031
1.0017801228
1.0146442497
1.0167143776
1.0213659091
1.0107306555
1.0167024669
1.0173988015
1.0192955614
1.0194867663
1.0411422228
1.0229186120
1.0062653053
1.0048520721
1.0036905473
1.0050916348
0.9992512834
1.0087872161
1.0094768038
1.0120053643
1.0134983778
1.0108486187
1.0074728360
1.0193624640
1.0220178481
1.0207192681
1.0139051530
1.0142724032
1.0192995267
1.0177731215
1.0154044591
1.0166608085
1.0145397686
1.0122141600
1.0091477086
1.0059393620
1.0069942385
1.0055631592
1.0065829340
1.0082614187
1.0089514637
1.0106770870
1.0099980528
1.0125744959
1.0146211011
1.0161263714
1.0165370512
1.0138800477
1.0180309551
1.0220137434
1.0248339288
1.0281209964
1.0316781337
1.0324458621
1.0337887141
1.0363713118
1.0376571665
1.0387709759
1.0403882102
1.0433239880
1.0454023995
1.0495169770
1.0552783599
1.0530425792
1.0567586618
1.0553184870
1.0633485314
1.0644744183
1.0631113998
1.0686532510
1.0697363047
1.0689066036
1.0711795157
1.0715827712
1.0753880584
1.0790223088
1.0782540067
1.0776297803
1.0818743421
1.0827379674
1.0845779638
1.0881163345
1.0875891933
1.0836339554
1.0752893674
1.0759832056
1.0726194056
1.0716461017
1.0672493655
1.0651047925
1.0655907871
1.0656468831
1.0626295746
1.0615922821
1.0562993721
1.0516476576
1.0504850143
1.0448711776
1.0451264124
1.0409982122
1.0369937289
1.0336508953
1.0258631495
1.0206790673
1.0207086277
1.0148557589
1.0105094854
1.0064205046
1.0040489106
1.0025270424
1.0035588443
1.0027097087
1.0025105655
1.0043242345
1.0011704878
1.0002968644
0.9997319850
1.0026856923
1.0053343339
1.0090336275
1.0119853816
1.0154206260
1.0196643795
1.0200290121
1.0210398729
1.0188607450
1.0150024670
1.0092528710
1.0086268855
1.0073153164
1.0069797887
1.0108785220
1.0055714644
1.0081231415
1.0092901763
1.0125792116
1.0170914680
1.0205313388
1.0137084167
1.0072668254
1.0053069803
1.0090373331
1.0111575477
1.0123544479
1.0122693418
1.0085969903
1.0073933319
1.0052314635
1.0060785665
1.0107340351
1.0153551411
1.0118181350
1.0196271856
1.0189298772
1.0228223172
1.0174685541
1.0165642055
1.0173199783
1.0152724198
1.0098805236
1.0068890504
1.0067456374
1.0074627162
1.0093841908
1.0115173481
1.0123004996
1.0150726627
1.0214237811
1.0254970164
1.0230855197
1.0159412716
1.0130333957
1.0050753704
0.9969748651
0.9963798779
0.9911366173
0.9913878007
0.9903632185
0.9956938280
1.0021451383
1.0066830977
1.0087389021
1.0049963652
1.0091987545
1.0051871425
1.0026417557
0.9975791145
0.9934257791
0.9923591288
0.9928799988
0.9905652071
0.9980482295
0.9996631790
1.0032302482
1.0089861735
1.0126242140
1.0143174936
1.0145698399
1.0132044586
1.0100964497
1.0077948160
1.0066702452
1.0028627886
1.0027205741
1.0012251461
0.9990266863
0.9980631850
0.9979068540
1.0041231483
1.0061087329
1.0105462724
1.0116800580
1.0118679889
1.0078015241
1.0080870142
1.0047376362
0.9996207469
0.9990299275
0.9987145195
0.9995556575
1.0003753517
1.0042145538
1.0030651970
1.0042475084
1.0036739511
1.0030295525
1.0033415477
1.0014414580
1.0012327425
1.0018258704
1.0013239446
1.0022344102
1.0025195564
0.9970172937
0.9976796749
0.9996757895
0.9985354553
0.9968288891
0.9952400110
1.0001005449
1.0059306200
1.0062368507
1.0102619715
1.0161175575
1.0164086433
1.0224352407
1.0213894819
1.0243970384
1.0261338706
1.0266046147
1.0278389375
1.0254252068
1.0279208704
1.0311016171
1.0284515907
1.0323160515
1.0337859189
1.0370649622
1.0352546303
1.0336380799
1.0232288353
1.0262165912
0.0876439688
0.0662376426
0.0809112090
0.0700066234
0.1938655406
0.0813020177
0.1303695619
0.1235261852
0.0918024822
0.0845679453
0.0975011023
0.1011978171
0.1007525374
0.0979173371
0.0985359445
0.0970724727
0.0948947957
0.0954937215
0.0982446964
0.0978370345
0.0976879587
0.1009851342
0.1028373019
0.1044870303
0.1093299814
0.1200082064
0.1207638041
0.1214154745
0.1219953134
0.1231153326
0.1217325293
0.1137889343
0.1122423316
0.1103247168
0.1085165929
0.1094049860
0.1077690405
0.1018409160
0.1049344280
0.0992043310
0.0974666670
0.0942248468
0.0942020621
0.0855238745
0.0969295574
0.0946476980
0.0858876599
0.0837932343
0.0834206637
0.0835394687
0.0884392651
0.0886516575
0.0918156646
0.0908443696
0.0871319580
0.0877474409
0.0871030705
0.0862019494
0.0886963972
0.0889106474
0.0873349378
0.0931550859
0.0928310284
0.0970694367
0.0855099539
0.0903198468
0.0941290504
0.0950203313
0.0932579927
0.0985165880
0.1038125701
0.1000165012
0.0968912413
0.0952704497
0.0979870279
0.0968517065
0.1081160109
0.1126435607
0.1224230962
0.1337085262
0.1409165553
0.1522615696
0.1637828003
0.1698911886
0.1790348462
0.1952648801
0.2004494592
0.2084108876
0.2158007938
0.2392963786
0.2584354858
0.2759971498
0.2862976343
0.2957026034
0.3125610671
0.3218659716
0.3294446301
0.3358375234
0.3435584627
0.3593637976
0.3705602056
0.3856041013
0.3884171488
0.3947606103
0.4082345413
0.4287523641
0.4447688223
0.4542839693
0.4575196738
0.4615681567
0.4631567021
0.4689331755
0.4563511821
0.4519961981
0.4476455062
0.4419914387
0.4395354162
0.4369263052
0.4341019899
0.4342611327
0.4352896797
0.4336126541
0.4331494603
0.4296321727
0.4303654624
0.4339141768
0.4343842278
0.4356536997
0.4366002290
0.4381765109
0.4376904285
0.4359198337
0.4324212634
0.4316359830
0.4318586847
0.4255519171
0.4293711294
0.4288307968
0.4279900085
0.4245212730
0.4235954003
0.4230393067
0.4215516439
0.4217232903
0.4207595045
0.4192444744
0.4192927874
0.4195418985
0.4206608282
0.4237755142
0.4235411070
0.4251877417
0.4270412930
0.4253928694
0.4246072627
0.4226499250
0.4202536172
0.4219197625
0.4178324403
0.4184508666
0.4160084474
0.4116084968
0.4073412360
0.4083419940
