0.5177526619
0.5762944257
0.4938173349
0.4883739833
0.5951084726
0.2488349775
0.3130456542
0.5629734498
0.8883569130
0.7117980741
0.9675027146
0.9883900130
0.7698708190
0.9894322427
0.6918922359
0.4756695521
0.4565204427
0.4867337614
0.5839147692
0.4675107133
0.3638813172
0.4473164802
0.4600152226
0.4731090899
0.5420434696
0.3868909445
0.3957281624
0.4105804502
0.5414995671
0.6061364952
0.6411713238
0.9065570789
0.8831612403
1.3358460062
1.6435777283
0.9224093257
0.9662789970
0.7017646488
0.6770166662
0.8540926687
0.7277204526
1.2943523307
1.7774880099
1.6992780412
0.6790425517
0.4095852794
0.3929418383
0.3805853349
1.3756120905
0.4128218147
0.2985256277
0.1657953375
0.3120041100
0.6513401246
0.8447718262
0.9899324494
1.1779331343
0.9909975086
0.7035252240
0.6576316185
1.2030221676
1.1990097343
1.2521426074
1.1309370415
1.1666859233
1.2648367761
2.0072454522
0.3360336996
0.1267470757
0.9587943107
0.7882879654
0.5159126913
0.8323056739
0.0901397798
0.2593682159
0.5166414832
0.5683662942
0.5717813013
0.7008362857
0.6922874480
0.6691419764
0.6054966974
0.4236179508
0.5405720274
0.4915060264
0.4823831719
0.3641496296
0.5652783941
0.3401683429
0.5990886695
0.2539433282
0.5233001111
0.5928902742
0.4357357995
0.4396500217
0.6046149661
0.5535235190
0.6029444032
0.7620254527
0.5684240705
0.4918860403
0.5905608441
0.5769604242
0.4741596011
0.5054932877
0.6457593813
0.5047358654
0.3860261414
0.3573112784
0.4111387799
0.6020919048
0.3291009240
0.4189735630
0.5674639816
0.5404718445
0.2878936000
0.4363431627
0.2684689306
0.3141676198
0.5262238872
0.5444772526
0.5245174897
0.4523704838
0.4591664818
0.4501210023
0.3753882399
0.2355423669
0.3147405312
0.4401388799
0.5079121820
0.5619062168
0.3963810154
0.3963919126
0.6807215972
0.5558410294
0.4562906942
0.3808460671
0.5856372566
0.5629796624
0.7185091944
0.8264790588
0.9393674469
0.6312633194
0.6436477095
0.7579800790
0.8970958694
0.7537495079
0.7284782745
0.6429337821
0.8086076786
0.7331318224
0.7754791569
0.6249539936
0.5805490934
0.6229369502
0.5152891205
0.3567387500
0.5513492879
0.9054676113
0.2730980686
0.8006010551
1.1480799049
1.5532758254
1.9586297956
1.3182489108
1.0834246661
1.3595297680
0.7320232733
0.6952093358
0.8606438505
1.2182858741
0.8929570287
0.8797220111
1.1078034951
0.6437016284
0.5513294632
1.2509842620
1.1535221606
0.2724586981
0.4018801009
0.6017366343
0.9094676415
2.0398929235
1.4598268815
1.3630715815
0.6129646560
0.8081920823
1.6218203233
1.4406721351
1.1647875563
0.4827419646
0.6770841070
1.1260268232
0.9876448037
1.0554570449
0.9437004231
0.9304341786
0.9575229903
0.8599384871
0.7748691462
0.8365253539
0.6815234845
0.7774713438
0.9616403815
0.9020990238
0.9006113296
0.9311538719
0.7440132421
0.9577746959
0.8423251448
0.7965982990
0.9521893458
0.9461288070
0.7578788782
0.7662654902
0.7606515802
0.7398151584
0.7957706811
0.9024553138
0.8023735846
0.8973688770
0.9733598545
1.0531060679
1.3321467121
1.1280406067
1.3068881910
1.1693897621
1.3077595572
1.4379302852
1.4148788953
1.3986893304
3.6031179382
3.6333016705
3.5564513301
3.5902859619
3.5785655334
3.8994401097
4.1328819795
4.1369722455
3.2652255233
4.8879434663
5.2484548203
3.0270024943
4.7034363290
4.5096102404
3.9307292481
3.7006095406
3.3812251911
3.2359321262
3.3256979946
3.2979762299
3.2124262358
3.2992341999
3.4559245760
3.4690277781
3.4794446197
3.7267562891
3.4499564860
3.4265020643
3.3760425968
3.5118992963
3.4662377488
3.3790610522
3.4239633373
3.3319066334
3.3105280910
3.4808427437
3.5552110964
3.3386894254
3.4787278390
3.2641207573
3.4457205176
3.2473529933
3.5030477255
3.5555882762
3.5660388177
3.4763264685
3.4049151882
3.3961843254
3.5304547196
3.3708705449
3.6332961927
3.5463139380
3.1777230029
3.1368874929
3.0882431353
3.0586068900
3.1896355286
3.1167262981
3.1640999693
3.1845094769
3.2139100668
3.1782509641
3.1000555027
3.1718113991
3.1447962204
3.1642074041
3.1150373087
2.9349968301
2.6978373646
3.4238220439
3.1843057447
3.3588848776
3.1320169377
2.3587082551
3.5168297438
3.4787933217
3.5565306721
3.6186721221
3.2095878186
3.9476698433
3.7505650159
3.4963759563
3.3656744698
3.4770912001
3.7310735389
3.7182828354
3.9615509377
3.8380980607
3.9830678280
3.4433591114
3.1819164099
3.5312548606
2.9860174435
3.5946889938
3.2680146536
3.2523607048
3.4316634605
3.2964616010
3.4023181418
3.4082383019
3.1139085747
3.2005009206
3.3000089167
3.2746315060
3.2559006223
3.3318338558
3.1864223631
3.2395201117
3.2699614343
3.2598749220
3.1364048959
3.3193389484
3.2867016961
3.5105077120
3.3518979319
3.2347232394
3.3391516443
3.3351282205
3.1590237802
3.2436783613
3.2618479007
3.2081908680
3.1990071802
3.1300686803
3.1870815687
3.1765157082
3.2046502475
3.1717638603
3.0909357078
3.2071095931
3.2422838413
3.2588160100
3.1460114121
3.0238387350
3.1650558577
3.3242971955
3.2320303606
3.1267079740
3.2964006184
3.4248119401
3.5420136492
3.4056940227
3.3190238182
3.3610459161
3.4141616019
3.4430240598
3.4502135769
3.5038489127
3.4883843860
3.5421565898
3.4383536987
3.4072087277
3.2683341229
3.3644573998
3.3267787473
3.3021275603
3.2961522650
3.2761971590
3.4156838577
3.3309893828
3.2111310088
3.1645147773
3.0114030707
3.0876022276
3.2611773458
3.2060008210
3.1909082561
3.2184165267
3.3023341632
3.2666840369
3.1818585230
3.1219506111
3.0792407597
2.8458539889
3.1423375359
3.1663733219
2.9412425161
3.1075217887
3.1903777129
2.9811378210
3.1534680403
3.0686436495
3.2380328245
3.1823412537
3.1754916051
3.2118991547
3.2691075988
3.2367727673
3.2822639112
3.3275858886
3.1970792300
3.3317238338
3.4613920177
3.2910573914
3.1716456248
3.7042650834
3.4142585348
3.1698123374
3.1944766610
3.2053797413
3.2094051889
3.3603654968
3.3868547493
3.3290057110
3.2036488573
3.2757078955
3.5940998334
3.7117394836
3.6620955809
3.4033118934
3.4688200486
3.3339698017
3.2243748629
3.3055224017
3.3649571283
3.1850987878
3.1457145641
2.9755877984
2.8611732958
3.0581437785
2.8746946340
3.0860794227
3.0957776727
3.1918233939
3.1505011185
3.1106541577
3.0675084450
3.0455427005
3.0431351754
3.0671858246
3.0292586069
3.1349381083
3.2128981645
3.0536650817
2.8590628040
2.6473627752
2.4525087056
2.4125615912
2.4485657761
2.7110755325
3.0592290789
3.4060993478
3.6712893213
3.6198599637
3.5825222009
3.3663553828
3.0596101928
2.7138546819
2.5376403490
2.4643412695
2.3414405575
2.4188914156
2.5147909954
2.6904363243
2.9946946969
3.3032175433
3.4756019901
3.5519437526
3.6937921675
3.5056690411
3.2381510889
3.3122793330
2.8923843789
2.7396775467
2.5532411606
2.3415765861
2.3335906893
2.4721416121
2.8671864181
3.1002740966
3.2422619076
3.2946233635
3.4077478434
3.2658010454
3.3899465416
3.1560655171
2.8812789351
2.6383683040
2.4603343293
2.4301344129
2.4640053703
2.5891995627
2.5878404560
2.7061891935
3.2178947193
3.3817964916
3.4429945352
3.4422727466
3.2940473839
3.1750813506
2.3548406158
2.3836253285
2.2396247992
2.2767618928
2.3136596201
2.4385519125
2.3846057401
2.3496460765
2.3715001822
2.2896306693
2.3461514539
2.3314995728
2.8496749108
2.8101635710
2.7308317314
2.8394862438
2.6307708064
2.6439254398
2.8174543596
3.3471258490
3.4189049903
3.1380531636
3.1255475183
3.1566799417
3.4674043428
3.2135033010
3.2374119809
3.3908811975
2.8362091207
3.2548642370
3.2834742707
3.1773210742
3.1401948755
2.9393836693
2.7341751062
2.7478673096
2.5892191481
2.6265107533
2.6383574679
2.4099849312
0.0382542809
0.5725465527
0.3850367199
0.9549017949
2.0905508533
1.4650302084
4.5009117727
0.8718278626
1.1485413105
1.0381023727
0.2916179370
0.1907275748
0.2182091072
0.1882730321
0.3128374105
0.3154863782
0.1915099293
0.2019641804
0.0486485338
0.0440094357
0.4844144730
0.3115243684
0.4502144139
0.5193062331
0.2808143207
0.3551035095
0.2661156831
0.3330207356
0.4289528890
0.4527139936
0.2739415036
0.7456574717
0.7190106889
0.6386841544
0.4281303662
0.3969884822
0.5357078796
0.2978037725
0.9167631572
0.5555668344
0.4884548151
1.0611974676
1.0373464829
0.9626682395
0.7334276839
0.8640478751
0.6161335830
0.9113149504
0.3592422607
0.3371795155
0.3893544411
0.3124473658
0.4258956470
0.3696630254
0.3518078336
0.3275314190
0.2986509485
0.2615064610
0.3242544271
0.3568579990
0.8535594608
0.4384602077
0.6350930566
0.5892040100
0.6189194081
0.3777486992
0.2286743108
0.4013391249
0.2022754337
0.3353873368
0.4188488319
0.2541087398
0.5005943886
0.2953575241
0.3580586968
0.4486118810
0.3761731975
0.4974322261
0.4782900935
0.4662175132
0.5342116047
0.3869383773
0.3995178847
0.3257412071
0.2499946193
0.5250853844
0.4864782158
0.4868103011
0.5027689677
0.6660222978
0.7895998789
0.5926777898
0.5279800223
0.5289993756
0.4402191650
0.2870591202
0.5958152909
0.6242948419
0.5089058197
0.4297900616
0.5102412574
0.3220593509
0.3106607971
0.6984243507
0.5589437401
0.5332343764
0.5620414121
0.5109782059
0.3661317521
0.3116051926
0.3059532867
0.4074891894
0.3318139164
0.4896006977
0.3302674278
0.2269816322
0.6914987181
0.6099020753
0.6584021694
0.5168767010
0.6231985923
0.5264108609
0.4778756186
0.3211591020
0.3272514899
0.3220069725
0.2101881965
0.2424625318
0.2491824830
0.3223945402
0.4062842858
0.3916619012
0.4225428191
0.3256397441
0.3114955127
0.5217241278
0.3414752507
0.3002053573
0.5919600496
0.4244759613
0.5395204757
0.6826087383
0.3396168091
0.3543612382
0.4200895046
0.3616633933
0.4370763392
0.5102509488
0.1851381978
0.4733699672
0.5950347683
0.5279122499
0.5728241945
0.5540559114
0.5989731916
0.4988511411
0.7123017925
0.3259038605
0.6277263361
0.6430309776
0.8013170716
0.8314428070
0.9653903897
0.9889906376
0.7572879799
0.4975247388
0.7029339528
0.4883655268
0.7281030910
0.5803393094
0.8237103683
1.0397280331
1.1707436315
1.0322340762
0.6237869876
0.7262210732
0.4527073072
0.2648969363
1.3206305210
0.8184019149
1.1529544343
1.0589319183
1.3338498954
1.1747559559
1.3290683772
1.3233856307
0.6402710748
0.6573210040
0.9522155023
1.1365289362
0.8990682090
0.8356670208
0.1784452107
0.3140052165
0.6731134924
1.1628091043
0.7415913711
0.7463400476
0.6643502297
0.7630591699
0.5693142247
0.8664954424
1.2180469454
0.8888614122
0.8954643996
0.7417113061
0.6040824115
0.8011649307
0.7991512222
0.7864380230
0.8347014129
0.7967184669
0.8285919250
0.9071554881
0.8152777643
0.7845341905
0.7853700586
0.6732961776
0.5924555884
0.6742455643
0.8432058433
0.8003820355
0.8296506530
0.7991033436
0.7822377422
0.7962126399
0.7988332233
0.8393244266
0.7789685095
0.8084423454
0.9071346263
