1.702863440063389910e-01
2.120076405380743600e-01
2.598868737785742233e-01
3.036953073326324470e-01
3.420467531092006297e-01
3.815823815224796967e-01
4.232144955987302559e-01
4.636023926771529746e-01
4.971411300648848619e-01
5.206430048982580994e-01
5.317753071799514730e-01
5.402952568263921229e-01
5.153324899851822183e-01
4.326745672813707699e-01
2.701772507438056636e-01
2.232607946780651720e-01
2.301530348971396189e-01
2.327637108823126244e-01
2.331099867381229429e-01
2.346088876580995908e-01
2.328321948980008049e-01
2.274256065753165190e-01
2.279925211141781427e-01
2.283339552740498157e-01
2.294464002301162542e-01
2.295636842941673750e-01
2.303244460094956980e-01
2.327890974764581233e-01
2.324413064914731819e-01
2.326097294589208053e-01
2.317346233403880240e-01
2.300175374117575944e-01
2.281383771300463936e-01
2.249853007122425419e-01
2.232981643916746861e-01
2.200118234078276003e-01
2.149500621317401161e-01
2.120901707977411177e-01
2.100606388481006392e-01
2.069846227053857013e-01
2.051536605553588577e-01
2.011441100264722837e-01
1.945260834564269681e-01
2.029023645650104568e-01
2.092488270439489817e-01
2.165721859940577254e-01
2.290739022622615972e-01
2.318754810655095644e-01
2.334886819767691413e-01
2.307230435907087485e-01
2.265744448425316970e-01
2.225071470467420709e-01
2.193386526381828072e-01
2.141141292092717252e-01
2.109756365377571663e-01
2.079534254464899534e-01
2.014323448764896440e-01
1.967632094291455191e-01
1.932884779093541616e-01
1.934405037902302005e-01
1.953375532995474673e-01
1.944515727731412624e-01
1.888839121090533368e-01
1.756365785876329022e-01
1.607173356121713026e-01
1.538016774887754901e-01
1.496673495564829759e-01
1.464958685846756703e-01
1.431575793822528753e-01
1.386660780917525482e-01
1.354073405894336835e-01
1.322855886957331473e-01
1.318085116652452371e-01
1.298884896975850411e-01
1.269888718716469800e-01
1.228296749105373398e-01
1.220989734528107051e-01
1.202645589122773029e-01
1.189480441417850448e-01
1.238449854533568428e-01
1.290407349385130908e-01
1.316293387369167900e-01
1.304966784514930978e-01
1.287103859930532890e-01
1.284152268357021953e-01
1.299934893485156506e-01
1.311577463405435573e-01
1.319468422587169731e-01
1.319347150725208861e-01
1.310629021499986058e-01
1.295396342044249360e-01
1.309751810605684907e-01
1.338425868531725738e-01
1.367898713750623774e-01
1.411940770870450390e-01
1.468816590912936926e-01
1.515706832446294672e-01
1.548160250487745082e-01
1.635829122432622962e-01
1.676222074783030869e-01
1.710358031166946402e-01
1.746774609642718912e-01
1.775817943202355753e-01
1.793238558804545746e-01
1.846950630335377208e-01
1.852881842996499384e-01
1.849879494832605553e-01
1.867985986330265580e-01
1.851506677680893886e-01
1.825376040938647138e-01
1.839061215288574913e-01
1.825422241806061718e-01
1.828713019720697719e-01
1.858445309612012930e-01
1.859870933124651016e-01
1.860905086481727810e-01
1.881027353498280485e-01
1.882691989986279291e-01
1.860294625898370746e-01
1.865715616004012256e-01
1.900916233289635104e-01
1.926605274737947238e-01
1.951231604777191875e-01
1.936296325904022231e-01
1.997019680974702338e-01
2.016939441311294545e-01
2.045437321472492465e-01
2.035260722966337754e-01
1.983290227042284193e-01
1.926531639345472890e-01
1.891322575079291968e-01
1.846961101218085322e-01
1.809454523060090303e-01
1.733312032516610424e-01
1.719698571494127914e-01
1.720527986873512383e-01
1.721368494934497340e-01
1.687945077135229177e-01
1.700704025443942058e-01
1.686707844017285296e-01
1.689441017666031275e-01
1.650801045018518431e-01
1.632361936892346987e-01
1.594023957412873949e-01
1.560561676487287885e-01
1.560083032071534481e-01
1.564578747427302352e-01
1.552877146028290301e-01
1.559285737718936193e-01
1.552255714571221246e-01
1.558637361869864568e-01
1.562668929916343485e-01
1.580201247437231782e-01
1.581778562903195795e-01
1.607403308471964110e-01
1.650107635908627246e-01
1.690048878510622965e-01
1.728976674551923054e-01
1.790756097466293939e-01
1.802078646937260720e-01
1.773438900553815090e-01
1.796449160898803965e-01
1.787391148602199553e-01
1.789219805257149520e-01
1.816296872910431737e-01
1.863652845947435244e-01
1.988961116092725356e-01
2.080057057357594941e-01
2.150402731684450397e-01
2.213321955416110709e-01
2.269155468250043939e-01
2.350194539290466345e-01
2.391082657551047985e-01
2.407012380039795785e-01
2.388865672579116861e-01
2.395327312671229059e-01
2.398977997135244011e-01
2.386779521354088218e-01
2.376178601656347422e-01
2.359864938327614348e-01
2.309543635645614490e-01
2.255739673903943143e-01
2.193315281836038244e-01
2.150052940783926669e-01
2.124620000607100323e-01
2.096628403732085921e-01
2.074874709493905733e-01
2.070203897028158047e-01
2.045876985610230736e-01
2.033817097486594061e-01
2.014188302712650591e-01
2.012060746847481874e-01
2.029798269136304234e-01
2.041392255022994873e-01
2.067417206276485342e-01
2.069138307357581974e-01
2.097852369101256276e-01
2.132475365913747700e-01
2.167578052412249268e-01
2.198661852722654519e-01
2.194550561097510233e-01
2.189458649005213142e-01
2.202499460659327335e-01
2.226797822998789755e-01
2.261332591331977337e-01
2.254011327921084662e-01
2.251847947028861041e-01
2.220964541664791625e-01
2.177136962916706997e-01
2.129135322883106141e-01
2.104289696513378660e-01
2.029297372372510511e-01
1.942617301205182556e-01
1.910414686824339070e-01
1.837932173198576491e-01
1.814463685221218980e-01
1.761982704617560680e-01
1.722031556729116952e-01
1.678478020051167585e-01
1.639300195330173071e-01
1.587797712864469080e-01
1.546989962032243870e-01
1.543832072705647873e-01
1.537346000840122684e-01
1.534343143712010582e-01
1.544083828926548219e-01
1.578552132862640345e-01
1.587737172574013034e-01
1.611350539658363279e-01
1.640852781985659981e-01
1.658589073663331859e-01
1.711291325982421396e-01
1.731874065290602005e-01
1.792501827905910727e-01
1.775770157564434959e-01
1.789918697719564966e-01
1.791504864517533546e-01
1.829473978144287860e-01
1.859903270937172948e-01
1.890699801005365777e-01
1.915601555137110557e-01
1.948679143316825735e-01
1.983176393337041932e-01
2.020895383145883406e-01
2.067035516106673076e-01
2.107988462682643671e-01
2.156544646825910294e-01
2.211455234337823816e-01
2.264496033172069545e-01
2.301024222851312528e-01
2.343786813279399583e-01
2.351088004368709627e-01
2.369772750326925859e-01
2.391676543814626743e-01
2.350536395224396558e-01
2.299940618172002516e-01
2.297501327781653335e-01
2.374928154984825013e-01
2.306115086221980082e-01
2.107246339952773828e-01
2.014268221266946324e-01
1.939653699214454463e-01
1.904817690353184656e-01
1.871895749963911892e-01
1.891793660762158824e-01
1.953927904762058632e-01
2.010138487778481697e-01
2.064075150640570788e-01
2.077408043578137797e-01
2.022417276994074586e-01
1.971988183686246010e-01
1.941214676763190483e-01
1.945155641820032477e-01
1.951216589601733886e-01
1.987684736164590238e-01
2.007236451348304029e-01
2.038829411491648314e-01
2.048929329913465047e-01
2.060002769281920609e-01
2.074635934882549104e-01
2.079243834548479553e-01
2.090095038350167911e-01
2.080790976131333125e-01
2.055120730253511274e-01
2.021651074686267313e-01
2.000142256560040466e-01
1.990608620951515861e-01
1.927845818645663456e-01
1.951607989388682574e-01
1.919360106723030091e-01
1.927491843291241902e-01
1.924049240373590652e-01
1.944290500566686342e-01
1.941479287020468902e-01
1.944402399088853428e-01
1.938705345414852566e-01
1.928188671043663538e-01
1.908985338771477247e-01
1.890874220752068735e-01
1.888865420755224123e-01
1.882267524471405717e-01
1.871132553617635419e-01
1.862451358558833148e-01
1.855456035446882146e-01
1.838447974313665023e-01
1.828058071457996092e-01
1.811651330636562529e-01
1.785424379963422570e-01
1.751441014962392406e-01
1.711347342215781553e-01
1.671352745153628083e-01
1.597642387065602576e-01
1.544083636095776035e-01
1.495008100823975727e-01
1.443422335737097606e-01
1.407113651435689672e-01
1.371707900362700294e-01
1.301737839993414025e-01
1.281429368230360688e-01
1.266456473247910552e-01
1.268468169284107661e-01
1.264307426393168343e-01
1.258329516847644935e-01
1.275750089046699953e-01
1.287693513490813235e-01
1.293556376744742775e-01
1.318966877237783553e-01
1.337569582444416150e-01
1.359234318389607732e-01
1.375480494077636617e-01
1.390193038238472789e-01
1.415142864901228759e-01
1.445407297669798474e-01
1.479933679738549279e-01
1.516137118915547033e-01
1.557924882433540936e-01
1.619691370405944575e-01
1.636886084593943691e-01
1.659005979019194110e-01
1.666296785432045680e-01
1.649952500884983853e-01
1.651124621034341100e-01
1.670129827477954687e-01
1.700294077557293060e-01
1.751249811176475157e-01
1.807067075578469295e-01
1.847457216253544088e-01
1.860672877926032309e-01
1.870901155145218431e-01
1.854441846477407063e-01
1.833147228560459419e-01
1.801648668343593385e-01
1.760658175495815048e-01
1.725324503953622191e-01
1.681592984018948356e-01
1.644010583670582615e-01
1.609298494807961943e-01
1.577085358993901565e-01
1.565252749592957460e-01
1.538093667068760884e-01
1.534720933168119417e-01
1.529526794103974741e-01
1.500701160859208017e-01
1.454773573511814744e-01
1.413331580802954235e-01
1.373566840164657799e-01
1.359303632109892801e-01
1.330303015753636908e-01
1.296602257777231815e-01
1.257471610038358445e-01
1.216472919768069594e-01
1.173213451079469505e-01
1.137935563005830347e-01
1.100211076638035468e-01
1.070712483488048261e-01
1.069479011364983245e-01
1.063719906766388001e-01
1.064141345420476920e-01
1.071770192583431092e-01
1.082825957660777522e-01
1.096248698722735032e-01
1.111872544585352368e-01
1.135563357698136794e-01
1.172942150298305897e-01
1.204874489355372419e-01
1.236077996309580262e-01
1.270400150479163992e-01
1.302401119592959955e-01
1.345707772217657472e-01
1.381305152401332559e-01
