3.3757249123
3.3750685945
3.3763068868
3.3770885222
3.3781969837
3.3781424643
3.3787883392
3.3765645272
3.3766104303
3.3791717766
3.3786071369
3.3781300895
3.3700656047
3.3669491554
3.3698298585
3.3690379237
3.3753442342
3.3771144475
3.3683350381
3.3753443564
3.3738679054
3.3718867965
3.3683829766
3.3753061245
3.3744718921
3.3615145122
3.3654413154
3.3686463432
3.3599658783
3.3701703640
3.3519660642
3.3629300784
3.3625835089
3.3659277631
3.3633844395
3.3629500991
3.3720453974
3.3712184291
3.3651313134
3.3467702216
3.3488906473
3.3583061811
3.3634363345
3.3621455175
3.3619671233
3.3646209834
3.3689548391
3.3663864216
3.3666441478
3.3696986025
3.3423542266
3.3450178638
3.3654794930
3.3449423608
3.3456254898
3.3471128665
3.3484342833
3.3497443662
3.3513508890
3.3411013607
3.3513944355
3.3132638803
3.2783849199
3.2610345914
3.2526763216
3.2563011066
3.2547266315
3.2512527967
3.2509924077
3.2529903985
3.2556972356
3.2682382699
3.3084811752
3.3108760381
3.3088870420
3.3076983755
3.3096505149
3.3094723507
3.3090046657
3.3050655512
3.3040391056
3.3049912818
3.3055162575
3.3066930886
3.3049481709
3.3034508502
3.3048298761
3.3042489315
3.3043895931
3.3022410667
3.3020017838
3.3013230555
3.3002185569
3.2996616546
3.2965553349
3.2960411015
3.2975000279
3.2983503538
3.2927954091
3.2983819065
3.2974742690
3.2975711681
3.2921880738
3.2892083125
3.3023368037
3.2979930919
3.3018678183
3.2993999958
3.2990912477
3.2989237261
3.2960957436
3.2983911297
3.2953336289
3.2951601286
3.2955698092
3.2952654388
3.2936566755
3.2878603268
3.2912381750
3.2948396108
3.2947810472
3.3025505701
3.3007438443
3.3090924936
3.3067579950
3.3118270445
3.3125991872
3.3146944688
3.3225004820
3.3217226822
3.3218652084
3.3220534558
3.3208759833
3.3219741828
3.3263216313
3.3240365672
3.3245393671
3.3320666141
3.3349021206
3.3324563332
3.3400263545
3.3441385029
3.3423073018
3.3535475017
3.3569726322
3.3665804318
3.3680911076
3.3756397547
3.3808224922
3.3874263909
3.3860339725
3.3934590758
3.4027039424
3.4069793269
3.4061846908
3.4131624425
3.4132575272
3.4195605034
3.4285849842
3.4343004277
3.4335055449
3.4356949722
3.4358407391
3.4410337409
3.4458550294
3.4441939260
3.4438540297
3.4413230384
3.4430228852
3.4435579724
3.4428943867
3.4476518514
3.4498901232
3.4446201285
3.4478035569
3.4481246977
3.4466429270
3.4404188697
3.4424671622
3.4415590091
3.4402764378
3.4426949693
3.4344284929
3.4329512581
3.4298458896
3.4292494689
3.4294650338
3.4215613277
3.4188671559
3.4192437633
3.4132852722
3.4071798948
3.4001498781
3.3932108418
3.3962120782
3.4052751845
3.4088843752
3.4093305733
3.4166032520
3.4206741345
3.4278159676
3.4336329519
3.4392055142
3.4441004238
3.4505063912
3.4551129243
3.4597311720
3.4667229251
3.4679359472
3.4733088089
3.4773952159
3.4745702861
3.4797763347
3.4867159896
3.4904717299
3.4950613630
3.5147088873
3.5163519278
3.5192191336
3.5190279391
3.5179707016
3.5145366594
3.5165894738
3.5192019714
3.5194871446
3.5167728655
3.5183242073
3.5137704948
3.5122107519
3.5082281220
3.5081421834
3.5044211599
3.5022584897
3.4985021572
3.4879268980
3.4825025875
3.4747331597
3.4716157705
3.4641815960
3.4604891853
3.4604758930
3.4546026249
3.4550742476
3.4511370355
3.4495057640
3.4496644411
3.4467354517
3.4463173353
3.4447724152
3.4396419975
3.4299930082
3.4260468370
3.4123257240
3.4043568499
3.4064276365
3.3918059055
3.3851550630
3.3787699824
3.3777609345
3.3788643870
3.3738894723
3.3670608295
3.3659188318
3.3609682601
3.3574819027
3.3560686698
3.3595365071
3.3556223824
3.3472635055
3.3473645279
3.3492103691
3.3506105770
3.3489027062
3.3452518535
3.3458214102
3.3441695527
3.3442413622
3.3439515186
3.3474215008
3.3495137253
3.3503189994
3.3494232983
3.3499749454
3.3472340993
3.3464618966
3.3468125535
3.3467805525
3.3447622868
3.3453052095
3.3471315225
3.3463801273
3.3455429084
3.3359979299
3.3357159017
3.3296989979
3.3237392029
3.3247533525
3.3145997535
3.3078305379
3.3079901982
3.2998163027
3.2942341235
3.2941494816
3.2824243410
3.2797415408
3.2695515437
3.2669578753
3.2698352758
3.2602904871
3.2612114469
3.2525599434
3.2519574251
3.2414492734
3.2380523114
3.2366681332
3.2332883038
3.2382123877
3.2333552761
3.2338110595
3.2324522259
3.2466842121
3.2408477201
3.2507001394
3.2472536157
3.2496896812
3.2502339517
3.2578424140
3.2603441271
3.2688617849
3.2701980165
3.2688918773
3.2658825485
3.2650311810
3.2783312841
3.2776309021
3.2818310495
3.2824820060
3.2939400823
3.2946656203
3.2994331358
3.3070724307
3.3089203492
3.3061334003
3.3137199911
3.3196624279
3.3190459714
3.3260744022
3.3246396491
3.3312804922
3.3364624250
3.3428789888
3.3564114606
3.3566338092
3.3677191802
3.3690394605
3.3775236417
3.3846613420
3.3834464438
3.3939966013
3.3961014790
3.4133592756
3.4135043254
3.4150355206
3.4293004370
3.4274068158
3.4254545328
3.4305624264
3.4358551934
3.4370243126
3.4500771753
3.4539087092
3.4547155157
3.4658455166
3.4648420817
3.4669568562
3.4671718284
3.4765222186
3.4765125068
3.4839826555
3.4884611069
3.4873808331
3.4922016527
3.4959125066
3.4950993987
3.4967789409
3.4950477042
3.4987662688
3.5032696869
3.4995859896
3.5041910387
3.5105443289
3.5111312680
3.5147484086
3.5199124769
3.5184522677
3.5182266591
3.5231948658
3.5228936492
3.5196150250
3.5202468988
3.5188190827
3.5198029742
3.5227032555
3.5224126463
3.5190187009
3.5205420278
3.5117019687
3.5105679513
3.5084858122
3.5033415287
3.5029998311
3.5020446984
3.5046071729
3.5030886758
3.5031192051
3.5033561999
3.5032396076
3.5037857138
3.5023135499
3.5029198036
3.5033114596
3.5008498610
3.4932219970
3.4926247927
3.4931370626
3.4833925328
3.4839003042
3.4862697275
3.4837203451
3.4758405577
3.4711355546
3.4711080441
3.4791972715
3.4752973598
3.4751802710
3.4769768530
3.4808654342
3.4680860384
3.4664060308
3.4675779292
3.4604899213
3.4582624250
3.4639170227
3.4611288715
3.4579621366
3.4545461554
3.4418651606
3.4420262334
3.4425665487
3.4363540802
3.4355242004
3.4328245462
3.4372000893
3.4367068524
3.4347440802
3.4306107228
3.4330465144
3.4300679531
3.4298433237
3.4269026881
3.4238128581
3.4194681468
3.4189762705
3.4138453295
3.4040993738
3.4017089739
3.3987691197
3.3927795173
3.3821709379
3.3793534417
3.3750027174
3.3675319751
3.3657140441
3.3660022061
3.3643148864
3.3649777264
3.3647427900
3.3640240306
3.3657279093
3.3718298109
3.3730696729
3.3811884306
3.3818124736
3.3846534817
3.3865088879
3.3848898232
3.3889813319
3.3877824580
3.3933674182
3.3934515185
3.3938928919
3.3997809478
3.4011628552
3.4039372459
3.4061353288
3.4056519115
3.4054029134
3.4022927728
3.4014282758
3.4005791267
3.4065827452
3.4053987752
3.4040388400
3.4057867034
3.4059480842
3.4039906423
3.4049565209
3.4048926049
3.4108746864
3.4122809198
3.4127597279
3.4214881167
3.4201149458
3.4297995372
3.4295435364
3.4392074964
3.4383301529
3.4455934088
3.4468538266
3.4563450185
3.4536569520
3.4587295109
3.4550105560
3.4619133240
3.4667546224
3.4692330550
3.4774898883
3.4794479275
3.4859833839
3.4932563123
3.4991304846
3.5057956677
3.5041774136
3.5066966706
3.5096295698
3.5191275773
3.5239442860
3.5300572031
3.5335819944
3.5406335253
3.5421503669
3.5511657851
3.5450394999
3.5447269584
3.5411009507
3.5325341269
3.5286707987
3.5242089508
3.5217791521
3.5193116726
3.5164236625
3.5116675639
3.5054275216
3.5005466077
3.4955638594
3.4943334382
3.4939377475
3.4927998717
3.4916968762
3.4923210406
3.4847711824
3.4819239075
3.4838615716
3.4746757610
3.4694359646
3.4664369144
3.4569265240
3.4506044920
3.4521783317
3.4483620859
3.4456397845
3.4466291215
3.4471106377
3.4442937428
3.4445736043
3.4435773501
3.4485339600
3.4480949687
3.4482193067
3.4492175680
3.4529490789
3.4521651321
3.4526215520
3.4548664438
3.4549335731
3.4537388553
3.4524259047
3.4492371429
3.4477761370
3.4476894754
3.4524759203
3.4510840548
3.4502820975
3.4507311772
3.4518540493
3.4515740858
3.4506161322
3.4504296319
3.4501180196
3.4494893693
3.4409546704
3.4494124506
3.4524827240
3.4541323818
3.4545670690
3.4552162226
3.4525276796
3.4512189473
3.4499191775
3.4497458336
3.4479609781
3.4496775521
3.4494566559
3.4502772939
3.4494732298
3.4492100309
3.4494330173
3.4508650989
3.4523227550
3.4505129052
3.4505467091
3.4469234709
3.4483177068
3.4467389010
3.4453549605
3.4476795853
3.4469977012
3.4471524845
3.4472252279
3.4509619608
3.4488966540
3.4471076878
3.4507197355
3.4503123998
3.4478272990
3.4504740584
3.4535130984
3.4518849396
3.4520775488
3.4510943944
3.4556473921
3.4560489712
3.4563098590
3.4514941707
3.4520535951
3.4554925982
3.4517273724
3.4495344328
3.4478234564
3.4455607282
3.4447556749
3.4444736811
3.4445301164
3.4418370070
3.4411543960
3.4349800174
3.4337432915
3.4346744965
3.4320581428
3.4287940865
3.4278050118
3.4283768425
3.4255040149
3.4233592824
3.4237524046
3.4223005282
3.4203176022
3.4164508034
3.4167027688
3.4120614568
3.4114790007
3.4150815930
3.4207532998
3.4183383702
3.4182533452
3.4155041251
3.4217708215
3.4114055337
3.4154823101
3.3870813860
3.3916121155
