0.0553089895
0.0539901898
0.0557343344
0.0557019558
0.0549290820
0.0539595877
0.0548883172
0.0542900974
0.0558230608
0.0544804114
0.0532582230
0.0527496000
0.0537317146
0.0545846496
0.0564048629
0.0545236133
0.0526018006
0.0531211412
0.0528493526
0.0557800851
0.0539963729
0.0549982017
0.0538674267
0.0529870253
0.0525755777
0.0534766299
0.0538287828
0.0522799597
0.0532221871
0.0529152095
0.0515300039
0.0514150236
0.0494771721
0.0491743272
0.0505645292
0.0493086154
0.0490819796
0.0493218688
0.0492953956
0.0487460878
0.0497795590
0.0498919466
0.0511175710
0.0489988162
0.0499328963
0.0486619448
0.0495935645
0.0490516718
0.0475431163
0.0470446414
0.0467597593
0.0436121924
0.0423995500
0.0414875558
0.0404293730
0.0401993130
0.0413600925
0.0405716182
0.0399230564
0.0393309510
0.0378382030
0.0377400021
0.0383221523
0.0391394163
0.0404652039
0.0390730022
0.0386032247
0.0390232064
0.0378336822
0.0388851848
0.0368806280
0.0470454770
0.0460684228
0.0479472000
0.0534186199
0.0465566987
0.0497258822
0.0486897888
0.0479817063
0.0482607999
0.0410433018
0.0387701144
0.0650945188
0.0405771059
0.0646543456
0.0503135928
0.0472950747
0.0527843205
0.0541512393
0.0358557380
0.0340456715
0.0408228896
0.0474248226
0.0446240497
0.0613171784
0.0445083373
0.0483695659
0.0442540850
0.0391400207
0.0417257697
0.0465618564
0.0476804132
0.0484292050
0.0465414987
0.0486485046
0.0495915600
0.0498412027
0.0546347786
0.0546563391
0.0555117802
0.0566305029
0.0576566098
0.0577960901
0.0604429400
0.0601045294
0.0603481335
0.0615041282
0.0624599456
0.0639097690
0.0627016172
0.0634982742
0.0611087594
0.0615445111
0.0608667427
0.0617201501
0.0641257357
0.0631894455
0.0652210788
0.0608899665
0.0627463568
0.0624487797
0.0633553285
0.0657353377
0.0637551486
0.0661899858
0.0680312768
0.0628147684
0.0665307570
0.0674929090
0.0673176062
0.0700908053
0.0694168795
0.0666064089
0.0668866966
0.0638182604
0.0646128690
0.0659052946
0.0679317525
0.0680415790
0.0652393960
0.0662818224
0.0676920265
0.0666793047
0.0648820894
0.0663885108
0.0597175229
0.0587151735
0.0585898492
0.0549934503
0.0560784859
0.0511229643
0.0500214474
0.0506365866
0.0500146784
0.0453245425
0.0448567462
0.0418129515
0.0415985381
0.0384613169
0.0369787400
0.0345667589
0.0343516137
0.0338806864
0.0339288740
0.0353981172
0.0340020213
0.0345536498
0.0347748436
0.0345817111
0.0340527506
0.0348333795
0.0357953413
0.0349661352
0.0338144921
0.0338362710
0.0342315592
0.0360767573
0.0342235403
0.0373282682
0.0392552936
0.0402430721
0.0422374471
0.0410765287
0.0414287099
0.0394505314
0.0357485559
0.0316875697
0.0281664328
0.0256905497
0.0232947513
0.0224844301
0.0276111280
0.0263892780
0.0252069161
0.0280387618
0.0300280820
0.0298547299
0.0289896176
0.0301916535
0.0306988581
0.0331466381
0.0329487706
0.0349526983
0.0347840342
0.0363796740
0.0377879759
0.0401807803
0.0432138764
0.0467912316
0.0506691144
0.0525512436
0.0548298449
0.0568961339
0.0594637472
0.0602439344
0.0582460027
0.0568682966
0.0557624340
0.0548697344
0.0543237954
0.0544768902
0.0544923299
0.0541834507
0.0538313083
0.0546177160
0.0573364980
0.0595153987
0.0610743460
0.0634643809
0.0643468297
0.0630962865
0.0638416410
0.0655158264
0.0639494836
0.0630787656
0.0632965289
0.0637877695
0.0641798159
0.0636999511
0.0608933141
0.0587765796
0.0573536055
0.0569647972
0.0555202305
0.0546828345
0.0537527117
0.0524817189
0.0524169796
0.0514930846
0.0515718020
0.0504566197
0.0498620159
0.0491014957
0.0493770215
0.0487730365
0.0472088662
0.0470573089
0.0477574353
0.0480204561
0.0500669653
0.0507644416
0.0508497989
0.0507556583
0.0512239346
0.0509054373
0.0504613238
0.0496009290
0.0504089956
0.0503991329
0.0501774079
0.0506186033
0.0527960220
0.0530334020
0.0542576361
0.0540951176
0.0561786056
0.0568478302
0.0578411637
0.0589425044
0.0589847769
0.0597282244
0.0597035867
0.0592702680
0.0594174488
0.0590331967
0.0595448246
0.0576759214
0.0567164166
0.0557411517
0.0568268017
0.0528918885
0.0567944114
0.0557133520
0.0564189758
0.0564035944
0.0572512057
0.0540417599
0.0586966291
0.0630171568
0.0605183738
0.0598199631
0.0622243363
0.0622412093
0.0583465923
0.0593342587
0.0623537911
0.0658688014
0.0652813847
0.0587888067
0.0560934060
0.0544186181
0.0564584933
0.0579373402
0.0653732966
0.0685939355
0.0816235474
0.0629415801
0.0617034907
0.0621315362
0.0621432414
0.0632869343
0.0737853922
0.0687004638
0.0710698640
0.0705613644
0.0691529848
0.0740748763
0.0643945584
0.0660068721
0.0649312410
0.0670744235
0.0730732429
0.0716669069
0.0656335339
0.0614038615
0.0627315523
0.0752393058
0.0684090422
0.0820942235
0.0815731621
0.0845840831
0.0943429220
0.1075306544
0.0919929215
0.1039345754
0.1024157089
0.1002930761
0.1024027224
0.1087521095
0.1011720508
0.1037103592
0.1084148310
0.1107775491
0.1160198737
0.1151350297
0.1135123159
0.1164051195
0.1152949914
0.1126700976
0.1123496417
0.1115434157
0.1111427668
0.1113043956
0.1079998853
0.1072756848
0.1075001947
0.1061592761
0.1048387850
0.1047196553
0.1046436579
0.1058931239
0.1070127730
0.0854731095
0.0867909177
0.0868022771
0.0868168508
0.0858424811
0.0825998055
0.0796001596
0.0829710562
0.0853805329
0.0833666208
0.0847671626
0.0845044081
0.0841443861
0.0849435749
0.0864472482
0.0855949126
0.0850370359
0.0856469196
0.0826783804
0.0826683511
0.0823398057
0.0803459026
0.0805171361
0.0858819941
0.0849129585
0.0855949484
0.0850955242
0.0849668314
0.0845664982
0.0899648624
0.0872543032
0.0891968077
0.0878655219
0.0879421198
0.0893099092
0.0923482167
0.0881977133
0.0865840738
0.0888168368
0.0900487459
0.0931204178
0.0933559389
0.0924342101
0.0945609662
0.0932842472
0.0952242840
0.0933288944
0.0926316594
0.0963975091
0.0951217784
0.0954201551
0.0938657553
0.0936036411
0.0867109436
0.0870099266
0.0910628892
0.0873824807
0.0890054496
0.0877744109
0.0969664637
0.0907140012
0.0866348749
0.0976380607
0.0988448762
0.0932158428
0.0872787313
0.0921610797
0.0949382678
0.0846040454
0.0845067620
0.0928997922
0.0918980686
0.0944140985
0.0908733779
0.0715800698
0.0733924935
0.0683260298
0.0617013904
0.0785425975
0.0779103858
0.0771527855
0.0701563616
0.0761501892
0.0727861467
0.0806612034
0.0805940375
0.0815046493
0.0805689003
0.0842224455
0.0847523500
0.0800170704
0.0794463285
0.0775386167
0.0728848796
0.0709747992
0.0708909909
0.0668150505
0.0639060535
0.0637306991
0.0649059927
0.0655820106
0.0652007922
0.0642832881
0.0639839744
0.0633683230
0.0623892171
0.0619334494
0.0601363626
0.0563579599
0.0532450490
0.0508766870
0.0459163810
0.0416865305
0.0392351578
0.0368419270
0.0356102025
0.0359042509
0.0350876690
0.0353733515
0.0337917550
0.0333504278
0.0348112123
0.0349856441
0.0332367680
0.0327830668
0.0309576549
0.0310960625
0.0300041708
0.0300973070
0.0312037163
0.0303011112
0.0282738767
0.0271318274
0.0246636948
0.0235950890
0.0244852485
0.0241456949
0.0240290705
0.0248617046
0.0232436142
0.0216792809
0.0216459986
0.0247220210
0.0252465329
0.0263803822
0.0270704030
0.0297883611
0.0283992902
0.0302910008
0.0304163655
0.0312165492
0.0288207069
0.0295532449
0.0283984372
0.0228989095
0.0229253387
0.0220122062
0.0239512282
0.0243024416
0.0244624548
0.0224434095
0.0220302230
0.0236715858
0.0238444519
0.0240501290
0.0244088897
0.0198499591
0.0193450612
0.0213845427
0.0219701093
0.0205455476
0.0234014734
0.0254726396
0.0269933510
0.0299624638
0.0277435607
0.0269036200
0.0259791561
0.0249720938
0.0230267242
0.0202802062
0.0229541285
0.0233773835
0.0234503674
0.0258942622
0.0294449712
0.0276577228
0.0303513820
0.0298030044
0.0291592284
0.0295598968
0.0288428240
0.0282896603
0.0268742833
0.0248067633
0.0238119559
0.0223907843
0.0247354318
0.0230306297
0.0239137124
0.0294639815
0.0287648916
0.0260027672
0.0231398435
0.0239864343
0.0310690637
0.0271701253
0.0185418108
0.0283017643
0.0210303364
0.0152374689
0.0122355859
0.0119910487
0.0079887266
0.0070132828
0.0106570731
0.0193527418
0.0520450493
0.0649368972
0.0279558233
0.0411754810
0.0284994569
0.0048263788
0.0134410773
0.0119146275
0.0164819678
0.0161944649
0.0180420910
0.0208748622
0.0242378245
0.0197242253
0.0212020023
0.0201195655
0.0162757190
0.0199395814
0.0213886423
0.0186158212
0.0185671846
0.0157474572
0.0128628899
0.0110145655
0.0345022109
0.0186330480
0.0198491326
0.0269415087
0.0161048195
0.0152634056
0.0185521832
0.0317562639
0.0171418587
0.0146424746
0.0168909779
0.0128474114
0.0120690538
0.0098979070
0.0087677759
0.0084567951
0.0104952413
0.0078455929
0.0108556785
0.0114338492
0.0168151898
0.0228383241
0.0268413986
0.0266607451
0.0280799971
0.0261311340
0.0241264599
0.0243628789
0.0264720533
0.0254076370
0.0207343398
0.0223470113
0.0208575275
0.0169486813
0.0180199872
0.0178000387
0.0159474694
0.0137119808
0.0153586971
0.0116758726
0.0115732331
0.0138750300
0.0163022068
0.0185130866
0.0209503707
0.0185835639
0.0151668286
0.0165376269
0.0137230205
0.0135836881
0.0143926123
0.0154933234
0.0164566767
0.0164018135
0.0193972960
0.0217779961
0.0182734907
0.0150905205
0.0091841476
0.0130104048
0.0201254985
0.0323569325
0.0311449808
0.0323943997
0.0316437170
0.0320977377
0.0333170275
0.0379023304
0.0339994619
0.0272576341
0.0208096841
0.0198499883
0.0170910068
0.0144113509
0.0118959425
0.0110076706
0.0100918851
0.0084776289
0.0089434265
0.0095961219
0.0125167946
0.0097589240
0.0132360598
0.0110366927
0.0119813345
0.0101424988
0.0105133886
0.0117971879
0.0136529391
0.0144925107
0.0147078703
0.0157450042
0.0148587936
0.0156926238
0.0159554115
0.0265301336
0.0421779574
0.0451469059
0.0518145207
0.0526791740
0.0526636209
0.0552047287
0.0651890328
0.0637374327
0.0653842216
0.0652472141
0.0603382516
0.0574803108
0.0527544529
0.0550004819
0.0584957973
0.0617160121
0.0641957826
0.0701740924
0.0739654155
0.0775354815
0.0780636738
0.0836840977
0.0865157984
0.0883678651
0.0880643838
0.0911614811
0.0892290494
0.0921380510
0.0941175722
0.0949361095
0.0940144518
0.0927890067
0.0908549448
0.0888781628
0.0879130955
0.0823748604
0.0784195787
0.0709523300
0.0698605426
0.0715533316
0.0773412316
0.0817972204
0.0845648305
0.0898224088
0.0890779900
0.0852747792
0.0911401541
0.0914753898
0.0897348680
0.0925995477
0.0927110889
0.0921045907
0.0918421582
0.0925979164
0.0944128365
0.0955886433
0.0970971992
0.0953812674
0.0954071067
0.0950062977
0.0946762011
0.0928265869
0.0893910447
0.0881545543
0.0871812695
0.0851264280
0.0848937327
0.0827116509
0.0824425276
0.0832946487
0.0821347962
0.0816475332
0.0798825610
0.0792051220
0.0756277121
0.0737666100
0.0719980620
0.0704853349
0.0683870928
0.0662656855
0.0665838774
0.0647783541
0.0643622526
0.0670548727
0.0704237768
0.0705875821
0.0716887159
0.0734401409
0.0729800446
0.0733818756
0.0733784145
0.0744523031
0.0741367441
0.0750322003
0.0734263382
0.0727689530
0.0730571396
0.0766770214
0.0742312128
0.0715442366
0.0710511563
0.0719247652
0.0705509218
0.0730662197
0.0754996136
0.0739321663
0.0747984238
0.0765491234
0.0773653959
0.0785560244
0.0791087444
0.0805912965
0.0819696812
0.0841682766
0.0850191296
0.0855324834
0.0877853674
0.0879525738
0.0883898660
0.0896390278
0.0896616847
0.0918372651
0.0942464222
0.0952555934
0.0998777713
0.1043901571
0.1055390763
0.1101343155
0.1128029651
0.1139740820
0.1201479433
0.1214062065
0.1257686743
0.1278638858
0.1266536657
0.1292240086
0.1292936520
0.1310384551
0.1291483175
0.1303350662
0.1306296798
0.1320420172
0.1315690426
0.1300381363
0.1290975255
0.1258344347
0.1201579703
0.1190847759
0.1184849766
0.1172231051
0.1147506922
0.1121127805
0.1098096550
0.1113759846
0.1124593586
0.1118896829
0.1106059032
0.1105585985
0.1093063677
0.1080244976
0.1100180881
0.1091443543
0.1088761714
0.1093286713
0.1100639104
0.1094451958
0.1088070178
0.1069921844
0.1061076574
0.1039550994
0.1025437062
0.1031410521
0.1021052490
0.1000321271
0.1011740407
0.1013934630
0.1036984253
0.1064341911
0.1040224298
0.1045864622
0.1060445737
0.1053206274
0.1076228239
0.1075153851
0.1070825475
0.1068979667
0.1053223461
0.1072627667
0.1051179720
