4.558146029108743669e+00
4.495284122859309228e+00
4.461541276585415439e+00
4.446487207703452960e+00
4.403189742819717090e+00
4.363626975762174176e+00
4.349552733260696691e+00
4.320936510478947667e+00
4.311717376362642185e+00
4.315379104949036204e+00
4.324079781993417804e+00
4.353497705027597142e+00
4.371692649802506381e+00
4.395256714718957625e+00
4.412418474465669149e+00
4.431234699207472261e+00
4.452260826232481428e+00
4.468043131448260930e+00
4.478103089391860969e+00
4.485630139231934876e+00
4.501072637721773795e+00
4.501383820801701852e+00
4.463285352066269418e+00
4.489339129148174123e+00
4.551116318545999739e+00
4.593338341699279681e+00
4.629474774855359520e+00
4.662608579145693710e+00
4.684674809388036820e+00
4.711793624466058539e+00
4.740876031742215169e+00
4.761652816034994906e+00
4.787828483445894179e+00
4.815509804804714911e+00
4.862840709656889970e+00
4.895449499564518803e+00
4.918350574026878697e+00
4.938374248244212339e+00
4.966987797336411603e+00
4.996752461317903737e+00
5.017298126363533228e+00
5.020453710964591032e+00
5.024657185963866013e+00
5.011421938341679372e+00
4.979119872000111968e+00
4.955764435287417946e+00
4.912986448508788406e+00
4.885356895277477740e+00
4.818520243344526222e+00
4.703597967666350854e+00
4.651137591412537020e+00
4.606877646592378639e+00
4.539496466240659167e+00
4.498800779494975366e+00
4.479399973064988494e+00
4.436432800057379389e+00
4.411616108898340549e+00
4.367547488846954096e+00
4.270275433764648909e+00
4.262091278182674969e+00
4.251942576335834723e+00
4.226898422541804479e+00
4.201982873746275438e+00
4.218380010962051507e+00
4.236969590346021164e+00
4.228421752815764378e+00
4.213240360625531089e+00
4.192227822789402758e+00
4.140000728720089285e+00
4.116187579666569007e+00
4.080407131085405759e+00
4.054252657510597047e+00
3.993790869831714385e+00
3.940856367377192804e+00
3.856823409486383358e+00
3.782712855904305727e+00
3.713450470178622620e+00
3.685502173724725772e+00
3.625576964737331487e+00
3.568396121697984924e+00
3.515681508742185990e+00
3.465274457995914936e+00
3.429293280889039508e+00
3.395043103400236184e+00
3.360439785262316459e+00
3.323323764598040686e+00
3.281440973838515518e+00
3.235782780565339856e+00
3.203026879261743343e+00
3.151286286120110081e+00
3.097815166355788463e+00
3.044477877109163622e+00
2.998210544477197814e+00
2.944208905451293656e+00
2.891348011158469067e+00
2.852812180636694173e+00
2.802118285220501104e+00
2.754406101634617521e+00
2.705065534029148289e+00
2.659928285879477272e+00
2.616142185690832012e+00
2.574222626042622863e+00
2.545958532396940033e+00
2.509511168365336609e+00
2.477440257967389314e+00
2.445075824852187552e+00
2.416051102143718321e+00
2.388836378341299582e+00
2.365191580633387414e+00
2.345334297389774836e+00
2.326089377914812850e+00
2.301537386232243243e+00
2.285902197941101832e+00
2.264573400877821108e+00
2.245686533732456081e+00
2.230883648329569091e+00
2.212005212164948720e+00
2.195936031049694481e+00
2.180385367414550135e+00
2.177191843779390901e+00
2.174931169940515385e+00
2.170581011708453190e+00
2.163564525054162413e+00
2.144643811128188027e+00
2.139455413723225785e+00
2.145870380951116818e+00
2.157358998789420390e+00
2.160526862082817967e+00
2.163654346097089842e+00
2.166705456565422683e+00
2.169267496479248880e+00
2.178094771749806480e+00
2.189012877973622206e+00
2.193894185537050401e+00
2.194764067702002386e+00
2.196753071341862817e+00
2.197577798846664265e+00
2.200392260520081411e+00
2.200002837597882621e+00
2.198204903873322014e+00
2.199166891044204597e+00
2.197717933127802503e+00
2.197118676501891077e+00
2.197848851767849609e+00
2.194356274591662270e+00
2.187577677302374290e+00
2.184789400118007041e+00
2.181982328926508341e+00
2.181553375061800804e+00
2.181973231533581359e+00
2.173837538178891471e+00
2.171413031263377924e+00
2.168095102874597835e+00
2.161432236095806037e+00
2.155236715413758386e+00
2.155953540218934261e+00
2.155741703340546600e+00
2.150570695443541069e+00
2.147263233989494147e+00
2.145044295654992439e+00
2.143998356095273117e+00
2.148026731419993229e+00
2.153797262645265498e+00
2.155333664661197357e+00
2.155651090366503819e+00
2.159599370983142475e+00
2.162597385618605816e+00
2.171403568200035661e+00
2.180248531884071639e+00
2.181929514478398779e+00
2.183604493366908095e+00
2.186829702217888638e+00
2.185290315614659473e+00
2.186851049798825830e+00
2.188130474427617767e+00
2.173384709222702327e+00
2.179847690489672196e+00
2.180175067482756912e+00
2.187924318700618542e+00
2.169215799199525119e+00
2.164055319425241652e+00
2.172251570763874984e+00
2.175295615693727314e+00
2.172682390720370282e+00
2.172750434495417604e+00
2.180692621154297850e+00
2.188513319401570012e+00
2.184819723319561202e+00
2.195721513713345896e+00
2.219325026160000380e+00
2.244623549268945695e+00
2.251358977483270518e+00
2.278739644160140188e+00
2.293154119401234148e+00
2.317948416580082771e+00
2.340917496425880984e+00
2.348957344878899622e+00
2.386172723967353804e+00
2.442641206909498042e+00
2.508489669899841346e+00
2.601274551046999672e+00
2.684370495122188505e+00
2.769591122115441451e+00
2.851992265538310978e+00
2.915620379143422980e+00
3.014960078183644754e+00
3.078979282574572540e+00
3.108883271851084817e+00
3.157327975013442867e+00
3.180845045515969360e+00
3.203460784094154690e+00
3.215282180928617173e+00
3.228006092646589220e+00
3.231027985135211278e+00
3.229419324788910028e+00
3.232841010456555697e+00
3.238523935703176981e+00
3.239747798775486576e+00
3.241009413561124042e+00
3.231182064868414638e+00
3.212546413500625420e+00
3.184482715560704058e+00
3.132424172933979900e+00
3.070469915941787864e+00
2.963194455580601794e+00
2.851712650405614724e+00
2.751766097316429960e+00
2.684851396592537576e+00
2.623378361094826250e+00
2.535688033458662893e+00
2.427763470953331115e+00
2.355183369610673427e+00
2.256809772726467767e+00
2.168302172316957321e+00
2.070018985834890302e+00
2.030949251795638233e+00
2.011934118506552682e+00
1.974516566732443801e+00
1.959407270177302873e+00
1.928773068084302045e+00
1.907602579572182044e+00
1.934519423260615767e+00
1.950702422273606462e+00
1.981823157870896246e+00
1.996738125805872510e+00
2.002145464512344208e+00
1.996944489409275159e+00
1.986818465969492076e+00
1.942712022379668779e+00
1.889370564598990443e+00
1.837794779333313144e+00
1.789266428667706688e+00
1.738053796969808662e+00
1.706693339525024111e+00
1.690447946850401673e+00
1.696005142024806123e+00
1.671177123898924588e+00
1.650845397327751041e+00
1.624664668855773320e+00
1.617348708412522207e+00
1.605195160967728185e+00
1.598521857434589855e+00
1.586628222859276072e+00
1.580069551747192769e+00
1.557539150756373392e+00
1.534929966663845624e+00
1.523303539183078259e+00
1.510265416857561327e+00
1.501034069974762186e+00
1.495855984501596625e+00
1.486447121243041458e+00
1.496001243397168112e+00
1.491210044318738603e+00
1.471565732389672032e+00
1.457775690002921953e+00
1.442575505458029816e+00
1.420589255728570643e+00
1.389555832678263769e+00
1.364440618349322065e+00
1.322098322643751489e+00
1.288882256435599061e+00
1.245966055844732301e+00
1.221681690815277888e+00
1.220506725905666334e+00
1.221300659590241589e+00
1.227061531551135509e+00
1.236369118652778765e+00
1.259578789583991387e+00
1.257874684530324805e+00
1.265972715578572494e+00
1.273372862773667569e+00
1.278639731436053584e+00
1.281840060246304702e+00
1.279238581584246415e+00
1.293570410326986719e+00
1.307872972457717387e+00
1.298126846286978386e+00
1.292863113892756655e+00
1.260294256914404443e+00
1.224767202255022447e+00
1.196381526500239545e+00
1.179531555225577399e+00
1.147270639382053092e+00
1.115994178155215177e+00
1.089220140742434451e+00
1.085855530135388269e+00
1.070665210728468875e+00
1.065186472826165298e+00
1.027569847399161906e+00
1.008605742805968042e+00
1.011794536271500178e+00
1.010384981467176368e+00
1.027723084786889229e+00
1.041199288539175427e+00
1.048007566100503052e+00
1.044513605291234049e+00
1.048090109157505445e+00
1.064381946095020792e+00
1.065184244248022383e+00
1.072443351270940592e+00
1.082438572116005249e+00
1.079463756378136630e+00
1.075420369513732322e+00
1.071362677813766817e+00
1.065191730847824703e+00
1.066581158940551610e+00
1.061917903731823376e+00
1.061352493701935185e+00
1.066262046128035212e+00
1.052270957030137843e+00
1.043489577851731243e+00
1.039113466744428615e+00
1.028253446538151206e+00
1.015932885951017273e+00
1.000301952356537294e+00
1.004085383947721732e+00
1.003434711996231687e+00
1.007782173094127431e+00
1.014494504416594722e+00
1.013805897761870023e+00
1.009811953078185054e+00
1.011088793747999759e+00
1.011916294097619629e+00
1.011019623318311300e+00
1.012019275419516973e+00
1.004404496494341048e+00
1.008652256818786119e+00
1.000969786381164406e+00
1.003819463217370478e+00
1.005821804550380616e+00
1.012083542164438743e+00
1.022008009536734763e+00
1.026010681075838926e+00
1.025782860042479427e+00
1.020698486799524574e+00
1.014537078507171453e+00
1.013725850966521458e+00
1.016306282095311486e+00
1.015697266633219575e+00
1.008920799684470015e+00
1.004454002562010118e+00
1.007955138760267211e+00
1.015113881816291697e+00
1.015899622927264545e+00
1.048712310583254759e+00
1.091935349893643714e+00
1.117716539262003650e+00
1.146155705090143861e+00
1.140445705598915671e+00
1.162478541682138822e+00
1.167234610190001076e+00
1.182247098850496281e+00
1.182906544307711139e+00
1.187845575787478625e+00
1.183853665103899555e+00
1.179998726984402335e+00
1.179552402524271182e+00
1.177608717639677671e+00
1.179941241698255094e+00
1.173449562935333645e+00
1.147914485796946993e+00
1.139760049460364799e+00
1.134568876789138647e+00
1.133051726886241006e+00
1.148014563034795543e+00
1.160659841161935768e+00
1.201640446247190352e+00
1.226478395925909126e+00
1.266058034213106698e+00
1.276837469232977806e+00
1.273428191447231184e+00
1.268547690985858178e+00
1.260369909382617504e+00
1.254015890827612667e+00
1.263592647994180806e+00
1.273094654643154522e+00
1.273988624877752773e+00
1.278019662652055688e+00
1.275954979444438697e+00
1.268528332315841389e+00
1.260292753622231698e+00
1.244040096913479720e+00
1.247470872678144937e+00
1.245092390952978967e+00
1.245681656469196152e+00
1.235984368613513240e+00
1.233739804727853606e+00
1.212476520709939498e+00
1.225135182055929528e+00
1.225453502255203109e+00
1.238921297351749162e+00
1.248858610320823459e+00
1.251886235058409458e+00
1.266333962175392180e+00
1.260761489960017023e+00
1.233415555095750626e+00
1.207745707661012080e+00
1.177639751139628599e+00
1.138565362200819164e+00
1.088912830258760289e+00
1.085301100874737967e+00
1.078447591609073886e+00
1.073687965598855376e+00
1.047855997693934782e+00
1.001101490672651639e+00
9.671893510030269425e-01
9.154116137366204997e-01
8.953997825204833561e-01
8.674140223469349875e-01
8.492047156210004166e-01
8.359371011294353115e-01
8.137849075990499781e-01
8.047672250461260779e-01
8.106667031406847856e-01
8.197530585280050630e-01
8.292624541356965473e-01
8.142348957013534339e-01
7.923560014867477852e-01
7.851549129909958236e-01
7.656665809005647194e-01
7.469080714932635479e-01
7.418952216459243632e-01
7.516063851609060542e-01
7.769315033259016623e-01
7.895089732598047361e-01
8.062619528471077768e-01
8.089807509526365514e-01
8.173612244262630222e-01
8.227202046354118448e-01
8.155495400127193983e-01
8.085263351104304830e-01
7.999624466135810685e-01
8.168230303197481224e-01
8.388668529532470330e-01
8.585504516319359958e-01
8.768669322493081175e-01
8.696089988349232636e-01
8.815090234355144050e-01
9.013622542017605266e-01
9.291900236900707544e-01
9.363519131192884482e-01
9.347400191757855303e-01
9.386112452081888380e-01
9.414337080865644580e-01
9.388697650475323897e-01
9.307351956394983583e-01
9.249041775420188127e-01
9.034737978360770638e-01
9.071197902047167805e-01
8.769866202345463213e-01
8.775756554413423061e-01
8.667125606409571414e-01
8.376170224492162086e-01
8.389520294193852923e-01
8.287383155625315245e-01
8.041987351086242741e-01
8.069654896345653805e-01
7.869077339165253537e-01
7.812397369174708395e-01
7.767768358499655967e-01
7.689138400711049703e-01
7.661437066438814281e-01
7.818215922460686196e-01
7.836835470285266059e-01
7.841101580931335580e-01
7.830446093100053018e-01
7.783144541653974624e-01
7.756737700997123897e-01
7.815833630298966161e-01
7.719212008464718666e-01
7.627091495975348856e-01
7.592781515849928997e-01
7.492146164078555826e-01
7.380229000115814397e-01
7.314479043662652780e-01
7.296591857679934900e-01
7.419082045431617534e-01
7.591236619596445356e-01
7.652506568722390323e-01
7.835394915172017027e-01
7.884476640008607484e-01
8.074138115891806855e-01
8.013047715733461196e-01
7.968444076998763004e-01
8.120157145641503371e-01
8.130910826530857172e-01
8.146013304484164275e-01
8.124487708795355978e-01
8.101382055607468935e-01
7.979502792877248840e-01
7.941501356671902823e-01
7.940213022941238208e-01
8.634581830151580872e-01
8.694239807843074930e-01
8.486833270226905590e-01
8.721275979424243374e-01
8.619962546816035687e-01
8.481124531542424405e-01
8.436634292165281490e-01
8.246822644482419973e-01
8.094198936412642098e-01
8.095830691354539699e-01
8.173948820604960419e-01
8.314173328944731711e-01
8.453021925391911440e-01
8.747665820237779943e-01
8.652529583730629303e-01
8.600213378239998097e-01
8.809105286440859217e-01
8.788917280481981509e-01
8.820785776115547261e-01
8.571786005171146972e-01
8.030671767276809092e-01
8.038339411232499065e-01
8.033963297665452918e-01
8.043566407857205558e-01
7.991775253349697739e-01
7.946737388492178811e-01
7.931809319736023989e-01
7.896327532740736732e-01
7.855273050843661897e-01
7.918036332597800930e-01
7.982072043566205144e-01
7.999438066229297428e-01
8.035577468610368701e-01
8.058438142592534437e-01
8.085121405760412605e-01
8.053885944578753620e-01
7.937081625750495029e-01
7.935412248867341756e-01
7.775898304234193370e-01
7.662593882458703654e-01
7.698951357923978778e-01
7.552516305060611446e-01
7.497008093222075065e-01
7.285287168150621495e-01
7.085063171866530229e-01
6.871616049881719146e-01
6.671395469976704184e-01
6.526911227684289996e-01
6.403586833119960797e-01
6.412757768057449903e-01
6.353218627572839727e-01
6.373615358379325357e-01
6.331677664227672864e-01
6.302570643449423304e-01
6.089830587828604092e-01
6.053912877471738785e-01
5.982634364995812470e-01
5.858574903322510963e-01
