0.7285552899
0.7311917151
0.7332397749
0.7393640600
0.7411857540
0.7431865572
0.7465454902
0.7495257447
0.7579358176
0.7602333279
0.7629726694
0.7659641245
0.7688580699
0.7705665488
0.7746788162
0.7772175868
0.7787809237
0.7859471474
0.7896250944
0.7924150736
0.8019657602
0.8059307292
0.8062166495
0.8080252746
0.8078133593
0.8134155847
0.8108066323
0.8165668714
0.8209211123
0.8235412271
0.8266060960
0.8312245020
0.8345797063
0.8409673444
0.8464694550
0.8498095900
0.8549146373
0.8582826041
0.8576494700
0.8571501506
0.8607583379
0.8604727040
0.8583971025
0.8557956753
0.8592946946
0.8570835054
0.8504426967
0.8529437166
0.8448833828
0.8467538147
0.8344841763
0.8232781597
0.8182637572
0.8218785325
0.8173768466
0.8100507658
0.8062247705
0.8015265857
0.8043123541
0.7996296758
0.7945791085
0.7899477521
0.7969705422
0.7953115106
0.7940135590
0.8047160304
0.8004551771
0.7955196745
0.7902167857
0.7841979482
0.7868384385
0.7831837771
0.7798117481
0.7843764896
0.7840302489
0.7799472790
0.7802964435
0.7735914987
0.7654954196
0.7592813343
0.7533243381
0.7474468564
0.7421761990
0.7361553003
0.7288031908
0.7216712743
0.7161012574
0.7092929942
0.7027776684
0.6960145165
0.6890023818
0.6823925638
0.6757512106
0.6702405555
0.6647035385
0.6593892133
0.6541924089
0.6491332513
0.6443366268
0.6398103932
0.6353895964
0.6310403557
0.6266833467
0.6226231855
0.6188412479
0.6153297041
0.6121953354
0.6089930481
0.6061997507
0.6034432415
0.6005843806
0.5977281345
0.5947242491
0.5923134619
0.5902683992
0.5881297647
0.5861690184
0.5842417928
0.5822789947
0.5804914915
0.5789181611
0.5775099654
0.5763773846
0.5749150202
0.5737888590
0.5721462196
0.5704363762
0.5716291925
0.5731052277
0.5728696521
0.5727823951
0.5732185792
0.5733118288
0.5739667223
0.5756506874
0.5761742507
0.5761611783
0.5756285874
0.5756839344
0.5758999814
0.5758431631
0.5753145331
0.5749500743
0.5743058835
0.5738193885
0.5734684248
0.5731792502
0.5724721631
0.5716535725
0.5709377212
0.5702139895
0.5695742668
0.5690356017
0.5683215433
0.5675168941
0.5668136740
0.5656248554
0.5648172817
0.5643277763
0.5638022690
0.5631963301
0.5622893432
0.5619588426
0.5618359513
0.5617277520
0.5621676127
0.5626589985
0.5625643554
0.5624792159
0.5629190842
0.5645101588
0.5647860165
0.5652172655
0.5659350153
0.5658995186
0.5655980314
0.5655699225
0.5652254230
0.5655304912
0.5652027204
0.5665791750
0.5649616367
0.5642724852
0.5644871620
0.5650450702
0.5696830000
0.5726615351
0.5741898378
0.5770033746
0.5780255318
0.5835149447
0.5876923024
0.5960629681
0.6035345742
0.6090339006
0.6161494303
0.6258575710
0.6341555109
0.6423426060
0.6482035836
0.6572321207
0.6626951355
0.6764544124
0.6838752175
0.6929751287
0.7006981012
0.7122884265
0.7200011664
0.7241159498
0.7349260871
0.7371293281
0.7454998180
0.7438344761
0.7441204622
0.7528674116
0.7624120924
0.7632533306
0.7772045846
0.7778983678
0.7918289628
0.7920557099
0.8009957175
0.7996294063
0.8104970833
0.8173443546
0.8107937530
0.8124335815
0.8113749140
0.7967353451
0.7913593614
0.7848049600
0.7680385191
0.7562990566
0.7517740873
0.7424757040
0.7323903873
0.7343660796
0.7334267682
0.7335832952
0.7349298074
0.7364024220
0.7396442214
0.7401158522
0.7435386171
0.7463204614
0.7458032399
0.7530038150
0.7516415349
0.7574067506
0.7585030142
0.7646831154
0.7659435011
0.7687832915
0.7632922288
0.7674076865
0.7673320692
0.7691522903
0.7720684732
0.7703641613
0.7663255926
0.7621054722
0.7626793240
0.7618238948
0.7562075101
0.7537299939
0.7542084153
0.7508860220
0.7498215145
0.7364160088
0.7260212681
0.7149609960
0.7046242036
0.6921377430
0.6823456854
0.6771103975
0.6694458966
0.6629120134
0.6583797446
0.6511054392
0.6427693011
0.6381721919
0.6308669178
0.6230374982
0.6179154757
0.6109785148
0.6030636015
0.5940083220
0.5735798661
0.5751954053
0.5447598927
0.5191304239
0.5044540794
0.4954123116
0.4918292982
0.4902312558
0.4939059900
0.5059413099
0.5057439568
0.5016060982
0.4948145729
0.4851074508
0.4799670658
0.4787179552
0.4835909003
0.4785233465
0.4877728188
0.4871709042
0.4783734076
0.4720768500
0.4715971639
0.4700950846
0.4706764605
0.4745615680
0.4825814304
0.4825597115
0.4869837013
0.4868156611
0.4780745032
0.4769493806
0.4708335349
0.4696870856
0.4678619833
0.4668530665
0.4677271460
0.4697595387
0.4722659299
0.4751070411
0.4797976580
0.4813211801
0.4864710146
0.4933705351
0.4864654472
0.4892956545
0.4855600302
0.4953635289
0.4993613122
0.4956336158
0.4947687648
0.4970877892
0.5000173243
0.5061523221
0.5110675957
0.5194683586
0.5293862074
0.5402886766
0.5547954096
0.5642516468
0.5864922050
0.5986408162
0.6124072424
0.6250806733
0.6389307592
0.6526154036
0.6649881306
0.6704570208
0.6826116502
0.6930972625
0.6977152037
0.7079750972
0.7177461118
0.7219411695
0.7312551388
0.7408606007
0.7442633882
0.7534355155
0.7563884060
0.7784311224
0.7761188365
0.7768977820
0.7726404574
0.7768726343
0.7723880795
0.7744933689
0.7696237164
0.7717934945
0.7671816100
0.7639651199
0.7664484834
0.7755533569
0.7781703920
0.7801767020
0.7882805333
0.7971348608
0.8026650951
0.8141575104
0.8190744890
0.8309495275
0.8359916321
0.8466599107
0.8549423414
0.8572726273
0.8570972173
0.8586624319
0.8632361060
0.8659894884
0.8698519263
0.8733244519
0.8760478693
0.8801683218
0.8835942162
0.8902503157
0.8936528867
0.9015017365
0.9035088879
0.9108544665
0.9116221675
0.9194295363
0.9208519853
0.9293557863
0.9304984666
0.9394370483
0.9385468823
0.9367545448
0.9413183443
0.9386160796
0.9395641227
0.9352070521
0.9310120674
0.9312982876
0.9282593445
0.9297721766
0.9253059498
0.9237221940
0.9207496262
0.9166281431
0.9113897472
0.9070303445
0.9036190473
0.8981010381
0.8955839004
0.8937158749
0.8937640881
0.8912886624
0.8874244702
0.8797969253
0.8796043161
0.8757627405
0.8626246636
0.8343519975
0.8211876220
0.8128357275
0.7885937942
0.7782487240
0.7669346047
0.7464682390
0.7283415970
0.7051064555
0.6843776406
0.6704277916
0.6523904137
0.6377300561
0.6278248230
0.6229854809
0.6231327875
0.6247044191
0.6278845060
0.6294575215
0.6342428718
0.6417531404
0.6520451433
0.6498378863
0.6478753891
0.6433649564
0.6338859328
0.6275126493
0.6272433180
0.6173014634
0.5973736785
0.5902311285
0.5840506392
0.5811508070
0.5754909608
0.5740461369
0.5740207427
0.5806491247
0.5707707441
0.5753032761
0.5760634014
0.5796684872
0.5865988900
0.5866399863
0.5882722202
0.5913532420
0.5942979166
0.5978538202
0.5979766680
0.5959325004
0.5926936928
0.5906437568
0.5873484139
0.5848254505
0.5877419503
0.5868744371
0.5928319512
0.5920272716
0.5962817557
0.5966271588
0.6010061136
0.5986657066
0.6017724553
0.5976055583
0.5963848368
0.5906805668
0.5868184964
0.5823731178
0.5816786057
0.5825183322
0.5796264673
0.5810791169
0.5792261939
0.5815828469
0.5826213174
0.5829916312
0.5852992884
0.5795639642
0.5753893562
0.5755726958
0.5686630646
0.5636371479
0.5618854667
0.5687383667
0.5728332662
0.5777004245
0.5773384043
0.5773239923
0.5766956295
0.5757082288
0.5684435977
0.5652493107
0.5617725429
0.5538806630
0.5552027742
0.5559376941
0.5585529696
0.5578187126
0.5604499422
0.5663479348
0.5678891813
0.5664580313
0.5656398134
0.5594291132
0.5482745510
0.5400445367
0.5263196141
0.5100024336
0.4967986276
0.4857782267
0.4712407368
0.4604361610
0.4534815809
0.4462456627
0.4401020400
0.4346050988
0.4359091682
0.4279300000
0.4298112799
0.4221160906
0.4219144519
0.4244715595
0.4233209408
0.4234035753
0.4224628803
0.4261204464
0.4249826597
0.4234805693
0.4261514063
0.4225438445
0.4245305342
0.4235890116
0.4225316186
0.4182584878
0.4177014646
0.4202007629
0.4230383462
0.4290437364
0.4327866065
0.4330839501
0.4311464043
0.4321113877
0.4443741659
0.4539591148
0.4581504241
0.4603270799
0.4676872075
0.4746512167
0.4807258578
0.4823951650
0.4842563504
0.4875602371
0.4907073443
0.4896436402
0.4943500434
0.4987839344
0.5006394170
0.5049004528
0.5033945429
0.5037016295
0.5011673812
0.5006884880
0.4995557404
0.5031962956
0.5077017764
0.5108966925
0.5178927956
0.5156639736
0.5105301255
0.5064618843
0.5037354803
0.5026342169
0.5073542303
0.5033222902
0.4934307045
0.4712801555
0.4643488847
0.4589631478
0.4616213196
0.4633391872
0.4667343057
0.4712950237
0.4709484233
0.4693193174
0.4682713346
0.4661688852
0.4685966324
0.4756891757
0.4763802803
0.4710688243
0.4558534311
0.4407024712
0.4272617356
0.4130534517
0.3978647552
0.3824293396
0.3707330332
0.3638564726
0.3600277926
0.3598355150
0.3650133416
0.3733788319
0.3897061300
0.4001701582
0.4123891753
0.4254696543
0.4385286280
0.4394323430
0.4511388469
0.4472975142
0.4581330962
