12.5024033083
12.4708575270
12.4510351827
12.4344579598
12.4226000434
12.4154923325
12.4170908282
12.4205190573
12.4235246045
12.4247190343
12.4243987052
12.4282189125
12.4280250766
12.4280761110
12.4254319754
12.4180398751
12.4179927104
12.3942154939
12.3937832044
12.3422169663
12.3482156205
12.3535665443
12.3597448543
12.2959635020
12.2583409593
12.2632180518
12.2457876645
12.2470675657
12.2488532090
12.2445336419
12.2445957382
12.2484780569
12.2591485141
12.2703730964
12.2706633330
12.2959288409
12.3246427405
12.3641186053
12.4569663308
12.5586411904
12.6051087186
12.6050735365
12.6453181346
12.6809596173
12.7522163448
12.7740048169
12.7735501910
12.7908690557
12.7930245315
12.8127338128
12.8201758953
12.8264833087
12.8333444244
12.8369412697
12.8409169129
12.8422680914
12.8454599734
12.8485281251
12.8501088203
12.8502875700
12.8509174601
12.8519609898
12.8534081884
12.8550473947
12.8567073366
12.8587315252
12.8609453718
12.8631605373
12.8655936739
12.8680999670
12.8706251892
12.8731450746
12.8756250265
12.8779633513
12.8803185749
12.8824649751
12.8843578690
12.8862927178
12.8882092798
12.8900175983
12.8916356308
12.8930637041
12.8945856967
12.8959271029
12.8970718354
12.8981450017
12.8992064360
12.9002375262
12.9010937402
12.9018139235
12.9025454599
12.9031863648
12.9038469621
12.9044546199
12.9047474833
12.9045454720
12.9043122994
12.9042107152
12.9039376322
12.9035693467
12.9032476121
12.9030778632
12.9028841768
12.9024584797
12.9018428144
12.9013963131
12.9009017673
12.9002472114
12.8994135636
12.8984971389
12.8976206111
12.8967892635
12.8958827021
12.8950173019
12.8940547709
12.8928233909
12.8918406286
12.8910045952
12.8903451855
12.8892692697
12.8880096591
12.8865719589
12.8851135027
12.8837725709
12.8823925215
12.8810801354
12.8795867358
12.8779677922
12.8763136177
12.8744131718
12.8725289442
12.8707944266
12.8690561928
12.8673238406
12.8654887237
12.8637107211
12.8617201915
12.8596274132
12.8578021051
12.8558455035
12.8537569959
12.8516305850
12.8490851771
12.8465100741
12.8438989599
12.8415876903
12.8393341937
12.8372728039
12.8349459792
12.8325067501
12.8299922729
12.8273795381
12.8450882344
12.8706817286
12.8641278259
12.8981433605
12.9250913794
12.9509330897
12.9809489561
12.9936367381
13.0197779607
13.0228575974
13.0250297030
13.0393291342
13.0398039729
13.0530358491
13.0538607238
13.0558099974
13.0632284700
13.0656215085
13.0724406755
13.0707585946
13.0726279796
13.0715436240
13.0591133177
13.0600375950
13.0588858154
13.0628616787
13.0441815766
13.0474202938
13.0463045357
13.0472699952
13.0499706568
13.0339416934
13.0250969602
13.0273164390
13.0210889958
13.0236126178
13.0060060387
13.0013506074
13.0045393630
13.0060137976
13.0073751533
12.9875241086
12.9758356195
12.9765307672
12.9815764477
12.9923991731
12.9654490233
12.9639424777
12.9556692689
12.9420547266
12.9106748967
12.8921786168
12.8695704497
12.8191442281
12.7904212746
12.7559367839
12.6910254334
12.6539537993
12.5987727733
12.5766245011
12.5565792010
12.5124823400
12.4877360013
12.4592800594
12.4044954006
12.3676563747
12.3231926963
12.2535290244
12.1906581854
12.1075139729
11.9803160241
11.8601691533
11.7303696862
11.6381274791
11.5523042837
11.4420041772
11.3509401328
11.2494639364
11.1244281483
11.0185016364
10.9289629830
10.8181213919
10.6845967286
10.5930074026
10.4854327538
10.3757469477
10.2625038522
10.1636857575
10.0261882239
9.8538273874
9.6828346222
9.5214868267
9.3741033731
9.2263724631
9.0647435344
8.8955022077
8.7427573837
8.5285678321
8.3944141561
8.1989921119
8.0283807781
7.8287616752
7.6673746242
7.5061012521
7.3134261001
7.1359511136
6.9220510903
6.7437408889
6.5535163682
6.3602058201
6.1704765833
5.9715782217
5.7614061005
5.5538403514
5.3858878744
5.1762957816
4.9358156749
4.6911857111
4.5259659985
4.2470722436
4.0140883566
3.7040344652
3.5217655101
3.2042878458
2.9429067088
2.7486610244
2.4895590214
2.3082798059
2.0671377665
1.9454855703
1.7897213143
1.6353777964
1.4752016740
1.2882910412
1.1265578063
0.9777073997
0.8378119078
0.7187459594
0.6145399841
0.5596690619
0.5572386561
0.6052664909
0.6859077626
0.7872583554
0.9118947203
1.0346581177
1.1293193377
1.1828941963
1.1799493276
1.0609866077
1.1576005976
0.9320326122
0.7607150646
0.7201350736
0.7317756787
0.7743079622
0.8368034685
0.8884893074
0.9746983427
1.0470650230
1.0868152082
1.1083467111
1.1347117249
1.1447363505
1.1348174553
1.1535221289
1.1583917942
1.1701038974
1.1847709248
1.1511277207
1.1366707193
1.0621012924
1.0234654970
1.0135646790
1.0049942226
1.0133879329
1.0199794287
0.9873894232
0.9558858771
0.9125354120
0.8804438739
0.8466459791
0.8136799279
0.7820505322
0.7572233297
0.6940516133
0.6646918711
0.6495910913
0.6222412484
0.5825121284
0.5645656768
0.5535582893
0.5304123287
0.5111226494
0.5001410103
0.4635146259
0.4267754789
0.3962334611
0.3848812167
0.3820469846
0.3912283356
0.4313261350
0.4498589653
0.5006434355
0.5412813551
0.5800073901
0.6241825743
0.6642945834
0.7268266965
0.7937531238
0.8713699112
0.9324066286
1.0056872333
1.0617324120
1.1195711865
1.1777628880
1.2370970054
1.2856487070
1.3301485908
1.3291674602
1.2849315498
1.2856029095
1.2975697156
1.2785190565
1.2710192977
1.2493885605
1.2303372234
1.2096727538
1.3165978136
1.4073937810
1.4502404798
1.4758535743
1.4451148203
1.4137542835
1.4028191599
1.3653940915
1.3406198101
1.3198552084
1.3010449955
1.2780869983
1.2543125472
1.2249149337
1.2043519995
1.1964248891
1.1776890410
1.1616625689
1.1457031683
1.1386199229
1.1535673972
1.1672401385
1.1608762871
1.1674430197
1.1623217782
1.1679159922
1.1551979117
1.1476735090
1.1510523799
1.1415979614
1.1353513789
1.1160411051
1.0933320037
1.0823585378
1.0721307413
1.0524119041
1.0319940983
1.0266822951
1.0273543038
1.0228771102
1.0060509189
0.9764729526
0.9578278886
0.9308537043
0.9081593012
0.8856512485
0.8601828063
0.8322114757
0.8063524808
0.7841181382
0.7683092271
0.7664765127
0.7529647485
0.7398956838
0.7200536118
0.7183097774
0.6834504624
0.6781437269
0.6391678730
0.6208013138
0.5676490667
0.5526792840
0.5383154886
0.5334381497
0.5019570000
0.5349018694
0.5009620555
0.5135671306
0.4801342016
0.4908512893
0.4434269775
0.4552004087
0.3988651424
0.4023905884
0.3718800338
0.3658600129
0.3479714192
0.3528956156
0.3438637134
0.3498487074
0.3432987975
0.3764001517
0.3784640529
0.4198214488
0.4424209596
0.4514267248
0.4683725514
0.4810901982
0.4836397273
0.4988798642
0.5121788318
0.5035946115
0.4988406780
0.4973905986
0.4926227967
0.5015717247
0.5122558338
0.5201393131
0.5188627525
0.5271171737
0.5446736885
0.5607468636
0.5790608944
0.5884950484
0.5930104248
0.5876925949
0.5828116608
0.5977280094
0.5821354513
0.5896646279
0.6022720240
0.5842023803
0.5985234615
0.6144822233
0.6264161135
0.6549864048
0.6482371547
0.6513026269
0.6422575332
0.6447190762
0.6503666956
0.6309914928
0.5846536338
0.5562987242
0.5362717738
0.5104510030
0.5264686173
0.5072074862
0.4909009253
0.4809219531
0.5145882327
0.6075773367
0.6532252508
0.6977817645
0.7313937266
0.7449932139
0.7514952607
0.7758379853
0.7890916864
0.8018155300
0.8182447293
0.8135710749
0.8242864091
0.8178881229
0.8284924348
0.8152902173
0.8214499353
0.8154098411
0.8163682645
0.8213143056
0.8228790881
0.8267432529
0.8244704940
0.8268819215
0.8266879532
0.8346719085
0.8438804373
0.8555411188
0.8641840767
0.8770792857
0.9087384006
0.9399358606
0.9644493733
0.9887798320
1.0142334400
1.0344317618
1.0447856107
1.0590753983
1.0590196119
1.0598103157
1.0617079064
1.0714586762
1.0834281101
1.1023997736
1.1074084584
1.1334399825
1.1433901385
1.1886837207
1.2042327339
1.2402871025
1.2616867056
1.3004223086
1.3059110985
1.3194743933
1.3438597926
1.3431871079
1.3632949700
1.3868856640
1.3989381681
1.4360624005
1.4301588371
1.4507040869
1.4361945519
1.4397818752
1.4843791774
1.5037041618
1.5302619962
1.5582878114
1.5853110498
1.6059423100
1.5927891267
1.5811325232
1.5611822563
1.5553396130
1.5669639834
1.4787021908
1.4435908116
1.4307592407
1.3602818071
1.3589169558
1.3471737716
1.3405440128
1.3269229742
1.3005500264
1.3077427156
1.2739196701
1.2617146914
1.2478447283
1.2442416789
1.2001031873
1.1695683091
1.1528048481
1.1300869519
1.1061353867
1.0897891950
1.0677871233
1.0456991148
1.0265533770
1.0080422520
0.9907281349
0.9744825914
0.9616598172
0.9566217463
0.9531848257
0.9527111086
0.9460023708
0.9482256712
0.9475723150
0.9465317997
0.9417762956
0.9622936333
0.9398850147
0.9508402103
0.9542807474
0.9465887134
0.9457860591
0.9540543334
0.9970526327
1.0270026241
1.0610762432
1.0910157053
1.1425312953
1.1932320103
1.2590123231
1.3230206040
1.3836874315
1.4253280303
1.4615735141
1.5124037215
1.5538310824
1.5934324345
1.6275067615
1.6538760778
1.6786632208
1.7384164251
1.7644596455
1.7943769274
1.8015466118
1.8415841920
1.8692481938
1.9286425190
1.9792542028
1.9988870805
2.0144418523
2.0071861833
1.9812635601
1.9363137517
1.8387569829
1.6762164488
1.5559837258
1.4528610963
1.3105596153
1.2378813737
1.1436621208
0.9740878004
0.8745843453
0.7648327858
0.6760936728
0.6007805702
0.5661640993
0.6357569722
0.6889790985
0.7755478376
0.8274447618
0.8840459350
0.8950409720
0.9090613795
0.8883887801
0.8657219505
0.8997165671
0.9268835097
0.9379749886
0.9742948512
1.0294995555
1.0981431927
1.1123394602
1.1900641358
1.2071331589
1.2241631479
1.3372827024
1.3552655434
1.3719845462
1.3907544579
1.4051206769
1.4169391657
1.4396873228
1.4007922923
1.4046435465
1.4082313166
1.4474272852
1.4571368219
1.4335924260
1.4735348870
1.4748930654
1.4748812763
1.4980368885
1.4976940627
1.4820312943
1.4793251731
1.4790196761
1.4521740105
1.4511288915
1.4330683286
1.4275209875
1.4213667870
1.4190480358
1.4110837985
1.4088119279
1.4095059554
1.4114297383
1.4139045308
1.4191957294
1.4248688585
1.4305705889
1.4365759507
1.4426552360
1.4502913731
1.0102409707
1.0171439847
1.0211720355
1.0211778293
1.0141549519
1.0096337746
1.0303398630
1.0377810904
1.0443171792
1.0519935356
1.0574009958
1.0646819865
1.0662992229
1.0722889797
1.0795701010
1.0857104872
1.0901483962
1.0965825232
1.1041331040
1.1025042272
1.0059778067
1.0004891116
0.9860148955
0.9691576905
0.9483470453
0.9215589670
0.8946956920
0.8856003076
0.8237815613
0.8113542402
0.7775900680
0.7806816102
0.7388590862
0.6976747364
0.6185973285
0.5296775524
0.5140327897
0.5087024166
0.6291183230
0.7979050983
1.2389239111
1.5907998642
2.0269906476
2.3374613825
2.5716667152
2.7814999236
2.9077144627
3.1149794079
3.3443400944
3.4411704778
3.5384976999
3.6412555126
3.7507952861
3.7500376702
3.8603030488
3.9528299495
3.9631012020
4.0599970696
4.1729636577
4.1527615194
4.2691971154
4.3656242295
4.3766019614
4.4926564157
4.5043084298
4.6143914268
4.7260551851
4.7360116069
4.8586409604
4.8755485450
4.9925546603
5.0073112769
5.0857625617
5.1844613711
5.1902847358
5.2833328696
5.2863697785
5.3708749949
5.3660255521
5.4447575075
5.4449100486
5.4404601349
5.5105333972
5.5053607706
5.4933650161
5.5299268022
5.5138309296
5.5487539193
5.5310236103
5.5124089049
5.5313691075
5.5071700804
5.4890839960
5.5089993514
5.4975503284
5.4839502480
5.5000976832
5.4909982311
5.4738410986
5.4987788288
5.5169660518
5.6167422271
5.6678652444
5.6658339695
5.6593063238
5.6825882841
5.6685804739
5.6643810170
5.6428220499
5.6366686313
5.6184030305
5.5893543826
5.5934396657
5.6026908768
5.5743773684
5.5793144671
5.5807877795
5.5785433718
5.5689423412
5.5535954572
5.5596468172
5.5915834771
5.7003010643
5.7608873969
5.9619941001
6.0959216243
6.2625983588
6.3482688468
6.4248329776
6.5595024522
6.6201906088
6.6862773141
6.7490364135
6.8212552144
6.9109428953
6.9993330675
7.0783918775
7.0800377024
7.1601122952
7.2355594102
7.3199085792
7.3280681760
7.4152840993
7.4967956086
7.4995216327
7.5805554423
7.5865222463
7.6737510652
7.6740782498
7.7603521516
7.7631103815
7.8116992833
7.8100390400
7.8170770084
7.8795695830
7.8955354161
7.9067405279
7.9661934026
7.9659186896
7.9604680086
8.0162065530
8.0477714322
8.0840117695
8.0936185394
8.1110206073
8.1349866593
8.1429911631
8.1748447830
8.2215057596
8.2070951561
8.2304757349
8.2714023400
8.3054486601
8.3427304826
8.3809866075
8.4217648204
8.4627532342
8.5061621521
8.5849447547
8.6248935413
8.6545355245
8.7319189095
8.7644152341
8.8234742218
8.8339865991
8.8089813748
8.6951685921
8.6870113000
8.6850988003
8.7117729065
8.6710283192
8.6865941843
8.6961822272
8.7005821649
8.5490961456
8.5238373789
8.5060907472
8.4724677639
8.4786057945
8.5320563713
8.5016072062
8.4730582427
8.4968696276
8.5230075838
8.5236936012
8.5240414976
8.5326998833
6.9813334995
6.2537153871
6.0347344486
6.0327765991
6.0275002786
6.0284313798
6.0297694785
6.0334673101
5.9726765553
5.9743056610
5.9758361450
5.9618243417
5.9021046756
5.9054312237
5.8925060511
5.8272274796
5.8176779835
5.8144151828
5.8139579277
5.7526532269
5.7564370474
5.7595087342
5.7611316558
5.7005498496
5.7039658520
5.6974121485
5.6043382219
5.5690167465
5.5433186749
5.5303333824
5.4500856252
5.4366729265
5.4216727498
5.4016353498
5.3783277652
5.2865612331
5.2564498201
5.1662674984
5.1223962385
5.0704000727
4.9612118616
4.8907847067
4.8110680452
4.6902142554
4.5953224847
4.4957431567
4.3936651557
4.2737986467
4.1727324338
4.0714100799
3.9704242252
3.8409390284
3.7400095026
3.6391404649
3.5080466412
3.3998370639
3.2691751790
3.1706463620
3.0540609748
2.9638305408
2.8858391338
2.8040457334
2.7484793967
2.6693493472
2.6296524518
2.5969993367
2.6170548369
2.5458318229
2.4664595542
2.3841272736
2.3018542736
2.2174363424
2.1313858509
2.0214935331
1.9110582315
1.8198110012
1.7393898061
1.6684652151
1.6071228131
1.6406853825
1.6286522289
1.4799424023
1.4025444270
1.3999123018
1.4475872402
1.5872158676
1.8443584356
1.9724271853
2.0725331446
2.1841291925
2.1492285111
2.0803360673
2.0251890151
1.9415243723
1.8530965779
1.7575832098
1.6671037679
1.5900658904
1.5139034591
1.4403545652
1.3667206816
1.2932743059
