2.366175454914855592e-01
2.395506547778908368e-01
2.448373319589404185e-01
2.515577201027348608e-01
2.654380852447623673e-01
2.670142274501533519e-01
2.732456623632144033e-01
2.790955701447445092e-01
3.109380514799024442e-01
3.612811288404415566e-01
3.673823932026446526e-01
3.702598018451735973e-01
3.719090330678864742e-01
3.691623174918638450e-01
3.693857572045294857e-01
3.686855761985667335e-01
3.696618909346876536e-01
3.705530812927372852e-01
3.685835865444316295e-01
3.683542694245758864e-01
3.694820116318404124e-01
3.696498468531408399e-01
3.693107709861073729e-01
3.680574446872711958e-01
3.667887362831591669e-01
3.676701569698663241e-01
3.701064328176441043e-01
3.690564028360167614e-01
3.719646282751148392e-01
3.751547932271467323e-01
3.766103710379763991e-01
3.738254946459919070e-01
3.735290248226180165e-01
3.822707040972704307e-01
3.832816702206806037e-01
3.784239235365042253e-01
3.735025891255978614e-01
3.799932317916195901e-01
3.812891541427914088e-01
3.868812957906299088e-01
3.794775715847217290e-01
3.836901331894113643e-01
3.811315472112540292e-01
3.797677853085225652e-01
3.796186744115274680e-01
3.843131506205331172e-01
3.810516192995731521e-01
3.825521340561172101e-01
3.840617011806389258e-01
3.857168768476523235e-01
3.902592114063019868e-01
3.901089793411345874e-01
3.900340567556663807e-01
3.899091802845724986e-01
3.897184635902088967e-01
3.894417215215834061e-01
3.895947670223671166e-01
3.891410257867272682e-01
3.887208656932139017e-01
3.881999733710538858e-01
3.849518717116511279e-01
3.842832383921032102e-01
3.831680743429431435e-01
3.876401480396246546e-01
3.911539531008672577e-01
3.957046782264487250e-01
3.958406927990140156e-01
3.948868985097995221e-01
3.937753828291032376e-01
3.944244989768751486e-01
3.857150152592977999e-01
3.863618546531935039e-01
3.867032377312586977e-01
3.868142822407958925e-01
3.893242454361254823e-01
3.930229070799461377e-01
3.930445570424392354e-01
3.903185060596283673e-01
3.929349322240844322e-01
3.967427750199205572e-01
4.044407900084168173e-01
4.028984583437897338e-01
4.015556398022700479e-01
4.025456432571341003e-01
4.053126884620345538e-01
4.029782058886376972e-01
4.038411363799084275e-01
4.037211164216760739e-01
4.038816040588849021e-01
4.090913315436859876e-01
4.080036927848403883e-01
4.084772327079260745e-01
4.089170086474559485e-01
4.088162766860906627e-01
4.087484703669358455e-01
4.094206030946156427e-01
4.096048279915489032e-01
4.159896439263398027e-01
4.164081396416446368e-01
4.158222680191501763e-01
4.141846515156740183e-01
4.137782975498435212e-01
4.133714367555197389e-01
4.136119864939085122e-01
4.138009940086637695e-01
4.091394883963512252e-01
4.127850045552595160e-01
4.105907853569492616e-01
4.088443863169888837e-01
4.071369215459599844e-01
4.064606999656237840e-01
4.080795867064362925e-01
4.012952945283748685e-01
3.988771815940902465e-01
3.971909293204636815e-01
3.977278364138768785e-01
3.965025140381532309e-01
3.948497620480232451e-01
3.950887836632850925e-01
3.936711568686652729e-01
3.940469859836489008e-01
3.963655581891321056e-01
3.930752285595993101e-01
3.936704811445313479e-01
3.949286108427376707e-01
3.955756904529945106e-01
3.966578192730556007e-01
3.981324489236390263e-01
3.992078294316759313e-01
3.996768997063457896e-01
4.010189140667541063e-01
4.038071676329094140e-01
4.047274123121972766e-01
4.056679668637706015e-01
4.069059405994180922e-01
4.031757230286707738e-01
4.020193918407992117e-01
3.997777993193209478e-01
3.984752318424557016e-01
3.930284694450431049e-01
3.911744756295670866e-01
3.888289466475219891e-01
3.874690124208970965e-01
3.859507359557143302e-01
3.852491357475558154e-01
3.842571346178925706e-01
3.828901067864592944e-01
3.856552060475849641e-01
3.859078671535692839e-01
3.906913176725353987e-01
3.919377054926305171e-01
3.925170755622079954e-01
3.939213132466149458e-01
3.994780550304417588e-01
3.997699379351519200e-01
4.070910645244584236e-01
4.107778531550070888e-01
4.139407887886581983e-01
4.160695755016027286e-01
4.134161937652895968e-01
4.182451350245402488e-01
4.270229357062601538e-01
4.308829653979973640e-01
4.338927209150419961e-01
4.334421938571883515e-01
4.349786351641533599e-01
4.357753156153050256e-01
4.342557047996359332e-01
4.341344463418753685e-01
4.406118961498022846e-01
4.382127248550982679e-01
4.370779171170509625e-01
4.357207502346085448e-01
4.336719198445362911e-01
4.330439314501721704e-01
4.273625556367476874e-01
4.268860905530281191e-01
4.246526730744471512e-01
4.225670331959814896e-01
4.322270884032530791e-01
4.319504460808938351e-01
4.304106793455247937e-01
4.287253891015069263e-01
4.259689798899614077e-01
4.324521466299314221e-01
4.349911099038776263e-01
4.398650145390204935e-01
4.395416849543895554e-01
4.391925013926573085e-01
4.405249495659629422e-01
4.435829715493770364e-01
4.484338706337085423e-01
4.454468848131354908e-01
4.454576399769853423e-01
4.462705424558840450e-01
4.418653982615434184e-01
4.482858752561494353e-01
4.479551258830516969e-01
4.433840984580214029e-01
4.418193153702099085e-01
4.378970978037752260e-01
4.453478476943267816e-01
4.372287873048205098e-01
4.325963069703483432e-01
4.259838349721376538e-01
4.243811298627114814e-01
4.221933286882342262e-01
4.209275885594899735e-01
4.187284552598705689e-01
4.170937857540467086e-01
4.157305652031188514e-01
4.142066755163468228e-01
4.135463372948495198e-01
4.125650174501970802e-01
4.115769400356202312e-01
4.113028777160737670e-01
4.106376343402312057e-01
4.104966930804978542e-01
4.115736566859158341e-01
4.110190375137788843e-01
4.103502162017138577e-01
4.101707933791136629e-01
4.097435072940538991e-01
4.092878636192931463e-01
4.085309757988603296e-01
4.076891833515338681e-01
4.067314709440236764e-01
4.059093740600189792e-01
4.046995400081524474e-01
4.033564055959349970e-01
4.019871613310586067e-01
4.003950819428983010e-01
3.993368746227328736e-01
3.981787442495530738e-01
3.968260887960206595e-01
3.965704361325384508e-01
3.972809361062161204e-01
3.978254639255056624e-01
3.993935283839222805e-01
4.023004761268773599e-01
4.008952864196586585e-01
3.998950374984523992e-01
3.989686145269624173e-01
3.985872149641555562e-01
4.014166541971738167e-01
4.011474505182860417e-01
4.007706790205887160e-01
4.023641251651192130e-01
4.047749306509848544e-01
4.051668738270625680e-01
4.054024135965921261e-01
4.060835524177273115e-01
4.072107986175541594e-01
4.069306227931237530e-01
4.072149443135580915e-01
4.069557139436363324e-01
4.074344301255330980e-01
4.075442240869187049e-01
4.092602677890733176e-01
4.112225196137638261e-01
4.110347979759017001e-01
4.121571801399538937e-01
4.120279752656551553e-01
4.126973082161499162e-01
4.126113563709444265e-01
4.129436995619686357e-01
4.133272440264519898e-01
4.136380876340109980e-01
4.134902876466501898e-01
4.136772415746768905e-01
4.136065590746126341e-01
4.136697786874352079e-01
4.140801573600841889e-01
4.139935296480181659e-01
4.139871298459639193e-01
4.139246879549921543e-01
4.142877736870430039e-01
4.148593450145612316e-01
4.150304481151601554e-01
4.169125201290369009e-01
4.201733222184486638e-01
4.202643398203806946e-01
4.205160972543459108e-01
4.207870264854828846e-01
4.207039714653903473e-01
4.207615353759150967e-01
4.209817599669491428e-01
4.208840996233167431e-01
4.208669511817229036e-01
4.211997613712714084e-01
4.214652675647374558e-01
4.219671721456871305e-01
4.222560393127400835e-01
4.227258697792370956e-01
4.231099420530708977e-01
4.234494186574419006e-01
4.238328676871668255e-01
4.243756924986320511e-01
4.249223157761363168e-01
4.256986066732238450e-01
4.264306348305385019e-01
4.269053860156479807e-01
4.271521432029794507e-01
4.267400672101162584e-01
4.264238542986876768e-01
4.263690777332072024e-01
4.265963506012083739e-01
4.270151133986437864e-01
4.274786735057232168e-01
4.276584818606181670e-01
4.278569780582275328e-01
4.276575744108198074e-01
4.277225097806360843e-01
4.275153541528364798e-01
4.272977918394390007e-01
4.260208234109653103e-01
4.260760029863859821e-01
4.261696622489306030e-01
4.266482930644285299e-01
4.270405523347618471e-01
4.274864777458656784e-01
4.276953574774796651e-01
4.268637477281102544e-01
4.271386868363964973e-01
4.275218908310929877e-01
4.277966873797003355e-01
4.279754798643832792e-01
4.283651179649269336e-01
4.288148542704437460e-01
4.289344031199899820e-01
4.295213875894741129e-01
4.299687657577581645e-01
4.304957089641229806e-01
4.311450622544605871e-01
4.314152169151356242e-01
4.317828191851790787e-01
4.320504541282994548e-01
4.322462385898432347e-01
4.322711830228818108e-01
4.320871715833165538e-01
4.322957780041146725e-01
4.324418720551821416e-01
4.328967235340746567e-01
4.331044000312894160e-01
4.334678812824258598e-01
4.337561285917500009e-01
4.343343117765255390e-01
4.344878936785369627e-01
4.347768877183804115e-01
4.338809215288715326e-01
4.337896827050516380e-01
4.341321370046817840e-01
4.342464809165778594e-01
4.346799152666921962e-01
4.351041316967039774e-01
4.355213689470498473e-01
4.355413242205248281e-01
4.357046790578017470e-01
4.360307719668405912e-01
4.363388888592037440e-01
4.366109749556116859e-01
4.369522087276872524e-01
4.367600053804831517e-01
4.368699420667660482e-01
4.368530041781138462e-01
4.369882365246353095e-01
4.372301709409972537e-01
4.373124930768086949e-01
4.374520403938840785e-01
4.377972189406746928e-01
4.378742082412263037e-01
4.381703841414865130e-01
4.380480980405207503e-01
4.379231604220308882e-01
4.381455244317726261e-01
4.385652734175657375e-01
4.385441005256779379e-01
4.391050979655133912e-01
4.395367468848499493e-01
4.400519055713370542e-01
4.405179867968314622e-01
4.410342728825790148e-01
4.413380231578253876e-01
4.416407288083651350e-01
4.416312723467330503e-01
4.419586710740014412e-01
4.424845124848488243e-01
4.432577796598216047e-01
4.439102851357645818e-01
4.444070598279209472e-01
4.453234670938526762e-01
4.465034038253595794e-01
4.477649951812407436e-01
4.492598105347409554e-01
4.509944979802393838e-01
4.551121216568203010e-01
4.571190687272219666e-01
4.587994668901296258e-01
4.492047007797155267e-01
4.477662852886244993e-01
4.494668347357821392e-01
4.488508638254127270e-01
4.477036590641794156e-01
4.469194990896835362e-01
4.459777824536907964e-01
4.478924263296356623e-01
4.466645682427111685e-01
4.453725677259550153e-01
4.460250624791584073e-01
4.466707591865775595e-01
4.478040151124383916e-01
4.479233508670483754e-01
4.486139463127258309e-01
4.488125451918424380e-01
4.461146535380333122e-01
4.457376426059773133e-01
4.462083496651038095e-01
4.493770664825142980e-01
4.512935153610958539e-01
4.480051864138002160e-01
4.445773254087634907e-01
4.424489043315841252e-01
4.385288160796749213e-01
4.380246671311567308e-01
4.387413223787720029e-01
4.399958585791422516e-01
4.353473527330899429e-01
4.298154427382603893e-01
4.265793921996702820e-01
4.268033626138574843e-01
4.263016613048082881e-01
4.290736995096351425e-01
4.276343001757647588e-01
4.251310018755323217e-01
4.246887144483981746e-01
4.278442827319706154e-01
4.281412456245664022e-01
4.292198095734655605e-01
4.238863758577838814e-01
4.229087879210189915e-01
4.240549499598558203e-01
4.260999340722295137e-01
4.306707437993801957e-01
4.295683445282301172e-01
4.294801767848530072e-01
4.333884696877509102e-01
4.342697780342509306e-01
4.347022251864895992e-01
4.372653546128434376e-01
4.340648630852524392e-01
4.341325556166353294e-01
4.300808446724739276e-01
4.332006545139134301e-01
4.375668544037750185e-01
4.401558170839826034e-01
4.486367312146992137e-01
4.439717685024691107e-01
4.410962746149235114e-01
4.466564627602085946e-01
4.477302908307640994e-01
4.511070999077760879e-01
4.455210809269273819e-01
4.468213740255808086e-01
4.466023721321205620e-01
4.541147969841806131e-01
4.572423299007333242e-01
4.562357648133001931e-01
4.550991771833252098e-01
4.614952509498837507e-01
4.621173613055370999e-01
4.661347333763189438e-01
4.643501360146782275e-01
4.627594467020962332e-01
4.643372201444451730e-01
4.681052061712102641e-01
4.707909002801111686e-01
4.697205167450672625e-01
4.716018118995044528e-01
4.682939152702681462e-01
4.657405074811561407e-01
4.710275749338707629e-01
4.739703863594110222e-01
4.807092847023036741e-01
4.801888472952310360e-01
4.913570929586869585e-01
4.995218166559697859e-01
5.027679829591646943e-01
5.072605040465304471e-01
5.064912284093940897e-01
5.011349562785244460e-01
5.022283825547387837e-01
4.985102885676064854e-01
4.952078636642977538e-01
4.864391684753534562e-01
4.858292839670576568e-01
4.956695082500896521e-01
4.896659474587945482e-01
4.896954616867160714e-01
4.900767183992902343e-01
4.918263635937258349e-01
4.971073831696412593e-01
5.126836525215286988e-01
5.251532945849500811e-01
5.215851570819487470e-01
5.189355673371672806e-01
5.117197161831091856e-01
5.151631346272342871e-01
5.156970374194193019e-01
5.198289396641955218e-01
5.271471476074182094e-01
5.267302845028155600e-01
5.164898193443859808e-01
5.050331588365871704e-01
5.166522301139100382e-01
5.180642058555101626e-01
5.248530353151950045e-01
5.219660582592491327e-01
5.102552317020216943e-01
5.219528663072849906e-01
5.213675833180033692e-01
5.349773508544377609e-01
5.433661848153191753e-01
5.645186082650240911e-01
5.622386692214108583e-01
5.498166686563036309e-01
5.386418329639718339e-01
5.413760928352276958e-01
5.364706252363140582e-01
5.211046541980650648e-01
5.217980730332281158e-01
5.256650612147355517e-01
5.236344464429496526e-01
5.246022232293667820e-01
5.199315424040522604e-01
5.205278685573038189e-01
5.085997447838874752e-01
5.158758888622866356e-01
5.132461366210132603e-01
5.030456671758691822e-01
4.928352831020346159e-01
4.649485625201147387e-01
4.596839448411195739e-01
4.623784801756157248e-01
4.694569286248427842e-01
4.674697687727595863e-01
4.762484449849282986e-01
4.832474648916607607e-01
4.810851170184077263e-01
4.679589831536400402e-01
4.643284740958953383e-01
4.567438386213798496e-01
4.573386773307874242e-01
4.685092538933385287e-01
4.651662296250949624e-01
4.635551617475996422e-01
4.610808523872242937e-01
4.513441892605612460e-01
4.496491843582554604e-01
4.417915927753254812e-01
4.243082051938417698e-01
4.120672647859871529e-01
4.085769990398787077e-01
4.100249847938345904e-01
4.113957360647853001e-01
4.112645138548026713e-01
4.086980267244713083e-01
4.051837221164042990e-01
4.046680155641598220e-01
4.046715936401531488e-01
4.120206666829105413e-01
4.229256880165466193e-01
4.269011483829891485e-01
4.297857121961803917e-01
4.389183640136030129e-01
4.422334348221614864e-01
4.454959309835814785e-01
4.527098303624928488e-01
4.517226932377139681e-01
4.407065782193153591e-01
4.304069034178080178e-01
4.249478296123265220e-01
4.199555882668647988e-01
4.118516256149771793e-01
4.075140125907688593e-01
4.102489296274804964e-01
4.102039251178257739e-01
4.126125817897236536e-01
4.114105862780125800e-01
4.139177946048901990e-01
3.971087503890003423e-01
4.055263750012604862e-01
4.171246187798944294e-01
4.076874499835390075e-01
3.977592886686187046e-01
3.847777279620419044e-01
3.906838167487644564e-01
3.879591076571150543e-01
3.837508169086101262e-01
3.843611248158828042e-01
3.788138109773712126e-01
3.770090261165610634e-01
3.814204784144149540e-01
3.820868067397973911e-01
3.774476269064749867e-01
3.775590580240105743e-01
3.763462776016727740e-01
3.787997223626773380e-01
3.874820411058186864e-01
3.948749461827478213e-01
4.054020215421682560e-01
4.086663470306129420e-01
4.099388643494114581e-01
4.047620758420510390e-01
4.078175159881203271e-01
4.125552684076101984e-01
4.297588239715822156e-01
4.342878941816087357e-01
4.502113907289552741e-01
4.678561090662010646e-01
4.772551186292240399e-01
4.811423708702250446e-01
5.025205863872049816e-01
5.040083332339162503e-01
4.986479017603041575e-01
4.958533348730156387e-01
4.939375166743457113e-01
4.863845642048307827e-01
4.885232412280141601e-01
4.785551406151083431e-01
4.775285299349275592e-01
4.719721694312165594e-01
4.677574487863248032e-01
4.727260934778294565e-01
4.815041284493304929e-01
4.795127223847998610e-01
4.861657233324670480e-01
4.920025201726754283e-01
4.902116425261283106e-01
4.941564993203736988e-01
4.965634897027914052e-01
5.115103493678557767e-01
5.062793577805863032e-01
5.140191626677840242e-01
5.210905103299876551e-01
5.254240687281948041e-01
5.361450492313503124e-01
5.306207929597299700e-01
5.261162367538212425e-01
5.280327884727901155e-01
5.314008077445872003e-01
5.338237524579385607e-01
5.410797241275474567e-01
5.418468278033821139e-01
5.316522300248962551e-01
5.264768673196792426e-01
5.238304919865282017e-01
5.412593741497855326e-01
5.465202474787703713e-01
5.562532746103349135e-01
5.542919809381516849e-01
5.597544195387669230e-01
5.511453522181939402e-01
5.538972567346391873e-01
5.750496802269827734e-01
5.751299680321223518e-01
5.802299191850239790e-01
5.921119659327285234e-01
5.918718197091665800e-01
5.956143611009658834e-01
6.046938887452969480e-01
6.100186898086805698e-01
6.064313835457799673e-01
6.141411245252863527e-01
6.266846509826554668e-01
6.256719817704933240e-01
6.320892983507726548e-01
6.435308063180522620e-01
6.424188383403980351e-01
6.476497607768435527e-01
6.525075005388698557e-01
6.580404618876917189e-01
6.584595163340339896e-01
6.529339743430054854e-01
6.549600315696465502e-01
6.530142608932982817e-01
6.510151072851187992e-01
6.482790525671802140e-01
6.448943869080479008e-01
6.340947837698417411e-01
6.448539933700671023e-01
6.435313667106548063e-01
6.510962127272231781e-01
6.487337493708720260e-01
6.169809817493158155e-01
5.959423870621280983e-01
5.835952754311297674e-01
5.792323870791028506e-01
5.771525252934165406e-01
5.759972816477076929e-01
5.796424121560941334e-01
5.802823424436658328e-01
5.982893813551187767e-01
6.035447846378569903e-01
5.975814480182750632e-01
5.932493660231759058e-01
5.871332606816735966e-01
5.677448713958950233e-01
5.523289637841628519e-01
4.802366983978169079e-01
4.501546509569221421e-01
4.520841362842530353e-01
4.522065827431751006e-01
5.009788623757752690e-01
4.970383697664720324e-01
4.818034226725448899e-01
4.593406561186094694e-01
4.705382959932413178e-01
4.715116840739502768e-01
4.803312428879248919e-01
4.846148214266591259e-01
4.814607452395504028e-01
4.884555470133993826e-01
5.099371091839329795e-01
4.841720230200164954e-01
4.884200640063582344e-01
5.105561144581423072e-01
5.490032709733309035e-01
5.691790716026363661e-01
5.618481089277168605e-01
5.743755335736728806e-01
5.572910788903910895e-01
5.593907344106489044e-01
5.679895246867948666e-01
5.653574036971031891e-01
5.716299039568100149e-01
5.607068590785464490e-01
5.654260708801456259e-01
5.730439945161179827e-01
5.619846162046521210e-01
5.469951915044699575e-01
5.348902294710280447e-01
5.243878946861189050e-01
5.299005987907079440e-01
5.269851515774511830e-01
5.194783697193985361e-01
5.010613910041400443e-01
4.944083202254354603e-01
4.919993724018119630e-01
5.120163464766324113e-01
5.084923927690089274e-01
4.909349562300805991e-01
4.743714578732815546e-01
4.612299857044455109e-01
4.625075078566099340e-01
4.565787312890879912e-01
4.293023593490350454e-01
4.251787511951177212e-01
4.152623535899524487e-01
3.963300396756381239e-01
3.975064359864337593e-01
3.942292827996323745e-01
3.974129145504665672e-01
3.956845352098504742e-01
3.915986770522840166e-01
3.972907961776817598e-01
3.913673152244855347e-01
3.871533436037972176e-01
3.910073883074774437e-01
3.921896750636445494e-01
4.067021623728334645e-01
4.227817378301361173e-01
4.235275135108694800e-01
4.444563179297055799e-01
4.454654677559778952e-01
4.532997695908891900e-01
4.554670582837440640e-01
4.728662363163426696e-01
4.795440643262368074e-01
4.769789305607252672e-01
4.825025819125398630e-01
4.939207465405018316e-01
4.793259465807045983e-01
4.812861474441030296e-01
4.797508963762663892e-01
4.487678273160656262e-01
4.458813675448600744e-01
4.401776450214452963e-01
4.411671850002837902e-01
4.435775070058349256e-01
4.253384121658824180e-01
4.244434465608697415e-01
4.287933417466778252e-01
4.194754224307520318e-01
4.121486005392398511e-01
4.160110243911846473e-01
4.134653925402560493e-01
4.183860315869619706e-01
3.971187022151595469e-01
4.002341803321257663e-01
4.060750571709968448e-01
4.066706588743020379e-01
4.061168082049955164e-01
4.045694313335556069e-01
4.203118887558609518e-01
4.268063248356599448e-01
4.147674286989530001e-01
4.196627682606848264e-01
4.237199645840124540e-01
4.280647245098519460e-01
4.266864539143996882e-01
4.268551278911635327e-01
4.350023295432748349e-01
4.412127697306474361e-01
4.434848324568196887e-01
4.333140714086269885e-01
4.367584863132016881e-01
4.421721913946016214e-01
4.373135283384377847e-01
4.435247265759738600e-01
4.458474217910828874e-01
4.464666312044609509e-01
4.461004991875614500e-01
4.437203220951692617e-01
4.481939873387913442e-01
4.400440697258113376e-01
4.377553151523775887e-01
4.351550820296090638e-01
4.332067875097121434e-01
4.291919743645045693e-01
4.356506931963469720e-01
4.230389787242394006e-01
4.189440012148201720e-01
4.114702807153422515e-01
3.985091898593198234e-01
3.869243230199755357e-01
3.854332279970049124e-01
3.934441421787027715e-01
3.939979829199261041e-01
3.959983651691320050e-01
3.968151525625325804e-01
3.942985922028669488e-01
3.952755690232382380e-01
4.016538263433664380e-01
4.048467867139781129e-01
4.063684046984200604e-01
4.095998001921503651e-01
3.971231285924594068e-01
3.933303625562620809e-01
3.920538563782321462e-01
3.931854188595359512e-01
4.043940001852542321e-01
4.018523274078485419e-01
4.028964431087447839e-01
4.011772963201052367e-01
4.026212662328217951e-01
3.978643664751831954e-01
3.907162899808053758e-01
3.892950938691983054e-01
3.875988601044861315e-01
3.923116718126706814e-01
3.925163380051601147e-01
3.942367241959618962e-01
3.883524082052479676e-01
3.839984041486081967e-01
3.846188153109222352e-01
3.969562821638732419e-01
3.949081497445727784e-01
3.985972037197717532e-01
4.052530529642579538e-01
4.017135908194559013e-01
3.852448368015637392e-01
3.912255041214078854e-01
3.938869896234437618e-01
4.021934843415007621e-01
4.071429735920271686e-01
4.061148682802210863e-01
4.107525470278902691e-01
4.084843173628134316e-01
4.180307341013771993e-01
4.274956372161778373e-01
4.222861482096956220e-01
4.212133471517076622e-01
4.231728968939218460e-01
4.206980916317293873e-01
4.210920476020041936e-01
4.209022362863387712e-01
4.226160534928813939e-01
4.210652649647331214e-01
3.993881359407907561e-01
4.014209593333748494e-01
4.023882456924128270e-01
4.008712987334386302e-01
3.979840215504103496e-01
3.976160829751609338e-01
4.039596948744591520e-01
4.015545164345225571e-01
3.995915691743733844e-01
3.954174418821285175e-01
3.828504079425302797e-01
3.800542817935240181e-01
3.688272268058530590e-01
3.565589622305606055e-01
3.535641036122177949e-01
3.476545192679120211e-01
3.506130411174867012e-01
3.797651792580444274e-01
3.952255671533377868e-01
4.213411610167087096e-01
4.448922132167784649e-01
4.870145135502866318e-01
4.975705352392374992e-01
4.974172862670304673e-01
5.089106987245701763e-01
5.617357369281368307e-01
5.653887201133687146e-01
5.838301713350909639e-01
5.922615306038825356e-01
5.972301927570133895e-01
6.297736138846764531e-01
6.437284252521943140e-01
6.499927788032464626e-01
6.531788712720288936e-01
6.667975086936703821e-01
6.805577875708690438e-01
6.899727335373289083e-01
7.095151588100037099e-01
7.205386165235485585e-01
7.294803149296756883e-01
7.380102974863037568e-01
7.580598232755413335e-01
7.597308781143097267e-01
7.694125392886599357e-01
7.595307733849049336e-01
7.708403835089208123e-01
7.651709301824802800e-01
7.739527772418285378e-01
7.856266590605194278e-01
7.809479416095967963e-01
7.836282295938618025e-01
7.869841960357287780e-01
7.828674168916393006e-01
7.767964185796869536e-01
7.514983702825535072e-01
7.444023303313723749e-01
7.225462208901456407e-01
7.192426607245157033e-01
7.051211700036714713e-01
7.020356687374540439e-01
6.942318950088163243e-01
6.937511707726907728e-01
6.916308671105532158e-01
6.898978837262329522e-01
6.948526410074795656e-01
6.957554779264736311e-01
6.914434279693694174e-01
6.440000669274670297e-01
6.390078998517656483e-01
6.346590449058181482e-01
6.386779138170999293e-01
6.316838869369874043e-01
6.270796406432356251e-01
6.250244106356157570e-01
6.215244647975392001e-01
6.246535330719793500e-01
6.208752768758186713e-01
6.226509787835623477e-01
6.201730268967432513e-01
6.156403079340807549e-01
6.143609777198866251e-01
6.152422111998611109e-01
6.165017722873360473e-01
6.142065928991334856e-01
6.058240312214470125e-01
6.001435608024339174e-01
6.023727563409186914e-01
5.976313497778080741e-01
5.939387653181318338e-01
5.862890576358594785e-01
5.794295239772255801e-01
5.763239918550739915e-01
5.709889421689600120e-01
5.709659269758045053e-01
5.676054450806674589e-01
5.697098893103419437e-01
5.671354664604243423e-01
5.668898126264009241e-01
5.640139967265346277e-01
5.604480399895827025e-01
5.580859696068227738e-01
5.554747311261091225e-01
5.522196529621264949e-01
5.517921667500270688e-01
5.476227062415151003e-01
5.543488741108529849e-01
5.613398616246443318e-01
5.639516412966540937e-01
5.622242453252238592e-01
5.622355240145743283e-01
5.620023295736150670e-01
5.632503844455519770e-01
5.626152685421679234e-01
5.588628425824985202e-01
5.594290313556867789e-01
5.553287743978195801e-01
5.561771153710964866e-01
5.511613022334022061e-01
5.466421658169055009e-01
5.421598611183189309e-01
5.389383906953650882e-01
5.388074314694881739e-01
5.386171383841062976e-01
5.381779562020220231e-01
5.357393325935431161e-01
5.350785979182103302e-01
5.340767551949453518e-01
5.334971181141022756e-01
5.309623091435666797e-01
5.313577275654717269e-01
5.286385808849991541e-01
5.302973250056740584e-01
5.299200426195412872e-01
5.290627648504685476e-01
5.273847272431099187e-01
5.263910875518584831e-01
5.295803950485538092e-01
5.316683161051189987e-01
5.359560214504488496e-01
5.410238956438055968e-01
5.434066729262565509e-01
5.429598516924284413e-01
5.492666472107499143e-01
5.539991469664837798e-01
5.604463776158298272e-01
5.606219697279511971e-01
5.580262981992499816e-01
5.561175672231370992e-01
5.573072527478230009e-01
5.553725267673205179e-01
5.540613205136831754e-01
5.555191180196683565e-01
5.509073873147121159e-01
5.518670785477289842e-01
5.514266192358138197e-01
5.519621617897029209e-01
5.552324027164919906e-01
5.578516257798115108e-01
5.619919148652839924e-01
5.599786541913395199e-01
5.598210099773995863e-01
5.611913850031088336e-01
5.583133899818820689e-01
5.571117192971067889e-01
5.574692748247638274e-01
5.561302136539232333e-01
5.560374847926803366e-01
5.557134821672560232e-01
5.614440807984056869e-01
5.629208851097448063e-01
5.611141037146238908e-01
5.601281635165133999e-01
5.787090744153429167e-01
5.808842698630609647e-01
5.909920838324443926e-01
5.898798074515829715e-01
5.906824704983344443e-01
5.904713426143544108e-01
5.864262180990328366e-01
5.769910742857115027e-01
5.701362558786877699e-01
5.679322657177761080e-01
5.687053086713591554e-01
5.660734890408192221e-01
5.397308636420212746e-01
5.387899229651895716e-01
5.379354308892048131e-01
5.441510871575500063e-01
5.414729553272733531e-01
5.401443534295792270e-01
5.434153129457860443e-01
5.349554226802223367e-01
5.383705020574537370e-01
5.375165506712800134e-01
5.374656505315895672e-01
5.398167973047921508e-01
5.401296375733903865e-01
5.349342893129613863e-01
5.272170103218490889e-01
5.166392070335222853e-01
5.126838197658081242e-01
5.091871324772668794e-01
5.073642869242365183e-01
5.081518402744071849e-01
5.069716239595086771e-01
5.071856241002319354e-01
5.101828644767464338e-01
5.115318072877200750e-01
5.137568315545034681e-01
4.873832590050201086e-01
4.890400769563989503e-01
4.887104874344175842e-01
4.846528271197537707e-01
4.830133669072459446e-01
4.830321813348659177e-01
4.834628953954452357e-01
4.800930003091083420e-01
4.771010383547501510e-01
4.877441084195409116e-01
4.868453171805904311e-01
4.845613674937491178e-01
4.871413066060933938e-01
4.863520177199477934e-01
4.905256873998324330e-01
4.912391625806937778e-01
4.899167571106143315e-01
4.930531707831757871e-01
4.910915239695448076e-01
4.939588981596712003e-01
4.890508948992016713e-01
4.887672292057123058e-01
4.969947853543189020e-01
4.849456515482354901e-01
4.948292171099347159e-01
5.016679802517967079e-01
4.706856315464482132e-01
4.733910474226827869e-01
4.708499973243906456e-01
4.639479992292935839e-01
4.640151651665495036e-01
4.612366200959950868e-01
4.606929967112871616e-01
4.624015314581334524e-01
4.635987438317631382e-01
4.637755273044890103e-01
4.606862078935673455e-01
4.590869516510276971e-01
4.560723696170872477e-01
4.526511017065079079e-01
4.495560721441569374e-01
4.507256164087113381e-01
4.511542089189673477e-01
4.456269884780594270e-01
4.468173034067744465e-01
4.449490137100132747e-01
4.365838254145840147e-01
4.337409209697143941e-01
4.318613172267109501e-01
4.326652331618860425e-01
4.364493621283567770e-01
4.368335889553910945e-01
4.372127381052636208e-01
4.386888955811586444e-01
4.357014027494648389e-01
4.369476394151463605e-01
4.275743177831818898e-01
4.272343573634426184e-01
4.366865658411345774e-01
4.333712091010628042e-01
4.326609876074406502e-01
4.324494824702381224e-01
4.384787257484807355e-01
4.397946927007106988e-01
4.366932324776447438e-01
4.438450851761135407e-01
4.333608106668633275e-01
4.331702569734492414e-01
4.382145005364332380e-01
4.467812923952567683e-01
4.492446861474941322e-01
4.482872019176896705e-01
4.479742236571672698e-01
4.429772575769170273e-01
4.443654134616897289e-01
4.400790719324103595e-01
4.416589040149404566e-01
4.462920634197975467e-01
4.494524849327580229e-01
4.503840613173489271e-01
4.512318539118231331e-01
4.460858344840051282e-01
4.446618936131954691e-01
4.412829967780709794e-01
4.362273743326966491e-01
4.405949529610472259e-01
4.440203767608615348e-01
4.428866240735673809e-01
4.396372896344595271e-01
4.375747805360349352e-01
4.381964061885704753e-01
4.244807915358817518e-01
4.282487609514674665e-01
4.337957231723086893e-01
4.394897512470506418e-01
4.363008526166133327e-01
4.409451691199815504e-01
4.408588230573406985e-01
4.383667733288198476e-01
4.407489405471649024e-01
4.471804647858085291e-01
4.485034369354293227e-01
4.694038600945694695e-01
4.767071609887759687e-01
4.678710918641519334e-01
4.773079345979035493e-01
4.785466480366162845e-01
4.851527646199106369e-01
4.954096989810431451e-01
5.024758197223853085e-01
5.099183587986823030e-01
5.188373733833819834e-01
5.265309322799553993e-01
5.232291239833439800e-01
5.174883003753762978e-01
5.221434566729435955e-01
5.218734450716661089e-01
5.359202998840894017e-01
5.392391300266559107e-01
5.395274910912505328e-01
5.338981318285033195e-01
5.350122911173816886e-01
5.389510114701462351e-01
5.356909723739874396e-01
5.416214332336992676e-01
5.417843565793776239e-01
5.458206206388093173e-01
5.460621376671653815e-01
5.627273017469409666e-01
5.639159574327129443e-01
5.644208581612392139e-01
5.648133832763715390e-01
5.639371329633870999e-01
5.670627800227060478e-01
5.732807386684067863e-01
5.674037343553700596e-01
5.698512679631861921e-01
5.779666869348242253e-01
5.847759474520500822e-01
5.849527797553228936e-01
5.876861063479356106e-01
5.832288534124944190e-01
5.825373856505998704e-01
5.837835546415546251e-01
5.789417783477746049e-01
5.763980528063006314e-01
5.778308943642913587e-01
5.758355706784060724e-01
5.713220724180851917e-01
5.733105217076001070e-01
5.622391179748926771e-01
5.594328809945092740e-01
5.598571618504186720e-01
5.592202307445653942e-01
5.760408747162055754e-01
5.705442688091282299e-01
5.692654201522312496e-01
5.672561501994163313e-01
5.627636106602986743e-01
5.584524822782412912e-01
5.528574930857468317e-01
5.424461075883157957e-01
5.361981885142856896e-01
5.290315676542080014e-01
5.212045600064826312e-01
5.158641226277105307e-01
5.098206340702216011e-01
5.027067241839375811e-01
4.952988516828626953e-01
5.032541628422659841e-01
4.935867466294432404e-01
4.836912802897041508e-01
4.738862709832843967e-01
4.647505393336892054e-01
4.553982227597914711e-01
4.494083853366258596e-01
4.428962675922230585e-01
4.395469093178056008e-01
4.279066961244748502e-01
4.188099654817631357e-01
4.117503316978796679e-01
4.039416376183063706e-01
3.979047811565915027e-01
3.932756113460507130e-01
3.892155318239118866e-01
3.971357147488397965e-01
3.978215595939782467e-01
3.917328797248120220e-01
3.915870780558309283e-01
3.742794392296650008e-01
3.676186538394746739e-01
3.810378119300434352e-01
3.800408431126097719e-01
3.746416470322972425e-01
3.814820814920982794e-01
3.740647816535647707e-01
3.661023632705174835e-01
3.595015170511318137e-01
3.527081646611738841e-01
3.498413108040377972e-01
3.400015594029346944e-01
3.316970154060793208e-01
3.275966198378539307e-01
3.262809346520912368e-01
3.266919278575757257e-01
3.166483656098685318e-01
3.098144141784113237e-01
3.058028565503993490e-01
2.991613770736819555e-01
3.014791266832379524e-01
2.985352996187192742e-01
2.914420223232682128e-01
2.850974734634754704e-01
2.826493716399792189e-01
2.870020827192751312e-01
2.982999102401696634e-01
2.993919450100835933e-01
3.001802696593461883e-01
3.023249264515485701e-01
3.051037821445546916e-01
3.142443533724776916e-01
3.164159067249537327e-01
3.150988613900665425e-01
3.040380238137269653e-01
3.032761625822939511e-01
2.996888720460496036e-01
2.965682874526049395e-01
2.948259235316964544e-01
2.976837568135685119e-01
3.116250468884260716e-01
3.039151734545294525e-01
2.967791170862998928e-01
3.009670600177750677e-01
2.961569468021397200e-01
2.964807388418999601e-01
2.927979694181918058e-01
2.992162046903000250e-01
2.958978848516797266e-01
2.835050966500251568e-01
2.760054704246004964e-01
2.799975113006886174e-01
2.774148862013657291e-01
2.716942437072789596e-01
2.704386190615156171e-01
2.741492315412888403e-01
2.816798592605101459e-01
2.827339621204764120e-01
2.873208457778450575e-01
2.786560267983115291e-01
2.786864992265891683e-01
2.804945112539452556e-01
2.793638334373516607e-01
2.763938616636271162e-01
2.772085055279807086e-01
2.733566895440298072e-01
2.615400107147283215e-01
2.659883606768018161e-01
2.633659069635587158e-01
2.635102436119565184e-01
2.630912831613708147e-01
2.641517108904273825e-01
2.632387792849093522e-01
2.667909240060447607e-01
2.645295587723254238e-01
2.647711380297618211e-01
2.571218314764149304e-01
2.608068252152255240e-01
2.630013869784311731e-01
2.661241983360514984e-01
2.639187351266151782e-01
2.626802864191414288e-01
2.692359760528278967e-01
2.679240383194637642e-01
2.620665584212997223e-01
2.845892489106158774e-01
2.992415274360772370e-01
3.000390336656557078e-01
3.222700922638662147e-01
3.213075605491515496e-01
3.290102842910890280e-01
3.287895348806403328e-01
3.309366285387951856e-01
3.376726209128625422e-01
3.422258082787149602e-01
3.590723117229971395e-01
3.892586031957581683e-01
3.948590104555464997e-01
4.031887491377380006e-01
3.926024403722661593e-01
3.968992960498216038e-01
4.060599844157097293e-01
4.085053948334036455e-01
4.097775021500374426e-01
4.075722283164971982e-01
4.073300512518934213e-01
4.057265024443797441e-01
4.163349074415503837e-01
4.295829089068156637e-01
4.202772500521952392e-01
4.072472589954855282e-01
4.077055930183346999e-01
4.100923479252464032e-01
4.088284976897159639e-01
4.086589696129680482e-01
3.946373257244794042e-01
3.976078792725702971e-01
3.953399402264466955e-01
4.029379591519944848e-01
4.272492367854141548e-01
3.992858569854000894e-01
3.956300197971142074e-01
3.985018140981055890e-01
4.018196927623398085e-01
4.033951740731242519e-01
4.074155238720735261e-01
3.945797946988978677e-01
3.983949210616112291e-01
4.083823840173606001e-01
4.255195852906617504e-01
4.393700621795350592e-01
4.384925792641008457e-01
4.490247572533664355e-01
4.557682941117761066e-01
4.599750032406372258e-01
4.591763749514749526e-01
4.598770926188734953e-01
4.711519350968056963e-01
4.766708483611714620e-01
4.834167619572950492e-01
4.759901621411523620e-01
4.700829986975874619e-01
4.679675698674007345e-01
4.638221436501665518e-01
4.668485152519374903e-01
4.706204852410397765e-01
4.571932952263808581e-01
4.460382653691320476e-01
4.489541325295393626e-01
4.534465906012213332e-01
4.590537758395719647e-01
4.457699952238734498e-01
4.509532348889426778e-01
4.484316579763604760e-01
4.663890109819796015e-01
4.600901632706067557e-01
4.230683418299506227e-01
4.121120497930945148e-01
4.215913888704749812e-01
4.148626848993282046e-01
4.237580589803729425e-01
4.235864797494762746e-01
4.285560118415379094e-01
4.207595346067025122e-01
4.325383781353562829e-01
4.463060217387053163e-01
4.270705767307364509e-01
4.068489096750193545e-01
4.135499272249513192e-01
3.902110182683893869e-01
3.823216935544020978e-01
3.820010745340718383e-01
3.889062465778873601e-01
3.739530096947348836e-01
3.981434864167972543e-01
4.086295820474407647e-01
4.066164385078475108e-01
4.018529096464398820e-01
4.004673393143440285e-01
3.936185874703032050e-01
3.922736267286632272e-01
3.901734264844204381e-01
3.904267794075026998e-01
3.913027301115081236e-01
3.967036632526354523e-01
3.923463834463207234e-01
3.972799683201885257e-01
3.916247943737676263e-01
3.866235987322581003e-01
3.874158883567428435e-01
3.897108863925892175e-01
3.864511564477962624e-01
3.901477157732977097e-01
3.994524146325148517e-01
3.915583553912784232e-01
3.836265558751948412e-01
3.849175702856447723e-01
3.862814527642969842e-01
3.956835616068151706e-01
3.984576440025152100e-01
4.003380877953404693e-01
3.976771634292841640e-01
3.919949802402978856e-01
3.915396493241571907e-01
3.951475981088779510e-01
3.942701377695342346e-01
3.988305460111808420e-01
3.980777487512011659e-01
4.022239534463584176e-01
4.100904383322834246e-01
4.160617796315073669e-01
4.136064732057169180e-01
4.197170295928878692e-01
4.227280570432647711e-01
4.301803223169556878e-01
4.312594765652780771e-01
4.311088819764777869e-01
4.288050421021967207e-01
4.246035580261113829e-01
4.271545421402944132e-01
4.310974320851829189e-01
4.236582750492737803e-01
4.248023427995690215e-01
4.296220199604107171e-01
4.415646650052096334e-01
4.276168652046513641e-01
4.266821488753045344e-01
4.221620566344321257e-01
4.225671529787154435e-01
4.187845699590636017e-01
4.142684862901089837e-01
4.101516710222470330e-01
4.074274526188498835e-01
4.000150801875949624e-01
3.991442457231276775e-01
3.966438445173385841e-01
3.993754375252543953e-01
3.987415732041777461e-01
3.974587103799140375e-01
3.951064757290758678e-01
3.941690207461117645e-01
3.905689292715580074e-01
3.973147930649688075e-01
4.013279428085464451e-01
3.917065169983247053e-01
3.903200229015130196e-01
3.937589148130568040e-01
3.911689978796117906e-01
3.827399120725699655e-01
3.704678822835045238e-01
3.653093779063857349e-01
3.751394876787535471e-01
3.664799127761237396e-01
3.639736079977846650e-01
3.623810246886129960e-01
3.556505159695022567e-01
3.643035325911494482e-01
3.711665981744776688e-01
3.596975869628739608e-01
3.781268306172194116e-01
3.762688874267927641e-01
4.070167149798441519e-01
4.210133531842763510e-01
4.318936698215690151e-01
4.254351519780683599e-01
4.265186623491479256e-01
4.306602003412230983e-01
4.331047224806938711e-01
4.345711367217511834e-01
4.319745228261995251e-01
4.261333198147516654e-01
4.234910453223523219e-01
4.167823731952252087e-01
4.154149503094685114e-01
4.228713927041279907e-01
4.075943232521763715e-01
4.148233774366217319e-01
4.274509539317199458e-01
4.188609944803978746e-01
4.278171777286320920e-01
4.297159370108283860e-01
4.423085633172539333e-01
4.622731402914628807e-01
4.574329891122487779e-01
4.671897632024415437e-01
4.692370921652472271e-01
4.656639932788644853e-01
4.716020115362732912e-01
4.677909229429004778e-01
4.649671920081804299e-01
4.627164239126519973e-01
4.689753980093965269e-01
4.703402961271788696e-01
4.965739459488500707e-01
4.985880391724318295e-01
4.995333874914965056e-01
5.031200360185568154e-01
5.063190901180988357e-01
5.136903605991059996e-01
5.118789326048635013e-01
5.176182265039078745e-01
5.558411077047570314e-01
5.682087113444493909e-01
5.724893407302573678e-01
5.780203070794530662e-01
5.796997708879174649e-01
5.832266135285475439e-01
5.905213500004997673e-01
5.948384379439751735e-01
5.987805318098203822e-01
6.013166958502057513e-01
6.011675000619093323e-01
6.046281693062741658e-01
6.045328751739604822e-01
6.052473108732006057e-01
6.007735642156017963e-01
5.973014013713592307e-01
5.986148059894320639e-01
6.030763768575677641e-01
6.038717588046061957e-01
6.061990862007343717e-01
6.109425122307118317e-01
6.063238414913117991e-01
6.066113998617447267e-01
