0.5913507138
0.6742902557
0.6803269783
0.8262816213
0.7936307877
0.9246635962
0.9727973675
1.0521400815
1.0818667815
1.0103854548
0.9221188367
0.9683287658
1.0045848590
0.9198389453
1.0595464825
1.0015788435
0.7399323529
0.9211502799
0.7600034459
1.3681181853
1.5968924022
0.9241293166
1.1043143770
1.3333239683
1.1345679382
1.2519487638
1.0809260222
5.3163110102
5.1902528765
1.8702824392
1.5773254905
2.4210191857
0.8088932810
1.1370512635
1.0526848992
1.1785242938
1.1750135656
1.2893428233
1.4030390824
1.4408895753
1.2399930490
1.8240050118
1.4260408176
1.3107518981
0.5851651684
0.1687721823
1.3416657107
1.3550388581
1.6753930960
1.6267377180
1.5019951647
1.3289783272
1.3541615150
0.5539887708
1.1288663732
1.0709965872
1.2996167255
1.4210597020
1.1656921584
0.9214757097
0.9026147993
1.0536136104
1.1871664787
1.3026812026
1.0668000142
1.2077425992
1.3155305219
1.2136740457
1.1403347428
0.9599219484
0.8759070105
0.7416183248
0.7754686770
1.0620362249
1.0419905858
0.8697950487
1.1096493092
1.4510284858
1.3092227243
1.3154626279
1.0911835682
1.3606506397
1.1122886687
0.9753539960
0.8040293187
0.8289736213
0.7940780001
0.5358052805
0.6261353500
0.8751136581
0.9884952925
0.9377863857
1.1239189577
1.6709373945
1.7213265205
1.2067400647
1.1284154019
0.6985206763
0.8231255545
0.7821014189
0.5373459974
1.0451588374
1.0782487903
1.2148469528
1.0349896377
1.5035674955
1.2621399054
1.2948904118
1.4875427276
1.1982810202
1.3041471976
1.1410546230
1.3514718151
1.2932049656
0.9350631817
0.4956455124
0.5421838641
0.6280567442
0.5668122422
0.7869620279
0.7843555979
0.8838538304
1.0237210523
0.8663495206
0.7773220260
1.0977027908
0.9393352935
0.9604149083
0.9608819051
1.0209686910
0.9281296024
0.9341757112
1.0262174341
1.0701719375
0.9153911664
0.9714766796
0.9200376607
0.9539764398
1.2244736882
1.0061712922
0.8724443401
0.8237767378
0.8056115604
0.8876763520
0.8979044576
1.1028122649
1.1485115330
1.2646902743
1.1125748001
1.3409629211
1.4464556310
1.1902699541
1.4007265620
1.3693645362
1.2357261608
1.3348939959
1.2855348319
1.9913803706
1.4422276227
1.3948339420
1.5610845889
1.4787990425
1.1721178498
1.0783642823
1.2572541154
1.3638340148
1.2624851042
1.3479009501
1.3279657442
2.1683991123
2.0011949338
1.3773386502
1.3456298387
1.2549712583
0.8238493300
1.0090157241
0.8246267665
1.2284803230
1.2524346092
1.3170034765
1.2666780639
1.3698406503
1.5457173902
1.4971162731
1.2283411718
0.9674521248
0.8612426949
0.7060896510
0.5853422867
0.6066424796
0.5933287054
0.4230772928
0.4406723650
0.5318102899
0.6768751010
0.8656230571
1.1462100533
1.0798346971
1.1002914761
0.8985725233
0.8117976640
0.8931536409
0.8884223777
0.7503537565
0.7021266869
0.8930930340
0.8124997838
0.7900226271
0.8681514950
0.9745615159
0.8748654039
0.9329893972
0.9549278809
1.1492707432
0.7676737411
0.7280130793
0.7148298528
0.7271445150
0.8828046847
0.9023570656
0.9205081237
0.9816077702
0.9962553490
0.9364832008
0.8711019099
0.9854114593
0.9894753102
1.1904519521
1.0706206814
0.8058199970
1.0956464997
0.9663611040
0.8246762083
0.7961863691
0.7396549375
0.8756525961
1.0248123605
0.6418665182
0.6684515333
0.6661921202
0.7162156256
0.7158232866
0.9595179326
0.9368625863
0.7289808672
0.5237513993
0.7936333816
0.6729599554
0.5485672069
0.5321179823
0.4865665930
0.8250750823
1.1186744276
1.0160150578
1.0306528827
0.7365705960
0.7298454123
0.9132053582
0.7646216694
0.5756029573
0.5589731459
0.5575375654
0.8809106778
0.8566816183
0.4575309477
0.3926376910
0.4771928119
0.6286170469
0.8763995788
0.8942841412
0.7890257532
0.6975214698
0.7663641392
0.7709167136
0.9705655457
0.9666506039
1.0033665226
0.9613873764
0.9364965029
0.9719264200
0.6162105394
0.6100532431
0.4129133167
0.3118256956
0.4552249530
0.2510797667
0.4043241544
0.2909373843
0.1464289539
0.3911017200
0.3364322546
0.2984741888
0.0706937503
0.1341222769
0.1315997668
0.2644921565
0.5412479170
0.3926310774
0.2057320654
0.3450257041
0.2646580164
0.3445485572
0.3271553481
0.2525120791
0.2447403581
0.3202650303
0.1289330247
0.3122575396
0.3590130873
0.3881572201
0.2675470339
0.3774891481
0.2853137745
0.3050663292
0.4012016001
0.2682707068
0.2739579971
0.2557738153
0.2788681456
0.3335231032
0.2640485930
0.2171064071
0.2216568472
0.2365480406
0.1598807607
0.2469234794
0.2395895590
0.2944688577
0.1687747998
0.0913382397
0.1456078692
0.1352397017
0.1687137795
0.1149077018
0.0420837229
0.1204518120
0.1316281449
0.1973452391
0.0688070165
0.2026761846
0.2376964252
0.3893328487
0.2708387455
0.3366886288
0.3459582946
0.2992892630
0.1670367346
0.2278221754
0.1547516689
0.2558608882
0.2141554374
0.2597161701
0.2323204575
0.2334753601
0.2764426895
0.1929051483
0.2627479597
0.1782762590
0.0659869256
0.2096628076
0.1668426174
0.2912549343
0.2166835354
0.1210304428
0.2197694260
0.1903788772
0.2709196555
0.2046191765
0.3724790398
0.3165787134
0.1812026929
0.3968641869
0.3588904040
0.3690166676
0.2374097096
0.4055510207
0.5251194017
0.5916888668
0.7394026805
0.8248436058
0.8100028144
1.0765845678
0.6435540255
0.4893000031
0.5322573576
0.3075375206
0.3732924695
0.5773964495
4.7550000901
0.2907886199
4.9028250188
4.9394188348
0.2298565097
0.5245177951
1.3921929535
1.0309048638
0.6915740872
0.7034106260
0.7689924086
1.6547055393
1.6479640107
1.4332797281
1.5852473314
0.6985141487
0.6084577104
1.3333720139
1.5261310633
1.1850022499
1.0022063663
1.7525690844
1.6162982518
1.1479068410
1.3062763674
4.4115197555
0.3748385462
1.5326782305
0.7849213567
1.2712448232
0.2923998567
0.2148151602
1.1373289455
1.1799633799
0.4179687035
0.9730370346
1.1403363606
0.6934875733
0.4127967208
0.6894291006
0.7103091125
0.9115904430
0.5962707125
0.6499807660
0.7928568499
0.7067515201
0.7621792666
0.7509645925
0.7660085476
0.7928034226
0.7816855011
0.6313458242
0.7185251224
0.6735722628
0.6337092961
0.7784426746
1.1421478892
1.0763229877
0.8032513723
0.8198189861
0.9804452321
0.7754961619
0.7060649548
0.4196649750
0.7138273796
0.4642673895
0.4162127448
0.6942291253
0.6281498899
0.5870399031
0.5529455830
0.5908035437
0.5673386004
0.7111606778
0.7002961174
0.5731673182
0.6244699307
0.5668632885
0.5049707977
0.4202860525
0.5563959647
0.7177058757
0.5551466725
0.6583275050
0.6470217655
0.5083706780
0.5446075754
0.5925545657
0.5849057595
0.6304568254
0.6225189711
0.7193308381
0.6399107908
0.6411390144
0.6334491081
0.6962443952
0.7271699645
0.7213076161
0.5773811797
0.6703146674
0.7342986252
0.7317261451
0.6640104116
0.5647844810
0.5395449931
0.6140808563
0.7875955134
0.5841744947
0.6316849384
0.6066225092
0.5165669628
0.4914790767
0.5297874404
0.5207873973
0.5206123072
0.3886558480
0.6956584441
0.4524874896
0.4547230782
0.5931396877
0.5615668557
0.6676065024
0.6841117464
0.7851993205
0.8514008830
0.7397293316
0.6460223410
0.6246827675
0.5865510562
0.7269502288
0.7296169306
0.7272798676
0.9489341196
1.0092211228
1.0004066632
0.8660030310
0.6975714266
1.0232058589
0.7202956233
0.6912106026
0.8450460704
0.8758049620
0.9408012252
0.9235667589
0.8897429521
0.9147076367
0.8459739968
0.9134521246
1.0110040514
1.1134211188
1.1728129807
1.1124353093
1.1017797969
1.1344283425
1.1906417314
1.2159420094
1.1754102958
1.0522653865
1.0025889827
0.9652927504
0.8423989970
0.7839020550
0.7936227275
0.8167263683
0.7998285910
0.8829237002
0.8267959455
0.8888614507
0.6902327088
0.5850512401
0.8246993984
0.9424628321
0.9910899375
0.9254402003
0.9474305249
0.9761618719
0.9458849187
0.9360479810
0.8852975869
0.9196544408
0.9076858885
0.7890191108
0.9081649761
0.9280047848
0.9526499998
0.9244157789
0.9618578547
0.9760217174
0.9534228197
0.8795676545
0.8026437951
0.8008005541
0.8113472008
0.8934846882
0.7438242953
0.7663374043
0.7476800424
0.8508476947
0.9194601499
1.0064088517
1.1215275387
1.1367478634
1.0875944348
0.9568160740
0.9638661443
0.9032184663
0.9442750495
0.7677495244
0.5140266929
0.5115930783
0.9757105845
0.9287090830
0.8407376691
0.8506989039
0.5521249844
0.5973134643
0.7123754045
0.7167133730
0.7237698658
0.6660576716
1.0889886252
1.0372491774
0.7941080504
0.7260244750
0.6634352255
0.6843391578
0.7563128904
0.8412065762
0.7100527688
0.5714058937
0.5284223276
0.7214503183
0.5332219250
0.7734127304
0.8235136184
0.5757467006
0.7061889072
0.4987615578
0.5132671199
0.6219889744
0.6630383417
0.6583546020
0.6495649098
0.6532803844
0.4396320381
0.5891603301
0.7569656364
0.5293653934
0.9392673444
0.7410323625
0.9351136526
0.7644583662
0.6839194624
0.7771054194
0.5600665660
0.7317809518
0.7212937675
0.8054294487
0.9746785775
0.9134097614
0.6509672250
0.5628858608
0.5736556775
0.6777600162
0.5252793102
0.6172759734
0.9640755588
1.2327822643
1.1296869730
0.6509015932
0.7657860870
0.9651602070
0.8456262068
0.6865640737
0.7350116218
1.0372115068
1.0830299790
0.5607078753
0.7254872156
0.7963307121
0.9090114684
1.1701550532
1.0505232616
1.1700683886
1.2683350041
1.4127936232
1.2925643874
1.0394347804
0.8860540634
0.7271793056
0.5975090575
0.6392653046
0.6711853937
0.6087108329
0.5817823117
0.5497686185
0.4380952745
0.5818737872
0.3739215119
0.4528081269
0.5470877748
0.5199271394
0.7187609231
0.4123439661
0.6330234000
0.5995084186
0.5031187372
0.4674747445
0.4508874174
0.3924245492
0.3084282849
0.4575765442
0.5226124901
0.4893194917
0.5827378438
0.5661376527
0.5245726668
0.5149067387
0.6478779202
0.5547409631
0.5098490573
0.5464312363
0.5182109066
0.5148044633
0.4712383322
0.5336952105
0.5082631567
0.5015992644
0.5186048330
0.4796325779
0.4959552780
0.5414790026
0.5140807770
0.4624060754
0.4697253269
0.5722481865
0.5357270165
0.4749010573
0.4848832099
0.5506009247
0.4526878951
0.5532381876
0.5197269794
