0.0721352681
0.0687455097
0.0675441167
0.0634737335
0.0616626829
0.0617003979
0.0595752525
0.0613222930
0.0599528898
0.0614100469
0.0624362163
0.0639007131
0.0628383176
0.0616674881
0.0623683119
0.0632314178
0.0615806265
0.0601578279
0.0595934126
0.0595648906
0.0553525587
0.0552989460
0.0533957934
0.0547994464
0.0498880674
0.0452944276
0.0476700390
0.0504643958
0.0513737851
0.0531613069
0.0544955867
0.0559624861
0.0558865992
0.0607706852
0.0612322490
0.0620656372
0.0621008423
0.0620723025
0.0629383749
0.0641005751
0.0639318654
0.0653874961
0.0668781283
0.0662368679
0.0674315659
0.0696687507
0.0708654143
0.0721873200
0.0687116499
0.0678581328
0.0678535493
0.0660803596
0.0632645884
0.0639644966
0.0600273788
0.0601083102
0.0546521917
0.0565548574
0.0534018089
0.0575711874
0.0740032489
0.0764092555
0.0775282163
0.0777051954
0.0806053900
0.0837127438
0.0879558696
0.0889540659
0.0928626782
0.0952532232
0.0959141654
0.0924836437
0.0913166800
0.0927726085
0.0884186754
0.0845576625
0.0866605033
0.0855186698
0.0793202431
0.0888505279
0.0954690611
0.0871961704
0.0802001522
0.0828920186
0.0899518611
0.0930854712
0.0887849076
0.0901440772
0.0948689239
0.1019581633
0.1061822861
0.1087563492
0.1150094115
0.1207982240
0.1236232160
0.1246121032
0.1259274689
0.1271644917
0.1277382245
0.1277448572
0.1283117561
0.1294521580
0.1281165482
0.1287650409
0.1287745589
0.1298820401
0.1314094792
0.1266492406
0.1307540116
0.1253481024
0.1193817713
0.1170299836
0.1263488417
0.1268658184
0.1215807251
0.1286139231
0.1219192897
0.1261287292
0.1269414671
0.1341195574
0.1314935023
0.1313521866
0.2339742699
0.2307986984
0.2321511271
0.2337930749
0.2382352034
0.2405999500
0.2440493050
0.2468284849
0.2494255096
0.2504741442
0.2561427010
0.2605544673
0.2626161294
0.2647868969
0.2622126939
0.2661031198
0.2695199487
0.2746982175
0.2742463511
0.2814736563
0.2822858022
0.2866862940
0.2946658768
0.2927444125
0.2966288930
0.3029759688
0.3052249902
0.3096094845
0.3144738958
0.3193819341
0.3231964307
0.3256664038
0.3266405505
0.3317956649
0.3332999657
0.3343745757
0.3382113768
0.3391687690
0.3417791658
0.3437615214
0.3458497551
0.3480322706
0.3489841385
0.3527801767
0.3529132527
0.3569165517
0.3587344487
0.3608702165
0.3606897394
0.3617901919
0.3627890428
0.3647128880
0.3674657184
0.3680848380
0.3690203181
0.3679908289
0.3662515127
0.3662404559
0.3661511334
0.3670414131
0.3668410892
0.3640914544
0.3644502144
0.3626091666
0.3616764731
0.3617517968
0.3622197879
0.3653092519
0.3687433259
0.3715944184
0.3761713835
0.3811229889
0.3866150896
0.3898959022
0.3908112449
0.3904846800
0.3900767389
0.3921391978
0.3941813879
0.3966460462
0.3925219532
0.3942385020
0.3953686696
0.3964786583
0.3955192028
0.3997746617
0.3862300769
0.3867741247
0.3864952937
0.3829047149
0.3816738888
0.3806088090
0.3810554437
0.3823741004
0.3827570065
0.3830921137
0.3818843119
0.3836480853
0.3836542582
0.3846062297
0.3867503706
0.3875533475
0.3868843571
0.3814020782
0.3767904698
0.3734542327
0.3719400403
0.3728561232
0.3679091282
0.3651857966
0.3620593420
0.3693589947
0.3688967659
0.3617926062
0.3573042691
0.3611940057
0.3645415006
0.3678196645
0.3699848764
0.3721058665
0.3717886041
0.3740020024
0.3803308844
0.3845903532
0.3858204203
0.3903558767
0.3737236989
0.3915053433
0.0786449943
0.1077225703
0.0761148637
0.0699157844
0.0655289723
0.0651366055
0.0637359190
0.0645323009
0.0651344811
0.0613334628
0.0615043485
0.0617056819
0.0593011829
0.0557523123
0.0647484635
0.0631693301
0.0618029361
0.0586919339
0.0567392377
0.0558280417
0.0557047529
0.0553769000
0.0481852364
0.0480500666
0.0486037381
0.0485998785
0.0482912061
0.0450791392
0.0440056240
0.0424652643
0.0425456831
0.0432822912
0.0443373761
0.0455104691
0.0460254384
0.0474785865
0.0486413485
0.0497063294
0.0523335132
0.0531847871
0.0543205463
0.0572782867
0.0588627580
0.0605499962
0.0606757120
0.0590237821
0.0556283977
0.0529284267
0.0517016775
0.0508914065
0.0499451774
0.0489567515
0.0482767236
0.0479184757
0.0497611212
0.0528233150
0.0530063175
0.0540941022
0.0538434464
0.0559609934
0.0556336211
0.0507337614
0.0473526015
0.0462738800
0.0452494293
0.0455004438
0.0462752845
0.0478832248
0.0489696080
0.0496982218
0.0500760653
0.0488069886
0.0489494553
0.0499354290
0.0473442571
0.0473334846
0.0515889291
0.0526357686
0.0531057043
0.0542351738
0.0542242419
0.0547991381
0.0529237458
0.0517171175
0.0485067808
0.0449631580
0.0432311486
0.0423475540
0.0422433843
0.0424775512
0.0427923581
0.0451519426
0.0476528396
0.0495809020
0.0511721350
0.0528849189
0.0516701753
0.0484910546
0.0482707232
0.0464466412
0.0443410021
0.0446796274
0.0452837350
0.0477125522
0.0483359361
0.0481318197
0.0457259498
0.0418402070
0.0405705056
0.0417553351
0.0439610842
0.0418649996
0.0332186305
0.0325695245
0.0314088334
0.0349221727
0.0355391559
0.0390990447
0.0399293794
0.0405627286
0.0419734656
0.0418098969
0.0410965222
0.0381964872
0.0363920218
0.0349580180
0.0329264855
0.0290141011
0.0263724489
0.0228276748
0.0221643538
0.0247868826
0.0310778267
0.0396255481
0.0476702437
0.0488221254
0.0332691390
0.0324233388
0.0337918269
0.0322057420
0.0318266394
0.0235525853
0.0181803181
0.0203285083
0.0208859852
0.0262907353
0.0270589378
0.0331063479
0.0357490899
0.0385189017
0.0392341006
0.0364237058
0.0330662324
0.0297738793
0.0269523097
0.0263721758
0.0259448575
0.0245815231
0.0247032486
0.0259353563
0.0271481446
0.0342810251
0.0321317923
0.0329751295
0.0337173114
0.0338230262
0.0306953669
0.0345278609
0.0356222204
0.0406432316
0.0457973038
0.0463539588
0.0418959298
0.0432720099
0.0435051703
0.0441671877
0.0429898745
0.0435293260
0.0416528239
