0.7483727285
0.8290105875
1.0688097722
0.9856865926
1.0357184183
0.8067850069
0.8404518252
0.7760315040
0.9109777811
0.7811753027
0.7564282334
0.7663507169
0.7740037838
0.7384168079
0.7421897110
0.6817887352
0.7343436461
0.6864920836
0.7129385805
0.6923916047
0.6175232010
0.6292021078
0.7152264263
0.6705722989
0.6459881280
0.6131874097
0.8148986552
0.9724580639
1.0151981553
0.9349112342
1.0438811178
0.9663123085
1.0273566378
1.2712800447
1.2078626573
1.1269062394
1.1095208350
1.1395091596
1.2114661429
1.1321819565
0.7495441867
0.7636161026
0.9120042809
0.8306831907
0.8187905328
0.9547541149
0.9692393023
0.9407892132
0.9176406601
0.9297050636
0.8616612643
0.9610597909
1.0527632672
1.0789382864
1.0446314632
1.3273168681
1.3195788615
1.3256390201
1.4152807529
1.4106912886
0.9553124122
0.9231265253
1.1032892628
1.0791062257
1.0306735002
1.0123591590
1.1120718389
1.0679466386
1.0708952645
1.1154229506
1.1248862465
1.3420108560
1.3535107494
0.9658828848
1.2101321589
1.4390207500
1.3488825755
1.3066433117
1.3108145038
1.2188816050
1.2211467567
1.3998190892
1.5110263858
1.4840677968
1.4659624176
1.5573348118
1.2915777241
1.4550876017
1.2568160760
1.2526244776
1.1462212085
0.9185660305
0.8412209532
0.3389412483
0.3796336836
0.9417586541
0.8962531826
1.2591111632
1.2044390648
1.2608188886
1.3881844041
1.2136985199
1.2869167131
1.4577584327
1.4009833393
1.1215603140
1.3616033909
1.1534111976
1.5329513060
0.7239923779
0.7810818634
1.6718667728
1.1936272474
1.1199959162
1.2366468127
1.3148653666
1.1934600985
1.2289706793
1.0757847998
1.0056078674
1.0381923116
1.0977326457
0.9485132936
1.0324838638
0.9500462624
1.0011791298
1.0991505053
0.9494495227
1.0733892456
0.9483264555
0.8598306105
1.0035883632
0.8012873381
1.0367976096
0.9701775313
0.9187396415
0.9842119369
1.0681987758
0.7143847180
0.8312081025
1.0005428111
1.0124117941
1.2311946235
0.9114884632
1.4685948222
1.5500319323
1.5915488962
1.2278580088
1.4522166978
1.4722182828
1.4263400816
1.4995400383
1.3511448651
1.3987499139
1.3807173609
1.1796409128
1.1116668716
1.2601926169
1.0903348363
0.9671338464
1.0393491587
0.9042317855
1.0498071127
0.8149295811
0.7313417279
0.7364896741
0.7735955982
0.8442345410
1.0192981795
0.7239486556
0.7555830030
0.7038703513
0.6497176199
0.6522966923
0.5489344130
0.7251538143
0.5221261316
0.7143779117
0.8098660491
0.7679863014
0.6379303797
0.8080033385
0.7552203597
0.6718343087
0.5103912848
0.5774682249
0.4108757357
0.2902573645
0.6348402385
0.6555594847
0.5013513189
0.4118143305
0.3918070016
0.4014697325
0.6789752927
0.3904742699
0.7241595392
0.1907866512
0.3554063787
0.4343522770
0.5925905403
0.9118542413
0.5451794078
0.9939325517
0.8338352019
0.7383658324
0.6883226225
1.1445550461
0.8311950929
0.7114009742
0.7942326661
0.8177751763
0.8427427912
0.8520763249
1.2859871678
0.6102012575
0.9421034769
0.7344506547
1.0766499589
0.9524042068
1.1157586318
1.0967037696
1.1902245091
1.1365212380
1.3485292675
1.0518682686
1.2394917002
1.1201812778
1.1707871256
1.2616971434
1.3777594134
1.1480301859
1.2705296300
1.0563949641
1.0572533041
0.9016524272
1.0103618298
1.1206551586
1.2559886217
1.2551566339
1.1541389299
1.3634479584
1.3009366848
1.6061939769
1.2818486815
1.1307042001
1.6108617933
1.4518130079
1.2552306537
1.4101980472
1.3265681595
1.3617119708
1.3548462059
1.4698297154
1.5038031899
1.3133707055
1.4149792049
1.4711372859
1.2071430004
1.3821518491
1.4378901383
1.5205283899
1.5354954157
1.3201350302
1.3829387616
1.1306097734
1.3582827671
1.6119148564
1.6897653837
1.9668803513
1.5902372726
1.3646228460
1.3725096711
1.2397130573
1.4329165731
1.2432890320
1.3622041190
1.1769931381
1.2993998474
1.3002466875
1.2806342418
1.4089492574
1.4578665215
1.3702875449
1.3034474182
1.4046789354
1.5060915110
1.4252609874
1.3831361840
1.3869444235
1.3751107300
1.6004036584
1.6696783169
1.5656363707
1.5594744221
1.3783358986
1.3581828614
1.6926988406
1.2217934005
1.4138436188
1.3872399399
1.2806376072
1.5426607977
1.3043198636
1.2303514257
1.2451906886
1.4058627989
1.4638204776
1.6547626810
1.6768842398
1.5648303850
1.5089776777
1.3240262354
1.4624545261
1.2929018519
1.2682332161
1.2543238316
1.2049357239
1.3863928666
1.3144685790
1.2455193343
1.4067733514
1.4234051157
1.4063890037
1.3607823109
1.3540560795
1.2972524335
1.3580215853
1.5136518719
1.6817204998
1.5894558214
1.7508222263
1.5728518490
1.6613374629
1.6361610436
1.6411834301
1.5048551074
1.3633909738
1.4337128057
1.4770460188
1.5123274981
1.6732748250
1.5692824113
1.5015037720
1.5011816260
1.4055015999
1.4818316188
1.5126778619
1.4352600771
1.3791261850
1.4268001797
1.3581187976
1.2774358664
1.1163291848
1.2067988885
1.2810516065
1.3352118111
1.3033399115
1.3291371402
1.2290846659
1.2644512964
1.3065372657
1.1381235921
1.1030165194
1.2239582457
1.0596269927
1.3167641059
1.2408331874
1.0632078360
1.1814662849
1.1048162398
1.1173478115
1.0009444663
1.0404035794
1.0885355882
1.1370577111
1.2431755521
1.2931636576
1.3464582537
1.4936527701
1.3908795216
1.4247561688
1.3940337114
1.4298723921
1.5265893842
1.4301314987
1.4220942561
1.4507205542
1.4490850157
1.4375217404
1.4107348848
1.3962720119
1.4935368521
1.6062044109
1.6120554858
1.5493415684
1.5316417079
1.6388951542
1.5831866340
1.4527870819
1.4933068214
1.5343967883
1.5756535921
1.3948780964
1.4296095799
1.3942406504
1.3223900812
1.4227950671
1.4060471316
1.5980589373
1.5412363784
1.5515951469
1.5891815603
1.5718793351
1.5317513017
1.5944154195
1.4719213317
1.4022935766
1.4718284160
1.4386373229
1.4285030287
1.4352887696
1.4615607166
1.4407400702
1.4218314479
1.5014972680
1.7659208929
1.6009104045
1.6680790680
1.7590233278
1.6552933438
1.6977484171
1.6335700230
1.6269288633
1.5300685806
1.5513450194
1.7378534767
1.7307915335
1.8600599876
1.7480067247
1.7559182824
1.7457420932
1.7462184918
1.6284711206
1.7646713715
1.7135501100
1.6558212331
1.6454532060
1.6526814274
1.4897522728
1.3916617833
1.5383374723
1.4612223113
1.4347423464
1.4883187830
1.3403138019
1.4957859713
1.4719123783
1.5835252305
1.6632061579
1.7770677253
1.6162760796
1.6466465419
1.7254968174
1.6236126341
1.7097529817
1.7331130108
1.6839112698
1.6608873942
1.8679858390
1.6109378267
1.9372340271
1.8582926725
1.8949987882
1.8063101402
1.7489490943
1.7086238256
1.8566528513
1.8431737303
1.9131330965
2.0022359970
2.0335071255
2.0980137865
1.9914862981
2.0529417871
2.0302514478
1.9534819759
1.9816238933
1.8743817326
1.9266617100
1.9619872940
2.0528824994
1.9483047100
1.8729721756
1.8562430558
1.9207576221
1.8618669495
2.0204699470
1.8130092437
1.7906644194
1.7333358769
1.6886743244
1.6496655379
1.7566638955
1.5069572415
1.7112730508
1.6691251772
1.5670798050
1.7962658994
1.6159372610
1.7568809799
1.7953619146
1.7330087369
2.0520787315
2.1409991197
2.2149348768
2.1918240783
2.1270331908
2.1487580601
1.9898051976
2.0559144287
2.2539179399
2.3206876257
2.2077558983
2.3173363704
2.2374148790
2.2403592687
2.1891446934
2.1981209991
2.1265075784
1.8714360206
1.8139613892
1.7986516998
1.9083154940
1.8480865210
1.9438000203
1.8228610083
1.8083900769
1.7331130366
1.9692618225
2.0311254853
1.9544973474
1.8607255028
1.8612664260
1.9527777360
1.8458723970
1.9017058749
1.8983482217
1.9799338233
2.0469547114
2.0711200548
2.0631316984
2.0625376923
2.0396707498
2.0423849060
2.0117377942
1.9627593622
2.0632427221
2.0520661900
2.0199005551
2.0318964817
2.0738524976
2.0665657329
2.1175866428
2.1125326607
2.0975321096
2.0844203125
2.1356413695
2.1006057161
2.0570689865
2.0295922151
2.0373522328
2.0824348575
1.7994949932
1.9503235240
1.7042869112
1.7141259806
1.7598999530
1.8462699188
1.9242255050
1.7112880331
1.9007685587
1.8091384606
1.7530689803
1.7915986399
1.8479236953
2.0117002486
1.9960679662
1.8501686264
1.7140818814
1.7929631546
1.9927224715
1.9682964743
1.7662012913
2.1057084753
1.6868042370
1.7335232108
1.7586179981
1.6891188981
1.7111633156
1.8029037104
2.0495085796
2.0172207149
2.0719122444
2.0263858480
2.0792282707
2.0423676738
2.2232811681
2.0567821944
1.9920703294
2.3031618523
2.2867140986
2.3871980827
2.4246155469
2.5133221733
2.4311939090
2.4538427525
2.4686860503
2.4057160990
2.6955149681
2.3750311609
2.3114757440
2.4433665910
2.2215511229
1.9345314633
2.0136568469
1.9134771658
1.7453912952
1.5503711229
1.5002005606
1.3020376880
1.8949669677
2.0745412648
2.1139688416
1.8904490646
1.9958241854
2.2011127028
2.2775910420
2.3172678015
2.4456945378
2.4564376411
2.4817448667
2.5174120100
2.0980266313
2.1769898729
2.5171400792
2.2728239935
2.4243482438
2.2633602741
2.4230296861
2.1737693677
2.2405894636
2.3741045509
2.1837332187
1.8585586637
2.3703956887
2.4589103061
2.5978886897
2.8332350854
2.9618063809
2.4412371501
2.7639591874
2.9301160981
2.4729420745
2.3177118100
1.8961376056
2.9775078696
1.6124226438
2.3484089584
1.4708335401
2.5345610309
2.2483148999
2.3812490003
2.3023046137
2.1658098054
2.4413616235
2.6857370685
2.3552386872
2.4977938216
2.6110596065
2.5316552986
1.8601617774
2.4845707297
2.5010186612
2.8173927946
2.3262643119
2.4140242522
2.1745766824
2.3347392197
1.8269026928
2.2047882891
1.8247211403
1.8325095152
2.1343019405
2.2481803338
2.0414829204
2.1187158577
2.0586452482
2.2571950505
1.9901289846
1.7019670468
1.7481599440
1.8508764632
1.8781179521
2.0468129856
2.6768962853
3.0117025312
2.9664483861
3.1931087032
3.2276021312
3.3497078903
2.4234608563
2.3601251481
2.5112668175
3.0298801098
2.9968322492
2.4894800908
2.4748922613
2.7268677387
2.7026603610
2.7307208704
2.3351031080
1.9542964639
2.3637029992
2.6079659870
1.5184632167
2.3040502035
2.7765876787
1.7828685436
1.8800619454
1.8590175722
1.8645859190
2.0333313718
3.0075169514
2.1514208350
2.3807547936
2.4169682110
2.0417762496
2.6715886968
2.7197225072
2.4639831668
2.1082694172
1.8797832211
1.8235323443
1.8168272562
1.6333131929
1.4550936841
1.6054926010
1.8477657066
1.9908785853
1.8092553514
1.8834191110
1.9138616114
1.9269032102
1.9615344013
2.0758470186
1.9129493806
2.0153013621
1.9409264655
2.0645663858
2.1104490513
2.0172441982
2.1000380184
2.1711903247
2.2056644267
2.3506294049
2.4753958043
2.3634913008
2.2975753460
2.2782982967
2.2674330477
2.1668412048
2.1612621901
2.1419239671
2.0951665710
2.1014148826
2.0269289602
2.0762709813
2.1393466922
2.0671393427
2.0929958095
2.0085058430
1.9401479368
1.8982901211
1.8715268209
1.4815493555
1.7928309638
1.7804565888
1.8220201108
1.7808428881
1.9224050135
1.9404167263
1.9698306927
1.9826710618
1.9771260153
1.8228573177
1.9305667213
1.7766657206
1.8008784129
1.9699863200
2.0190140810
1.9688036771
1.7720849671
2.0495623795
2.3960525312
2.0238188959
2.2871444724
1.9815731423
2.2314982122
1.8278831620
1.8480731094
1.7800908239
1.8850634893
1.8485431427
1.8502975710
1.8510156009
1.8206295561
1.7985005249
1.8284846572
1.9089065660
1.8324204780
1.5823671228
1.5805220808
1.5500305423
1.6969912525
1.8991924465
1.7565484347
1.7095266240
1.8070536855
1.9084681352
1.9605399959
1.9093913932
1.7035721088
1.6806973511
1.7980478305
1.8053459352
1.7840948621
1.7788547275
1.8240344064
1.8983731769
1.9962791695
1.9711441244
1.9932239142
1.7383843317
1.4578468363
1.6921864926
1.7208750822
1.8965594207
1.9243733070
1.8596701732
1.8638289143
1.7501780676
1.7904999350
1.6544019110
1.4603024775
1.4910821106
1.2917309342
1.5694376090
1.6193023359
1.6355771245
1.5826198400
1.7391421894
1.7115276638
1.8434151491
1.8613976584
1.8381901332
1.8824746133
1.9201413867
1.8015311463
1.8771706270
1.6913494408
1.7865562486
1.7305605517
1.7957502532
1.6790643882
1.7882363891
1.8729860356
1.6617543852
1.8730423519
1.6519427955
1.4425024895
1.8871971455
1.9145109645
1.6827676285
1.6113954813
1.5622820972
1.5422323275
1.6095916072
1.9972364341
1.6418953597
2.5801404660
1.9939123316
2.3982492511
2.1217223221
2.0943235234
1.7750117980
1.7332192045
1.7607603425
1.6435365145
1.8374345777
1.7093177117
2.0263635778
2.1711536369
1.7911699731
2.0532830369
2.2988509509
2.0173328215
1.9971930023
2.0094794357
1.5570795818
1.4779589208
1.5043249249
2.0510526281
2.1146551293
2.1120940054
2.2287297328
2.0593278889
1.9966459347
2.3357488706
2.3676809611
2.2385419371
2.4867746910
3.0281996727
2.2580762521
3.8160601714
1.8193023840
1.9346451225
3.1301985211
1.9125135465
1.8275440980
2.0479004256
1.9990578128
1.6987805466
2.7523589811
2.8117746414
2.5934656729
2.6793738438
2.8064395180
2.7075335761
2.8409463334
2.8237387987
2.0538089382
2.0050519498
2.0041786706
1.9911273308
2.0322783401
2.2276103939
2.4489358496
2.1631224602
2.2609264143
2.7874552127
2.4206309320
2.6274234740
2.3869855307
2.3585122649
2.5561238051
2.1303830300
2.1042717564
2.0490328040
1.9851050469
2.0425428361
1.7505835705
1.8253429079
1.7810968636
1.5714766414
1.6859939203
1.8024242400
1.7649814795
1.6746125100
1.7043613901
1.6672622721
2.0017423516
1.7818606790
1.7525032070
1.7499579939
1.9396648533
1.5910657993
1.9212203204
1.8264534589
1.9042956505
1.8413823331
1.8742534469
1.8800468304
1.7347509468
1.6459682796
1.6751500742
1.6804036201
1.7025614977
1.6355814173
1.6260461273
1.8252948955
1.6702490106
1.6252583560
1.5987136746
1.5837226194
1.5287148555
1.6161132933
1.6252524465
1.6590146713
1.6008597144
1.5822317805
1.6472599835
1.6232267349
1.6013719027
1.5673325091
1.6425694254
1.6004178009
1.5686523231
1.5236232689
1.5159869988
1.5304745903
1.5665451711
1.5753683289
1.5984140256
1.6241903358
1.6346877216
1.6584313134
1.7033550234
1.6816113236
1.6205848434
1.5341388760
1.5056564053
1.6411805109
1.5677454725
1.5316648168
1.5469052668
1.5495478645
1.4847399174
1.5023722215
1.4401895669
1.4134556804
1.4007881214
1.3302945581
1.3332431916
1.3457247424
1.3409421782
1.3529034419
1.3634760714
1.4532513430
1.5318764105
1.4440108772
1.4524873987
1.4454371161
1.5293417207
1.5832701419
1.6225422633
1.6131429404
1.5647762107
1.5332065925
1.5540794119
1.5967816342
1.5222315542
1.5038552548
1.5321152293
1.5311722905
1.5736500815
1.5602771124
1.5506233171
1.5306183059
1.4979782505
1.4380872559
1.4902322951
1.5306307158
1.4949269362
1.4757740973
1.4217939844
1.3919680239
1.3398108767
1.4347022556
1.5562947505
1.5756394010
1.4458761410
1.5285612311
1.5754392495
1.5856250802
1.5876876020
1.6033883047
1.6515598100
1.6502615415
1.5598196540
1.5514388078
1.5446343155
1.4764275057
1.5031437597
1.3920009856
1.3434792972
1.4349180493
1.3329603156
1.3315701499
1.3750740605
1.4493057290
1.4203504003
1.4931013140
1.3179750144
1.2415268533
1.2845554592
1.3416845891
1.2460733312
1.3341755210
1.3874223024
1.3733613481
1.3664201199
1.3161635554
1.2385392851
1.2241243277
1.1803440090
1.1886295696
1.2524308851
1.0666812234
1.1439386226
1.1295742427
1.0464636106
1.0328692441
1.0354272804
1.1391003408
1.0374159006
0.9448359849
0.9675697742
0.7686583624
0.8777053198
0.8341098020
1.1170750144
0.8390119964
0.7044715437
0.7750271324
0.7165544837
0.8017758659
0.8952085638
0.6986992448
0.8547815550
0.9243408025
0.8647967639
