1.1408055981
1.1397779805
1.1400701827
1.1479381173
1.1487678969
1.1498074056
1.1579122410
1.1598632306
1.1615960460
1.1617428497
1.1679397924
1.1691225091
1.1695917394
1.1782178655
1.1795204673
1.1840534669
1.1865999898
1.1837107178
1.1759313684
1.1703623245
1.1617710122
1.1657906237
1.1595680247
1.1594197175
1.1565344439
1.1532208262
1.1465579278
1.1441155416
1.1353648504
1.1354169662
1.1274124571
1.1240843631
1.1217263314
1.1127417963
1.1057537505
1.1066019303
1.1030695018
1.0955435996
1.1015571735
1.0984899973
1.1053972640
1.1111962593
1.1098931382
1.1031850631
1.0979654035
1.0777745675
1.0631165145
1.0574763714
1.0433573026
1.0438442612
1.0448580474
1.0444728652
1.0438188623
1.0322952507
1.0310010166
1.0193235307
1.0032451480
0.9820300994
0.9555681479
0.9384912875
0.9264398052
0.9099266329
0.9042549963
0.9142289856
0.9101453888
0.9082275494
0.9136803919
0.9136014049
0.9181288490
0.9219095152
0.9297425623
0.9320017454
0.9314513607
0.9253349183
0.9247032337
0.9252102532
0.9253528173
0.9245754770
0.9224862972
0.9238770500
0.9233084686
0.9230484367
0.9162819746
0.9176764044
0.9191218692
0.9206402165
0.9240162948
0.9287824648
0.9319283927
0.9354664866
0.9395051952
0.9433559704
0.9475921494
0.9518979736
0.9566217695
0.9610527066
0.9654100048
0.9700065142
0.9741749684
0.9783244066
0.9826287957
0.9864852887
0.9903561977
0.9941228822
0.9969889473
0.9999308376
1.0035303272
1.0055473855
1.0076553558
1.0096500922
1.0112144762
1.0133753647
1.0152266596
1.0162186454
1.0173325748
1.0189389881
1.0205305741
1.0210879226
1.0209576844
1.0215445246
1.0217528725
1.0211540131
1.0209372025
1.0220546663
1.0226739604
1.0218650454
1.0212287608
1.0213698880
1.0212050299
1.0209864999
1.0207424640
1.0202360107
1.0195882009
1.0190123531
1.0185564835
1.0178644020
1.0173673496
1.0163464109
1.0153999936
1.0156029132
1.0151740591
1.0147239907
1.0141393976
1.0133020128
1.0127080523
1.0119936231
1.0114657431
1.0110646175
1.0103799737
1.0097797664
1.0100686901
1.0100014746
1.0097027996
1.0099013557
1.0097489947
1.0097994372
1.0094279778
1.0090294927
1.0093762995
1.0094829479
1.0096557372
1.0091374930
1.0086804321
1.0089591435
1.0101598858
1.0129719180
1.0122456250
1.0117826110
1.0152546821
1.0170380326
1.0169005688
1.0129483651
1.0142356371
1.0071469483
1.0078931765
1.0083003104
0.9942498537
0.9948203910
0.9954417033
0.9897860633
0.9834554449
0.9810538249
0.9703976325
0.9685047245
0.9647574722
0.9532783979
0.9501078953
0.9443431895
0.9401224695
0.9315005419
0.9295990480
0.9304438970
0.9274019122
0.9234172305
0.9160270965
0.9125704070
0.8993501861
0.8844308499
0.8745249864
0.8543176061
0.8403153035
0.8196669372
0.8099946533
0.7955137671
0.7902907645
0.7874130520
0.7827177671
0.7877096768
0.7839601173
0.7789180803
0.7775468741
0.7721749871
0.7676855642
0.7596489456
0.7500905218
0.7407289841
0.7248424954
0.7116150394
0.7048323818
0.6987238599
0.6949828756
0.6906873056
0.6873038986
0.6816912160
0.6812645381
0.6806342832
0.6733887903
0.6683066987
0.6619475407
0.6619608178
0.6573566653
0.6552757779
0.6473716568
0.6443279374
0.6366494754
0.6364892520
0.6370792354
0.6348429591
0.6364267957
0.6313818022
0.6319644607
0.6289957448
0.6264422369
0.6227064699
0.6182385246
0.6097572608
0.6044990394
0.5945299663
0.5928057022
0.5875245455
0.5781897103
0.5750862167
0.5717024311
0.5556651853
0.5549082990
0.5578954087
0.5560042788
0.5619528258
0.5582251225
0.5577915714
0.5546147506
0.5548870269
0.5545382503
0.5540279519
0.5526511185
0.5535288673
0.5536737020
0.5557713038
0.5560370056
0.5500328627
0.5412013973
0.5461616802
0.5490294983
0.5552271299
0.5585252389
0.5585509956
0.5582864560
0.5545498707
0.5507025262
0.5444251076
0.5386045303
0.5305416911
0.5232638213
0.5193859404
0.5179208333
0.5143484658
0.5126439792
0.5099722978
0.5118567453
0.5105068515
0.5121477707
0.5060261620
0.5017216535
0.4953883859
0.4907529772
0.4828966118
0.4801002053
0.4780686004
0.4748357538
0.4758391148
0.4739466558
0.4748383464
0.4771094655
0.4791043680
0.4816742418
0.4849570360
0.4885320660
0.4898213396
0.4911139000
0.4933254051
0.4947663871
0.4966226974
0.4981882280
0.4930452058
0.4892200780
0.4921070518
0.4804634298
0.4672398220
0.4555493945
0.4597070604
0.4452414460
0.4398202082
0.4306915400
0.4311438730
0.4265746618
0.4178450565
0.4180145282
0.4126806197
0.4056604208
0.3982584359
0.3861982253
0.3822498240
0.3730336564
0.3713514925
0.3710934133
0.3686318288
0.3676995482
0.3642997028
0.3629540522
0.3619363605
0.3558103106
0.3548109716
0.3493286278
0.3475734181
0.3459151029
0.3413094871
0.3380990874
0.3347406855
0.3356924863
0.3323241658
0.3322500533
0.3320480826
0.3308143637
0.3284816418
0.3256637225
0.3247586540
0.3226750253
0.3223605282
0.3167293385
0.3157963371
0.3155719064
0.3108769910
0.3096111727
0.3064839973
0.3000520919
0.2948854647
0.2917063179
0.2895918928
0.2882506586
0.2859166915
0.2825633788
0.2788427496
0.2761940391
0.2884353504
0.2871552574
0.2861115919
0.2845190324
0.2831637917
0.2814710798
0.2481035081
0.2398665497
0.2373866613
0.2325639760
0.2330023103
0.2300440924
0.2261732954
0.2280066981
0.2244989632
0.2204228944
0.2233359616
0.2204697482
0.2174405685
0.2144535726
0.2127599830
0.2127144838
0.2136597628
0.2168246930
0.2225383187
0.2179069389
0.2199728122
0.2211937608
0.2224830108
0.2211301011
0.2195341486
0.2149896908
0.2104770671
0.2085735221
0.2037888366
0.2034865099
0.2009985624
0.2001908681
0.2135804847
0.2180163507
0.2250191790
0.2344724883
0.2422688564
0.2467698082
0.2532279991
0.2622959855
0.2722547431
0.2879723432
0.2981546333
0.3064054827
0.3144002190
0.3177577574
0.3197922323
0.3256415146
0.3294019362
0.3398749805
0.3500910823
0.3619043227
0.3686273512
0.3742526902
0.3796345034
0.3909542272
0.4013899350
0.4138732564
0.4091559526
0.4151768013
0.4177504368
0.4216431841
0.4154531832
0.4089390768
0.4070896946
0.4016226932
0.3971067910
0.3908918695
0.3813865537
0.3672083989
0.3519822953
0.3469125164
0.3481280665
0.3454623927
0.3418032257
0.3332116055
0.3250995688
0.3202556697
0.3085369361
0.3003136252
0.2900694608
0.2819243422
0.2726210740
0.2633980463
0.2596738761
0.2563875360
0.2543464006
0.2569762794
0.2546844245
0.2597097395
0.2565214665
0.2627474130
0.2637990146
0.2572029426
0.2570302825
0.2556864378
0.2541800266
0.2515538211
0.2485283988
0.2466308060
0.2450639989
0.2349597359
0.2332927157
0.2327648533
0.2314778669
0.2267029040
0.2258013563
0.2252507069
0.2249955886
0.2280361070
0.2313143350
0.2368707459
0.2438098650
0.2453386378
0.2492891325
0.2513065756
0.2549609727
0.2593265669
0.2618180988
0.2594243659
0.2609900734
0.2611463314
0.2605266663
0.2609560179
0.2617604459
0.2607155515
0.2606196294
0.2615628098
0.2626645912
0.2612939126
0.2609397469
0.2615249895
0.2626053796
0.2632112995
0.2621407863
0.2592023189
0.2528851265
0.2480960325
0.2428064826
0.2375873038
0.2355546293
0.2375617046
0.2412033977
0.2474795478
0.2488366728
0.2499446200
0.2477415469
0.2451597519
0.2403944517
0.2384481516
0.2344576387
0.2358783815
0.2347536641
0.2358374708
0.2394518396
0.2394089668
0.2391369933
0.2417692366
0.2459848239
0.2473389575
0.2502795245
0.2501228731
0.2537541849
0.2519880878
0.2516557588
0.2521764476
0.2587062981
0.2642914270
0.2718121813
0.2635540880
0.2735381961
0.2812012951
0.2990479029
0.3140970535
0.3399039200
0.3560715745
0.3628898017
0.3728105820
0.3817498976
0.3916652457
0.3995959941
0.4110457434
0.4198651739
0.4328168383
0.4402939659
0.4516438646
0.4477561603
0.4545124342
0.4510266969
0.4625971300
0.4645420420
0.4781207718
0.4832758686
0.4847944543
0.4904587449
0.4959493435
0.5002368206
0.5052756566
0.5081228639
0.5146055438
0.5193659104
0.5274671551
0.5349624379
0.5439634092
0.5532860252
0.5626741595
0.5707243098
0.5734805920
0.5729539115
0.5666037029
0.5645896967
0.5451536788
0.5342100367
0.5214043178
0.5029717131
0.4918880515
0.4865219220
0.4898861306
0.4956346495
0.4960403108
0.5001436977
0.5126547241
0.5156376580
0.5270945975
0.5330776353
0.5386334054
0.5449584944
0.5505505203
0.5657627378
0.5706333501
0.5744439300
0.5776874445
0.5812470876
0.5850769722
0.5751743389
0.5785679495
0.5798840088
0.5703748217
0.5705706848
0.5694709155
0.5638263366
0.5519950135
0.5405754834
0.5359451044
0.5314416539
0.5212111760
0.5172562048
0.5110760755
0.5084453193
0.5043035592
0.5033939528
0.5018860665
0.5026783067
0.5028944260
0.5019122230
0.5006428714
0.4970295990
0.4877985571
0.4798724774
0.4680590460
0.4612272988
0.4512664913
0.4468843865
0.4392792234
0.4344601655
0.4282327658
0.4237862999
0.4186449913
0.4115119932
0.4071760721
0.4024673803
0.3996686888
0.3916064804
0.3856379207
0.3783278867
0.3717801952
0.3690476014
0.3638613751
0.3636479337
0.3589767002
0.3580278728
0.3513757989
0.3477566706
