0.1245820434
0.1242087738
0.1223619719
0.1217473816
0.1220402894
0.1216801684
0.1198750716
0.1190129476
0.1169620505
0.1162099379
0.1163715104
0.1165059875
0.1183183979
0.1203011618
0.1217340040
0.1270160912
0.1312564638
0.1350793554
0.1398072419
0.1468860632
0.1493664377
0.1480884574
0.1511641547
0.1540527177
0.1563306055
0.1589857375
0.1592537728
0.1622514631
0.1654469046
0.1723062891
0.1725398363
0.1743697937
0.1718297927
0.1733125400
0.1766178389
0.1764898805
0.1787057203
0.1792919168
0.1797260585
0.1787318051
0.1779985770
0.1788008341
0.1782032414
0.1767819385
0.1759210117
0.1759332328
0.1742585658
0.1756162611
0.1761350360
0.1773148776
0.1786558700
0.1809042557
0.1821035662
0.1818323695
0.1812467975
0.1794110392
0.1780901441
0.1754263100
0.1717771520
0.1669792182
0.1642786901
0.1604117544
0.1583718534
0.1564150122
0.1566608098
0.1591984887
0.1584451158
0.1604061947
0.1604585591
0.1579880777
0.1542064165
0.1492753264
0.1441662616
0.1421278539
0.1420254353
0.1441514172
0.1475882924
0.1535337101
0.1564129964
0.1624198863
0.1654359076
0.1759762512
0.1741988891
0.1751971846
0.1709670764
0.1674991564
0.1678937900
0.1505934129
0.1510077299
0.1531805344
0.1491988384
0.1574114811
0.1699357292
0.1856627127
0.1823964996
0.1659624273
0.1685343350
0.1539363135
0.1474250422
0.1436987962
0.1325779761
0.1241532069
0.1235535661
0.1220624871
0.1194940068
0.1328789913
0.1271417461
0.1314192118
0.1335193094
0.1285718663
0.1319401860
0.1245819676
0.1296058091
0.1227398020
0.1140650486
0.1034650615
0.1067438914
0.1150061185
0.1146598954
0.1174583699
0.1135336800
0.1186465734
0.1207746082
0.1145609555
0.1072274224
0.1038186893
0.1049277151
0.1001642225
0.0936631931
0.0878129729
0.0837439168
0.0884109249
0.0909995771
0.0987449252
0.0953965848
0.0891651207
0.0875062707
0.0871032535
0.0875441879
0.0833548415
0.0805743212
0.0796491070
0.0779937063
0.0778613223
0.0794228783
0.0784538811
0.0727463540
0.0715513914
0.0692820810
0.0695303324
0.0730065363
0.0641359615
0.0652622977
0.0565412022
0.0566785819
0.0561590767
0.0575837871
0.0516403140
0.0552018689
0.0590964429
0.0577652823
0.0577998276
0.0525253472
0.0540719493
0.0529742090
0.0471385511
0.0468505316
0.0456450269
0.0454668199
0.0435109204
0.0417762636
0.0436837702
0.0433643728
0.0400438535
0.0385612160
0.0353909581
0.0342502477
0.0295283007
0.0280603280
0.0267524451
0.0248355242
0.0231240551
0.0233746108
0.0242404517
0.0274038451
0.0309598430
0.0329369233
0.0325047809
0.0323404907
0.0330100054
0.0328232813
0.0353383155
0.0352351421
0.0365859953
0.0340997632
0.0325449110
0.0285254616
0.0296844073
0.0307300027
0.0356544975
0.0367282706
0.0374570400
0.0371978250
0.0427096846
0.0433255947
0.0402026273
0.0435568545
0.0401382066
0.0417141059
0.0437331356
0.0462179895
0.0501930139
0.0527242942
0.0505615067
0.0507012421
0.0537608585
0.0559461532
0.0589465122
0.0598732522
0.0650345957
0.0613240948
0.0587341973
0.0593670134
0.0626818811
0.0668704794
0.0728263332
0.0792398170
0.0849898861
0.0865494799
0.0913788331
0.0907927267
0.0917599687
0.0910646300
0.0930554962
0.0920481664
0.0936761299
0.0927875823
0.0943083647
0.0960175929
0.0951594406
0.0954826694
0.0947441884
0.0949804433
0.0949602686
0.0923895757
0.0914369699
0.0935913305
0.0930319568
0.0919835391
0.0908519614
0.0895034293
0.0898751365
0.0879849410
0.0898353256
0.0884807304
0.0896911812
0.0922027785
0.0912645556
0.0916008696
0.0938508349
0.0925840499
0.0930544998
0.0920236571
0.0899979879
0.0910129219
0.0900059381
0.0902846345
0.0897512242
0.0897486336
0.0892072119
0.0883260793
0.0839329802
0.0798431236
0.0773793308
0.0771599977
0.0745420735
0.0724834482
0.0689289952
0.0669706708
0.0660667797
0.0616229540
0.0606546424
0.0559449960
0.0522509722
0.0490781717
0.0483221370
0.0476842496
0.0468006863
0.0443831522
0.0428452688
0.0412444431
0.0394459427
0.0377229477
0.0361781510
0.0339093489
0.0329991849
0.0331340771
0.0309564762
0.0306624208
0.0344811064
0.0360844777
0.0360275847
0.0368778756
0.0384484423
0.0404312082
0.0387862816
0.0334392666
0.0293285409
0.0272763967
0.0264445687
0.0268785475
0.0267366617
0.0274241241
0.0298440177
0.0319045528
0.0339285461
0.0335408255
0.0365619758
0.0388684117
0.0381051037
0.0401082534
0.0395212164
0.0405039554
0.0397118118
0.0412291828
0.0423157423
0.0435391757
0.0449046324
0.0469362722
0.0496548956
0.0494620278
0.0512702810
0.0520015860
0.0518221121
0.0528625132
0.0490614397
0.0431053917
0.0414364668
0.0426412109
0.0427017705
0.0417576810
0.0440083748
0.0425165064
0.0448571781
0.0467299391
0.0447791163
0.0434107107
0.0468279477
0.0439393701
0.0419447724
0.0421947167
0.0448991858
0.0466584958
0.0455540155
0.0450624482
0.0431875606
0.0406852403
0.0430526985
0.0404242105
0.0415202533
0.0397255942
0.0407162466
0.0436459587
0.0458252307
0.0484430646
0.0522118154
0.0538628515
0.0566557546
0.0614744829
0.0684714934
0.0752197430
0.0828271363
0.0906857389
0.0961162998
0.1006733150
0.1025644235
0.1130200565
0.1199397563
0.1048672166
0.1042627467
0.1014275320
0.1046957387
0.1012508092
0.0875709109
0.0900133036
0.0849858608
0.0782768771
0.1256629133
0.0802674393
0.1280429457
0.1292018828
0.0731437513
0.0753347402
0.0831034867
0.0970603657
0.0952553809
0.0997613732
0.1006305958
0.1019981110
0.1086414961
0.1125451939
0.1173897628
0.1166760017
0.1142848965
0.1156558563
0.1132754378
0.1102976675
0.1072427444
0.1096387593
0.1068881427
0.0919348633
0.0941629256
0.1093909276
0.0855212005
0.1020192781
0.0984532020
0.0948628857
0.0709566124
0.0779566613
0.0819084328
0.0811333066
0.0947996659
0.0896924698
0.0904915529
0.0910680584
0.0832788078
0.0881690202
0.0878383788
0.0853866964
0.0897089171
0.0910038180
0.0920118854
0.0905376881
0.0894154414
0.0893789134
0.0899996169
0.0881347077
0.0855241915
0.0855038948
0.0874084607
0.0904930268
0.0932622055
0.0996893806
0.0997222101
0.0961163883
0.1067280272
0.1021845247
0.0982291813
0.1015163093
0.0944874891
0.1028031685
0.1007245036
0.1002707216
0.1012409486
0.0985115517
0.1051498674
0.0956467269
0.0980721726
0.1009461784
0.0973984121
0.0938394448
0.0943685496
0.0968900348
0.0992324017
0.0964042795
0.1015748303
0.0983872104
0.0987834173
0.0956707921
0.0927927473
0.0918322579
0.0925843301
0.0921597116
0.0899115059
0.0881108952
0.0849732551
0.0841752909
0.0807583839
0.0773442895
0.0748113463
0.0740701791
0.0741826081
0.0747049472
0.0789051617
0.0822861333
0.0848047085
0.0845743810
0.0841547906
0.0850320216
0.0910811266
0.0969552577
0.1031933636
0.1130782838
0.1189542300
0.1235347105
0.1254443480
0.1275731501
0.1315292234
0.1333349264
0.1322732963
0.1333205978
0.1357342399
0.1346144860
0.1333168146
0.1314704636
0.1287940327
0.1272194944
0.1234385426
0.1222604617
0.1216068910
0.1280916606
0.1316387621
0.1384413420
0.1413535248
0.1496303748
0.1497769818
0.1537662686
0.1566101938
0.1589326653
0.1560139102
0.1552943598
0.1552066948
0.1520673507
0.1527961732
0.1505582732
0.1517535849
0.1520822744
0.1560217173
0.1591568711
0.1586378989
0.1564629525
0.1561996103
0.1576258885
0.1569083453
0.1602268535
0.1593448103
0.1594796182
0.1611120717
0.1645038869
0.1667233046
0.1662579556
0.1688520429
0.1700138693
0.1742204885
0.1762274579
0.1772909915
0.1767423371
0.1753766026
0.1750639013
0.1734813185
0.1711889031
0.1659083808
0.1636611981
0.1579502212
0.1577673539
0.1522968948
0.1468834382
0.1418238739
0.1384333841
0.1365331049
0.1368419428
0.1347377615
0.1345456487
0.1338668844
0.1354552041
0.1351841600
0.1369162392
0.1382284884
0.1386405235
0.1401630291
0.1423324701
0.1435849370
0.1459292659
0.1473271768
0.1507667987
0.1532505032
0.1522115017
0.1526570493
0.1522524027
0.1514839826
0.1509848768
0.1519198529
0.1526699766
0.1529013232
0.1524334411
0.1532590211
0.1536377312
0.1534603650
0.1537564463
0.1539994789
0.1537069543
0.1553041694
0.1531506144
0.1497825772
0.1477680920
0.1455996842
0.1456707649
0.1437355092
0.1455942620
0.1472510485
0.1452636171
0.1445402129
0.1435724926
0.1418184968
0.1393330208
0.1376423897
0.1344166650
0.1372055992
0.1325443604
0.1336140764
0.1351220210
0.1327625273
0.1318724334
0.1322234954
0.1314215812
0.1304873180
0.1286830246
0.1280283341
0.1288189233
0.1295932198
0.1255166871
0.1266929111
0.1191473139
0.1132021620
0.1145450772
0.1110604099
0.1076045333
0.1038745530
0.1020782498
0.1098403751
0.1029574476
0.1003161121
0.0934372827
0.1074333235
0.1027408489
0.1031518175
0.1051152859
0.1064683794
0.1085668499
0.1093497337
0.1114478188
0.1151274292
0.1146305277
0.1205507928
0.1152706571
0.1109395883
0.1071457349
0.1108772625
0.1152470266
0.0975866777
0.0912035182
0.0925872115
0.0910660006
0.0840962878
0.0805673768
0.0789442158
0.0789120358
0.0983068420
0.0948136905
0.1023136960
0.1101010321
0.1062337285
0.1052543445
0.1088212946
0.1173724890
0.1201208107
0.1200064462
0.1208761169
0.1315061855
0.1263962039
0.1254608595
0.1214341531
0.1213822076
0.1187127481
0.1164516160
0.1154846676
0.1138743851
0.1138348445
0.1135916086
0.1096399279
0.1093982003
0.1100470067
0.1065548508
0.1084331867
0.1066421705
0.1038330486
0.1016601773
0.1024207782
0.1025584546
0.1027975658
0.1039190885
0.1049161861
0.1087225241
0.1090906709
0.1085467114
0.1076376564
0.1155057811
0.1147734486
0.1148365097
0.1151942642
0.1138590272
0.1168595410
0.1163490182
0.1165621359
0.1191548120
0.1189331769
0.1196448812
0.1203217635
0.1200834128
0.1187624699
0.1237236213
0.1216160859
0.1219602215
0.1240028592
0.1226447684
0.1218029588
0.1213762803
0.1216843967
0.1194282024
0.1203133002
0.1197105385
0.1205817202
0.1177019621
0.1164768413
0.1141258882
0.1119593273
0.1106621676
0.1107299185
0.1088366361
0.1089968739
0.1099653428
0.1116059662
0.1130568480
0.1107218275
0.1047450201
0.1042558120
0.1084565214
0.1060847605
0.1083191125
0.1060333576
0.1003261999
0.0949820252
0.0899962183
0.0892073352
0.0843943024
0.0838725802
0.0899183980
0.0896533020
0.0919832733
0.0933678786
0.0958991791
0.0979662153
0.0949655732
0.0926953786
0.0932597901
0.0937003590
0.0948128757
0.0956514936
0.0965490441
0.0978016936
0.0992981094
0.1007483761
0.1039158337
0.1060677837
0.1095436381
0.1130753561
0.1156435367
0.1186009821
0.1178387820
0.1170449858
0.1176455725
0.1162252117
0.1108115553
0.1025771237
0.0963656339
0.0910254282
0.0877012125
0.0875177023
0.0871934557
0.0859053876
0.0869851541
0.0874970660
0.0879283286
