0.0517532849
0.0478138822
0.0447928369
0.0410376838
0.0369058833
0.0320352187
0.0273923382
0.0253352823
0.0252086193
0.0238390738
0.0255813168
0.0282618367
0.0311531044
0.0328008645
0.0404166858
0.0407290445
0.0465989129
0.0543981327
0.0585582462
0.0637562804
0.0676872292
0.0710830249
0.0734959473
0.0774224186
0.0793825799
0.0830910744
0.0865395610
0.0907927138
0.0931521685
0.0951774676
0.0982043556
0.1003234068
0.1007384561
0.1002168862
0.0980074636
0.0952552581
0.0960104591
0.0939711301
0.0929306886
0.0911486393
0.0867204123
0.0821000928
0.0770441150
0.0731388860
0.0672616981
0.0627335053
0.0627903363
0.0663478344
0.0722295699
0.0759731027
0.0784723396
0.0811979996
0.0840575575
0.0873299125
0.0911381178
0.0926085394
0.0948296480
0.0975155269
0.1018240062
0.1060255027
0.1106083297
0.1108093854
0.1126924689
0.1113163579
0.1116751539
0.1099677356
0.1094004536
0.1062642185
0.1077084599
0.1075290525
0.1092028109
0.1104212031
0.1084955724
0.1084836764
0.1060417332
0.1046953869
0.1041195300
0.1002914841
0.0977394145
0.0925683666
0.0868672411
0.0849570864
0.0840125730
0.0844431946
0.0864833327
0.0878614609
0.0925472424
0.0931115502
0.0944231002
0.0960577443
0.0992286447
0.1025485937
0.0996496054
0.1035752584
0.1090028854
0.1152521109
0.1195942808
0.1255134466
0.1314395173
0.1341393467
0.1361258458
0.1384776685
0.1407996685
0.1413527143
0.1365706634
0.1278082754
0.1133740302
0.1123500611
0.1139435244
0.1159600994
0.1213978288
0.1212889932
0.1237068109
0.1226471030
0.1272272898
0.1270003064
0.1267076265
0.1319264623
0.1333122252
0.1405672663
0.1514512218
0.1582182084
0.1668309276
0.1782759470
0.1899625190
0.2027901454
0.2105704058
0.2124510618
0.2130233013
0.2106752406
0.2074624885
0.2048572666
0.2067709012
0.2069933358
0.2099424103
0.2122273329
0.2112590627
0.2113847988
0.2090751207
0.2046911012
0.2011873061
0.1943072533
0.1914181710
0.1860051781
0.1810209887
0.1784470631
0.1748351347
0.1706488910
0.1668477897
0.1611006349
0.1543969338
0.1467409917
0.1382717159
0.1303907943
0.1116242985
0.0990132068
0.0909051912
0.0821885177
0.0776018026
0.0722860491
0.0689737658
0.0665914608
0.0644329155
0.0658014721
0.0703019628
0.0755348055
0.0799718297
0.0853022144
0.0907825290
0.0963640560
0.1030714921
0.1107158143
0.1187437684
0.1261979717
0.1271969397
0.1336885538
0.1404523563
0.1402108885
0.1461548312
0.1511930543
0.1562443508
0.1613087607
0.1647647602
0.1695920435
0.1716742177
0.1746936894
0.1762244291
0.1790139178
0.1812437355
0.1880764581
0.1954167571
0.2079043104
0.2140269060
0.2169862201
0.2161865658
0.2106331489
0.2072659314
0.2010298920
0.1929449906
0.1905917475
0.1877497162
0.1888073660
0.1796038493
0.1740732390
0.1682616268
0.1576930640
0.1490890587
0.1428073006
0.1368853944
0.1292861028
0.1246900035
0.1228735247
0.1278397106
0.1304964301
0.1344356264
0.1484328903
0.1547598006
0.1609496811
0.1723579574
0.1720192555
0.1800712751
0.1815095102
0.1803108397
0.1751842885
0.1750891880
0.1801056182
0.1866181677
0.1882836262
0.1929956774
0.1951847983
0.1992068106
0.2022942204
0.2086895663
0.2157132252
0.2198769225
0.2228358295
0.2257348747
0.2300961456
0.2343490678
0.2355776149
0.2347014726
0.2314876156
0.2205077467
0.2171385029
0.2112608678
0.2061090351
0.2021901113
0.2045763210
0.2082089106
0.2097829797
0.2085034585
0.2069315220
0.2017141792
0.2038076081
0.1830737097
0.1645584956
0.1496466785
0.1379921035
0.1321738962
0.1337912413
0.1401815779
0.1417918784
0.1403449266
0.1326610505
0.1338044012
0.1332115328
0.1289167695
0.1262684021
0.1196234516
0.1175670167
0.1108224464
0.1075022953
0.1071489542
0.1054245123
0.1046839934
0.1043087144
0.1045641345
0.1065161680
0.1071521060
0.1085217251
0.1077256916
0.1059810365
0.1029047466
0.1007769181
0.0997992880
0.0992217122
0.1005013577
0.1032107703
0.1067022907
0.1103025931
0.1137374264
0.1136596662
0.1161139532
0.1178099225
0.1176359906
0.1211689956
0.1215583987
0.1227304969
0.1242866626
0.1278166208
0.1278825143
0.1273951240
0.1298290721
0.1286791005
0.1305787439
0.1281159662
0.1276125087
0.1265075000
0.1247541949
0.1233620726
0.1223097961
0.1203343960
0.1178620060
0.1159862655
0.1155404063
0.1196730626
0.1232985660
0.1243091987
0.1223109490
0.1216013464
0.1232808169
0.1177476456
0.1138198231
0.1075431580
0.1017950693
0.0960591856
0.0918918435
0.0910864516
0.0873504750
0.0862959489
0.0835203027
0.0834673219
0.0828487679
0.0842947634
0.0860545318
0.0887429110
0.0921439266
0.0926850586
0.0976483379
0.1036591960
0.1112051977
0.1175662300
0.1295993450
0.1378242590
0.1419853646
0.1459515580
0.1505436843
0.1559527485
0.1592771537
0.1651682435
0.1655851348
0.1625261467
0.1618377898
0.1660390250
0.1703847152
0.1720316599
0.1761072753
0.1795807604
0.1854841321
0.1875362682
0.1874658919
0.1864965567
0.1843142605
0.1808090789
0.1809889674
0.1799578894
0.1779064673
0.1749854662
0.1719986691
0.1672039526
0.1631144708
0.1584679552
0.1527133577
0.1485309064
0.1433468696
0.1378373120
0.1311001307
0.1250159193
0.1166735207
0.1096865764
0.1051244031
0.1035878217
0.1053056615
0.1088446489
0.1109218407
0.1132144589
0.1168407667
0.1141215292
0.1097873792
0.1108118351
0.1134200637
0.1197502954
0.1193701993
0.1196698257
0.1183973411
0.1178644206
0.1173763477
0.1106649058
0.1086699975
0.1121501351
0.1106282190
0.1095536654
0.1086768855
0.1110694916
0.1096651939
0.1079827794
0.1104205008
0.1102046273
0.1108015720
0.1116285313
0.1149323554
0.1202976817
0.1194235002
0.1192075844
0.1181194212
0.1131413614
0.1064673328
0.0991987180
0.0943572907
0.0863567583
0.0796523561
0.0718280125
0.0641966501
0.0615843038
0.0677605002
0.0790382933
0.0833403880
0.0853125259
0.0876235242
0.0938513449
0.0968235218
0.0978424392
0.1020684776
0.1023816564
0.1059361571
0.1040039944
0.1064236381
0.1051555763
0.1081816581
0.1048627665
0.1075650371
0.1047950797
0.1067737953
0.1047573861
0.1072094093
0.1054532318
0.1099285760
0.1069616489
0.1034560501
0.1049483596
0.0997963092
0.0950760015
0.0949455253
0.0875027191
0.0863669364
0.0813335372
0.0778193441
0.0800945802
0.0777202242
0.0789795577
0.0767453211
0.0758118331
0.0709885291
0.0686624925
0.0624041918
0.0534364369
0.0443278732
0.0387792387
0.0311078789
0.0248771656
0.0253370239
0.0322320235
0.0420047682
0.0528631174
0.0643515440
0.0771464687
0.0909925003
0.1052968708
0.1195173129
0.1328568461
0.1443036502
0.1534856497
0.1611113616
0.1687862849
0.1700640904
0.1694731327
0.1679788450
0.1677653955
0.1693953662
0.1756336426
0.1766132837
0.1756348432
0.1766697752
0.1723706843
0.1719693698
0.1708121128
0.1670284561
0.1647648775
0.1586400243
0.1545693537
0.1455685365
0.1370754458
0.1309986106
0.1228051332
0.1155144208
0.1095787378
0.1046556456
0.1006889848
0.0992035635
0.0872111150
0.0688045450
0.0565788817
0.0417129283
0.0353197297
0.0338193790
0.0303629405
0.0295899364
0.0295957312
0.0297947433
0.0275017350
0.0292447861
0.0320853935
0.0353970441
0.0395222611
0.0437297997
0.0479367803
0.0552973340
0.0579952063
0.0586947560
0.0584718245
0.0575672937
0.0579488895
0.0631674026
0.0641922886
0.0654058217
0.0696481874
0.0721276165
0.0799099994
0.0822255012
0.0894788599
0.0910194226
0.0914925891
0.0952538979
0.0939911506
0.0961913182
0.0927886643
0.0962167038
0.0967277835
0.1007965341
0.0820783788
0.0711989465
0.0588059692
0.0731848462
0.0859689761
0.0902042923
0.0844775837
0.0778814908
0.0737535559
0.0707796490
0.0705408166
0.0705776096
0.0703892376
0.0714612202
0.0721627712
0.0717971531
0.0727069729
0.0721777596
0.0726796197
0.0701221781
0.0701840066
0.0693046252
0.0701145165
0.0717114450
0.0729835250
0.0703243543
0.0704422824
0.0704181546
0.0654436837
0.0651195658
0.0649802931
0.0601996823
0.0588695378
0.0570340553
0.0509348558
0.0456809550
0.0436953131
0.0394362204
0.0391512799
0.0423348686
0.0454809287
0.0530006150
0.0681489212
0.0796457865
0.0906463750
0.1005046888
0.1089306407
0.1162444064
0.1235035142
0.1298256347
0.1380771391
0.1459312330
0.1537394531
0.1686847581
0.1820395741
0.1971375017
0.2007247602
0.2013680315
0.2005999116
0.1974911376
0.1929520026
0.1935341554
0.1891591070
0.1855694365
0.1814535330
0.1785262492
0.1771962235
0.1753060741
0.1735370339
0.1710393960
0.1687461620
