3.843651736095667459e+00
3.777554723874674725e+00
3.741102868385322910e+00
3.717326688610754992e+00
3.679255909195914942e+00
3.643490333909086054e+00
3.636062015542428583e+00
3.620361271231008260e+00
3.608602624325807362e+00
3.610562419967351833e+00
3.617815903899054053e+00
3.648358281860691665e+00
3.665681567985015210e+00
3.688329518384281691e+00
3.705746923061195019e+00
3.724843173614398317e+00
3.743063027151060318e+00
3.753392148255013883e+00
3.761978423562018392e+00
3.764747032150433714e+00
3.780715172544136582e+00
3.780129705668233253e+00
3.728766328154500265e+00
3.751743005492731875e+00
3.814243976047020812e+00
3.865218178019815820e+00
3.900559728255089453e+00
3.932257172979868098e+00
3.953883689848525229e+00
3.964684151469316298e+00
3.990232311417938771e+00
4.017168428197302354e+00
4.035667229212768881e+00
4.066495703611956003e+00
4.098202283991816408e+00
4.125336309123860623e+00
4.142226948189924762e+00
4.153909365338406268e+00
4.178699768365696343e+00
4.208989618432833701e+00
4.229076635009117346e+00
4.232174492890488970e+00
4.228217034360654658e+00
4.216857504364919684e+00
4.185927774517060662e+00
4.167815425857085643e+00
4.126952298965777644e+00
4.077504069148363719e+00
4.003202212327910736e+00
3.892205143829363667e+00
3.833273776069924477e+00
3.797135417876844610e+00
3.732299443238245917e+00
3.693573966991272162e+00
3.650445812728154937e+00
3.603615939971441584e+00
3.570581107259870546e+00
3.519238458382210499e+00
3.428234810573763891e+00
3.423929300670208065e+00
3.414603918740354072e+00
3.380906988345123931e+00
3.365785309481802656e+00
3.360802596725116054e+00
3.395893853629790460e+00
3.388329448366819818e+00
3.374465312696727448e+00
3.330685520488182672e+00
3.293252641816593496e+00
3.249493574281625552e+00
3.204340278378018603e+00
3.158045180426100718e+00
3.082837177776921678e+00
3.020949508268263806e+00
2.923054047249360909e+00
2.845507664786677271e+00
2.763858152405289204e+00
2.740440158629577461e+00
2.686631156139748011e+00
2.627488070839179013e+00
2.578868088422505700e+00
2.533976022032668585e+00
2.501572645610132373e+00
2.471376417938783376e+00
2.441760830501999102e+00
2.407794256694983037e+00
2.374334976943965447e+00
2.332594964609369548e+00
2.285295469170661065e+00
2.238764639184052552e+00
2.188018843810669356e+00
2.136854810030396568e+00
2.085464027631775519e+00
2.033804163185450431e+00
1.983190206462350558e+00
1.932885277382971223e+00
1.884645251666621002e+00
1.844327582522133913e+00
1.797149217643057684e+00
1.752549536196921665e+00
1.710947432468499674e+00
1.670394589406673846e+00
1.637927661825180570e+00
1.603827767416572625e+00
1.571922022349363735e+00
1.541698736889858257e+00
1.513530332490684804e+00
1.487599229705998338e+00
1.463541821954512878e+00
1.438147119179969069e+00
1.421200051764883954e+00
1.399122999090532726e+00
1.381977542916590806e+00
1.369406150797573885e+00
1.352679146464273119e+00
1.339003473344192674e+00
1.333080481667791695e+00
1.316002421148117163e+00
1.301612522276819561e+00
1.298596065145824818e+00
1.295582977630947763e+00
1.290925703936929070e+00
1.284200172376221749e+00
1.264691790663430293e+00
1.258173998928922677e+00
1.262373096014835827e+00
1.270603371224789502e+00
1.271189068209219730e+00
1.275028362855649799e+00
1.276739472485511673e+00
1.278332468683411882e+00
1.286523384725551056e+00
1.295786141128518310e+00
1.300624351035775561e+00
1.301293952478744798e+00
1.304110149233252081e+00
1.305687369762747352e+00
1.308907304077257860e+00
1.309249649456584619e+00
1.308351644105146150e+00
1.310066650976992486e+00
1.309988303946227894e+00
1.310087930759941566e+00
1.311606136759327912e+00
1.305400147659648402e+00
1.304837877810868019e+00
1.300888350639745283e+00
1.297748405350473533e+00
1.298371201800984975e+00
1.299853694736777365e+00
1.296229374176231186e+00
1.294413777828654410e+00
1.291868031420836394e+00
1.283973825721468787e+00
1.278509570812958573e+00
1.279681293210370940e+00
1.280837230489336065e+00
1.279779876777516145e+00
1.276287652387835703e+00
1.273628998376227228e+00
1.273604812339961256e+00
1.277273191221095061e+00
1.284106541424527181e+00
1.284244575934971433e+00
1.285829358246991738e+00
1.288703535663590305e+00
1.291709929201538154e+00
1.297815076973019233e+00
1.303868935972298138e+00
1.307073039065546283e+00
1.310676762586984401e+00
1.315017480683469353e+00
1.311025935153146804e+00
1.312822083071868651e+00
1.312316015329862973e+00
1.308148585327516766e+00
1.315072590652586193e+00
1.316330768815410224e+00
1.324807246905678193e+00
1.311129206044440387e+00
1.306989415249591113e+00
1.309952565524123980e+00
1.314381082832187131e+00
1.315993286309675714e+00
1.312595612763578723e+00
1.320473609028439688e+00
1.329539556488877894e+00
1.335610877592084300e+00
1.349963274296118509e+00
1.373832999678406441e+00
1.399966141971226374e+00
1.416254901230927565e+00
1.444050370234995828e+00
1.468409423319679830e+00
1.501063998750368000e+00
1.523630933113564456e+00
1.547183290578097559e+00
1.572885005033875627e+00
1.630419219118201202e+00
1.696521775722273917e+00
1.788552266721262329e+00
1.873227613196123409e+00
1.958488234012743412e+00
2.045660505322563605e+00
2.136060004433032677e+00
2.219696715006655552e+00
2.282868979520722874e+00
2.331222229901965814e+00
2.363820678328660385e+00
2.394064507020979171e+00
2.423846151857217635e+00
2.437409937254482184e+00
2.456657012553299602e+00
2.455620019711310498e+00
2.452438078267448862e+00
2.467753315040517315e+00
2.468085786715145336e+00
2.490435168632065821e+00
2.493062178937355711e+00
2.489526884465562251e+00
2.499507051217580322e+00
2.470981931695898748e+00
2.433616650737568943e+00
2.393749476100166973e+00
2.285704231288162358e+00
2.205278948338950773e+00
2.124417140969440343e+00
2.080423414569167129e+00
2.030674117702219839e+00
1.933238847913720582e+00
1.835386210891713832e+00
1.720476733788550483e+00
1.620320038063840284e+00
1.499975950903875477e+00
1.404478458784453654e+00
1.335026103340125836e+00
1.254840235021391415e+00
1.180558725549159860e+00
1.118959042724915642e+00
1.074635312232717244e+00
1.044336254119674789e+00
1.041963084995312760e+00
1.045802220601497856e+00
1.062310042058693949e+00
1.068202030255268831e+00
1.067365311112026705e+00
1.062811983761009493e+00
1.048130371463513955e+00
1.009540714208145396e+00
9.612820717820214078e-01
9.154085089956738308e-01
8.631726826340522241e-01
8.132198032052582182e-01
7.720843072615990454e-01
7.516336786960494676e-01
7.385200755056151589e-01
7.127613444516088803e-01
6.886598419908782631e-01
6.701443741820984901e-01
6.446760290777826530e-01
6.218564199047683649e-01
6.055042692575705043e-01
5.925818733574337305e-01
5.754560254656877483e-01
5.491238710536165968e-01
5.211926186442767950e-01
4.964496258791905037e-01
4.901670685436139152e-01
4.979768269482837684e-01
5.093653718093484883e-01
5.173979002268433991e-01
5.365935860390194101e-01
5.342443576464533939e-01
5.190477622041808070e-01
5.115901410432344143e-01
4.986092148092603482e-01
4.765166278836417413e-01
4.560580466344625328e-01
4.306275126256300934e-01
4.030051414376861763e-01
3.696072946312454199e-01
3.324635304712230122e-01
3.113836343531843909e-01
3.144671064248725223e-01
3.289778235902442449e-01
3.246806684893022155e-01
3.412852467093226982e-01
3.537202117097875687e-01
3.600674201898585447e-01
3.737910559887239192e-01
3.703968305704164465e-01
3.885202881986889456e-01
3.891261547443805591e-01
3.856198948889799083e-01
3.912369308634942588e-01
3.983202312451468718e-01
3.903724625803257631e-01
3.728685827747031944e-01
3.580098867039087085e-01
3.342258452181848805e-01
3.174146006663364772e-01
3.137670822460510989e-01
3.111746535182364770e-01
3.191938787516334086e-01
3.082772800886139364e-01
3.209318249616842644e-01
3.311834450726760526e-01
3.441699815459826617e-01
3.204136795699746854e-01
3.072843927736980119e-01
3.174081983506124027e-01
3.347300809899632079e-01
3.590715254982980720e-01
3.771558165095722504e-01
3.902088978540740327e-01
4.026708450755968616e-01
4.236371704295076590e-01
4.287286957756335504e-01
4.203302948391510752e-01
4.100798920825402538e-01
4.180743736233515362e-01
4.106365991294919637e-01
3.981367891041048823e-01
3.961109450783181773e-01
3.932174630005211280e-01
4.015874884655177834e-01
4.015556884088846146e-01
4.070548505148670615e-01
4.145255316645776733e-01
4.088807079536957434e-01
4.092943291403650652e-01
4.024582809050655241e-01
4.166542649242328533e-01
4.041929049207120261e-01
4.043227144667302930e-01
4.007991667649936640e-01
4.004477190528376584e-01
4.029294361838929861e-01
4.140801516537487847e-01
4.254715712789433613e-01
4.374968481085133032e-01
4.604648223859601486e-01
4.765546253143734257e-01
4.804120818571689377e-01
4.819647857668973856e-01
4.837052005146957878e-01
4.859163194105437511e-01
4.662085964421698869e-01
4.710568457116379171e-01
4.676657647489237402e-01
4.853278490075330076e-01
4.861032537204755255e-01
5.043845557646106093e-01
5.021656218537063898e-01
5.024016194087447262e-01
4.931022149478939132e-01
4.901643875464266054e-01
4.915060565488083011e-01
4.879391120412100435e-01
4.790462601950530308e-01
4.788136523673957035e-01
4.838395918206525592e-01
4.836780664436397537e-01
4.930183048420705982e-01
5.172414735677259845e-01
5.477008354952146441e-01
5.556090321494893125e-01
5.771003150198690257e-01
5.704780147949800595e-01
5.867463927917816457e-01
5.886782364884617369e-01
6.022864287880327350e-01
6.043472820005009183e-01
6.072414605980613889e-01
6.041522063431020717e-01
6.054103333238668450e-01
6.083452121587644701e-01
6.154850710248268575e-01
6.044865633490128509e-01
6.135096296510507141e-01
6.115571413045988169e-01
6.255717098110556984e-01
6.435796028286790982e-01
6.605695513998456336e-01
6.950022048580241085e-01
7.075532908480467453e-01
7.011347813280053298e-01
7.097295044695618449e-01
7.176763626773495774e-01
7.231159959236737045e-01
7.442183299004405672e-01
7.508614963440267687e-01
7.620283575439754653e-01
7.554572096678034976e-01
7.444587354458754858e-01
7.430944993232180273e-01
7.545238200687750529e-01
7.585727461423359408e-01
7.608786095493588197e-01
7.669549478711589208e-01
7.773427976552700347e-01
7.883352394073296354e-01
7.976833450607372367e-01
8.000690124764308075e-01
8.172883692558525759e-01
8.283341240489365820e-01
8.453713081723801537e-01
8.454927766238019560e-01
8.499899180001398991e-01
8.518331815027563314e-01
8.713545293991554752e-01
8.755232928028966466e-01
8.928969026130791908e-01
9.134171003261749577e-01
9.190486628190542850e-01
9.209981984713474512e-01
9.049643521008975400e-01
8.923530511163821899e-01
8.490838718424655873e-01
8.502786755984271805e-01
8.261054684842983331e-01
8.307081334290771224e-01
8.092909733293993657e-01
7.994433240940961305e-01
7.872225166797718332e-01
7.640695468431114579e-01
7.268560504657981536e-01
6.888381912941812235e-01
6.397663393692438749e-01
6.157636888420706667e-01
6.283730408551397861e-01
6.719633693398856522e-01
7.441692757013408377e-01
8.327588619752871457e-01
8.701619068654581346e-01
9.372599129964506171e-01
9.582202658372356296e-01
9.612406675649414201e-01
9.605980149937899393e-01
9.712398227780802973e-01
9.894270736655248477e-01
9.934935162614386694e-01
1.029211960381676949e+00
1.036548870805626743e+00
1.047843622845004541e+00
1.014006090717741726e+00
9.809247659412860809e-01
9.660249164431332636e-01
9.614717281958927719e-01
9.470246504113200015e-01
9.302590665508991830e-01
9.221532121855342545e-01
9.214705794732190869e-01
9.241956342399078039e-01
9.323202548530928890e-01
9.313565446396296910e-01
9.288759429367695608e-01
9.287045101609265885e-01
9.320823560362094806e-01
9.382522781998600125e-01
9.415712740706299044e-01
9.468838470048609457e-01
9.466213581055682447e-01
9.496614656050783587e-01
9.501496884068573179e-01
9.382307364846130815e-01
9.355485208942564412e-01
9.104382460256050802e-01
9.002838109308655135e-01
8.668648918882652099e-01
8.656397428326511045e-01
8.542544863842860270e-01
8.208685955984033056e-01
8.161006105326202853e-01
8.054851157784653770e-01
7.799240656303952912e-01
7.747743546579222151e-01
7.514311966099669338e-01
7.455759598703559643e-01
7.302199074116771937e-01
7.198293741778326593e-01
7.156563827116161347e-01
7.092061202931588815e-01
7.088958823668444209e-01
7.077793734179756990e-01
7.024933484829072317e-01
6.957347141746532682e-01
6.931404504478360096e-01
6.862525160289257853e-01
6.770943765121524294e-01
6.723064471717770108e-01
6.637013858649837283e-01
6.535135199025716712e-01
6.439764423428295803e-01
6.368497945109614644e-01
6.359143893065634101e-01
6.449022251879884537e-01
6.519535928010380399e-01
6.663124834623077586e-01
6.716135821265359906e-01
6.752386310215781062e-01
6.795982164945802984e-01
6.730516833195391291e-01
6.668721337694014650e-01
6.729762917474046979e-01
6.650940195148609124e-01
6.589616048076147869e-01
6.534048138275434514e-01
6.476387929638619534e-01
6.441851644544733801e-01
6.330776791742979137e-01
6.127772336868622105e-01
6.118118162312160546e-01
5.965605860421641093e-01
6.029678087097948280e-01
5.982225997363405101e-01
6.029474077990352177e-01
5.923374090212286669e-01
5.765483674183039531e-01
5.584307691004711804e-01
5.451857836948167391e-01
5.420928791503736299e-01
5.395458105760030376e-01
5.289259339736503973e-01
5.293921439812976359e-01
5.394655799126910622e-01
5.399468122247776947e-01
5.367920693041416946e-01
5.363991475087133143e-01
5.311436230254219515e-01
5.298272010661008169e-01
5.277793718266211576e-01
5.309146818410004354e-01
5.367406839994427470e-01
5.339878097867555296e-01
5.422504197486752719e-01
5.445091935032648767e-01
5.386177928610955679e-01
5.514916985320464926e-01
5.606402765000576549e-01
5.567710405912096316e-01
5.820655558094033344e-01
6.020824740532287889e-01
6.021266841229812039e-01
6.186325302486297417e-01
6.237476162802028101e-01
6.293772354227673560e-01
6.272804270227014811e-01
6.221286713927867140e-01
6.275408250995022641e-01
6.201145643093399773e-01
6.083195463646622336e-01
6.172287176751138915e-01
6.005686754303466435e-01
5.846415135004999764e-01
5.549260174666492684e-01
5.311123535271773388e-01
5.135465586620808764e-01
4.993709550307138256e-01
4.945042655161763223e-01
4.936091339753714280e-01
5.084867071482644940e-01
5.391457000242209086e-01
5.748553613641161908e-01
5.853871697648260763e-01
5.903507608913605154e-01
5.732203292653254012e-01
5.682145199415454817e-01
5.618076996438424731e-01
5.458767866655738210e-01
5.453234454608724135e-01
5.527607868173275429e-01
5.760859692869874094e-01
5.776743633542654743e-01
5.759830371367432589e-01
5.774335303223461224e-01
5.726790238374865893e-01
5.737222558753118928e-01
5.723446471211937059e-01
5.671254483979638605e-01
5.594786126049983155e-01
5.531322141316263874e-01
5.330791261515404056e-01
5.286410135360989360e-01
5.058509886620048412e-01
5.058949620800596847e-01
5.033182328633430958e-01
5.055402223009504148e-01
5.078848934959105943e-01
4.960816615237498284e-01
4.894816336464087314e-01
4.622134706706222396e-01
4.383407771424873145e-01
4.372942611370829180e-01
4.181465495412266531e-01
4.219382027877612296e-01
4.040544577874046750e-01
4.106976347232628721e-01
3.973902632067008445e-01
4.083099004625819206e-01
3.977768433584961127e-01
3.961630059928215042e-01
3.795883361526585231e-01
3.814504607757306376e-01
3.576483439345557458e-01
3.588860735723768958e-01
3.327003916906415282e-01
3.113170797818997637e-01
3.210293743888222862e-01
3.064648725575793708e-01
2.897934482722907545e-01
2.918355891006216840e-01
2.695324028578533482e-01
2.955156777013576153e-01
3.041974775091909056e-01
3.014271214424794065e-01
3.143973503469940645e-01
3.157342838224272419e-01
3.575209452705417901e-01
3.587121744395189160e-01
3.872780343245034729e-01
3.823990627281005361e-01
3.970387533983629758e-01
4.038492137209584443e-01
4.050560593263037301e-01
4.068404005286133662e-01
4.142617984286318111e-01
4.137802301237989422e-01
4.110747101258109826e-01
4.166018811355073903e-01
4.134155897308591232e-01
4.030895906888599112e-01
3.875492893757679913e-01
3.643107628100435980e-01
3.424288788412154227e-01
3.108036637624818077e-01
2.814063781899603378e-01
2.587000228951287228e-01
2.424334986854583263e-01
2.364763796967240261e-01
2.354628333479159563e-01
2.347195687763326544e-01
2.443116475668362653e-01
2.456510086167690565e-01
2.518879471487511790e-01
2.576207299465019251e-01
2.628270764029359552e-01
2.660387667404229273e-01
2.673958354747341115e-01
2.677216565601061582e-01
2.642083847693812992e-01
2.730764187495915429e-01
2.857437097650813995e-01
2.936024422795920352e-01
3.077399216340041543e-01
3.111914553485021218e-01
3.306968754711110403e-01
3.437877505304913206e-01
3.490127597331224019e-01
3.530303118260146311e-01
3.511918532036433782e-01
3.512227753971181032e-01
3.451742557621265695e-01
3.420845606551671247e-01
3.437161495294168700e-01
3.493560109668682467e-01
3.499508598544083804e-01
3.603586277009100391e-01
3.698708341669906252e-01
3.586268719775965730e-01
3.598866001523777225e-01
3.588604360248235370e-01
3.595030525455673032e-01
3.445089657715501019e-01
3.520807706055278374e-01
3.554461651322969318e-01
3.405087933359687291e-01
3.416238021690232718e-01
3.436272345544401086e-01
3.322371630556229527e-01
3.317540654279610979e-01
3.306951652231255312e-01
3.175012971658990879e-01
3.202385127032039702e-01
3.042958793907095116e-01
3.105000747963535535e-01
3.089521944873623860e-01
3.106484223461667971e-01
3.042242540955996111e-01
3.116920540098197523e-01
3.021446502608008400e-01
3.132545850596236692e-01
3.101191123812443440e-01
3.101082458071014458e-01
3.071667795597702866e-01
3.011825920133900381e-01
2.974503563461648459e-01
2.954287859001568650e-01
2.953357522286813586e-01
2.974017448463029956e-01
2.972803125195626617e-01
3.128269818827044690e-01
3.102508013316529478e-01
3.141156007150696094e-01
2.999317984226348432e-01
2.799384239540723684e-01
2.460475256846870462e-01
2.175411643295489805e-01
1.769680563128756823e-01
1.555297955391944653e-01
1.436669378020002663e-01
1.333487934065245295e-01
1.235557431300761122e-01
1.264270340213523303e-01
1.413135407460864579e-01
1.610982941876537566e-01
1.803547745555618698e-01
1.866422966770842906e-01
3.093884605271545185e-01
3.351455263454550804e-01
3.190397065289630185e-01
3.148595063993200882e-01
3.138693147594963651e-01
3.489488943006484600e-01
3.857628501422336598e-01
3.870897308657435532e-01
4.070156469929035459e-01
4.037885464077844988e-01
3.372823240306074277e-01
3.407335433854780105e-01
3.497648517502887078e-01
3.527256584926403704e-01
3.556540660403339493e-01
3.614825356944498802e-01
3.641536113519198148e-01
3.707304961556294187e-01
3.789536980888097428e-01
3.903175633067382799e-01
4.019251821119221302e-01
4.100522585936210995e-01
4.123774855490515145e-01
