0.0758486992
0.0758486992
0.0766050692
0.0766050692
0.0748439593
0.0748439593
0.0830851436
0.0830851436
0.0810952001
0.0810952001
0.0805985439
0.0805985439
0.0653633858
0.0653633858
0.0663348958
0.0663348958
0.0657269799
0.0657269799
0.0668387349
0.0668387349
0.0687190864
0.0687190864
0.0555602189
0.0555602189
0.0588389218
0.0588389218
0.0620192788
0.0620192788
0.0594130602
0.0594130602
0.0628033643
0.0628033643
0.0609243487
0.0609243487
0.0481204716
0.0481204716
0.0587376769
0.0587376769
0.0608061236
0.0608061236
0.0669227844
0.0669227844
0.0719963107
0.0719963107
0.0801302735
0.0801302735
0.0896569684
0.0896569684
0.0960633956
0.0960633956
0.0989626966
0.0989626966
0.1001475940
0.1001475940
0.1045191772
0.1045191772
0.1108319633
0.1108319633
0.0984672007
0.0984672007
0.0997415188
0.0997415188
0.1809025253
0.1809025253
0.2061039175
0.2061039175
0.2156513589
0.2156513589
0.2147430790
0.2147430790
0.2175416889
0.2175416889
0.2201761856
0.2201761856
0.2858727546
0.2858727546
0.3129604408
0.3129604408
0.4207119029
0.4207119029
0.3945642022
0.3945642022
0.4012515300
0.4012515300
0.4005528184
0.4005528184
0.3481085513
0.3481085513
0.3087019505
0.3087019505
0.2947050118
0.2947050118
0.3975452845
0.3975452845
0.3967788250
0.3967788250
0.3486633034
0.3486633034
0.3084758688
0.3084758688
0.3407352360
0.3407352360
0.3281094041
0.3281094041
0.3427762959
0.3427762959
0.3447272273
0.3447272273
0.2540863683
0.2540863683
0.2528196375
0.2528196375
0.2517676575
0.2517676575
0.2444548629
0.2444548629
0.1990414961
0.1990414961
0.1982573726
0.1982573726
0.1921507106
0.1921507106
0.1909839556
0.1909839556
0.1908265707
0.1908265707
0.1327952946
0.1327952946
0.1344765033
0.1344765033
0.1364975545
0.1364975545
0.1392623638
0.1392623638
0.1402818946
0.1402818946
0.1345911144
0.1345911144
0.0923197651
0.0923197651
0.0899984791
0.0899984791
0.0896465143
0.0896465143
0.0885044893
0.0885044893
0.0870740717
0.0870740717
0.0861977226
0.0861977226
0.0860659076
0.0860659076
0.0864157926
0.0864157926
0.0861590565
0.0861590565
0.0853556594
0.0853556594
0.0807884784
0.0807884784
0.0801381918
0.0801381918
0.0736842085
0.0736842085
0.0717148887
0.0717148887
0.0711307000
0.0711307000
0.0700791827
0.0700791827
0.0706706759
0.0706706759
0.0748318207
0.0748318207
0.0774006690
0.0774006690
0.0825073673
0.0825073673
0.0756743038
0.0756743038
0.0767132807
0.0767132807
0.0818811257
0.0818811257
0.0835118913
0.0835118913
0.0790951137
0.0790951137
0.0865205566
0.0865205566
0.0823186814
0.0823186814
0.0870102071
0.0870102071
0.0840446342
0.0840446342
0.0867677284
0.0867677284
0.0930776260
0.0930776260
0.1080233146
0.1080233146
0.1018976847
0.1018976847
0.0944192282
0.0944192282
0.0983221251
0.0983221251
0.1050395701
0.1050395701
0.1134643853
0.1134643853
0.1211892642
0.1211892642
0.1242181857
0.1242181857
0.1242172175
0.1242172175
0.1238668120
0.1238668120
0.1222480423
0.1222480423
0.1111535863
0.1111535863
0.1108881163
0.1108881163
0.1047500215
0.1047500215
0.1054957456
0.1054957456
0.1071751005
0.1071751005
0.1157809459
0.1157809459
0.1088275304
0.1088275304
0.1001996498
0.1001996498
0.1017018773
0.1017018773
0.1082723749
0.1082723749
0.1036512232
0.1036512232
0.1012082649
0.1012082649
0.1018739927
0.1018739927
0.1023832949
0.1023832949
0.0988732597
0.0988732597
0.0983570904
0.0983570904
0.0988813971
0.0988813971
0.0959670411
0.0959670411
0.1097739323
0.1097739323
0.1238040102
0.1238040102
0.1241277794
0.1241277794
0.1236453559
0.1236453559
0.1063101043
0.1063101043
0.1067474732
0.1067474732
0.1054463434
0.1054463434
0.0892958667
0.0892958667
0.0826042703
0.0826042703
0.0851881422
0.0851881422
0.0805081135
0.0805081135
0.0875463870
0.0875463870
0.0872231641
0.0872231641
0.0872718007
0.0872718007
0.0895788002
0.0895788002
0.0899363331
0.0899363331
0.0847079582
0.0847079582
0.0812167468
0.0812167468
0.0790178349
0.0790178349
0.0816803496
0.0816803496
0.0792094926
0.0792094926
0.0749206713
0.0749206713
0.0742942636
0.0742942636
0.0715265954
0.0715265954
0.0862410113
0.0862410113
0.0863087732
0.0863087732
0.0841577007
0.0841577007
0.0884486263
0.0884486263
0.0891143551
0.0891143551
0.0894406612
0.0894406612
0.0903320826
0.0903320826
0.0869231030
0.0869231030
0.0876147027
0.0876147027
0.1018114099
0.1018114099
0.1051161730
0.1051161730
0.0992923000
0.0992923000
0.1022567161
0.1022567161
0.1054008931
0.1054008931
0.1086749679
0.1086749679
0.1082312710
0.1082312710
0.0993045862
0.0993045862
0.0989573524
0.0989573524
0.1021337761
0.1021337761
0.1003938007
0.1003938007
0.0980478551
0.0980478551
0.0969328110
0.0969328110
0.0941038025
0.0941038025
0.0932439334
0.0932439334
0.0932816755
0.0932816755
0.0968474123
0.0968474123
0.0989826454
0.0989826454
0.0975505137
0.0975505137
0.0985486686
0.0985486686
0.0950450948
0.0950450948
0.0959009059
0.0959009059
0.0976752066
0.0976752066
0.0976238196
0.0976238196
0.0987391670
0.0987391670
0.0965716793
0.0965716793
0.0995057466
0.0995057466
0.0999940127
0.0999940127
0.1007712727
0.1007712727
0.0993194633
0.0993194633
0.1023155316
0.1023155316
0.1059509288
0.1059509288
0.1100420265
0.1100420265
0.1122760595
0.1122760595
0.1145847332
0.1145847332
0.1172780703
0.1172780703
0.1111582920
0.1111582920
0.1072143109
0.1072143109
0.1101428629
0.1101428629
0.1049693018
0.1049693018
0.1048355034
0.1048355034
0.1072314506
0.1072314506
0.1132626124
0.1132626124
0.1051688204
0.1051688204
0.1037920296
0.1037920296
0.1026959361
0.1026959361
0.1039413186
0.1039413186
0.0979697090
0.0979697090
0.0912627190
0.0912627190
0.0968644988
0.0968644988
0.0959697683
0.0959697683
0.1023681194
0.1023681194
0.0911011928
0.0911011928
0.0915819197
0.0915819197
0.0945041016
0.0945041016
0.0889044128
0.0889044128
0.0880758191
0.0880758191
0.0909918976
0.0909918976
11.8594701537
11.8594701537
11.8583310872
11.8583310872
11.8608189372
11.8608189372
11.8623893729
11.8623893729
11.8639342764
11.8639342764
11.8652084849
11.8652084849
11.8696509327
11.8696509327
11.8697200213
11.8697200213
11.8680422033
11.8680422033
11.8702228748
11.8702228748
11.8730219778
11.8730219778
11.8840731053
11.8840731053
11.8908507772
11.8908507772
11.8945985356
11.8945985356
11.8971614082
11.8971614082
11.8956084621
11.8956084621
11.8960187494
11.8960187494
11.8917287068
11.8917287068
11.8888653983
11.8888653983
11.8874037298
11.8874037298
11.8925830673
11.8925830673
11.8904872080
11.8904872080
11.8861551541
11.8861551541
11.8838169869
11.8838169869
11.8829724805
11.8829724805
11.8784009351
11.8784009351
11.8792248675
11.8792248675
11.8743805560
11.8743805560
11.8680167765
11.8680167765
11.8660278524
11.8660278524
11.8578779643
11.8578779643
11.8612927112
11.8612927112
11.8589678398
11.8589678398
11.8564208221
11.8564208221
11.8613487721
11.8613487721
11.8627881376
11.8627881376
11.8691410699
11.8691410699
11.8732264255
11.8732264255
11.8776513440
11.8776513440
11.8779592583
11.8779592583
11.8753668311
11.8753668311
11.8734174820
11.8734174820
11.8708228518
11.8708228518
11.8674514914
11.8674514914
11.8719074553
11.8719074553
11.8781344278
11.8781344278
11.8744917479
11.8744917479
11.8801346071
11.8801346071
11.8905059929
11.8905059929
11.8844478801
11.8844478801
11.8882441407
11.8882441407
11.8863047887
11.8863047887
11.8782983961
11.8782983961
11.8670162811
11.8670162811
11.8609836152
11.8609836152
11.8558752293
11.8558752293
11.8568724663
11.8568724663
11.8627362395
11.8627362395
11.8574983209
11.8574983209
11.8735740562
11.8735740562
11.8832397576
11.8832397576
11.8768488720
11.8768488720
11.8908543963
11.8908543963
11.8896141500
11.8896141500
11.9085342672
11.9085342672
11.9158957123
11.9158957123
11.9087900520
11.9087900520
11.8896546548
11.8896546548
11.8861593783
11.8861593783
11.8770341505
11.8770341505
11.8688998240
11.8688998240
11.8705906346
11.8705906346
11.8596736425
11.8596736425
11.8568680118
11.8568680118
11.8534671369
11.8534671369
11.8408738923
11.8408738923
11.8637231994
11.8637231994
11.8628483540
11.8628483540
11.8650544829
11.8650544829
11.8709809176
11.8709809176
11.8946915283
11.8946915283
11.8942854098
11.8942854098
11.8955661623
11.8955661623
11.9036821373
11.9036821373
11.9103721190
11.9103721190
11.9127451659
11.9127451659
11.9094812804
11.9094812804
11.9124081767
11.9124081767
11.9141986531
11.9141986531
11.9123071858
11.9123071858
11.9115696307
11.9115696307
11.9123844743
11.9123844743
11.9128057390
11.9128057390
11.9071858677
11.9071858677
11.8867471838
11.8867471838
11.8817731196
11.8817731196
11.8818829847
11.8818829847
11.8775963116
11.8775963116
11.8840975950
11.8840975950
11.8880235547
11.8880235547
11.8864558335
11.8864558335
11.8885197519
11.8885197519
11.8908784412
11.8908784412
11.8935037430
11.8935037430
11.8926913070
11.8926913070
11.8941402600
11.8941402600
11.8945396633
11.8945396633
11.8906218797
11.8906218797
11.8936858351
11.8936858351
11.9015697316
11.9015697316
11.8892610284
11.8892610284
11.8839507278
11.8839507278
11.8737458598
11.8737458598
11.8907851699
11.8907851699
11.8920378170
11.8920378170
11.8757549763
11.8757549763
11.8944605135
11.8944605135
11.8888111714
11.8888111714
11.8975540904
11.8975540904
11.9056546371
11.9056546371
11.9017459810
11.9017459810
11.8719191112
11.8719191112
11.8739144647
11.8739144647
11.8841410583
11.8841410583
11.8616869334
11.8616869334
11.8858957930
11.8858957930
11.9091803414
11.9091803414
11.9184586850
11.9184586850
11.9225159957
11.9225159957
11.9164712386
11.9164712386
11.9198257222
11.9198257222
11.9226851985
11.9226851985
11.9211910450
11.9211910450
11.9280877607
11.9280877607
11.9447982338
11.9447982338
11.9373553818
11.9373553818
11.9374321997
11.9374321997
11.9381489702
11.9381489702
11.9425594858
11.9425594858
11.9573328099
11.9573328099
11.9524644260
11.9524644260
11.9573379145
11.9573379145
11.9602627705
11.9602627705
11.9645650979
11.9645650979
11.9817437022
11.9817437022
11.9578007305
11.9578007305
11.9549037782
11.9549037782
11.9567796830
11.9567796830
11.9536031933
11.9536031933
11.9587869529
11.9587869529
11.9749913992
11.9749913992
11.9695917849
11.9695917849
11.9681082169
11.9681082169
11.9830758728
11.9830758728
12.0006201207
12.0006201207
12.0029878791
12.0029878791
12.0105556633
12.0105556633
12.0129753989
12.0129753989
12.0190532762
12.0190532762
12.0174000140
12.0174000140
12.0196263855
12.0196263855
12.0159673933
12.0159673933
12.0110460846
12.0110460846
12.0199403778
12.0199403778
12.0201410879
12.0201410879
12.0179800282
12.0179800282
12.0103844506
12.0103844506
12.0142088213
12.0142088213
12.0194348003
12.0194348003
12.0198049117
12.0198049117
12.0189964464
12.0189964464
12.0257492519
12.0257492519
12.0244405695
12.0244405695
12.0283856575
12.0283856575
12.0336730104
12.0336730104
12.0380758645
12.0380758645
12.0391359922
12.0391359922
12.0466061840
12.0466061840
12.0469759947
12.0469759947
12.0463961776
12.0463961776
12.0479420219
12.0479420219
12.0492346443
12.0492346443
12.0462533075
12.0462533075
12.0456669799
12.0456669799
12.0435246714
12.0435246714
12.0402966607
12.0402966607
12.0346969971
12.0346969971
12.0381056778
12.0381056778
12.0324516481
12.0324516481
12.0357828392
12.0357828392
12.0343015571
12.0343015571
12.0378786446
12.0378786446
12.0444693124
12.0444693124
12.0443459340
12.0443459340
12.0440363451
12.0440363451
12.0494239073
12.0494239073
12.0506906468
12.0506906468
12.0569902732
12.0569902732
12.0609386834
12.0609386834
12.0602766095
12.0602766095
12.0610970656
12.0610970656
12.0579655424
12.0579655424
12.0553724561
12.0553724561
12.0509200917
12.0509200917
12.0508233882
12.0508233882
12.0471021219
12.0471021219
12.0452400410
12.0452400410
12.0463005135
12.0463005135
12.0485136160
12.0485136160
12.0534044714
12.0534044714
12.0539177275
12.0539177275
12.0568697519
12.0568697519
12.0568142689
12.0568142689
12.0534593667
12.0534593667
12.0570727774
12.0570727774
12.0502999179
12.0502999179
12.0468095205
12.0468095205
12.0434160792
12.0434160792
12.0428843416
12.0428843416
12.0322290489
12.0322290489
12.0214060800
12.0214060800
12.0187724493
12.0187724493
12.0111603347
12.0111603347
12.0027922688
12.0027922688
11.9963668545
11.9963668545
11.9967762374
11.9967762374
12.0000305355
12.0000305355
12.0014473955
12.0014473955
11.9988094863
11.9988094863
12.0027828737
12.0027828737
12.0025958650
12.0025958650
12.0019469690
12.0019469690
12.0045746545
12.0045746545
11.9986045308
11.9986045308
11.9946842053
11.9946842053
11.9869509996
11.9869509996
11.9841631191
11.9841631191
11.9804011020
11.9804011020
11.9826187460
11.9826187460
11.9815659066
11.9815659066
11.9732210414
11.9732210414
11.9743277858
11.9743277858
11.9617948550
11.9617948550
11.9635674594
11.9635674594
11.9659550017
11.9659550017
11.9671521888
11.9671521888
11.9618173034
11.9618173034
11.9627232895
11.9627232895
11.9601675612
11.9601675612
11.9652016482
11.9652016482
11.9666498949
11.9666498949
11.9669722606
11.9669722606
11.9611211680
11.9611211680
11.9576622401
11.9576622401
11.9550186981
11.9550186981
11.9498639913
11.9498639913
11.9506271531
11.9506271531
11.9477784957
11.9477784957
11.9471717431
11.9471717431
11.9428487841
11.9428487841
11.9420575426
11.9420575426
11.9390319940
11.9390319940
11.9397422839
11.9397422839
11.9406012161
11.9406012161
11.9397825068
11.9397825068
11.9331804410
11.9331804410
11.9309534533
11.9309534533
11.9209037973
11.9209037973
11.9087517604
11.9087517604
11.9036072647
11.9036072647
11.8994065474
11.8994065474
11.9009501104
11.9009501104
11.9112541017
11.9112541017
11.9064960235
11.9064960235
11.9054385081
11.9054385081
11.9093837582
11.9093837582
11.9157107073
11.9157107073
11.9182317067
11.9182317067
11.9105138971
11.9105138971
11.9063795546
11.9063795546
11.8991178411
11.8991178411
11.8996428992
11.8996428992
11.8953925569
11.8953925569
11.8967709758
11.8967709758
11.8894284224
11.8894284224
11.8779050238
11.8779050238
11.8659270340
11.8659270340
11.8622608851
11.8622608851
11.8768293762
11.8768293762
11.8813142923
11.8813142923
11.8803072086
11.8803072086
11.8917941057
11.8917941057
11.8879021504
11.8879021504
11.8819841187
11.8819841187
11.8884596555
11.8884596555
11.8783750266
11.8783750266
11.8785242125
11.8785242125
11.8872448786
11.8872448786
11.8832259969
11.8832259969
11.8904897691
11.8904897691
11.8978100810
11.8978100810
11.9044677258
11.9044677258
11.9086542335
11.9086542335
11.9225134005
11.9225134005
11.9195799317
11.9195799317
11.9259526413
11.9259526413
11.9328748968
11.9328748968
11.9348869730
11.9348869730
11.9228791740
11.9228791740
11.9275008996
11.9275008996
11.9304259493
11.9304259493
11.9325095634
11.9325095634
11.9262806351
11.9262806351
11.9310857640
11.9310857640
11.9306420967
11.9306420967
11.9314236000
11.9314236000
11.9342829494
11.9342829494
11.9133973012
11.9133973012
11.9236238129
11.9236238129
11.9253500382
11.9253500382
11.9371181840
11.9371181840
11.9398709238
11.9398709238
11.9478682828
11.9478682828
11.9510952810
11.9510952810
11.9502417646
11.9502417646
11.9557884463
11.9557884463
11.9664586302
11.9664586302
11.9699513315
11.9699513315
11.9695334746
11.9695334746
11.9660219213
11.9660219213
11.9733613650
11.9733613650
11.9839685691
11.9839685691
12.0002671044
12.0002671044
12.0062531563
12.0062531563
12.0081959860
12.0081959860
12.0165000181
12.0165000181
12.0102211627
12.0102211627
12.0163583594
12.0163583594
12.0249160490
12.0249160490
12.0139783946
12.0139783946
12.0227119081
12.0227119081
12.0222216767
12.0222216767
12.0313823555
12.0313823555
12.0400217940
12.0400217940
12.0439657677
12.0439657677
12.0441068202
12.0441068202
12.0589514550
12.0589514550
12.0760702007
12.0760702007
12.0771075790
12.0771075790
12.0635014795
12.0635014795
12.0445683256
12.0445683256
12.0397681581
12.0397681581
12.0325115517
12.0325115517
12.0299721839
12.0299721839
12.0271085595
12.0271085595
12.0222841169
12.0222841169
12.0310648428
12.0310648428
12.0269454482
12.0269454482
12.0280552438
12.0280552438
12.0264559744
12.0264559744
12.0268299871
12.0268299871
12.0243994977
12.0243994977
12.0244720418
12.0244720418
12.0204112807
12.0204112807
12.0196507774
12.0196507774
12.0169156008
12.0169156008
12.0167342079
12.0167342079
12.0110118289
12.0110118289
12.0134757077
12.0134757077
12.0022238579
12.0022238579
11.9998572017
11.9998572017
12.0012733877
12.0012733877
11.9930411442
11.9930411442
11.9923041033
11.9923041033
0.0738278975
0.0738278975
0.0794268978
0.0794268978
0.0766812885
0.0766812885
0.0673387590
0.0673387590
0.0846588303
0.0846588303
0.0928360134
0.0928360134
0.0772475241
0.0772475241
0.1081234756
0.1081234756
0.1155272763
0.1155272763
0.1067063946
0.1067063946
0.1145660738
0.1145660738
0.1100590016
0.1100590016
0.1138075493
0.1138075493
0.1026739676
0.1026739676
0.0965275964
0.0965275964
0.0780709912
0.0780709912
0.0883425845
0.0883425845
0.0882810437
0.0882810437
0.0921094915
0.0921094915
0.0951786940
0.0951786940
0.0888732254
0.0888732254
0.0858842484
0.0858842484
0.0757595464
0.0757595464
0.0756329342
0.0756329342
0.0756242463
0.0756242463
0.0816775551
0.0816775551
0.0833967235
0.0833967235
0.0941345155
0.0941345155
0.0955872096
0.0955872096
0.0969932563
0.0969932563
0.0982215175
0.0982215175
0.1020843022
0.1020843022
0.0903101139
0.0903101139
0.0886249538
0.0886249538
0.0875869343
0.0875869343
0.0939502032
0.0939502032
0.0903262162
0.0903262162
0.1016304143
0.1016304143
0.0932531893
0.0932531893
0.1045581641
0.1045581641
0.1069791780
0.1069791780
0.1057589817
0.1057589817
0.0923401158
0.0923401158
0.0911887467
0.0911887467
0.0849514805
0.0849514805
0.0834540475
0.0834540475
0.0819361949
0.0819361949
0.0849567659
0.0849567659
0.0840294707
0.0840294707
0.0885841427
0.0885841427
0.0822942205
0.0822942205
0.0913671253
0.0913671253
0.0975013145
0.0975013145
0.1020321063
0.1020321063
0.1148060868
0.1148060868
0.1113851454
0.1113851454
0.1108877574
0.1108877574
0.1077844983
0.1077844983
0.1021223140
0.1021223140
0.1005180585
0.1005180585
0.0906366013
0.0906366013
0.0913184488
0.0913184488
0.0950126129
0.0950126129
0.0923145386
0.0923145386
0.0951416084
0.0951416084
0.0914673096
0.0914673096
0.0913767187
0.0913767187
0.0891951255
0.0891951255
0.0892953059
0.0892953059
0.0872645611
0.0872645611
0.0864299927
0.0864299927
0.0893807036
0.0893807036
0.0880023448
0.0880023448
0.0881689241
0.0881689241
0.0916289227
0.0916289227
0.0920691278
0.0920691278
0.0960997528
0.0960997528
0.0915924506
0.0915924506
0.0847343294
0.0847343294
0.0873654794
0.0873654794
0.0865620625
0.0865620625
0.0834581308
0.0834581308
0.0769906798
0.0769906798
0.0756583485
0.0756583485
0.0722179487
0.0722179487
0.0700143885
0.0700143885
0.0704020925
0.0704020925
0.0662012952
0.0662012952
0.0680212639
0.0680212639
0.0651491329
0.0651491329
0.0704020323
0.0704020323
0.0712850983
0.0712850983
0.0691804776
0.0691804776
0.0676530267
0.0676530267
0.0740455049
0.0740455049
0.0707675535
0.0707675535
0.0773016455
0.0773016455
0.0816313799
0.0816313799
0.0808692939
0.0808692939
0.0716585290
0.0716585290
0.0710830787
0.0710830787
0.0695660020
0.0695660020
0.0689942837
0.0689942837
0.0740543932
0.0740543932
0.0763762428
0.0763762428
0.0760494348
0.0760494348
0.0815676481
0.0815676481
0.0828292567
0.0828292567
0.0788922946
0.0788922946
0.0791759057
0.0791759057
0.0798362514
0.0798362514
0.0799982174
0.0799982174
0.0814242753
0.0814242753
0.0829865609
0.0829865609
0.0832008858
0.0832008858
0.0824650673
0.0824650673
0.0828248703
0.0828248703
0.0825126194
0.0825126194
0.0744540375
0.0744540375
0.0809993712
0.0809993712
0.0805307513
0.0805307513
0.0708188500
0.0708188500
0.0706557744
0.0706557744
0.0850824812
0.0850824812
0.0940889432
0.0940889432
0.0904966008
0.0904966008
0.0925038031
0.0925038031
0.0812716316
0.0812716316
0.0778491212
0.0778491212
0.0765173040
0.0765173040
0.0686419737
0.0686419737
0.0723933851
0.0723933851
0.0718133391
0.0718133391
0.0706852104
0.0706852104
0.0704844444
0.0704844444
0.0712031565
0.0712031565
0.0677215195
0.0677215195
0.0764985593
0.0764985593
0.0790447388
0.0790447388
0.0744845243
0.0744845243
0.0753524529
0.0753524529
0.0763416906
0.0763416906
0.0790386663
0.0790386663
0.0778254301
0.0778254301
0.0756924347
0.0756924347
0.0780819758
0.0780819758
0.0749108050
0.0749108050
0.0759411019
0.0759411019
0.0751976318
0.0751976318
0.0746529213
0.0746529213
0.0774612586
0.0774612586
0.0827330320
0.0827330320
0.0830697314
0.0830697314
0.0716491007
0.0716491007
0.0693837949
0.0693837949
0.0669690734
0.0669690734
0.0606052089
0.0606052089
0.0657722934
0.0657722934
0.0678489519
0.0678489519
0.0660757338
0.0660757338
0.0777658693
0.0777658693
0.0776072570
0.0776072570
0.0833920160
0.0833920160
0.0818231393
0.0818231393
0.0817150806
0.0817150806
0.0811893670
0.0811893670
0.0823773370
0.0823773370
0.0884112672
0.0884112672
0.0894908421
0.0894908421
0.0942975121
0.0942975121
0.0936489794
0.0936489794
0.0928831083
0.0928831083
0.0899667873
0.0899667873
0.0783312802
0.0783312802
0.0752594446
0.0752594446
0.0676537094
0.0676537094
0.0668756783
0.0668756783
0.0681708039
0.0681708039
0.0761843840
0.0761843840
0.0759171629
0.0759171629
0.0798545362
0.0798545362
0.0829627489
0.0829627489
0.0832539990
0.0832539990
0.0826513008
0.0826513008
0.0834850470
0.0834850470
0.0896558870
0.0896558870
0.0853977608
0.0853977608
0.0869905315
0.0869905315
0.0944437802
0.0944437802
0.0937464236
0.0937464236
0.0963330147
0.0963330147
0.0955024588
0.0955024588
0.1035335404
0.1035335404
0.0970123257
0.0970123257
0.0999438610
0.0999438610
0.0907183109
0.0907183109
0.0840814680
0.0840814680
0.0869214023
0.0869214023
0.0822475560
0.0822475560
0.0745061720
0.0745061720
0.0709653450
0.0709653450
0.0757412053
0.0757412053
0.0733098189
0.0733098189
0.0669304554
0.0669304554
0.0663473989
0.0663473989
0.0672949978
0.0672949978
0.0662191403
0.0662191403
0.0637540065
0.0637540065
0.0697475864
0.0697475864
0.0735204176
0.0735204176
0.0755130067
0.0755130067
0.0734805751
0.0734805751
0.0761305721
0.0761305721
0.0685026293
0.0685026293
0.0699078766
0.0699078766
0.0697354535
0.0697354535
0.0731546102
0.0731546102
0.0802791283
0.0802791283
0.0834704348
0.0834704348
0.0851256885
0.0851256885
0.0891075680
0.0891075680
0.0973305209
0.0973305209
0.0975037575
0.0975037575
0.0973863763
0.0973863763
0.0937870084
0.0937870084
0.0845325596
0.0845325596
0.0812237380
0.0812237380
0.0797599777
0.0797599777
0.0808928758
0.0808928758
0.0798151426
0.0798151426
0.0825064374
0.0825064374
0.0788071471
0.0788071471
0.0836288189
0.0836288189
0.0854229609
0.0854229609
0.0862684115
0.0862684115
0.0897304568
0.0897304568
0.0856288100
0.0856288100
0.0806325159
0.0806325159
0.0799513101
0.0799513101
0.0759693362
0.0759693362
0.0776960640
0.0776960640
0.0789933176
0.0789933176
0.0801865600
0.0801865600
0.0683107427
0.0683107427
0.0642260880
0.0642260880
0.0675036840
0.0675036840
0.0678138138
0.0678138138
0.0676587559
0.0676587559
0.0692005109
0.0692005109
0.0781487951
0.0781487951
0.0797448489
0.0797448489
0.0872600236
0.0872600236
0.0858557492
0.0858557492
0.0863674064
0.0863674064
0.0844730272
0.0844730272
0.0827685311
0.0827685311
0.0846631912
0.0846631912
0.0851419297
0.0851419297
0.0895239993
0.0895239993
0.0900687435
0.0900687435
0.0901907358
0.0901907358
0.0887720572
0.0887720572
