1.158514775409098974e+00
7.741732606221152224e-01
7.211746663172271532e-01
9.506820515491885004e-01
1.022738834588951873e+00
1.060542909024570601e+00
1.097704051126594083e+00
1.133285130063629964e+00
1.171000424913714921e+00
1.206098788020375290e+00
1.245119972496161243e+00
1.281926731871554370e+00
1.299200758458142424e+00
1.220093970953983975e+00
1.206442235231946603e+00
1.154385474601941741e+00
1.135392752338539646e+00
1.161608288764388153e+00
1.118616836474059406e+00
1.120191778676531413e+00
1.146057965053893124e+00
1.173879818019280874e+00
1.164690732334302314e+00
1.101108698181611834e+00
1.044449056777108753e+00
1.034242838727295499e+00
9.660833521073886043e-01
9.433260400483025609e-01
9.332620546280768759e-01
9.531644319426657574e-01
9.598214288141544426e-01
9.473837913584124415e-01
9.284042672695418386e-01
9.048816081875662443e-01
9.392731259416939871e-01
9.541666903844177039e-01
9.785855823341594872e-01
9.786217233417069394e-01
9.664650697582907179e-01
9.700856783441248465e-01
9.546996631888642337e-01
9.348449866911219264e-01
8.769978522287256162e-01
8.791591588478886443e-01
8.955494437204815084e-01
9.098152009820842379e-01
9.240661372452977362e-01
8.973995066491960992e-01
9.091411790627368372e-01
8.912831718022932170e-01
8.751682716872573042e-01
8.808547269627579057e-01
8.634374481550254332e-01
8.608330987182984950e-01
8.776254171027263462e-01
8.875943220447062298e-01
8.870621945479195691e-01
8.915865113276508769e-01
8.797433894158416257e-01
8.771147229783883281e-01
8.703736292406533126e-01
8.713662264746592223e-01
8.868026704388278780e-01
8.962913799789974378e-01
9.152300971798078555e-01
8.985671386379197045e-01
9.035038038048238684e-01
8.955011003532384883e-01
8.954998496383287376e-01
8.688495787776635559e-01
8.864050616675264171e-01
8.604186757893821369e-01
8.689400090797875231e-01
8.588216486406234917e-01
8.668452632031803384e-01
8.480677822512119324e-01
8.538140956232401768e-01
8.419252587979783042e-01
8.437374323265741660e-01
8.350120769535338550e-01
8.405091198215730586e-01
8.025124365182770836e-01
7.994347118579940847e-01
8.035323629576317517e-01
7.637535679708998826e-01
7.771771224575246828e-01
7.724775851041576491e-01
7.951420371547982535e-01
8.017068755005092306e-01
7.979462083034843944e-01
8.541689704787720494e-01
8.441464676981093040e-01
8.416285209073594009e-01
8.414018665906498606e-01
8.768698126396614612e-01
8.542835358805707102e-01
8.624987445030988242e-01
8.696316589183399337e-01
8.482957646981449384e-01
8.712665473042481290e-01
8.769361155238248884e-01
9.396701509674232344e-01
8.934639487245360501e-01
8.712568619963100280e-01
8.503977518080643172e-01
8.166126675101872401e-01
8.204340151011897397e-01
8.215199664959138559e-01
8.504244926920470071e-01
8.676257890828977803e-01
9.088239262738960766e-01
9.664695481396845533e-01
9.237903759362556810e-01
8.981467074559612573e-01
9.094501530751359919e-01
9.185708196193536068e-01
9.595079541591576833e-01
9.856258347899483629e-01
9.900099998574499738e-01
9.841794676346377058e-01
9.811236165107519724e-01
9.656777722866791702e-01
9.555701708656532123e-01
9.656267828888750460e-01
9.517721461616446277e-01
9.694455325118687128e-01
9.773365241697277161e-01
1.006413680843470493e+00
9.937315329508623618e-01
1.001253015749305364e+00
9.899663108572270831e-01
9.758981138675775213e-01
9.983031598539857665e-01
9.745441858585778272e-01
9.467535467696858165e-01
9.499501967333378039e-01
9.572536415313646074e-01
9.539547905565465280e-01
9.624830250742399951e-01
9.694702696308501455e-01
9.435082168531024882e-01
9.432353624412617155e-01
9.437053482867555632e-01
9.223165455656495704e-01
9.173062444084184586e-01
9.220368086528187845e-01
8.970796982660733665e-01
8.880092397132434145e-01
8.898621996421415270e-01
8.769541003043811456e-01
8.873894001689948130e-01
8.938798228017299508e-01
9.002835345965463087e-01
9.048436312592988973e-01
8.988378692353760080e-01
8.705038847293570248e-01
9.024507093871320107e-01
8.971092607574923106e-01
9.028916919593650281e-01
8.837546495227383003e-01
8.950525305221587180e-01
8.950281254281802212e-01
8.849908740489251802e-01
8.754391130664345155e-01
8.688240935575823887e-01
8.720043101209713488e-01
8.902484462382571628e-01
9.135076856414263702e-01
9.472959983744955181e-01
9.250129511497395818e-01
9.444832473140027940e-01
9.656795206680408583e-01
9.402157120604446305e-01
9.393191046384985476e-01
9.411927373890426329e-01
9.392602906024566378e-01
9.402139906607972497e-01
9.384576550005030438e-01
9.394865875768828589e-01
9.395571877828254870e-01
9.380877685329490623e-01
9.384589514120237341e-01
9.406618550161112147e-01
9.432496091440664143e-01
9.468047037413006572e-01
9.497593780749717940e-01
9.532209119655302709e-01
9.563957683586558067e-01
9.604881602933528217e-01
9.617430019338557567e-01
9.661481638098496916e-01
9.688354597737774965e-01
9.740562492918983795e-01
9.830799346546432727e-01
9.898969361435483449e-01
9.910770772985839638e-01
9.986004231717802160e-01
1.010623849941661989e+00
1.018707267507399816e+00
1.016003611800916584e+00
1.022665690148159889e+00
1.018163920563117886e+00
1.004058294587540479e+00
1.007726734700735927e+00
1.006459627453293981e+00
1.010129449890135866e+00
1.008263052346130451e+00
1.010403882572388667e+00
1.006000040240213167e+00
1.008040959736036024e+00
1.000791718005167974e+00
9.974492049472358790e-01
9.892528355662310036e-01
9.879369782270875922e-01
9.886981155211079786e-01
9.876964569414486972e-01
9.868572917396685185e-01
9.861491847307057856e-01
9.827834901791641098e-01
9.722975652176173433e-01
9.667039444772558276e-01
9.633128774783596970e-01
9.571516519040692561e-01
9.510163083401308448e-01
9.428924525373532095e-01
9.357073567630578292e-01
9.334624539494260631e-01
9.324174923503638635e-01
9.303557161388144037e-01
9.258988094260126589e-01
9.233916166159772398e-01
9.179663324246606360e-01
9.149254051585926639e-01
9.129222328872197423e-01
9.085025841977020233e-01
9.041244047691060493e-01
8.992337154343118533e-01
8.949705603064396220e-01
8.909731829764820921e-01
8.868805188030295383e-01
8.842005667928002355e-01
8.808302264629344069e-01
8.769724538697640792e-01
8.714322513153355265e-01
8.703801042644541130e-01
8.685465896357614790e-01
8.634003939671998085e-01
8.630001078954087079e-01
8.588773528308378813e-01
8.561914573593932820e-01
8.560255723140910433e-01
8.521388075672139406e-01
8.508797887944941074e-01
8.505331275956699022e-01
8.473851816012333282e-01
8.436762496552125956e-01
8.387961690729878184e-01
8.354888144064051003e-01
8.398868820942747559e-01
8.401383495320329242e-01
8.379209568516841067e-01
8.390987329405972250e-01
8.364965690172211366e-01
8.358022072634093691e-01
8.329585017556984106e-01
8.280234146761191738e-01
8.233802428032175325e-01
8.199838703275275087e-01
8.158335759734196557e-01
8.078767272269448130e-01
7.966797700604330013e-01
7.744568644193355889e-01
7.694184885033489296e-01
7.718855207132244711e-01
7.856757066048485338e-01
7.848258292816214787e-01
8.111223846011293981e-01
8.092541251123014368e-01
8.101246166048923225e-01
8.080409314327050563e-01
8.063478657627227708e-01
8.026699890504807033e-01
8.002778034862054746e-01
8.023903725090223427e-01
8.008534935388357257e-01
8.000997075871827402e-01
8.052201433309102985e-01
8.045962917532142322e-01
8.279559047733777710e-01
8.261615414388649992e-01
8.252601168147942756e-01
8.231103842106832769e-01
8.224420591895535981e-01
8.185888650219422802e-01
8.179875398966348632e-01
8.158587373670843634e-01
8.145021144846023020e-01
8.138504179431527152e-01
8.136739278975912981e-01
8.119604888404501342e-01
8.107643992861902627e-01
8.093916808614189939e-01
8.087562302844766293e-01
8.100718618382232172e-01
8.095322268348443817e-01
8.104806218547685459e-01
8.140187116703186954e-01
8.136792731407913593e-01
8.102742546235932597e-01
8.100745545452011642e-01
8.093152327508496002e-01
8.100611606278236287e-01
8.083601863137962473e-01
8.066240825139380233e-01
8.023001350628954365e-01
7.973537462905431195e-01
7.958552932391971257e-01
7.944411100887400767e-01
7.915291885735090682e-01
7.876317970713274663e-01
7.844682996344268799e-01
7.802733464299852484e-01
7.799065043817962062e-01
7.791014268030571621e-01
7.780180551559615632e-01
7.753384899001981578e-01
7.731433029906241705e-01
7.723093451122996500e-01
7.710742638817916772e-01
7.730215622724403435e-01
7.738002114736627357e-01
7.723640714781856431e-01
7.707119696765086792e-01
7.696787314805237923e-01
7.682666322262678982e-01
7.678788162757287372e-01
7.699658649480969341e-01
7.696788510604434252e-01
7.685900384089213722e-01
7.647945832579545744e-01
7.617766387600086730e-01
7.633115336204496781e-01
7.642532646946866848e-01
7.649915344309474730e-01
7.666578676165610728e-01
7.647427786966756180e-01
7.648433362252603507e-01
7.630926128899734318e-01
7.651248976710975924e-01
7.671442947885404040e-01
7.670351695142871851e-01
7.666838733199036193e-01
7.643784313375450168e-01
7.615855140265710421e-01
7.547474024831800632e-01
7.529532632531871217e-01
7.520521803903815750e-01
7.524877844919073411e-01
7.606500698420014528e-01
7.564754180623696200e-01
7.561701245499643509e-01
7.550120378248841302e-01
7.534504474473124880e-01
7.510301265956823569e-01
7.478869824345237838e-01
7.455787431488108963e-01
7.423003517640935911e-01
7.390657724701086284e-01
7.318631914709580188e-01
7.278646352379372075e-01
7.261154345597293780e-01
7.280537065682021192e-01
7.258953693480268976e-01
7.269820291273016988e-01
7.281634371037895015e-01
7.306286004848783211e-01
7.352274665320194247e-01
7.382859108140809035e-01
7.382475681569183878e-01
7.369225262495838757e-01
7.319822274941013562e-01
7.240474267854526413e-01
7.226405951394715421e-01
7.205896992823277447e-01
7.111685031489961561e-01
6.900910436126017622e-01
6.804831415433563180e-01
6.854305329055172535e-01
6.815305076251282346e-01
6.859767903548888990e-01
6.729093769531153679e-01
6.577999909715905869e-01
6.566415064180608496e-01
6.553796352187112317e-01
6.623336487587744292e-01
6.608056867664866552e-01
6.673594272408140959e-01
6.712380371974638882e-01
6.808687152285699540e-01
6.887427009059393646e-01
6.721870602176509557e-01
6.544171163901990607e-01
6.481520483733519411e-01
6.585284132569229065e-01
6.710540039105074017e-01
6.884239381187351459e-01
6.832236624500179767e-01
6.870339878931113198e-01
6.898044523936032180e-01
6.853382196906961932e-01
6.833047281212737412e-01
6.852618843494026057e-01
6.785696815177153507e-01
6.895404052184428423e-01
6.899483804886249461e-01
6.937336992651108591e-01
6.891166899012299840e-01
6.826236972246894075e-01
6.774829438179940100e-01
6.774157387380859152e-01
6.703325533905589717e-01
6.781275165597576704e-01
6.918259523304459702e-01
6.842927622381155262e-01
6.760768339879476008e-01
6.721835310824085807e-01
6.685460077481516494e-01
6.753962194850504641e-01
6.675586061351543865e-01
6.592088413695379456e-01
6.788697983838360983e-01
6.781236457571480081e-01
6.855706690441459861e-01
6.638650631699126725e-01
6.431124140837480851e-01
6.421506761443992461e-01
6.385598504153093824e-01
6.288313399277254412e-01
6.149322006144631869e-01
6.229833037568365262e-01
6.394648503746115376e-01
6.439793874939571117e-01
6.372860826281724345e-01
6.242507092635953825e-01
6.060075548849328531e-01
6.175992267434214922e-01
6.094678302166568473e-01
6.082438392652146364e-01
6.205217523400805568e-01
6.977920156733357082e-01
6.893955351432747847e-01
6.822064598679108416e-01
6.831964070707305936e-01
6.934380913647615330e-01
6.976658252938577887e-01
6.982080509559271952e-01
6.957443136512694304e-01
7.021825107990565806e-01
7.067822488405811621e-01
7.084519093196529615e-01
7.147699815576220583e-01
7.031471421861028581e-01
6.908915034398206423e-01
7.033632155147112597e-01
6.990770198538538427e-01
7.694041046730687450e-01
7.706505310731701641e-01
7.702247746970133369e-01
7.537392400170176421e-01
7.531033816311456519e-01
7.517023195587850815e-01
7.483636209360625680e-01
7.575241164398176519e-01
7.383852360753917488e-01
7.632514487626581579e-01
7.629750159842777490e-01
7.531116063509069036e-01
7.507944595022846279e-01
7.752624343884090274e-01
7.686227581845884727e-01
7.735968037976951317e-01
7.693440873548309522e-01
7.682684753012988255e-01
7.622590599733323202e-01
7.708140841411205146e-01
7.716572636850808076e-01
7.776974935785093690e-01
7.520901186086006440e-01
7.279241351629288648e-01
7.192461456581676904e-01
7.264257885389927560e-01
7.212389771442887509e-01
7.235156004557112830e-01
7.231599626411852055e-01
7.389639647692315405e-01
7.329955477061117497e-01
7.383541863528376714e-01
7.482079299963816377e-01
7.365111967572085527e-01
7.261883152721451129e-01
7.328761671373533737e-01
7.374102535367937916e-01
7.915133409889962834e-01
7.922450821470617965e-01
7.991894975326006012e-01
7.835861357524382953e-01
8.329278725457799348e-01
8.657184150054066940e-01
8.626439713511633300e-01
8.832307553619658247e-01
9.127949790259137774e-01
8.993498617320978550e-01
9.162215077105871908e-01
9.413449881010649278e-01
9.262682824168918527e-01
9.378385458983095058e-01
9.727786355513656780e-01
9.610577337108948681e-01
9.630054857381228350e-01
9.662872770351759177e-01
9.648341546219696419e-01
9.902850343593271321e-01
1.016490024237490353e+00
1.035348882940091642e+00
1.035872080330741518e+00
1.039068811445851503e+00
1.050026502501583359e+00
1.036646129661605409e+00
1.025811015955372829e+00
1.016820013600698180e+00
1.020085570255681029e+00
9.249365369498621092e-01
9.252096548822055233e-01
9.352021127137283285e-01
9.307792543915616168e-01
9.308920182835194179e-01
9.477950546138108612e-01
9.222584219857380416e-01
9.325449251523033611e-01
9.303225156168464238e-01
9.235913416077377036e-01
9.493421098481920062e-01
8.978753690270305787e-01
8.953990681726615719e-01
8.914157799838059448e-01
8.810092713264848774e-01
8.762802191371383831e-01
8.775513425473620011e-01
8.694525772406455078e-01
8.819419011923045337e-01
8.835422014177007899e-01
8.773430550854159904e-01
8.744147312681570527e-01
8.810132090668778559e-01
8.893851140396323851e-01
8.965739175685002449e-01
9.051633130275608119e-01
9.101522256511777043e-01
9.286527830173307851e-01
9.333764079484893061e-01
9.611905971065368703e-01
9.700170158296880230e-01
9.818920654654207381e-01
9.889750013715921106e-01
9.696274572418979165e-01
9.691285319627309658e-01
9.750530068758871405e-01
9.551373497676577395e-01
9.637822395502294581e-01
9.573200417741707380e-01
9.775916294895053982e-01
9.384911348550015742e-01
9.258191623796074854e-01
8.946824158949253647e-01
8.973056575921758427e-01
8.893584354400171366e-01
8.866485283324408995e-01
9.115534081038809688e-01
9.131483460359346438e-01
9.264037272459930694e-01
9.222041489882485399e-01
9.183027551008203782e-01
8.966927370921397022e-01
8.839528537763839955e-01
8.262301967942649039e-01
8.284552160616270866e-01
8.449468818060884567e-01
8.513768013005155177e-01
8.974420238972006247e-01
9.034906041846110236e-01
9.007714879998786062e-01
8.965696146843211700e-01
8.913814521675659241e-01
8.899973146670846491e-01
9.039654633985626520e-01
9.009748688892830204e-01
9.010005658808951656e-01
8.791212691621513864e-01
8.776165574230321287e-01
8.638897031547904115e-01
8.491776766660279474e-01
8.465977084634266348e-01
8.371137568347184477e-01
8.597085787329735718e-01
8.502194807042299241e-01
8.369158499204303325e-01
8.298059574387375292e-01
8.258254186692866039e-01
8.333598334912496464e-01
8.365319072179313586e-01
8.492661530346623522e-01
8.301013792873488395e-01
8.460069586789592533e-01
8.452548566429197718e-01
8.311111264389493547e-01
8.362719715198235759e-01
8.288293284201529998e-01
8.345732360976780839e-01
8.554671215983015164e-01
8.612509187985137871e-01
8.497070039361297455e-01
8.461121226119734384e-01
8.501270135706584519e-01
8.548484020958844187e-01
8.660128621403720972e-01
8.874316723441575405e-01
8.767541740484168233e-01
8.664971381801980232e-01
8.516436300320244790e-01
8.294134224089609875e-01
8.010002475272984812e-01
8.104176044309909788e-01
7.914444094141300790e-01
7.976980534922081256e-01
7.908876306895283870e-01
7.863028421782500832e-01
7.681330164539921235e-01
7.607084544893033540e-01
7.591650364405806428e-01
7.648334606729056961e-01
7.358996642762096752e-01
7.408435698823211402e-01
7.253236176136205193e-01
7.248920185999528920e-01
7.252810984746366207e-01
7.214442301698638094e-01
7.273995918204464450e-01
7.211122731304139277e-01
7.411231292975996032e-01
7.287155306294647028e-01
7.192223960547585726e-01
7.246317933905107589e-01
7.137845376907648864e-01
7.169783427805673792e-01
6.973053253593975986e-01
7.069331430255431092e-01
7.098625087094087016e-01
7.223321348888921412e-01
7.391005264920089690e-01
7.391400564018496544e-01
7.100969346313784625e-01
7.090168107206317183e-01
7.076104190834132668e-01
7.024585529701454778e-01
7.006732625627500877e-01
6.955147265698472525e-01
6.907607129677801883e-01
6.916993423202322244e-01
6.777394044685938201e-01
6.748627204939734447e-01
6.863353072456060966e-01
6.974929291207869753e-01
7.068980247815371820e-01
7.095102341887545849e-01
6.921084178195365810e-01
6.868116633485026323e-01
6.896208022948017158e-01
6.817536755469149057e-01
6.766846337541003731e-01
6.703409691491406530e-01
6.846268954128940099e-01
6.997128321087182634e-01
7.160922740643086426e-01
7.093737776534372319e-01
7.132784976613493200e-01
6.991237236795061483e-01
6.978719101220423049e-01
7.000724203663355460e-01
6.993690703069600501e-01
7.052992586037053480e-01
7.074342988466746363e-01
6.991468271672389712e-01
6.946816746910343676e-01
7.111019975216444911e-01
7.063622704547967146e-01
7.045621583981689362e-01
6.946636943714563639e-01
6.962859650771762166e-01
6.868551416947186183e-01
6.883404993446660125e-01
7.014644811742489772e-01
6.786797662272754383e-01
6.677896593100777212e-01
6.600527084993004223e-01
6.380732909902323557e-01
6.407780486935509279e-01
6.469979936556291555e-01
6.508928765314464515e-01
6.351818750381201806e-01
6.137944591618161860e-01
6.114681321497055233e-01
6.110361832986990205e-01
6.230486298531134892e-01
6.531301027732837605e-01
6.588641063375644258e-01
6.651762600608416287e-01
7.081052061966551792e-01
7.091099486488485759e-01
7.152651722095821896e-01
7.157957958315024349e-01
7.157173691600593468e-01
7.287955283459325306e-01
7.095420191610538607e-01
7.099321042321037334e-01
7.196906304670674936e-01
7.254633323391344035e-01
7.324191007760945116e-01
7.529104935918115027e-01
7.495739215372907438e-01
7.488896539123076623e-01
7.496914451491133446e-01
7.414735603517479401e-01
7.430904848739858792e-01
7.392026049766259321e-01
7.313614824105846290e-01
7.435153419909279471e-01
7.613077429611401215e-01
7.576176466832468259e-01
7.529266576661187704e-01
7.553647549558992758e-01
7.524375176435545987e-01
7.550819131918804494e-01
7.493280280786022152e-01
7.372053463565474418e-01
7.502428102948767163e-01
7.387619987430527058e-01
7.361304964342154644e-01
7.216226922649344733e-01
7.093924806644116288e-01
7.041730777050351220e-01
6.821644394728593186e-01
6.946858710690887451e-01
6.993314617116368481e-01
7.088200053035031978e-01
7.144026888153516275e-01
7.203039400471201725e-01
7.243400925998552120e-01
7.250653698508167100e-01
7.035341932911337581e-01
7.002388184308273589e-01
6.989730393037986156e-01
7.257734095178355327e-01
7.304866817681846536e-01
7.304991729787877475e-01
7.468658584215364105e-01
7.396586796513785478e-01
7.433147933371998528e-01
7.463359147963257723e-01
7.172455317232062644e-01
7.088595127763294146e-01
7.092693101868341454e-01
7.012068013540234679e-01
7.046232746910634503e-01
6.833791365943561180e-01
6.870540904476948318e-01
6.835813966315715806e-01
6.907476230258338123e-01
6.968142299108660564e-01
6.892225667956811685e-01
7.067873252986497379e-01
7.112318249544532511e-01
7.238456944824575023e-01
7.239320525311165877e-01
7.310243139110860211e-01
7.386424900843457930e-01
7.444928309315134163e-01
7.463600920290427432e-01
7.369262664163801491e-01
7.399809974116641209e-01
7.493077721644284539e-01
7.378328959860308567e-01
7.256420657983373435e-01
7.201456282703873057e-01
7.238309515025418417e-01
7.184393600645959665e-01
7.032719030628937773e-01
6.980693933356592051e-01
6.725379065285166380e-01
6.400928978456813523e-01
6.398302926604225727e-01
6.417484312115223632e-01
6.403159780684994917e-01
6.419181621355954936e-01
6.414224064444294937e-01
6.439147248706306170e-01
6.329346810456656369e-01
6.373729027082166709e-01
6.190447354246672029e-01
6.209607505451519849e-01
6.311682231198741944e-01
6.278876759912374039e-01
6.295000887917387988e-01
6.306723965588262315e-01
6.343907381653667299e-01
6.379187804111982052e-01
6.333222140298032654e-01
6.471462317298120048e-01
6.563297937447108987e-01
6.528056989778028285e-01
6.670513948645164781e-01
6.568263374217451211e-01
6.438490550361537501e-01
6.395691985088743925e-01
6.609174423581753999e-01
6.666349102750178668e-01
6.350356477589202964e-01
6.548309476478160196e-01
6.700699419145467184e-01
6.525694151218112138e-01
6.423607458368729706e-01
6.414735949053146369e-01
6.420043899576028945e-01
6.436308578101898048e-01
6.053460614376416915e-01
6.034557476086971350e-01
6.006763532380089421e-01
6.147648718073018825e-01
6.070944525406667402e-01
6.062413788741001230e-01
6.084112191706203543e-01
6.113288725375864985e-01
6.343103987275645617e-01
6.577713300190466406e-01
6.537327668521223378e-01
6.608418473683244088e-01
6.546509223727240423e-01
6.601149472759890724e-01
6.708960789271775083e-01
6.642587380642029915e-01
6.627121509025893920e-01
6.770000031499828763e-01
6.765675778753535985e-01
6.787430314560163325e-01
6.730608835842144533e-01
6.743866633288548851e-01
6.906435431981274853e-01
6.953649821920770968e-01
6.885916454955849364e-01
6.798604193485726643e-01
6.892820257288858610e-01
6.849690298151510648e-01
6.988212025497571034e-01
7.118904100014455949e-01
7.094758484885829164e-01
7.211079123032105853e-01
7.095562453569514982e-01
7.079040299293337668e-01
7.128303895337330109e-01
7.011384693525106737e-01
7.056153350123532952e-01
7.104606451715512749e-01
7.022164146438768517e-01
7.061352030147132197e-01
7.059274555295123044e-01
7.014132342546169907e-01
7.187660898203459547e-01
7.123160129994424716e-01
7.350047898935313517e-01
7.280263003156504098e-01
7.177636970186073162e-01
7.213442364168796139e-01
7.191783643220961419e-01
7.118115985084347841e-01
7.048262246222932736e-01
7.040263816649710016e-01
6.984368893191241767e-01
6.882167655887675428e-01
6.777387868251091296e-01
6.659990005273300762e-01
6.677143075902013392e-01
6.674117276556922329e-01
6.684535834283031885e-01
6.595283881744895549e-01
6.653483086234719401e-01
6.723704201716832474e-01
6.768726195574433779e-01
6.775052008042926621e-01
6.723033615650552131e-01
6.716407137898123825e-01
6.829323846293283706e-01
6.711268619089540977e-01
6.769722380826492802e-01
7.009661167666313419e-01
7.098039720915892969e-01
7.038892309794441138e-01
7.019473125623026943e-01
6.971797859199516667e-01
7.061908636082779855e-01
7.039645243720689116e-01
6.943874492554511502e-01
6.895805263491040504e-01
6.873441141186094061e-01
6.957413232892479815e-01
7.028182938190838946e-01
7.128080721438699863e-01
7.264824779632035323e-01
7.273996583398347759e-01
7.495091583276080049e-01
7.636779536357010123e-01
7.671316563769592367e-01
7.722855382387474599e-01
7.694460536211313872e-01
7.666791818711420348e-01
7.940607578775993325e-01
7.999591515812758402e-01
8.117429300551154414e-01
8.121804450173524259e-01
8.187895062234489263e-01
8.254161452339903171e-01
8.250696397600291165e-01
8.184790132766940340e-01
8.154024870988023643e-01
8.210550312614848245e-01
8.666124346275614343e-01
8.758520186981638700e-01
8.839822345758553412e-01
8.865181880483352650e-01
8.823918434627125995e-01
8.820439307667461426e-01
8.723247281575897683e-01
8.672381798204421566e-01
8.753290506567472651e-01
8.231346459695040307e-01
8.258567932686478041e-01
8.347384741010160925e-01
8.328827063694776989e-01
8.523467213341793247e-01
8.467427169385909336e-01
8.490708801881786671e-01
8.479233783873573183e-01
8.518528989539203566e-01
8.554425330514896508e-01
8.521121301428087325e-01
8.440953415349797817e-01
8.338737182027430306e-01
8.233821885586226630e-01
8.209510644422554071e-01
8.199905345452866978e-01
8.247770791348905117e-01
8.326543942913120500e-01
8.360092521451327752e-01
8.332188968212632663e-01
8.213477504352230119e-01
8.201303354015297975e-01
8.227111540515557042e-01
8.200430786882515477e-01
8.142229881923143120e-01
7.632487066302662271e-01
7.625259797848420451e-01
7.648725722018128170e-01
7.602748585277129267e-01
7.598821371874736608e-01
7.617911720355299288e-01
7.485434074454490050e-01
7.473728661095303538e-01
7.423720101735772348e-01
7.491317981629023182e-01
7.423739668643450917e-01
7.268692296634595706e-01
7.151592225135070535e-01
7.198607943804782305e-01
7.270878648668103184e-01
7.233323205895463293e-01
7.314928231075576992e-01
7.182475429545335244e-01
7.155150368655448512e-01
7.076013803564217275e-01
7.112606176886049347e-01
7.245971664961075032e-01
7.053811527373743395e-01
6.949797134456556780e-01
6.804516722179969612e-01
6.657472165751258109e-01
6.623352843383791821e-01
6.493598765555099739e-01
6.353911277276683700e-01
6.231415650236296067e-01
6.199252395839011109e-01
6.372675227336159764e-01
6.378750976763171154e-01
6.194489154629071459e-01
6.133643504565889915e-01
6.185561837820595654e-01
6.245380617708851112e-01
6.151630467917802436e-01
6.096088976223744682e-01
5.986918550700996988e-01
6.058436617623234044e-01
5.907879908817555981e-01
5.793634159160675479e-01
5.665750993804247182e-01
5.516529353186881979e-01
5.498705040237700237e-01
5.473820364386258186e-01
5.468415412755440741e-01
5.471784961780474799e-01
5.435633097445681239e-01
5.344707240091070011e-01
5.532012548016178588e-01
5.586165247124502686e-01
5.568368918050101701e-01
5.560636099936907550e-01
5.601662118593190298e-01
5.620274131652539529e-01
5.653684692366134357e-01
5.606589845493339386e-01
5.583809441443590149e-01
5.675701586480179639e-01
5.708305607092597489e-01
5.710809012714015420e-01
5.850922991025752085e-01
5.853845710632881172e-01
5.777782020928092788e-01
5.770425613429920331e-01
5.686128391730970177e-01
5.646511571064831703e-01
5.533700549458686613e-01
5.631766846055906717e-01
5.618651519480137857e-01
5.538719569095038597e-01
5.576553870226134135e-01
5.595493235141401067e-01
5.632859481342624708e-01
5.664295367183563856e-01
5.743326823186011287e-01
5.679353471841492862e-01
5.516164374266186998e-01
5.351671050854014400e-01
5.273072404976375527e-01
5.282757120051332356e-01
5.209175987370886496e-01
5.199928843909159548e-01
5.208138842829115323e-01
5.236883284583986331e-01
5.106439672610227909e-01
5.048125169482396979e-01
5.177668617683424124e-01
5.383352244033218215e-01
5.420215917565153196e-01
5.497015691567329609e-01
5.406664203762470144e-01
5.434796888761251887e-01
5.480234919199488131e-01
5.591471921902908537e-01
5.696260229412621889e-01
5.834257864320487874e-01
5.775482308842792012e-01
5.691748562076383022e-01
5.647116231446421830e-01
5.547241100658528712e-01
5.615468830788805654e-01
5.717577234950764753e-01
5.749469640060299591e-01
5.839942558009462159e-01
5.786519158903398186e-01
5.533443035605001281e-01
5.494225455838174232e-01
5.397911751249896417e-01
5.301933978239883327e-01
5.231248801640090429e-01
5.194864174734526996e-01
5.276373115524057855e-01
5.297689952775488376e-01
5.351507830129593746e-01
5.452603186048957662e-01
5.613208704796496251e-01
5.645223635377848437e-01
5.624580497828749470e-01
5.736969420597500813e-01
5.747661383217560482e-01
5.782560313597017165e-01
5.817276538699923671e-01
5.748419422424922987e-01
5.612598224750240394e-01
5.594756618731717701e-01
5.636321904239176561e-01
5.699350675327440330e-01
5.810915275821710857e-01
5.825156990489972486e-01
5.807604392593651577e-01
5.815595766347599893e-01
5.909877767919992086e-01
5.869930680161977721e-01
5.844508299285352537e-01
5.871025144772464843e-01
5.842006022457039149e-01
5.986332622300675199e-01
5.970462649890793116e-01
5.937858972107705746e-01
5.953196830233024039e-01
5.885908125155092652e-01
6.149321903500449826e-01
6.379114107041723436e-01
6.263551476508668614e-01
6.245139124579105472e-01
6.260364235521700405e-01
6.262971439606583868e-01
6.264409100605100589e-01
6.108911734057786980e-01
6.243723152138239696e-01
6.166074004490555982e-01
6.429695179391200499e-01
6.452426482981802325e-01
6.380909827653382660e-01
6.347909262167521494e-01
6.283567530952227642e-01
6.261807728597947875e-01
6.243405110687600956e-01
6.317904186930036747e-01
6.318275069498987540e-01
6.241479105920697545e-01
6.208677838607846722e-01
6.195691682252707500e-01
6.104982958651649083e-01
6.181099942141412562e-01
5.903186253165263464e-01
5.892747475449214845e-01
5.913358369881598353e-01
5.855037880477363954e-01
5.920920769608456480e-01
5.906632779741556316e-01
5.904423808476974012e-01
5.838076999440795500e-01
5.881286783018246922e-01
5.857558935757687379e-01
5.895547842844506281e-01
5.711147769274124153e-01
5.695778274409509789e-01
5.667193610078764543e-01
5.614591561803631281e-01
5.602334338485698284e-01
5.561276352433642822e-01
5.579196101970712585e-01
5.554653166707783640e-01
5.587734920261746563e-01
5.625200940190419052e-01
5.648412242408231698e-01
5.639639862567044082e-01
5.524740372940029065e-01
5.488023490618100242e-01
5.433861156765251721e-01
5.468956605500436829e-01
5.514705717929229145e-01
5.418073379687742275e-01
5.545365388148838504e-01
5.501738369479886037e-01
5.520299720053747361e-01
5.463434876068538060e-01
5.388250563318762731e-01
5.404301898204232346e-01
5.557313726365320505e-01
5.529566374041643417e-01
5.550711866655602122e-01
5.558244168953008213e-01
5.512936248172991549e-01
5.468217177867117362e-01
5.338143247879323372e-01
5.249395722630062489e-01
5.160538255213229508e-01
5.153276396473162047e-01
5.227672311240250114e-01
5.094310070676854041e-01
5.071183157528288410e-01
5.106528539975986325e-01
5.071843723768014733e-01
5.080810516250788833e-01
5.021388828577295627e-01
5.007742486981965335e-01
4.986521017960738322e-01
5.045019525738762001e-01
5.063290496586652090e-01
5.066764484200806384e-01
5.027868244036785006e-01
4.988104208897982117e-01
5.403908812645635829e-01
5.414804084600404188e-01
5.405168557424386844e-01
5.430893028401586609e-01
5.403258180444198144e-01
5.327728196426955165e-01
5.296746627482417091e-01
5.297621681680965144e-01
5.322973366043565191e-01
5.495196592041806660e-01
5.476704302736193908e-01
5.455065946288568668e-01
5.426300787979351226e-01
5.393969166985327357e-01
5.427104789227645831e-01
5.401519138298747080e-01
5.387513155185030822e-01
5.342962337019505625e-01
5.334345507727615843e-01
5.338014874286445277e-01
5.353909848028367557e-01
5.302605240508340145e-01
5.310155655376478379e-01
5.280406008296708587e-01
5.243646621189969048e-01
5.322889920590891943e-01
5.114586856862698427e-01
5.105748323273834322e-01
5.082525164584480448e-01
4.927740624655769786e-01
4.920464169827820644e-01
4.889582370245001419e-01
4.869460481670728202e-01
4.900695227977451274e-01
4.908103982588482017e-01
4.870993819747135301e-01
4.904995280270970093e-01
4.872009666641732850e-01
4.891269631785598593e-01
4.866619718768351865e-01
4.931186120636391612e-01
4.919928080074365551e-01
4.980197893867657211e-01
4.953471098661643146e-01
5.107170555101364640e-01
5.064958775579464501e-01
4.970665691539515874e-01
5.045980760634682927e-01
5.054198841149272203e-01
5.040485724493950492e-01
5.050029378787986856e-01
5.035383913498900910e-01
5.138843270475578207e-01
5.108159681186370538e-01
5.168894793123164355e-01
5.210405585522497329e-01
5.155689638540196240e-01
5.173676657569825643e-01
5.205261139674135507e-01
5.190395655094403038e-01
5.333132033564735863e-01
5.338250879773955848e-01
5.330729698792504578e-01
5.333683151344439377e-01
5.469487161138317788e-01
5.660279463580617509e-01
5.643409627591283728e-01
5.881206626891986033e-01
5.865670357947461167e-01
5.848816003922889806e-01
5.847438421404711484e-01
6.070522237208235694e-01
6.063953179331627030e-01
6.115856617336087320e-01
6.125226084174414387e-01
5.771362213499726668e-01
5.779507988029221055e-01
5.786983417547703068e-01
5.850225492176078790e-01
5.810290130047768287e-01
5.800099157175954145e-01
5.686407742828870626e-01
5.673928743615614945e-01
5.663005264230412950e-01
5.658845176413327405e-01
5.629592372863179150e-01
5.557449788660553391e-01
5.534341018507952237e-01
5.476817700474342354e-01
5.478220037953545063e-01
5.294892613762585132e-01
5.305323728328589228e-01
5.268482320301828281e-01
5.262039051341760310e-01
5.262987578424559443e-01
5.231224637975862013e-01
5.153352369080298478e-01
5.179965647827068365e-01
5.180794207211215641e-01
5.246409899547972433e-01
5.309408856850255098e-01
5.418470319497340482e-01
5.365411762933016693e-01
5.357080543520361671e-01
5.418183193316565838e-01
5.436333462548480489e-01
5.419236995252367795e-01
5.442266313662732502e-01
5.514227851591808616e-01
5.564326019095190423e-01
5.552378544398542948e-01
5.124241468027332935e-01
5.085772752888991777e-01
5.165302465949282995e-01
5.170247681602329060e-01
5.096963030549227502e-01
5.098877069149421182e-01
4.950522136497336190e-01
4.971445312946103368e-01
5.045093565634474198e-01
4.955859600319692526e-01
5.009200835452782830e-01
5.106970268309141137e-01
5.064286853533976895e-01
4.994693372146676302e-01
4.949343732943953245e-01
4.921616474224126958e-01
5.073441219429584148e-01
5.014039292815609672e-01
5.091708110778178087e-01
5.221599181105132104e-01
5.284832565055062048e-01
5.336107667200229443e-01
5.292382635657096879e-01
5.207648808860564360e-01
5.100028980228907827e-01
5.053567119728227253e-01
5.270508265306460549e-01
5.370725697199209003e-01
5.443642560632738769e-01
5.542288146071818744e-01
5.469888534170873617e-01
5.551273433457221129e-01
5.505696696044481975e-01
5.361773462520763589e-01
5.364223732564566971e-01
5.410168289495559391e-01
5.371377685038424277e-01
5.269420553092197812e-01
5.076191655329076458e-01
4.678782875159027688e-01
4.464019815636360855e-01
4.553991315708066367e-01
4.518273498639081565e-01
4.623111688679902853e-01
4.461306099425276228e-01
4.405327246265239860e-01
4.397116419770771278e-01
4.318398766245312714e-01
4.422360259647654113e-01
4.559633202872243607e-01
4.642038773427261122e-01
4.415592844884146939e-01
4.277216090354968303e-01
4.318827792928786047e-01
4.554864344259256792e-01
4.438561970136601365e-01
4.202495781623162840e-01
4.230435487474188960e-01
4.230595951594092741e-01
4.199638510551692572e-01
4.283291970993935438e-01
4.196469416767789617e-01
4.283536005875414610e-01
4.281527782175140184e-01
4.353240318393079011e-01
4.537672584276692400e-01
4.343030999875834852e-01
4.309428908638504585e-01
4.451099823228916730e-01
4.590926301610331883e-01
4.683995058321252514e-01
4.455868179357160841e-01
4.289775048849877037e-01
4.274321481966310565e-01
4.293360650575859805e-01
4.276408299589855577e-01
4.240019402918786540e-01
4.142635680792178809e-01
4.320362372018204389e-01
4.329453223491751546e-01
4.493073215736518300e-01
4.624229212400181588e-01
4.686960089907479809e-01
4.527876873712878836e-01
4.428894819075477329e-01
4.465102962187181279e-01
4.486383737125231863e-01
4.456023179381286003e-01
4.467302412852368620e-01
4.601280294431736584e-01
4.497697647067311344e-01
4.672296713767966070e-01
4.770437853332839540e-01
4.757662806296441005e-01
5.131703015583102268e-01
5.172644342042308496e-01
5.045151957273255050e-01
4.961007034782045078e-01
5.072823502307154397e-01
4.870637612188818411e-01
5.134831318862219662e-01
4.923870453864120922e-01
4.968318572840261238e-01
4.993067181997153381e-01
5.223362503804087620e-01
5.260647764659928116e-01
5.153979646964012007e-01
4.935909157707574768e-01
5.324499435827592109e-01
5.196915711665182069e-01
5.039551565621719353e-01
4.897037874086560549e-01
5.258401565591497295e-01
5.250263412912267169e-01
5.247075436451769104e-01
5.221044472491302990e-01
5.164642505168266506e-01
5.101500720591874982e-01
4.903581145038606315e-01
4.974246997713380747e-01
5.032743331673000808e-01
5.241512092541178447e-01
5.233833420396712954e-01
5.078869448924305807e-01
5.018393769390672166e-01
4.954089202260011371e-01
4.940014097794521164e-01
4.909868469402821622e-01
4.700518360698049958e-01
4.654361124673252470e-01
4.591075058641672646e-01
4.513890985891663710e-01
4.523892522157092477e-01
4.511229800258739209e-01
4.353258557488105529e-01
4.313969464206857674e-01
4.312950518697921121e-01
4.283141825546346593e-01
4.181326233493286582e-01
4.166955894781386727e-01
4.132538721578604690e-01
4.111174918791150046e-01
