1.9666106021
1.9666106021
1.9666106021
2.2248030308
2.2248030308
2.2248030308
2.0199115533
2.0199115533
2.0199115533
2.0871585173
2.0871585173
2.0871585173
1.9124045513
1.9124045513
1.9124045513
2.2071483213
2.2071483213
2.2071483213
1.4006172585
1.4006172585
1.4006172585
1.4393032635
1.4393032635
1.4393032635
1.5409954174
1.5409954174
1.5409954174
1.5461689270
1.5461689270
1.5461689270
1.9072803824
1.9072803824
1.9072803824
1.8321905337
1.8321905337
1.8321905337
1.9179373679
1.9179373679
1.9179373679
1.8295160391
1.8295160391
1.8295160391
2.0260673649
2.0260673649
2.0260673649
1.8875377341
1.8875377341
1.8875377341
1.9588935105
1.9588935105
1.9588935105
1.9728641819
1.9728641819
1.9728641819
1.8726556171
1.8726556171
1.8726556171
1.8589940229
1.8589940229
1.8589940229
2.6808588478
2.6808588478
2.6808588478
2.5465508095
2.5465508095
2.5465508095
2.1997020042
2.1997020042
2.1997020042
2.2176740173
2.2176740173
2.2176740173
2.0866294593
2.0866294593
2.0866294593
2.1312583642
2.1312583642
2.1312583642
1.6783215545
1.6783215545
1.6783215545
1.2821025188
1.2821025188
1.2821025188
1.2658945638
1.2658945638
1.2658945638
1.1234983331
1.1234983331
1.1234983331
1.2711980069
1.2711980069
1.2711980069
1.2509352055
1.2509352055
1.2509352055
1.2258603548
1.2258603548
1.2258603548
1.2277964755
1.2277964755
1.2277964755
1.0951709386
1.0951709386
1.0951709386
1.0840447976
1.0840447976
1.0840447976
0.4958543558
0.4958543558
0.4958543558
0.5337890551
0.5337890551
0.5337890551
0.4822336606
0.4822336606
0.4822336606
0.6097132468
0.6097132468
0.6097132468
0.8594627030
0.8594627030
0.8594627030
1.1261020820
1.1261020820
1.1261020820
0.7986428829
0.7986428829
0.7986428829
0.9066821754
0.9066821754
0.9066821754
0.9310976955
0.9310976955
0.9310976955
1.0103606408
1.0103606408
1.0103606408
0.8228862107
0.8228862107
0.8228862107
0.8254148745
0.8254148745
0.8254148745
0.5939769835
0.5939769835
0.5939769835
0.6397473967
0.6397473967
0.6397473967
0.6726707483
0.6726707483
0.6726707483
0.5216992508
0.5216992508
0.5216992508
0.5527634395
0.5527634395
0.5527634395
0.3283276188
0.3283276188
0.3283276188
0.3430520708
0.3430520708
0.3430520708
0.1158661209
0.1158661209
0.1158661209
0.0589005595
0.0589005595
0.0589005595
0.0647310177
0.0647310177
0.0647310177
0.2025252007
0.2025252007
0.2025252007
0.3427746094
0.3427746094
0.3427746094
0.2867168982
0.2867168982
0.2867168982
0.2084960796
0.2084960796
0.2084960796
0.1512391564
0.1512391564
0.1512391564
0.2218879999
0.2218879999
0.2218879999
0.2709042977
0.2709042977
0.2709042977
0.3404055717
0.3404055717
0.3404055717
0.3001982645
0.3001982645
0.3001982645
0.3362501988
0.3362501988
0.3362501988
0.2984672861
0.2984672861
0.2984672861
0.5288050956
0.5288050956
0.5288050956
0.4540457712
0.4540457712
0.4540457712
0.5066094509
0.5066094509
0.5066094509
0.3920512472
0.3920512472
0.3920512472
0.4449640196
0.4449640196
0.4449640196
0.5063774581
0.5063774581
0.5063774581
0.3400270828
0.3400270828
0.3400270828
0.4538596114
0.4538596114
0.4538596114
0.5850089016
0.5850089016
0.5850089016
0.5488195445
0.5488195445
0.5488195445
0.2714214250
0.2714214250
0.2714214250
0.4946174142
0.4946174142
0.4946174142
0.7984337096
0.7984337096
0.7984337096
0.8486827753
0.8486827753
0.8486827753
0.9522008751
0.9522008751
0.9522008751
1.0189150501
1.0189150501
1.0189150501
1.1616679002
1.1616679002
1.1616679002
1.1738510004
1.1738510004
1.1738510004
0.9159961567
0.9159961567
0.9159961567
0.9542004206
0.9542004206
0.9542004206
0.7047291707
0.7047291707
0.7047291707
0.8729964567
0.8729964567
0.8729964567
0.8954935351
0.8954935351
0.8954935351
0.9290664240
0.9290664240
0.9290664240
0.8504921273
0.8504921273
0.8504921273
0.8162437113
0.8162437113
0.8162437113
0.8411254667
0.8411254667
0.8411254667
0.6309777681
0.6309777681
0.6309777681
0.9062177334
0.9062177334
0.9062177334
1.3969213818
1.3969213818
1.3969213818
1.4337534647
1.4337534647
1.4337534647
1.7732158691
1.7732158691
1.7732158691
1.6465103824
1.6465103824
1.6465103824
1.4924302916
1.4924302916
1.4924302916
1.5986586173
1.5986586173
1.5986586173
1.5891596724
1.5891596724
1.5891596724
1.8981467486
1.8981467486
1.8981467486
1.2397556844
1.2397556844
1.2397556844
1.3999949243
1.3999949243
1.3999949243
1.3244108048
1.3244108048
1.3244108048
1.2969903733
1.2969903733
1.2969903733
0.8694703180
0.8694703180
0.8694703180
0.9180412485
0.9180412485
0.9180412485
0.9552860999
0.9552860999
0.9552860999
0.7993810582
0.7993810582
0.7993810582
0.5936987062
0.5936987062
0.5936987062
0.8165685650
0.8165685650
0.8165685650
0.6696485132
0.6696485132
0.6696485132
0.5265563426
0.5265563426
0.5265563426
0.6435546199
0.6435546199
0.6435546199
0.5613025250
0.5613025250
0.5613025250
0.4513316747
0.4513316747
0.4513316747
0.2899621184
0.2899621184
0.2899621184
0.1758455744
0.1758455744
0.1758455744
0.2399155968
0.2399155968
0.2399155968
0.2759308412
0.2759308412
0.2759308412
0.0534444001
0.0534444001
0.0534444001
0.4878401691
0.4878401691
0.4878401691
0.7095948700
0.7095948700
0.7095948700
1.1007107287
1.1007107287
1.1007107287
0.7777795152
0.7777795152
0.7777795152
1.2260327219
1.2260327219
1.2260327219
0.8531745174
0.8531745174
0.8531745174
0.6797255299
0.6797255299
0.6797255299
0.6551181971
0.6551181971
0.6551181971
0.6834559154
0.6834559154
0.6834559154
0.5631042686
0.5631042686
0.5631042686
0.4816752760
0.4816752760
0.4816752760
0.4963805226
0.4963805226
0.4963805226
0.4297962123
0.4297962123
0.4297962123
0.4844278528
0.4844278528
0.4844278528
0.3950395440
0.3950395440
0.3950395440
0.6939968952
0.6939968952
0.6939968952
1.2838073832
1.2838073832
1.2838073832
1.7180939091
1.7180939091
1.7180939091
1.6262064127
1.6262064127
1.6262064127
1.6147878762
1.6147878762
1.6147878762
1.6334331937
1.6334331937
1.6334331937
1.9306941593
1.9306941593
1.9306941593
2.0405201317
2.0405201317
2.0405201317
1.9227564197
1.9227564197
1.9227564197
1.8933556655
1.8933556655
1.8933556655
1.2867649898
1.2867649898
1.2867649898
0.8452565180
0.8452565180
0.8452565180
0.7522643404
0.7522643404
0.7522643404
0.6884222599
0.6884222599
0.6884222599
0.7631020743
0.7631020743
0.7631020743
0.6096019839
0.6096019839
0.6096019839
0.7794652484
0.7794652484
0.7794652484
1.2232935075
1.2232935075
1.2232935075
1.2908192060
1.2908192060
1.2908192060
1.1554501532
1.1554501532
1.1554501532
0.8150906517
0.8150906517
0.8150906517
0.4085427301
0.4085427301
0.4085427301
0.6115498686
0.6115498686
0.6115498686
0.6282094357
0.6282094357
0.6282094357
0.7047814454
0.7047814454
0.7047814454
0.9637260643
0.9637260643
0.9637260643
1.1217601188
1.1217601188
1.1217601188
1.3250130580
1.3250130580
1.3250130580
1.3672451318
1.3672451318
1.3672451318
1.2266410984
1.2266410984
1.2266410984
1.1874053695
1.1874053695
1.1874053695
1.3956192954
1.3956192954
1.3956192954
1.5085746129
1.5085746129
1.5085746129
1.2654097683
1.2654097683
1.2654097683
1.5241755896
1.5241755896
1.5241755896
1.0025761705
1.0025761705
1.0025761705
1.0842579761
1.0842579761
1.0842579761
0.8354294603
0.8354294603
0.8354294603
1.0016848275
1.0016848275
1.0016848275
1.0525951150
1.0525951150
1.0525951150
0.9406525524
0.9406525524
0.9406525524
0.8787891681
0.8787891681
0.8787891681
0.8672468234
0.8672468234
0.8672468234
0.9306284308
0.9306284308
0.9306284308
0.9156513585
0.9156513585
0.9156513585
0.9506687550
0.9506687550
0.9506687550
1.0028259052
1.0028259052
1.0028259052
0.9503969779
0.9503969779
0.9503969779
0.8357984674
0.8357984674
0.8357984674
0.8179952817
0.8179952817
0.8179952817
0.7609580446
0.7609580446
0.7609580446
0.9661891352
0.9661891352
0.9661891352
0.8223503547
0.8223503547
0.8223503547
0.6648895156
0.6648895156
0.6648895156
0.8544098151
0.8544098151
0.8544098151
0.5517919458
0.5517919458
0.5517919458
0.7748498474
0.7748498474
0.7748498474
0.9810564645
0.9810564645
0.9810564645
1.3239321037
1.3239321037
1.3239321037
1.3715560495
1.3715560495
1.3715560495
1.7400258393
1.7400258393
1.7400258393
1.9101840532
1.9101840532
1.9101840532
2.2834757081
2.2834757081
2.2834757081
2.1540940621
2.1540940621
2.1540940621
2.1013844378
2.1013844378
2.1013844378
2.2365067224
2.2365067224
2.2365067224
1.9942208602
1.9942208602
1.9942208602
1.8242353586
1.8242353586
1.8242353586
1.8039112706
1.8039112706
1.8039112706
1.8230697761
1.8230697761
1.8230697761
1.7430227091
1.7430227091
1.7430227091
1.3264234824
1.3264234824
1.3264234824
1.0598647039
1.0598647039
1.0598647039
0.7856009716
0.7856009716
0.7856009716
0.7596890192
0.7596890192
0.7596890192
0.7176510907
0.7176510907
0.7176510907
0.6851840953
0.6851840953
0.6851840953
0.9888946351
0.9888946351
0.9888946351
0.9440095114
0.9440095114
0.9440095114
1.0665914639
1.0665914639
1.0665914639
1.0039015869
1.0039015869
1.0039015869
1.1677639672
1.1677639672
1.1677639672
1.0884816695
1.0884816695
1.0884816695
1.1777307679
1.1777307679
1.1777307679
0.8583753718
0.8583753718
0.8583753718
0.8956206636
0.8956206636
0.8956206636
0.7533532162
0.7533532162
0.7533532162
0.8407472126
0.8407472126
0.8407472126
0.7121698883
0.7121698883
0.7121698883
0.9281820756
0.9281820756
0.9281820756
0.4970187964
0.4970187964
0.4970187964
0.4120215990
0.4120215990
0.4120215990
0.3596811401
0.3596811401
0.3596811401
0.6641424312
0.6641424312
0.6641424312
1.0594733908
1.0594733908
1.0594733908
1.3404547795
1.3404547795
1.3404547795
1.4745565362
1.4745565362
1.4745565362
1.7572657639
1.7572657639
1.7572657639
1.8779431179
1.8779431179
1.8779431179
1.9447358827
1.9447358827
1.9447358827
2.0476334426
2.0476334426
2.0476334426
2.2671141913
2.2671141913
2.2671141913
2.1457272487
2.1457272487
2.1457272487
2.0952046604
2.0952046604
2.0952046604
1.9749751300
1.9749751300
1.9749751300
2.1175354400
2.1175354400
2.1175354400
2.1779833478
2.1779833478
2.1779833478
1.5812640101
1.5812640101
1.5812640101
1.4844602835
1.4844602835
1.4844602835
1.6582924379
1.6582924379
1.6582924379
1.5605304370
1.5605304370
1.5605304370
1.4601522481
1.4601522481
1.4601522481
1.5199909790
1.5199909790
1.5199909790
1.5344839501
1.5344839501
1.5344839501
1.4158675902
1.4158675902
1.4158675902
1.3425487168
1.3425487168
1.3425487168
1.1085357190
1.1085357190
1.1085357190
0.8032351892
0.8032351892
0.8032351892
0.9283993547
0.9283993547
0.9283993547
0.9726977522
0.9726977522
0.9726977522
1.1695126710
1.1695126710
1.1695126710
1.3722159810
1.3722159810
1.3722159810
1.4224364066
1.4224364066
1.4224364066
1.3414919693
1.3414919693
1.3414919693
1.2586717428
1.2586717428
1.2586717428
1.2806197247
1.2806197247
1.2806197247
1.4333879233
1.4333879233
1.4333879233
1.4440682846
1.4440682846
1.4440682846
1.5519686538
1.5519686538
1.5519686538
1.3525257697
1.3525257697
1.3525257697
0.9217052561
0.9217052561
0.9217052561
0.8138015371
0.8138015371
0.8138015371
0.5103108158
0.5103108158
0.5103108158
0.6784380904
0.6784380904
0.6784380904
0.7633151248
0.7633151248
0.7633151248
1.0114795501
1.0114795501
1.0114795501
1.3472301460
1.3472301460
1.3472301460
1.6928724970
1.6928724970
1.6928724970
1.6829786798
1.6829786798
1.6829786798
1.6148294617
1.6148294617
1.6148294617
1.9586066221
1.9586066221
1.9586066221
2.2777095158
2.2777095158
2.2777095158
1.4029937464
1.4029937464
1.4029937464
1.5130821672
1.5130821672
1.5130821672
1.2716041927
1.2716041927
1.2716041927
0.9702424601
0.9702424601
0.9702424601
0.9276640177
0.9276640177
0.9276640177
0.5650221734
0.5650221734
0.5650221734
0.9377699578
0.9377699578
0.9377699578
1.2799997393
1.2799997393
1.2799997393
1.4317264586
1.4317264586
1.4317264586
1.8200935730
1.8200935730
1.8200935730
1.7937719576
1.7937719576
1.7937719576
2.1745419327
2.1745419327
2.1745419327
2.1872055793
2.1872055793
2.1872055793
2.1806129839
2.1806129839
2.1806129839
2.1119728827
2.1119728827
2.1119728827
2.1949295866
2.1949295866
2.1949295866
1.8725310704
1.8725310704
1.8725310704
1.8666157143
1.8666157143
1.8666157143
1.7504476376
1.7504476376
1.7504476376
1.6510619740
1.6510619740
1.6510619740
1.5278441793
1.5278441793
1.5278441793
1.0818047291
1.0818047291
1.0818047291
0.9463651715
0.9463651715
0.9463651715
0.6248363893
0.6248363893
0.6248363893
0.9556500668
0.9556500668
0.9556500668
0.9246967036
0.9246967036
0.9246967036
0.7011454081
0.7011454081
0.7011454081
0.9369297776
0.9369297776
0.9369297776
1.3353850612
1.3353850612
1.3353850612
1.5207659422
1.5207659422
1.5207659422
1.5110821831
1.5110821831
1.5110821831
1.3592153380
1.3592153380
1.3592153380
1.2797850220
1.2797850220
1.2797850220
1.0489735764
1.0489735764
1.0489735764
0.8390986577
0.8390986577
0.8390986577
0.8951174194
0.8951174194
0.8951174194
0.6712295486
0.6712295486
0.6712295486
0.6428605385
0.6428605385
0.6428605385
0.6097782102
0.6097782102
0.6097782102
0.8423079116
0.8423079116
0.8423079116
0.9412975825
0.9412975825
0.9412975825
1.3251335341
1.3251335341
1.3251335341
1.7772939146
1.7772939146
1.7772939146
2.1645004839
2.1645004839
2.1645004839
2.2196842083
2.2196842083
2.2196842083
2.0256772065
2.0256772065
2.0256772065
1.9304709668
1.9304709668
1.9304709668
1.9384929389
1.9384929389
1.9384929389
1.9200084431
1.9200084431
1.9200084431
1.6833598032
1.6833598032
1.6833598032
1.3600097508
1.3600097508
1.3600097508
1.4513935316
1.4513935316
1.4513935316
0.7625602774
0.7625602774
0.7625602774
0.7084483783
0.7084483783
0.7084483783
0.7196012037
0.7196012037
0.7196012037
0.9746776737
0.9746776737
0.9746776737
0.9469631654
0.9469631654
0.9469631654
1.3083175598
1.3083175598
1.3083175598
1.5635073845
1.5635073845
1.5635073845
1.5466523768
1.5466523768
1.5466523768
1.6256608416
1.6256608416
1.6256608416
1.5849039390
1.5849039390
1.5849039390
1.3200507665
1.3200507665
1.3200507665
1.1239566893
1.1239566893
1.1239566893
0.7423192128
0.7423192128
0.7423192128
0.6406841726
0.6406841726
0.6406841726
0.6675289629
0.6675289629
0.6675289629
0.8209646192
0.8209646192
0.8209646192
1.1756707928
1.1756707928
1.1756707928
1.2591912898
1.2591912898
1.2591912898
1.3732600489
1.3732600489
1.3732600489
1.4526851087
1.4526851087
1.4526851087
1.6141723029
1.6141723029
1.6141723029
1.1938538911
1.1938538911
1.1938538911
1.3085637582
1.3085637582
1.3085637582
1.1504070129
1.1504070129
1.1504070129
1.2286496878
1.2286496878
1.2286496878
1.3464406406
1.3464406406
1.3464406406
1.3217035520
1.3217035520
1.3217035520
1.0771867321
1.0771867321
1.0771867321
0.9637309010
0.9637309010
0.9637309010
0.9697491385
0.9697491385
0.9697491385
0.5651798638
0.5651798638
0.5651798638
0.7464494524
0.7464494524
0.7464494524
0.6767968281
0.6767968281
0.6767968281
1.0191967297
1.0191967297
1.0191967297
0.9308365184
0.9308365184
0.9308365184
1.0422378520
1.0422378520
1.0422378520
1.3834280966
1.3834280966
1.3834280966
1.4806709998
1.4806709998
1.4806709998
0.9284201167
0.9284201167
0.9284201167
0.6810647431
0.6810647431
0.6810647431
0.6043925789
0.6043925789
0.6043925789
0.5866163438
0.5866163438
0.5866163438
0.8749822380
0.8749822380
0.8749822380
0.7161246967
0.7161246967
0.7161246967
0.7509582219
0.7509582219
0.7509582219
0.8623126219
0.8623126219
0.8623126219
1.2699391958
1.2699391958
1.2699391958
1.6609094275
1.6609094275
1.6609094275
1.4576431914
1.4576431914
1.4576431914
1.6578469681
1.6578469681
1.6578469681
1.6644941726
1.6644941726
1.6644941726
1.4485374497
1.4485374497
1.4485374497
1.4429713548
1.4429713548
1.4429713548
1.4637807002
1.4637807002
1.4637807002
1.3915827079
1.3915827079
1.3915827079
1.4092184651
1.4092184651
1.4092184651
1.2917256689
1.2917256689
1.2917256689
1.1394225092
1.1394225092
1.1394225092
1.2133585247
1.2133585247
1.2133585247
1.6227913951
1.6227913951
1.6227913951
1.2110475605
1.2110475605
1.2110475605
1.2922113454
1.2922113454
1.2922113454
1.0859523698
1.0859523698
1.0859523698
1.0542390411
1.0542390411
1.0542390411
0.9448399249
0.9448399249
0.9448399249
0.8377060398
0.8377060398
0.8377060398
0.4245132860
0.4245132860
0.4245132860
0.5504190687
0.5504190687
0.5504190687
1.0879241057
1.0879241057
1.0879241057
1.0890768935
1.0890768935
1.0890768935
0.9688335679
0.9688335679
0.9688335679
0.4249480898
0.4249480898
0.4249480898
0.4365591323
0.4365591323
0.4365591323
0.7219467915
0.7219467915
0.7219467915
0.7974879900
0.7974879900
0.7974879900
0.6776856685
0.6776856685
0.6776856685
0.8511696214
0.8511696214
0.8511696214
0.8202286906
0.8202286906
0.8202286906
0.7570068668
0.7570068668
0.7570068668
0.9522121120
0.9522121120
0.9522121120
0.9573390663
0.9573390663
0.9573390663
0.6676243956
0.6676243956
0.6676243956
0.5407727304
0.5407727304
0.5407727304
0.3623749044
0.3623749044
0.3623749044
0.7882851281
0.7882851281
0.7882851281
0.7730258010
0.7730258010
0.7730258010
0.7917007307
0.7917007307
0.7917007307
1.0040983751
1.0040983751
1.0040983751
1.1493194087
1.1493194087
1.1493194087
1.2275297176
1.2275297176
1.2275297176
1.2769781531
1.2769781531
1.2769781531
1.5098722277
1.5098722277
1.5098722277
1.6155009349
1.6155009349
1.6155009349
1.8853348773
1.8853348773
1.8853348773
1.6402178890
1.6402178890
1.6402178890
1.4941394790
1.4941394790
1.4941394790
1.3848490666
1.3848490666
1.3848490666
1.5562051845
1.5562051845
1.5562051845
1.6704371082
1.6704371082
1.6704371082
1.5119949576
1.5119949576
1.5119949576
1.7369776704
1.7369776704
1.7369776704
1.5975675951
1.5975675951
1.5975675951
1.5026107862
1.5026107862
1.5026107862
1.2205809546
1.2205809546
1.2205809546
0.8956259689
0.8956259689
0.8956259689
0.6390285765
0.6390285765
0.6390285765
0.5743248628
0.5743248628
0.5743248628
0.8510977029
0.8510977029
0.8510977029
0.8112657990
0.8112657990
0.8112657990
0.8832728640
0.8832728640
0.8832728640
1.1096263588
1.1096263588
1.1096263588
1.2142355965
1.2142355965
1.2142355965
1.1806974922
1.1806974922
1.1806974922
1.1642339357
1.1642339357
1.1642339357
0.7834783572
0.7834783572
0.7834783572
0.6056741655
0.6056741655
0.6056741655
0.6525828770
0.6525828770
0.6525828770
0.6885356244
0.6885356244
0.6885356244
0.5406912691
0.5406912691
0.5406912691
0.3097872844
0.3097872844
0.3097872844
0.3234101238
0.3234101238
0.3234101238
0.5878902605
0.5878902605
0.5878902605
0.7954095461
0.7954095461
0.7954095461
0.3967473920
0.3967473920
0.3967473920
0.3940951640
0.3940951640
0.3940951640
0.4180350279
0.4180350279
0.4180350279
0.4391861847
0.4391861847
0.4391861847
0.3527714428
0.3527714428
0.3527714428
0.5309010456
0.5309010456
0.5309010456
0.5784506260
0.5784506260
0.5784506260
0.6491650378
0.6491650378
0.6491650378
0.5175357450
0.5175357450
0.5175357450
0.5417631413
0.5417631413
0.5417631413
0.6093804058
0.6093804058
0.6093804058
0.6599324664
0.6599324664
0.6599324664
0.7623592537
0.7623592537
0.7623592537
0.8204318641
0.8204318641
0.8204318641
0.8662236614
0.8662236614
0.8662236614
0.9026860566
0.9026860566
0.9026860566
0.8631128933
0.8631128933
0.8631128933
0.9440919411
0.9440919411
0.9440919411
0.9302500091
0.9302500091
0.9302500091
0.8750357876
0.8750357876
0.8750357876
0.9007202432
0.9007202432
0.9007202432
0.9313859897
0.9313859897
0.9313859897
0.8789177554
0.8789177554
0.8789177554
1.0177359160
1.0177359160
1.0177359160
0.9809371755
0.9809371755
0.9809371755
1.0370851901
1.0370851901
1.0370851901
1.2252670769
1.2252670769
1.2252670769
1.0327109253
1.0327109253
1.0327109253
0.8621176067
0.8621176067
0.8621176067
0.8960205912
0.8960205912
0.8960205912
0.9454825169
0.9454825169
0.9454825169
0.8713829189
0.8713829189
0.8713829189
0.8572530087
0.8572530087
0.8572530087
0.6434033076
0.6434033076
0.6434033076
0.7016545771
0.7016545771
0.7016545771
0.7882526925
0.7882526925
0.7882526925
0.9620126066
0.9620126066
0.9620126066
1.3655074171
1.3655074171
1.3655074171
1.3024023916
1.3024023916
1.3024023916
1.4229871333
1.4229871333
1.4229871333
1.1770791044
1.1770791044
1.1770791044
1.2754240636
1.2754240636
1.2754240636
1.0323357592
1.0323357592
1.0323357592
1.0020349722
1.0020349722
1.0020349722
1.6362580812
1.6362580812
1.6362580812
1.3269974014
1.3269974014
1.3269974014
1.1829292645
1.1829292645
1.1829292645
0.8151343913
0.8151343913
0.8151343913
0.4183589635
0.4183589635
0.4183589635
0.6113203423
0.6113203423
0.6113203423
0.8756941520
0.8756941520
0.8756941520
1.2724057382
1.2724057382
1.2724057382
1.3220979117
1.3220979117
1.3220979117
1.5640685659
1.5640685659
1.5640685659
1.5359620011
1.5359620011
1.5359620011
1.7768359839
1.7768359839
1.7768359839
1.8493973782
1.8493973782
1.8493973782
1.8813472074
1.8813472074
1.8813472074
1.5252547391
1.5252547391
1.5252547391
1.3623599933
1.3623599933
1.3623599933
1.5458333631
1.5458333631
1.5458333631
1.6953377652
1.6953377652
1.6953377652
1.7836553123
1.7836553123
1.7836553123
1.7650874025
1.7650874025
1.7650874025
1.6974841976
1.6974841976
1.6974841976
1.7889143120
1.7889143120
1.7889143120
1.7504249053
1.7504249053
1.7504249053
1.5054602417
1.5054602417
1.5054602417
1.7174570560
1.7174570560
1.7174570560
1.8718087178
1.8718087178
1.8718087178
1.0767493681
1.0767493681
1.0767493681
0.8419218920
0.8419218920
0.8419218920
0.9480591844
0.9480591844
0.9480591844
0.8202239862
0.8202239862
0.8202239862
0.7617320588
0.7617320588
0.7617320588
0.7949594391
0.7949594391
0.7949594391
1.0236538238
1.0236538238
1.0236538238
0.8334635764
0.8334635764
0.8334635764
0.8178721424
0.8178721424
0.8178721424
0.6695776854
0.6695776854
0.6695776854
0.9300209077
0.9300209077
0.9300209077
0.8203073658
0.8203073658
0.8203073658
0.9585643305
0.9585643305
0.9585643305
0.9491002247
0.9491002247
0.9491002247
0.9460118934
0.9460118934
0.9460118934
0.5844088405
0.5844088405
0.5844088405
0.4498355444
0.4498355444
0.4498355444
0.3948035488
0.3948035488
0.3948035488
0.5236710038
0.5236710038
0.5236710038
0.7234032976
0.7234032976
0.7234032976
1.0035740593
1.0035740593
1.0035740593
1.3758300799
1.3758300799
1.3758300799
1.3896586821
1.3896586821
1.3896586821
1.4616694249
1.4616694249
1.4616694249
1.3460095789
1.3460095789
1.3460095789
1.5345938298
1.5345938298
1.5345938298
1.5200517934
1.5200517934
1.5200517934
1.7904197396
1.7904197396
1.7904197396
1.8065879636
1.8065879636
1.8065879636
1.7442602697
1.7442602697
1.7442602697
1.9227848503
1.9227848503
1.9227848503
1.6303915975
1.6303915975
1.6303915975
1.6238637254
1.6238637254
1.6238637254
2.1062699473
2.1062699473
2.1062699473
2.1080618482
2.1080618482
2.1080618482
1.4094061876
1.4094061876
1.4094061876
1.4944864868
1.4944864868
1.4944864868
0.8927708713
0.8927708713
0.8927708713
1.5823122953
1.5823122953
1.5823122953
2.5429523750
2.5429523750
2.5429523750
1.9831981046
1.9831981046
1.9831981046
1.3387177206
1.3387177206
1.3387177206
0.1727668190
0.1727668190
0.1727668190
1.3327849768
1.3327849768
1.3327849768
1.6629873277
1.6629873277
1.6629873277
1.4127677863
1.4127677863
1.4127677863
1.2227631563
1.2227631563
1.2227631563
1.2334272954
1.2334272954
1.2334272954
1.2716097003
1.2716097003
1.2716097003
0.9637134447
0.9637134447
0.9637134447
1.7004574828
1.7004574828
1.7004574828
1.3901273837
1.3901273837
1.3901273837
0.7403919894
0.7403919894
0.7403919894
1.1250720720
1.1250720720
1.1250720720
2.5018648702
2.5018648702
2.5018648702
2.8209425604
2.8209425604
2.8209425604
1.3609704384
1.3609704384
1.3609704384
1.0858126171
1.0858126171
1.0858126171
2.6286235869
2.6286235869
2.6286235869
2.5345777283
2.5345777283
2.5345777283
1.2225283073
1.2225283073
1.2225283073
0.8517223052
0.8517223052
0.8517223052
0.9207437052
0.9207437052
0.9207437052
1.7845861944
1.7845861944
1.7845861944
1.4202010875
1.4202010875
1.4202010875
1.2431330632
1.2431330632
1.2431330632
0.4157336611
0.4157336611
0.4157336611
1.1872048855
1.1872048855
1.1872048855
1.5817798617
1.5817798617
1.5817798617
1.0203896134
1.0203896134
1.0203896134
0.9482684512
0.9482684512
0.9482684512
0.9351609574
0.9351609574
0.9351609574
1.0348557394
1.0348557394
1.0348557394
1.1286503199
1.1286503199
1.1286503199
0.9092798735
0.9092798735
0.9092798735
0.7009819287
0.7009819287
0.7009819287
1.6025644933
1.6025644933
1.6025644933
1.7674987378
1.7674987378
1.7674987378
1.5370233038
1.5370233038
1.5370233038
1.4109439366
1.4109439366
1.4109439366
1.2419494701
1.2419494701
1.2419494701
2.1520181063
2.1520181063
2.1520181063
2.6434860545
2.6434860545
2.6434860545
2.6129543434
2.6129543434
2.6129543434
1.3241963773
1.3241963773
1.3241963773
2.6363554712
2.6363554712
2.6363554712
1.9950267054
1.9950267054
1.9950267054
1.7741206065
1.7741206065
1.7741206065
2.1405130912
2.1405130912
2.1405130912
1.6922532765
1.6922532765
1.6922532765
1.3721945055
1.3721945055
1.3721945055
1.1492274348
1.1492274348
1.1492274348
1.0129260536
1.0129260536
1.0129260536
1.1879619068
1.1879619068
1.1879619068
1.4807146060
1.4807146060
1.4807146060
0.8517497690
0.8517497690
0.8517497690
0.6325837282
0.6325837282
0.6325837282
0.4345236788
0.4345236788
0.4345236788
0.4666299888
0.4666299888
0.4666299888
0.3973459128
0.3973459128
0.3973459128
0.2770396330
0.2770396330
0.2770396330
0.3941148045
0.3941148045
0.3941148045
0.2366012221
0.2366012221
0.2366012221
0.3888561020
0.3888561020
0.3888561020
0.8024360185
0.8024360185
0.8024360185
0.9336862083
0.9336862083
0.9336862083
0.8529648604
0.8529648604
0.8529648604
0.8929428700
0.8929428700
0.8929428700
0.7259736245
0.7259736245
0.7259736245
0.5897566304
0.5897566304
0.5897566304
0.5760324822
0.5760324822
0.5760324822
0.7331221443
0.7331221443
0.7331221443
0.5594149236
0.5594149236
0.5594149236
0.9616375713
0.9616375713
0.9616375713
1.3339867953
1.3339867953
1.3339867953
4.1657048400
4.1657048400
4.1657048400
4.0527629103
4.0527629103
4.0527629103
3.9813775575
3.9813775575
3.9813775575
4.3028276622
4.3028276622
4.3028276622
4.4547277700
4.4547277700
4.4547277700
4.6104023784
4.6104023784
4.6104023784
4.4296426792
4.4296426792
4.4296426792
4.3792146523
4.3792146523
4.3792146523
4.2561707956
4.2561707956
4.2561707956
4.2329232810
4.2329232810
4.2329232810
4.1195821972
4.1195821972
4.1195821972
4.2067950038
4.2067950038
4.2067950038
4.0411626293
4.0411626293
4.0411626293
3.7383843925
3.7383843925
3.7383843925
3.6139688010
3.6139688010
3.6139688010
3.6219653185
3.6219653185
3.6219653185
3.4980717475
3.4980717475
3.4980717475
3.0586881590
3.0586881590
3.0586881590
3.1550335705
3.1550335705
3.1550335705
3.3257627575
3.3257627575
3.3257627575
3.2292223960
3.2292223960
3.2292223960
3.2979584699
3.2979584699
3.2979584699
3.2125521418
3.2125521418
3.2125521418
2.9469866675
2.9469866675
2.9469866675
3.3680991992
3.3680991992
3.3680991992
3.5594686876
3.5594686876
3.5594686876
3.6269792052
3.6269792052
3.6269792052
1.1606054100
1.1606054100
1.5528397790
1.5528397790
1.3030845070
1.3030845070
0.7889713525
0.7889713525
1.9708316080
1.9708316080
1.2140260326
1.2140260326
1.2549192975
1.2549192975
1.5229682031
1.5229682031
1.3426912226
1.3426912226
0.8036666016
1.5318758867
1.5318758867
0.9788193744
0.9788193744
1.7563572427
1.7563572427
1.8144505640
1.8144505640
1.1320947959
1.1320947959
1.2264306404
1.2264306404
1.2213094791
1.2213094791
1.4294777857
1.4294777857
1.1385829963
1.1385829963
1.2231884126
1.2231884126
0.9945648435
0.9945648435
1.2354333561
1.2354333561
1.2633579606
1.2633579606
1.4715523246
1.4715523246
1.3347846376
1.3347846376
1.2437150774
1.2437150774
0.8982286516
0.8982286516
0.7584309613
0.7584309613
0.7452700987
0.7452700987
0.5631884894
0.5631884894
0.3337517819
0.3337517819
0.8939838337
0.8939838337
0.7386894376
0.7386894376
0.9317849274
0.9317849274
0.7761050920
0.7761050920
1.2023352929
1.2023352929
1.1720892527
1.1720892527
1.1826967880
1.1826967880
0.8658860566
0.8658860566
1.1413059347
1.1413059347
0.6847672215
0.6847672215
0.9083032206
0.9083032206
0.8128475668
0.8128475668
0.9050998602
0.9050998602
0.9011574894
0.9011574894
1.0666292710
1.0666292710
1.3525802745
1.3525802745
1.2852205033
1.2852205033
1.6420454903
1.6420454903
1.9893193971
1.9893193971
1.7581556156
1.7581556156
2.2606077216
2.2606077216
2.2238156748
2.2238156748
2.4693372432
2.4693372432
1.9004906471
1.9004906471
1.8531565068
1.8531565068
1.8287506172
1.8287506172
1.9761485330
1.9761485330
1.8505436488
1.8505436488
1.2897806508
1.2897806508
0.9680718550
0.9680718550
1.1057393085
1.1057393085
1.8278457537
1.8278457537
4.5239727899
4.5239727899
4.4281068614
4.4281068614
1.9974040176
1.9974040176
1.6536541439
1.6536541439
1.5224985826
1.5224985826
0.9945339756
0.9945339756
0.4968764557
0.4968764557
0.5633385876
0.5633385876
0.9645869364
0.9645869364
0.9547016702
0.9547016702
1.1707795303
1.1707795303
1.0629462114
1.0629462114
1.3044976588
1.3044976588
1.7090428901
1.7090428901
1.8112280902
1.8112280902
1.8201182719
1.8201182719
1.4324005196
1.4324005196
0.8465410384
0.8465410384
0.6230208478
0.6230208478
0.4606924351
0.4606924351
0.5855582107
0.5855582107
0.5038838087
0.5038838087
0.4884259131
0.4884259131
0.6229144906
0.6229144906
0.8289695001
0.8289695001
0.9880373115
0.9880373115
1.2726713758
1.2726713758
1.1033286800
1.1033286800
1.0615953114
1.0615953114
0.5616764789
0.5616764789
0.9083755685
0.9083755685
1.8958658780
1.8958658780
2.2552895593
2.2552895593
2.0413069465
2.0413069465
1.5970110750
1.5970110750
1.0484032502
1.0484032502
1.2150888960
1.2150888960
1.1885581957
1.1885581957
1.3761214921
1.3761214921
1.5263151767
1.5263151767
1.6114887587
1.6114887587
1.4864321495
1.4864321495
1.6968172742
1.6968172742
1.5888488569
1.5888488569
1.8110142929
1.8110142929
1.7054445294
1.7054445294
1.1519457128
1.1519457128
0.7020880435
0.7020880435
0.6799242780
0.6799242780
0.2524016902
0.2524016902
0.3176082279
0.3176082279
0.4576542111
0.4576542111
1.2583841058
1.2583841058
1.8391864089
1.8391864089
2.3213729682
2.3213729682
2.5231276757
2.5231276757
2.2646810998
2.2646810998
2.4638448610
2.4638448610
1.9759884548
1.9759884548
2.2825184930
2.2825184930
2.0836203556
2.0836203556
2.6287092586
2.6287092586
2.7148172773
2.7148172773
2.5534905225
2.5534905225
2.7384577223
2.7384577223
2.6381030729
2.6381030729
2.5336479436
2.5336479436
2.7091982028
2.7091982028
2.4971347325
2.4971347325
2.3892253305
2.3892253305
2.3506530452
2.3506530452
1.9814053594
1.9814053594
2.0126479444
2.0126479444
1.8209125889
1.8209125889
1.9640460069
1.9640460069
1.8931156457
1.8931156457
1.8560212637
1.8560212637
1.1105531604
1.1105531604
1.0696265189
1.0696265189
1.1547601292
1.1547601292
1.3909822681
1.3909822681
1.5140845536
1.5140845536
1.4695569399
1.4695569399
1.3458049457
1.3458049457
1.2946139582
1.2946139582
1.4961886368
1.4961886368
1.7697405251
1.7697405251
1.8114115516
1.8114115516
1.5461910722
1.5461910722
1.0352991425
1.0352991425
1.0344438758
1.0344438758
0.9523452441
0.9523452441
0.6907851854
0.6907851854
0.2693743382
0.2693743382
0.3403297862
0.3403297862
0.5120365858
0.5120365858
0.8573739770
0.8573739770
1.1776663167
1.1776663167
1.3457515270
1.3457515270
1.4982681147
1.4982681147
1.7213443240
1.7213443240
1.8422315144
1.8422315144
1.8535313187
1.8535313187
1.9235706974
1.9235706974
2.0131938647
2.0131938647
1.7695396655
1.7695396655
1.2709093778
1.2709093778
1.0682258510
1.0682258510
0.9056571732
0.9056571732
0.9109282498
0.9109282498
0.8375248345
0.8375248345
0.8193209071
0.8193209071
0.5981041832
0.5981041832
0.8574728941
0.8574728941
1.3254861863
1.3254861863
1.3298081090
1.3298081090
1.1019848690
1.1019848690
1.1619833055
1.1619833055
0.9527432120
0.9527432120
1.1956406691
1.1956406691
1.3510879447
1.3510879447
1.5252186580
1.5252186580
1.5365443987
1.5365443987
1.5302705605
1.5302705605
1.2684937747
1.2684937747
1.2586080364
1.2586080364
1.0547602201
1.0547602201
0.7272157349
0.7272157349
1.1089126823
1.1089126823
1.2791181299
1.2791181299
1.3044047359
1.3044047359
1.1902510761
1.1902510761
1.2451716127
1.2451716127
1.0971969241
1.0971969241
1.3605163578
1.3605163578
1.3446937659
1.3446937659
1.5838473057
1.5838473057
1.4709926575
1.4709926575
1.2975029259
1.2975029259
1.3934092381
1.3934092381
1.2538304148
1.2538304148
1.5890532167
1.5890532167
1.7104279243
1.7104279243
1.7176501147
1.7176501147
1.4822213122
1.4822213122
1.1163156108
1.1163156108
0.7241975606
0.7241975606
0.5750465248
0.5750465248
0.7079363316
0.7079363316
0.6570521439
0.6570521439
0.8941368583
0.8941368583
1.0087863907
1.0087863907
1.1658664378
1.1658664378
0.7722073316
0.7722073316
0.6410773753
0.6410773753
1.0243166947
1.0243166947
0.8564124414
0.8564124414
0.8870928266
0.8870928266
1.0731416843
1.0731416843
1.2495049206
1.2495049206
1.3324928753
1.3324928753
1.2607153871
1.2607153871
1.2797770350
1.2797770350
1.5043469817
1.5043469817
1.4224923692
1.4224923692
1.2193513050
1.2193513050
0.7037295072
0.7037295072
0.7984000560
0.7984000560
1.2964135367
1.2964135367
1.3057800449
1.3057800449
1.1745520267
1.1745520267
1.2970549251
1.2970549251
1.2741695625
1.2741695625
1.3632200997
1.3632200997
1.4219215924
1.4219215924
1.6953782152
1.6953782152
1.8325211650
1.8325211650
1.9357241421
1.9357241421
2.0619584173
2.0619584173
2.1010798093
2.1010798093
2.2665807805
2.2665807805
2.3714714981
2.3714714981
2.6654650126
2.6654650126
2.6479526542
2.6479526542
2.6917080394
2.6917080394
2.5222804938
2.5222804938
2.3978699445
2.3978699445
2.4868490350
2.4868490350
2.3765064175
2.3765064175
2.1850129200
2.1850129200
1.8005746333
1.8005746333
1.4982508392
1.4982508392
1.4993033752
1.4993033752
1.5052744838
1.5052744838
1.2088106713
1.2088106713
0.9214919739
0.9214919739
1.0319651194
1.0319651194
1.4227619229
1.4227619229
1.4140921194
1.4140921194
1.1835316225
1.1835316225
1.0428321111
1.0428321111
1.0730111623
1.0730111623
0.8093241113
0.8093241113
0.9791407243
0.9791407243
0.8893341061
0.8893341061
0.8631196808
0.8631196808
0.9938292868
0.9938292868
1.4123582196
1.4123582196
1.6529499987
1.6529499987
1.6525666194
1.6525666194
1.7139191134
1.7139191134
1.7709939345
1.7709939345
1.7357483794
1.7357483794
1.2773104359
1.2773104359
1.0251869026
1.0251869026
1.2900153340
1.2900153340
1.4886706551
1.4886706551
1.8626739830
1.8626739830
2.0855473275
2.0855473275
2.2282545904
2.2282545904
2.3350363107
2.3350363107
2.2547083643
2.2547083643
2.0791187341
2.0791187341
2.0952212636
2.0952212636
2.2893301082
2.2893301082
2.5277263596
2.5277263596
2.3527724117
2.3527724117
2.2509887635
2.2509887635
2.1700092292
2.1700092292
2.1172883014
2.1172883014
1.8601193788
1.8601193788
1.5743881354
1.5743881354
1.6526054873
1.6526054873
1.5229957725
1.5229957725
1.3542006829
1.3542006829
1.4047377876
1.4047377876
1.2129615182
1.2129615182
1.4238541524
1.4238541524
1.4922097547
1.4922097547
1.7738636675
1.7738636675
1.8152224867
1.8152224867
1.7868561002
1.7868561002
2.4361005962
2.4361005962
2.6088851868
2.6088851868
2.7495252251
2.7495252251
2.9283615552
2.9283615552
3.1832040337
3.1832040337
3.3666079129
3.3666079129
3.7291441876
3.7291441876
3.6568391661
3.6568391661
3.5666141483
3.5666141483
2.7857915347
2.7857915347
2.2868281321
2.2868281321
2.8267263830
2.8267263830
2.1286229569
2.1286229569
0.4871716279
0.4871716279
2.3594149332
2.3594149332
4.5651113935
4.5651113935
4.9035630309
4.9035630309
4.0913149864
4.0913149864
3.0416985952
3.0416985952
2.6833005842
2.6833005842
2.0813902529
2.0813902529
0.8422326582
0.8422326582
2.6332310328
2.6332310328
2.8791751640
2.8791751640
3.4194540619
3.4194540619
3.4687204816
3.4687204816
2.6714710615
2.6714710615
3.0313660170
3.0313660170
2.8783329815
2.8783329815
6.0426134573
6.0426134573
3.4803258774
3.4803258774
3.8394046012
3.8394046012
4.2467919922
4.2467919922
3.3894181836
3.3894181836
2.4122353411
2.4122353411
1.6503138191
1.6503138191
3.4499201539
3.4499201539
3.9883249909
3.9883249909
3.7219276345
3.7219276345
2.7866393732
2.7866393732
0.8860106054
0.8860106054
1.7103157318
1.7103157318
2.5442517320
2.5442517320
2.8016420771
2.8016420771
3.5822602083
3.5822602083
3.9538118297
3.9538118297
4.0308045097
4.0308045097
4.0934074501
4.0934074501
4.5917345525
4.5917345525
2.8149976758
2.8149976758
1.9670095856
1.9670095856
1.3447838685
1.3447838685
1.5588875082
1.5588875082
1.7246174962
1.7246174962
2.0007595512
2.0007595512
2.6355551120
2.6355551120
2.9913530209
2.9913530209
3.1790136603
3.1790136603
3.2846536537
3.2846536537
3.2213572928
3.2213572928
2.4884447173
2.4884447173
2.3641397995
2.3641397995
2.0688980769
2.0688980769
1.7089940672
1.7089940672
2.7514691783
2.7514691783
3.3598699669
3.3598699669
2.4756732099
2.4756732099
2.2882886289
2.2882886289
1.9060788626
1.9060788626
2.0369036636
2.0369036636
1.9511103682
1.9511103682
2.0052561539
2.0052561539
2.5751894415
2.5751894415
2.8259825959
2.8259825959
3.0169712553
3.0169712553
2.7738840956
2.7738840956
3.6027569802
3.6027569802
3.7809565858
3.7809565858
4.0590616880
4.0590616880
3.4820432423
3.4820432423
3.3315894676
3.3315894676
3.0664985916
3.0664985916
2.7204743991
2.7204743991
2.2893517547
2.2893517547
2.1865925448
2.1865925448
1.7959014732
1.7959014732
1.5976749763
1.5976749763
1.3695976108
1.3695976108
1.2719554152
1.2719554152
1.4034159176
1.4034159176
1.3139995103
1.3139995103
1.5272037084
1.5272037084
1.8172566908
1.8172566908
2.2136144787
2.2136144787
2.5459260602
2.5459260602
3.7166917481
3.7166917481
4.7718615581
4.7718615581
4.0006446053
4.0006446053
2.3603490312
2.3603490312
1.4573309427
1.4573309427
1.3504341913
1.3504341913
1.3810710916
1.3810710916
1.1237647639
1.1237647639
1.4529200578
1.4529200578
1.3444911578
1.3444911578
3.1643343869
3.1643343869
4.4537922408
4.4537922408
4.0465571126
4.0465571126
3.6537660364
3.6537660364
3.4448608289
3.4448608289
3.4104137765
3.4104137765
3.0153585806
3.0153585806
3.2182121884
3.2182121884
2.8987206377
2.8987206377
3.2192580885
3.2192580885
2.9426707271
2.9426707271
2.8519117598
2.8519117598
1.9961927975
1.9961927975
1.4877702956
1.4877702956
1.0610203053
1.0610203053
1.1942160838
1.1942160838
2.5224829018
2.5224829018
3.4476080240
3.4476080240
3.5691161422
3.5691161422
3.7324604395
3.7324604395
3.6036686797
3.6036686797
3.1315612201
3.1315612201
2.9474931645
2.9474931645
3.0407350657
3.0407350657
3.3272339604
3.3272339604
2.8528579396
2.8528579396
2.3073658739
2.3073658739
2.2488754763
2.2488754763
2.2036212533
2.2036212533
2.5892486186
2.5892486186
2.9618880951
2.9618880951
3.2735745038
3.2735745038
3.7956156702
3.7956156702
3.6041400011
3.6041400011
3.8775923001
3.8775923001
3.4609568365
3.4609568365
1.9099823277
1.9099823277
0.1634191224
0.1634191224
2.4537552860
2.4537552860
3.2672559217
3.2672559217
2.3626498354
2.3626498354
2.2673219748
2.2673219748
1.0028524809
1.0028524809
1.3473731864
1.3473731864
2.0150272863
2.0150272863
3.3332352148
3.3332352148
3.4776103795
3.4776103795
3.1065147818
3.1065147818
2.8840585564
2.8840585564
2.5008800208
2.5008800208
2.2258627717
2.2258627717
1.8970728462
1.8970728462
2.2101765949
2.2101765949
2.6263458486
2.6263458486
3.2383554494
3.2383554494
3.5540666022
3.5540666022
3.8553120900
3.8553120900
3.6771609576
3.6771609576
2.9248285902
2.9248285902
2.5356050119
2.5356050119
1.6249355707
1.6249355707
3.1264071691
3.1264071691
3.8872566735
3.8872566735
3.1171617351
3.1171617351
2.4759554724
2.4759554724
2.6605253575
2.6605253575
2.6805538298
2.6805538298
3.0338263658
3.0338263658
2.4449224858
2.4449224858
2.4689358190
2.4689358190
3.0184324069
3.0184324069
3.3931690453
3.3931690453
3.2372052089
3.2372052089
2.9650644783
2.9650644783
2.8239164749
2.8239164749
1.9973582336
1.9973582336
1.1690419303
1.1690419303
1.8429462844
1.8429462844
2.1251685798
2.1251685798
1.9872284407
1.9872284407
1.3124568051
1.3124568051
2.0024870992
2.0024870992
1.3356399937
1.3356399937
1.3146217471
1.3146217471
1.2119419279
1.2119419279
0.8775454275
0.8775454275
0.6835611990
0.6835611990
0.5215258890
0.5215258890
0.5182476854
0.5182476854
0.5149089573
0.5149089573
0.5727029694
0.5727029694
0.5886509658
0.5886509658
0.6032576676
0.6032576676
0.4718606465
0.4718606465
0.4364939765
0.4364939765
0.5252045373
0.5252045373
0.6564685396
0.6564685396
0.6928716472
0.6928716472
0.8264760243
0.8264760243
0.7403038412
0.7403038412
0.6568413879
0.6568413879
0.5868464722
0.5868464722
0.5163792688
0.5163792688
0.4093913887
0.4093913887
0.3666199987
0.3666199987
0.1926497892
0.1926497892
0.3808423093
0.3808423093
0.4580265542
0.4580265542
0.5801533625
0.5801533625
0.6134978415
0.6134978415
0.7432257938
0.7432257938
0.9891980178
0.9891980178
0.9893013067
0.9893013067
0.8452785057
0.8452785057
0.9217901599
0.9217901599
