0.2145710719
0.2219262499
0.2268965671
0.2314792415
0.2348938309
0.2362968271
0.2343367843
0.2318527017
0.2302502106
0.2310186655
0.2284049021
0.2263648730
0.2249008712
0.2215715383
0.2211140545
0.2211417998
0.2203969450
0.2189323899
0.2183984510
0.2163047925
0.2165401603
0.2149389959
0.2127678806
0.2114179525
0.2109082573
0.2088342007
0.2063748694
0.2063530154
0.2056489368
0.2029070723
0.2032965600
0.2032648368
0.2002420944
0.1974581825
0.1976126490
0.1971630031
0.1992996547
0.1993105210
0.1987243937
0.1979127728
0.1972262706
0.1970995511
0.1969985293
0.1977904223
0.1983637875
0.1991406208
0.2000565932
0.2014543920
0.2020712126
0.2035876101
0.2068911651
0.2101843144
0.2111303296
0.2114290530
0.2115480092
0.2114292169
0.2125686181
0.2142954596
0.2150338903
0.2149436673
0.2143318553
0.2158916042
0.2178649809
0.2184992008
0.2220259923
0.2253716640
0.2269178421
0.2317277400
0.2343428850
0.2365187349
0.2383199315
0.2402193857
0.2424464957
0.2440290796
0.2454927450
0.2482370318
0.2512036638
0.2536146150
0.2561688734
0.2578449211
0.2595153722
0.2615411764
0.2632702216
0.2614192632
0.2626012828
0.2635021692
0.2652789721
0.2677668085
0.2695937965
0.2717026208
0.2736463868
0.2755293610
0.2768531313
0.2779606842
0.2790126514
0.2797866580
0.2792251261
0.2814979267
0.2820986079
0.2817734145
0.2794349273
0.2795935366
0.2809571985
0.2810881612
0.2820589209
0.2807218855
0.2806391605
0.2812640571
0.2820043265
0.2824916748
0.2832584563
0.2840636814
0.2853637630
0.2856928746
0.2869647045
0.2880862536
0.2888450093
0.2894761788
0.2912327805
0.2937556677
0.2959083735
0.2968334314
0.2988516084
0.3010220831
0.3005925208
0.3000618280
0.2996612753
0.3008906922
0.3004888059
0.3013274120
0.3052153670
0.3058440083
0.3083908971
0.3089033122
0.3110165152
0.3126799374
0.3146743181
0.3162557512
0.3175967356
0.3196778941
0.3213174430
0.3227438392
0.3163481328
0.3174329589
0.3127061940
0.3129258146
0.3102215674
0.3088437048
0.3104597595
0.3110335829
0.3081072970
0.3084926142
0.3104732658
0.3110702126
0.3098210330
0.3099240175
0.3142798880
0.3125423666
0.3166882304
0.3145997205
0.3164630519
0.3172918838
0.3147389997
0.3124583279
0.3144375632
0.3151308107
0.3147274480
0.3137746159
0.3119084738
0.3107873250
0.3116350283
0.3137438312
0.3142505141
0.3168252977
0.3146703223
0.3109956675
0.3085342384
0.3058180302
0.3065216906
0.3078570424
0.3119805829
0.3157519365
0.3239356331
0.3271331353
0.3302256497
0.3387503268
0.3422882151
0.3463464659
0.3475699895
0.3509247523
0.3588690260
0.3602186531
0.3634211986
0.3655330745
0.3716090765
0.3725983154
0.3747945495
0.3783666164
0.3778793892
0.3797207513
0.3792617430
0.3818320777
0.3826335837
0.3906456355
0.3951584571
0.4021494548
0.4078599773
0.4168096976
0.4208218629
0.4243450825
0.4248226779
0.4297006913
0.4306495094
0.4316148997
0.4357765392
0.4418314328
0.4422656098
0.4429500300
0.4419695116
0.4415732109
0.4400553448
0.4400991409
0.4424527883
0.4444588328
0.4464712346
0.4453798321
0.4464708053
0.4461027068
0.4476043336
0.4472773145
0.4477253616
0.4484701974
0.4495153144
0.4537524473
0.4599360042
0.4675855613
0.4721476940
0.4746353959
0.4747356463
0.4731860358
0.4683013262
0.4645631183
0.4602474693
0.4584209201
0.4564873848
0.4545056975
0.4516366726
0.4490636690
0.4475408780
0.4459133570
0.4443906697
0.4436304899
0.4427260629
0.4419111799
0.4411376584
0.4396030101
0.4394295724
0.4388596875
0.4390450206
0.4393133986
0.4392483727
0.4396364220
0.4395372289
0.4395711016
0.4390528996
0.4389274739
0.4388526690
0.4382873566
0.4376171935
0.4370979250
0.4372110436
0.4364302231
0.4362746860
0.4363612230
0.4362551124
0.4360542298
0.4362028883
0.4357508359
0.4353551063
0.4353032271
0.4346352639
0.4344209966
0.4340395143
0.4334951294
0.4329223788
0.4325907517
0.4328999806
0.4344847333
0.4377203215
0.4393303897
0.4398417011
0.4405640151
0.4399920957
0.4387980333
0.4379787884
0.4390863710
0.4389714984
0.4386237104
0.4388085058
0.4384098650
0.4376620695
0.4364099052
0.4355634266
0.4363387297
0.4393091926
0.4404146535
0.4389817594
0.4377088364
0.4357890176
0.4329437389
0.4319952945
0.4322654956
0.4323630284
0.4321204060
0.4315777773
0.4304677556
0.4298905957
0.4297425443
0.4296804078
0.4296519647
0.4300651346
0.4299591263
0.4297347070
0.4299682097
0.4301285988
0.4302699302
0.4304524197
0.4302331150
0.4296394991
0.4289976721
0.4289615243
0.4297723647
0.4300076675
0.4299306749
0.4293435050
0.4288846553
0.4279085038
0.4267360516
0.4258491372
0.4253267085
0.4253998383
0.4254830070
0.4253871573
0.4254189102
0.4245739803
0.4246405098
0.4526603294
0.4573805692
0.4594501703
0.4601603844
0.4594778066
0.4587033192
0.4588879401
0.4599765921
0.4607994399
0.4609365725
0.4605715749
0.4599937551
0.4596799419
0.4594197521
0.4589721767
0.4589721490
0.4594094520
0.4590809171
0.4584646576
0.4581275092
0.4580375931
0.4575494520
0.4567032751
0.4555673497
0.4543809808
0.4527938728
0.4526148000
0.4542610920
0.4558296957
0.4561625015
0.4544006619
0.4599894498
0.4623486507
0.4631408453
0.4625208720
0.4583359716
0.4398129977
0.4356488758
0.4401626972
0.4469532253
0.4511644742
0.4568332901
0.4592515309
0.4631919241
0.4642397866
0.4633619705
0.4591845668
0.4579541731
0.4572109019
0.4577861824
0.4566091810
0.4547791817
0.4513261791
0.4480875993
0.4418348203
0.4344557840
0.4248915817
0.4150167439
0.4096616944
0.4064661458
0.4009045314
0.3972118481
0.3960982984
0.3928812808
0.3885800972
0.3840733728
0.3804544991
0.3777239455
0.3736819173
0.3717841613
0.3688729544
0.3691071754
0.3701939573
0.3735254603
0.3763937663
0.3840013307
0.3864560427
0.3863858902
0.3873673827
0.3877807566
0.3898374322
0.3940461682
0.3954306062
0.3982219371
0.3961838384
0.3947194305
0.3936990530
0.3923287000
0.3905824733
0.3872921635
0.3838532063
0.3801184066
0.3743865900
0.3686816165
0.3643964673
0.3557740522
0.3515971128
0.3451934908
0.3378096155
0.3359439606
0.3319209783
0.3282494600
0.3196072677
0.3179523175
0.3131333491
0.3122668576
0.3098224131
0.3049143751
0.3030050016
0.3039220650
0.2997319204
0.2982312883
0.2952795629
0.2928395424
0.2890669972
0.2867151356
0.2820897031
0.2792444137
0.2760539677
0.2732308263
0.2679921270
0.2643677414
0.2578236726
0.2549794628
0.2505752104
0.2447965071
0.2409900652
0.2347088346
0.2326880540
0.2264692989
0.2247731259
0.2192542051
0.2145297324
0.2136755362
0.2113272019
0.2102072231
0.2120356916
0.2129510482
0.2113895822
0.2140331152
0.2118012132
0.2149540321
0.2142790632
0.2178072009
0.2166403529
0.2211819143
0.2188436689
0.2185297360
0.2163235650
0.2152902760
0.2169392816
0.2166400248
0.2142578465
0.2125214290
0.2120015318
0.2113363197
0.2114365172
0.2151791004
0.2145555602
0.2173304932
0.2193995440
0.2215478357
0.2248588702
0.2262977693
0.2259124636
0.2295070283
0.2295662294
0.2240385045
0.2199535034
0.2169744833
0.2093352227
0.1977874090
0.1927345528
0.1895915343
0.1898341203
0.1836959140
0.1824784182
0.1931876598
0.1905628156
0.1892755020
0.1874026117
0.1823581160
0.1790184460
0.1749589899
0.1663277097
0.1672639344
0.1657247300
0.1661014522
0.1639012841
0.1601437667
0.1604946857
0.1618064160
0.1578503945
0.1574460066
0.1593908511
0.1587794977
0.1572679287
0.1548705876
0.1551780710
0.1536347932
0.1528278935
0.1517919646
0.1497378831
0.1486862039
0.1476873984
0.1461548165
0.1456769263
0.1455697184
0.1445736983
0.1437772379
0.1422797749
0.1406908265
0.1387446190
0.1364481204
0.1323676741
0.1295823248
0.1291159424
0.1273364295
0.1233247115
0.1186658386
0.1256402499
0.1310192435
0.1339883482
0.1365551497
0.1407675254
0.1365801043
0.1345063759
0.1298575953
0.1371120222
0.1396166214
0.1391542585
0.1388620961
0.1404774805
0.1411819716
0.1421984159
0.1433656359
0.1438557116
0.1443577174
0.1434154066
0.1441253250
0.1434839990
0.1425926746
0.1387388117
0.1369545736
0.1358461752
0.1351505879
0.1352458211
0.1390106840
0.1399164167
0.1438085304
0.1430914851
0.1423185155
0.1414915785
0.1398165996
0.1383459547
0.1361361120
0.1345125181
0.1333959843
0.1302468698
0.1291200669
0.1262540220
0.1235391454
0.1253034562
0.1240515202
0.1227829368
0.1274563378
0.1265980556
0.1285397242
0.1279112505
0.1270637319
0.1256714570
0.1286233682
0.1288137279
0.1286938535
0.1302834219
0.1346224412
0.1341780713
0.1360700166
0.1369658075
0.1373921862
0.1386719311
0.1391888795
0.1384030735
0.1370203028
0.1373791097
0.1352067482
0.1352641458
0.1310094398
0.1287478426
0.1251101373
0.1218295188
0.1190933343
0.1160635678
0.1157938981
0.1146706706
0.1112922375
0.1101572686
0.1055403306
0.1019174842
0.0998435517
0.0966120088
0.0960321789
0.0965254552
0.0973414982
0.0972983379
0.0966856958
0.0955243700
0.0949980796
0.0940370677
0.0926415584
0.0918066161
0.0946551379
0.0915519855
0.0908316057
0.0960831655
0.0945989300
0.1001492362
0.1110978180
0.1087028244
0.1214938070
0.1188510683
0.1301683256
0.1313425715
0.1321071245
0.1428434870
0.1466966515
0.1529153440
0.1543462432
0.1547286578
0.1558907358
0.1563388823
0.1556945382
0.1548475200
0.1533192876
0.1541639608
0.1546500901
0.1580455934
0.1562754523
0.1565953116
0.1563238327
0.1597570823
0.1626887657
0.1678980014
0.1735640949
0.1752483561
0.1777494881
0.1730982957
0.1697606524
0.1717841090
0.1730147101
0.1733124307
0.1775945989
0.1749577999
0.1756183699
0.1740592251
0.1700584357
0.1758803604
0.1755614936
0.1769027918
0.1720771082
0.1788427638
0.1750977592
0.1748144829
0.1745611091
0.1819195796
0.1816785710
0.1785857937
0.1792574637
0.1841343044
0.1816383194
0.1698723930
0.1690506635
0.1670957379
0.1611613307
0.1630169285
0.1603547324
0.1533415864
0.1504191072
0.1515920825
0.1440218284
0.1452426039
0.1414930108
0.1428691436
0.1440728419
0.1450484945
0.1489927590
0.1511724305
0.1517639188
0.1498750438
0.1500910463
0.1494484053
0.1485269263
0.1502481338
0.1492787833
0.1523640206
0.1529141979
0.1573637501
0.1603304948
0.1658074726
0.1671712314
0.1689851794
0.1698918600
0.1736860393
0.1741894209
0.1720021772
0.1696152959
0.1687277214
0.1646636293
0.1641698015
0.1626473079
0.1552615331
0.1504178042
0.1469474453
0.1397443075
0.1334550593
0.1275475595
0.1237792286
0.1153807232
0.1144036208
0.1112012251
0.1135793812
0.1105840100
0.1118542795
0.1089401459
0.1049449988
0.1009279912
0.1002632928
0.0925556553
0.0900407094
0.0852184289
0.0838801292
0.0828226938
0.0808716043
0.0815557143
0.0827954525
0.0814045274
0.0876805516
0.0835301852
0.0851355913
0.0872683587
0.0886552766
0.0906550225
0.0872956231
0.0921894766
0.0970744102
0.0949919599
0.0967021115
0.1002100022
0.0996789220
0.0977773186
0.1015758188
0.1020915298
0.1036169232
0.1034175338
0.1135744100
0.1137331673
0.1146392247
0.1140424471
0.1129884421
0.1160284676
0.1213051773
0.1246708059
0.1319161283
0.1371439059
0.1418427579
0.1452580141
0.1467870966
0.1452834403
0.1469280093
0.1477130682
0.1502217876
0.1532128017
0.1545660255
0.1617743931
0.1640600953
0.1755831623
0.1774013693
0.1830230783
0.1857778858
0.1895055389
0.1962953529
0.1981041299
0.1998632617
0.2030359339
0.2071834459
0.2074254810
0.2079417200
0.2130981926
0.2163464154
0.2167343077
0.2164886287
0.2169127667
0.2168819273
0.2150389505
0.2116775521
0.2123249635
0.2134102740
0.2128020741
0.2156342615
0.2149401777
0.2190660699
0.2201050072
0.2205635359
0.2257908024
0.2239757858
0.2256932388
0.2258732263
0.2302519447
0.2320484353
0.2341544332
0.2406458421
0.2456129889
0.2496641274
0.2521382416
0.2535206436
0.2543998629
0.2557003891
0.2621121222
0.2632138085
0.2635022761
0.2635520886
0.2669736089
0.2656483471
0.2632841808
0.2615316605
0.2608895240
0.2650287143
0.2660956272
0.2663717382
0.2664005578
0.2694845989
0.2695845144
0.2704665781
0.2683661692
0.2683587092
0.2669472269
0.2667429550
0.2670612833
0.2672661148
0.2728036773
0.2723161073
0.2794176925
0.2830314727
0.2865927529
0.2895368795
0.2908858188
0.2930119606
0.2915234794
0.2911010970
0.2862944058
0.2748958076
0.2649954917
0.2624227539
0.2532148047
0.2468673654
0.2436100271
0.2414696605
0.2428218901
0.2426733279
0.2407657358
0.2376469811
0.2382224979
0.2342740973
0.2344309577
0.2366625347
0.2350792468
0.2332533769
0.2345163843
0.2359342201
0.2384773920
0.2447348412
0.2470302876
0.2465828617
0.2495937512
0.2529423856
0.2534479048
0.2522105084
0.2546009358
0.2530120527
0.2488400899
0.2469912376
0.2464359313
0.2480209425
0.2502992924
0.2563893546
0.2561010556
0.2631318991
0.2628968821
0.2613176739
0.2614877292
0.2584716143
0.2535537105
0.2503084436
0.2503886284
0.2478808586
0.2479485881
0.2428380516
0.2488297662
0.2481266772
0.2600505068
0.2665596324
0.2749691173
0.2797702399
0.2802256874
0.2764341913
0.2775941888
0.2808928410
0.2838440606
0.2923634987
0.2958687151
0.2989938158
0.2994684598
0.3079862604
0.3105247565
0.3134830405
0.3076184375
0.3022638130
0.3025054805
0.2999255377
0.2975736571
0.2867603886
0.2672205990
0.2616025533
0.2521042932
0.2470199066
0.2496969162
0.2512257102
0.2525793165
0.2569657341
0.2559049974
0.2557979094
0.2541441226
0.2532240183
0.2530311083
0.2520715507
0.2510699854
0.2491596665
0.2466984122
0.2462235185
0.2464638541
0.2477828563
0.2477836061
0.2548661011
0.2543996184
0.2577346122
0.2619419422
0.2658707279
0.2813882348
0.2786087037
0.2874636972
0.2874798545
0.2861590559
0.2851483007
0.2877779282
0.2937086559
0.2956669260
0.2965963861
0.2969852343
0.2978333206
0.2935981469
0.2980288193
0.2876887714
0.2820775266
0.2767087593
0.2754308314
0.2692473247
0.2646805834
0.2602899620
0.2591209979
0.2584302403
0.2579879950
0.2575230825
0.2568745495
0.2562333417
0.2565551899
0.2577800254
0.2596091858
0.2616115080
0.2634418703
0.2655848294
0.2666184841
0.2674389560
0.2672812968
0.2668726128
0.2659111149
0.2639862479
0.2611215357
0.2595201037
0.2554200755
0.2534253673
0.2520829502
0.2513171716
0.2499325244
0.2487288920
0.2475745873
0.2502042630
0.2480830279
0.2477460160
0.2432451204
0.2412881185
0.2359524186
0.2337461023
