8.3632587059
8.3334942740
8.3205540331
8.3387061646
8.3150394342
8.1894016637
8.0603768523
7.9745326563
7.9528329125
7.9181816594
7.8647846668
7.8203577985
7.7755456931
7.7265856160
7.6626516518
7.5570609974
7.4835016634
7.4265775415
7.3212329506
7.2111914136
7.1750909333
7.0178481637
6.9147809276
6.9109762653
6.9317364247
6.7955304956
6.2380313406
7.2674131443
7.1974507549
7.1193865336
7.0564151575
6.9718265969
6.9516221908
6.8594055059
6.7279417373
6.6127004089
6.5661705486
6.4627710981
6.3422798571
6.0398785717
5.8549865833
5.4744965307
5.2197281784
4.6415581872
4.1982882244
4.0005529084
3.8612986392
3.7081516939
3.5991546860
3.5556115657
3.5049931291
3.5018225101
3.4966556438
3.9570517058
4.1554959697
3.8844836777
3.6212330718
3.2828835791
3.0063815206
2.7225215694
2.4014670829
2.1206754299
1.9622611958
1.9613728098
1.8914855349
1.8142558457
1.8064585229
1.8542675330
1.9062817353
1.8370616735
1.7110679453
1.4783576820
1.3948105049
1.4433402141
1.6464884370
1.8458566428
1.9640884448
2.0637942059
2.0367233958
2.0981503468
2.6945579144
3.0904236723
3.2733352082
3.3650475657
3.4591656019
3.5272679004
3.6888450405
3.6010341447
3.4867404159
3.4249311559
3.3212990491
3.2601467999
3.1303691722
3.0464031829
3.0833884788
3.1233726462
3.1680653323
3.1902170932
3.2046285084
3.2191692350
3.2413840011
3.2885368909
3.3044750638
3.1343517500
3.0009739439
2.9741550359
2.9756036208
2.9936353284
3.0302511877
3.0384691123
3.0120910585
2.9920388455
2.9869586813
2.9805959692
2.9910682599
3.1665589788
3.1343150981
3.1518944426
3.3131722060
3.5848371404
4.1318590778
5.4327146808
5.9893967128
6.0590088188
6.0002478884
5.9788463363
5.8495973207
5.2002853243
4.5401897499
4.5508281381
5.4571035430
6.2981675398
7.4621866001
7.4579781284
7.3857240231
7.4899553236
8.0626721375
8.4950784194
8.9315838712
9.6856599190
10.5498827838
11.4576888267
12.0709656756
11.6677062152
11.1089058852
11.2475063615
11.4501925715
11.0858016665
10.4135630932
10.3401617219
10.3567260590
10.5491746192
11.0190162174
11.6296305315
12.0023185798
12.4715810910
12.9070983546
13.1771083021
13.5613953336
14.0594254102
14.4596578916
14.7797968414
15.0455443452
15.1765621289
15.1465164175
15.0927032255
15.0738741875
14.9699487551
14.8821219602
14.7959653096
14.5485773742
14.3225672021
14.2132696181
13.9614052754
13.9056308258
13.9571593733
14.0380513572
14.0542735501
14.0674893550
14.2204142337
14.2422094813
14.2468977740
14.4505710545
14.9177293054
14.9720568570
14.9387691691
15.4348010717
15.3430356242
15.2871007408
15.1468038372
14.9049448618
14.9744110844
14.6539229636
14.1974855061
14.1725684364
14.1250284010
14.2044489470
14.3774341989
14.4574295248
14.5315759037
14.5718871037
14.5229884056
14.4162252217
14.2761532234
13.9774642843
13.7230626483
13.5223021312
13.3575746998
13.2172428077
13.0176714786
12.8754042635
12.4530881140
12.0560167571
11.9671183461
11.9210813722
11.9173386488
11.9412679892
11.9586227969
12.0225035659
12.1160919792
12.1413890853
12.1924584180
12.2382982319
12.0562294790
12.0616094429
11.9112460655
11.9086278784
11.9866437795
12.0859090736
12.1865734571
12.2888436795
12.3005645896
12.2299337204
12.2388340681
12.3562460848
12.5437256254
12.7755790391
13.0613437030
13.2703824414
13.5726588863
13.7974297067
14.1320886406
14.3955273454
14.6699704007
15.0171752459
15.4615080884
16.0029236102
16.6481472364
16.9048740421
17.1446694007
17.2581728660
17.2618092102
17.2485975884
17.2327827736
17.2202694324
17.1918040726
17.1520236772
17.0954205838
17.0167147611
17.0365018842
16.9055959612
16.6394197020
16.4318472552
16.1037556056
15.8257939701
15.9064855144
15.9850189361
16.0158399678
16.0215300696
16.0089531902
15.9841679114
15.9995512221
16.0077367600
16.0510637534
16.0378112692
16.0951450537
16.0698233860
16.1864908979
16.2728291353
16.4183778522
16.7299223367
16.9309893863
17.1701500781
17.6139865705
17.8236636898
17.9545582204
18.0300552644
18.2901003672
18.3414577505
18.6019347026
18.6122876031
18.6966225886
18.6716385032
18.6659267090
18.6716772845
18.7065082100
18.6884050547
18.6853884299
18.6819719291
18.7283314553
18.7031908104
18.5986029489
18.4356496948
18.2919896556
18.1075004986
17.8734990834
17.6693365642
17.2981889530
16.4523365878
15.8742006215
15.4784059544
15.2559601874
15.1246633640
14.9759224132
14.9120932789
14.8478311099
14.7767478773
14.6870566313
14.6837596844
14.6497449228
14.6641691852
14.6836244998
14.6843969008
14.7916119134
14.9336248561
14.8715657607
14.9361621614
14.8333551246
14.9302167876
14.8882784605
14.9923705294
15.0778775326
15.1285963446
15.1314872034
15.1003600606
15.0700883243
15.0083258332
14.9386395931
14.8517774386
14.4575771398
13.8994115042
13.5253439630
13.4956748033
13.4955036667
13.7757494126
14.4238089920
15.1692227272
15.6298472031
15.8887134034
16.4131736475
16.6619558937
16.5473688409
16.4512897660
16.2199096224
15.8208302514
15.9046941245
15.8856860429
15.8295625495
15.6946035291
15.5418875935
15.4376874963
15.3427860814
15.2232546541
15.0662487849
14.9123888005
14.7590331529
14.5927192175
14.4005918063
14.1894703373
13.9389817797
13.5851495246
13.2244279912
12.8283860331
12.3792726692
11.8867422520
11.4357674299
11.1768637069
11.0345541979
11.0007087473
10.9927230290
10.9889115868
10.9964838508
10.9898276251
10.9065338883
10.9071994202
10.8772073679
10.9660703046
11.0011869740
11.0573398912
11.1141527638
11.2383204996
11.2774047289
11.4031257026
11.5710132463
11.7597215772
12.0053135713
12.1690162472
12.2561384063
12.2518224564
12.0818691893
11.8605406508
11.4612747485
11.1123003335
10.6990268022
10.3164440344
10.0813063619
9.8975134262
9.9876798306
9.8486359780
9.8030205431
9.6238179072
9.4005419009
9.2050494355
8.7926093162
8.4040557111
7.8664008172
7.9764268863
8.4396320172
8.5662110465
8.7610939747
8.9463045985
9.1212020066
9.2168343613
9.2751088401
9.3160662986
9.3199120601
9.3438124898
9.3530255084
9.3109043468
9.2133263593
8.9748448062
8.8412066161
8.4319595301
8.0146396523
7.7162325598
7.5696763081
7.3505478705
7.2405216455
7.3229619091
7.3580278015
7.4349708061
7.5414318220
7.6076909652
7.6121937882
7.6389049502
7.6528375907
7.5645368995
7.5348728507
7.4840551617
7.4185460442
7.3648459930
7.3357092524
7.2806880515
7.2564950290
7.1903243899
7.0887052676
7.0207489623
6.8934057552
6.8184483071
6.7062957724
6.5776585107
6.4908211681
6.3955885594
6.3136867937
6.2189645136
6.1221506360
5.9673944553
5.7911528917
5.6430476754
5.5257754442
5.3647961187
5.1855864353
4.9879795335
4.9497572669
4.9258167153
4.9729482259
4.9936990827
5.0596869560
5.1863007013
5.4291835375
5.3688320288
5.5559946103
5.7815162644
6.0158917906
6.0205152031
5.9871110548
6.0774620710
6.0764505998
6.1466270947
6.1715532366
6.1912191488
6.1304665645
6.0714609801
6.0217488206
5.9068910741
5.8620356193
5.8402034539
6.4853053688
7.0407990935
7.1152892333
7.0039797534
7.0205246603
7.2248530278
7.1020098078
7.1411837438
7.1640292503
7.0679087851
7.0403936190
7.0390435323
6.9532755695
6.8520512864
6.9029118834
6.6226993314
6.3487315071
6.1491236387
6.0280311532
5.8155873200
5.7631343556
5.7856854578
5.8461078623
5.8237025332
5.7062531802
5.6235393854
5.5499777568
5.4461080500
5.4845308886
5.5750520622
5.4646374869
5.5856900238
5.4426810018
5.5152265660
5.2977936054
5.5619870341
5.5471275477
5.9504939645
5.9400974078
5.9282719189
6.0476627600
6.0150782823
5.9902709772
6.0807619826
6.2071364153
6.3637026905
6.6342734866
6.7895189644
6.9704116319
7.1318975262
7.3053827580
7.4245840766
7.4549157447
7.5151023632
7.5397866064
7.6577186344
7.6654842949
7.6644120783
7.8242220676
7.8521877917
7.8770605596
8.0787831139
8.0967614765
8.2682980283
8.7809578171
9.2341071506
9.9509775502
10.3705612480
10.4358074435
10.6582652901
10.8312700675
10.9752107909
11.2098146621
11.5116581949
11.8035686950
12.1496982436
12.3360859350
12.7430737487
12.8800778850
12.9877729607
13.0919030558
13.1316699091
13.2344382436
13.3805268068
13.6458689436
13.8449974285
14.0552184931
14.1841057660
14.2825780930
14.3677611334
14.4371304772
14.5162972067
14.6400449778
14.6251971056
14.8110016809
14.8421670464
15.1380498225
15.4610585663
15.7869081424
15.9994269739
16.0807996541
16.0374619994
15.8725917521
15.7445013866
15.6466932883
15.5169402873
15.4138976779
15.4440763687
15.5838196555
15.6626633135
15.6874744828
15.6737964243
15.6792599609
15.6624378910
15.7177669503
15.7357498287
15.7338954880
15.8956325246
15.8687751860
15.8807839255
15.8515860651
15.9620400168
15.9399587982
15.9328726485
15.8982402922
16.0155118489
15.9450249586
15.9751335993
15.8680272696
15.9332171799
16.0345325095
16.2079927032
16.3849945544
16.5470798245
16.6903639983
16.5185747077
16.4999257995
16.4296649390
16.3974941102
16.3815268145
16.3934090513
16.5232233098
16.5638882765
16.5347604495
16.5029038674
16.4002437360
16.0769237582
15.9564662407
15.8466392505
15.7286147879
15.6089249893
15.6526170800
16.0547818617
17.0511627939
17.3836267014
18.3765450945
18.6201953780
18.5515386971
18.5318671671
18.5884921467
18.6425460899
18.6848923331
18.7224206743
17.6532690399
17.4651827154
17.6387868412
17.8206915612
17.9190822121
17.8761989752
17.7866868455
17.6233123120
17.4439189004
17.2777336907
17.0626983510
17.2068573141
17.6702565345
17.9571349523
18.0789974810
18.4227035812
18.7429506214
19.1841040901
19.6032152975
19.6874153959
20.5847050514
20.8513041172
20.9995021738
20.9887731493
21.3815462145
21.4423027243
21.6697073946
21.7441290780
21.7162443468
21.7173718604
21.6753876233
21.6394626255
21.6163994992
21.5965730774
21.5448880277
21.4248654174
21.3888475371
21.2441919592
21.1051712024
20.9670138245
20.7897191323
20.5587454653
20.2110306298
19.9516216890
19.8319917327
19.6915946301
19.5487365598
19.4116083706
19.2764371923
19.1377859048
18.9672252792
18.7693769810
18.5903731571
18.4205772734
18.2870445538
18.2683186350
18.3037973581
18.3547148305
18.4031362669
18.3527519454
18.4263441648
18.3743434179
18.5367579115
18.6769257333
18.8858941550
18.8681067072
18.8176635397
18.7743050615
18.7581323492
18.7330689899
18.7106047185
