0.0141148480
0.0145953789
0.0145703752
0.0146251491
0.0146338534
0.0145876241
0.0146262384
0.0152463445
0.0155716582
0.0161071812
0.0158239178
0.0160470769
0.0170566722
0.0174525113
0.0173416172
0.0167859958
0.0171788970
0.0179678326
0.0177597861
0.0155074048
0.0174308824
0.0185860713
0.0164630931
0.0164638957
0.0178444383
0.0185525821
0.0188457173
0.0179370690
0.0214314517
0.0186482867
0.0171689875
0.0161605112
0.0147752840
0.0168458844
0.0148605479
0.0141227161
0.0125574613
0.0128295207
0.0110866615
0.0088958025
0.0079043509
0.0073419365
0.0066327205
0.0053173341
0.0053960528
0.0066432846
0.0066987535
0.0071328171
0.0085282288
0.0077933852
0.0081505740
0.0085678943
0.0071709676
0.0074584195
0.0050834409
0.0069329020
0.0029540518
0.0038728805
0.0048185463
0.0063455545
0.0062566700
0.0035812721
0.0023504661
0.0052992176
0.0060119151
0.0065601193
0.0076651693
0.0132443764
0.0121375312
0.0135822772
0.0118994869
0.0135438887
0.0141342076
0.0097537083
0.0103233837
0.0107985917
0.0083458887
0.0099849297
0.0207003255
0.0139696105
0.0080249305
0.0106301888
0.0154594124
0.0167507081
0.0179162030
0.0179540929
0.0237790324
0.0286700315
0.0271821976
0.0243577621
0.0240422425
0.0225467833
0.0202160936
0.0163861546
0.0136670736
0.0124712215
0.0130365801
0.0116067551
0.0094116878
0.0101282718
0.0101634491
0.0093376693
0.0096696690
0.0095713119
0.0099487371
0.0101469665
0.0098195252
0.0149630867
0.0098192991
0.0142315711
0.0195154556
0.0235385721
0.0159537848
0.0162235089
0.0212335201
0.0148183103
0.0179494463
0.0132282908
0.0128497007
0.0176045279
0.0166160909
0.0160987308
0.0179287841
0.0223820333
0.0216676889
0.0171873096
1.0378840787
1.0400923930
1.0393516483
1.0397912027
1.0394754869
1.0383115992
1.0417272566
1.0421336240
1.0437820057
1.0409649141
1.0384443346
1.0364778247
1.0369940458
1.0362589462
1.0327310330
1.0356153772
1.0336359229
1.0354909844
1.0379045810
1.0360782787
1.0336901658
1.0362804947
1.0307933224
1.0291590743
1.0270087132
1.0262751859
1.0241785942
1.0206474297
1.0213570477
1.0215114620
1.0252870761
1.0252042421
1.0258618096
1.0237573826
1.0237158094
1.0210666267
1.0178863919
1.0173764473
1.0164287142
1.0140103675
1.0111880554
1.0115829517
1.0116690689
1.0038026928
1.0042433006
1.0040947146
1.0053793311
1.0065213085
1.0069429744
1.0069521067
1.0049870453
1.0037507314
1.0045620488
1.0026750366
1.0036618886
1.0013559989
1.0021702936
1.0017086985
1.0018533227
1.0004613361
1.0000793479
1.0011034082
1.0022436377
1.0056166799
1.0088337170
1.0143028174
1.0161299949
1.0169719606
1.0173850743
1.0207887631
1.0224691066
1.0243386840
1.0242738252
1.0250486716
1.0247991699
1.0230065501
1.0194874114
1.0175081054
1.0176975700
1.0176482050
1.0172008378
1.0163514009
1.0145202670
1.0121703858
1.0087902189
1.0072958145
1.0062486594
1.0089216854
1.0095665150
1.0061295473
1.0058993340
1.0083370711
1.0093992236
1.0115738845
1.0116778596
1.0127299081
1.0127674409
1.0125450845
1.0084369503
1.0315600741
1.0374582580
1.0390013407
1.0360364443
1.0326868349
1.0312637911
1.0301187195
1.0264066592
1.0257758988
1.0251215131
1.0234966115
1.0203245656
1.0151020246
1.0129589867
1.0176663879
1.0199944265
1.0193543252
1.0236368390
1.0252338138
1.0249634411
1.0236720189
1.0216236193
1.0228897033
1.0115097939
1.0180190256
0.2869029961
0.3373700181
0.3060826966
0.2854241581
0.3013791482
0.3047346380
0.3039707451
0.3088505801
0.3184031867
0.3126531356
0.3176673896
0.3221302177
0.3211021435
0.3188089703
0.3192663625
0.3223558147
0.3227142306
0.3213691448
0.3208772276
0.3198774652
0.3184379104
0.3183480298
0.3189794865
0.3204320913
0.3194716544
0.3159521172
0.3162197302
0.3166783685
0.3156140670
0.3159331575
0.3153845898
0.3140087555
0.3158136000
0.3201963081
0.3206844208
0.3212431218
0.3209624211
0.3231022442
0.3225016619
0.3211273548
0.3180273162
0.3155393162
0.3159375844
0.3176652232
0.3171348742
0.3212533830
0.3273881423
0.3297988546
0.3305988116
0.3292503531
0.3293735770
0.3295121933
0.3295419412
0.3266403309
0.3223181351
0.3177157799
0.3173320900
0.3147865210
0.3161280325
0.3141207656
0.3140301462
0.3193709706
0.3231970438
0.3254464271
0.3257422947
0.3238859253
0.3212887755
0.3207791034
0.3214018840
0.3201693825
0.3158124042
0.3173532676
0.3178929878
0.3169320167
0.3176191008
0.3159087960
0.3157038688
0.3160984462
0.3138892681
0.3128047986
0.3110971705
0.3101027547
0.3107186254
0.3084578473
0.3071265617
0.3038594393
0.3015963176
0.2965583805
0.2929815429
0.2914832593
0.2906729984
0.2894240474
0.2888746139
0.2865367935
0.2868561188
0.2848311872
0.2815916305
0.2782282781
0.2750916830
0.2727809275
0.2701585206
0.2689586439
0.2664900261
0.2630153257
0.2614267881
0.2574165501
0.2538806804
0.2492134882
0.2494006840
0.2434977796
0.2390669706
0.2337885258
0.2250635099
0.2199036414
0.2129947957
0.2079688439
0.2034485797
0.2007256775
0.1945331430
0.1852277058
0.1754952763
0.1621002728
0.1500867951
0.1404890945
0.1342620279
0.1282494660
0.1207595574
0.1145748226
0.1064454765
0.1027883705
0.0964650199
0.0971646772
0.0945573915
0.0936331360
0.0848812560
0.0726611101
0.0762575276
0.0749194162
0.0704481477
0.0720725917
0.0544760773
0.0536408952
0.0534076164
0.0505867019
0.0495113044
0.0454850734
0.0387819782
0.0330369874
0.0243007352
0.0204745744
0.0282707294
0.0339691587
0.0364568665
0.0343267134
0.0341004370
0.0345668871
0.0352992350
0.0320631992
0.0282971964
0.0248513556
0.0246790387
0.0304102920
0.0294809518
0.0278963199
0.0242514894
0.0205807874
0.0193781973
0.0189201075
0.0190886492
0.0224392623
0.0218645186
0.0223459068
0.0202332721
0.0238517790
0.0231152472
0.0222842369
0.0214850942
0.0214191029
0.0222792264
