1.6997545247
1.4541551824
1.5366912411
1.3711308624
1.3774890407
1.5270325741
1.4234040762
1.4092273163
1.3789611358
1.0958253972
1.3700482467
1.4061813615
1.0667419870
0.8732539788
1.0541895056
1.2070831976
1.1577213000
1.1724653160
1.3102229829
1.3193608376
1.1475296000
1.2206273940
1.2849313622
1.0903995534
1.5187279758
1.7410699954
1.7266429060
1.4056248714
1.2493826361
0.9705558360
0.9746234522
0.9068102511
1.3108733863
1.1943517118
1.0172364535
0.9486356733
1.0067160172
1.0290139011
0.9624114076
0.9469168938
1.0016590540
0.9759599090
0.9807754255
1.0666806469
1.1178100566
1.1365387740
1.1474285172
1.2814885789
1.2000588812
1.0818407559
1.0943886755
1.1264698664
1.2493410030
1.5978355427
1.4546104263
1.3907226336
1.4500810367
1.4985361912
1.4353021315
1.4277056960
1.4781599059
1.4395635872
1.3567044670
1.4406676161
1.6086873017
1.4795281709
1.3564720019
1.5070886686
1.3742681179
1.2583359385
1.1381505816
0.9406258741
0.5626486795
0.7569978529
0.8782486653
0.6142297711
0.5859966475
0.7379363722
0.7264600163
0.6539177900
0.5777896270
0.7931565249
0.4993638467
0.2400307518
0.6098843773
0.4470074221
0.9011096031
0.7212778587
0.5355092039
0.6635762396
0.7775400731
0.6378779135
0.5720998061
0.9583101535
0.6206506129
0.8292673283
0.8288852918
0.9137067641
0.9145608730
0.6958892476
0.7678445505
0.8369719335
0.9486090340
0.9271792454
0.7178089316
0.8816882340
0.6700312698
0.5357839130
0.4656792864
0.2833831630
0.4933865757
0.4900508068
0.2374871846
0.5449040723
0.7919143996
0.5059611187
0.5072901753
0.5656740911
0.3770660897
0.2799278274
0.4577136071
0.3642410326
0.4860021534
0.5600123894
0.6337230798
0.7846380739
0.9031584997
0.4019613220
0.7859050861
0.5619788194
0.6074029452
0.7330856986
0.2515181291
0.7300668398
0.7477731833
0.8498963172
0.7862227383
0.7699245251
0.6199342307
0.5637586145
0.7683865635
0.7069250318
0.3732241948
0.8172773730
0.8564780247
0.7713909675
0.5942755023
0.7211676519
0.5681301679
0.7143899148
0.3525652364
0.3550363371
0.2909555579
0.2932433286
0.5600500680
0.6415775636
0.6648513112
0.6598775236
0.6506316385
0.6386077363
0.6363942281
0.4926944407
0.4753430196
0.3663042566
0.6377973428
0.5688916138
0.4433420056
0.4440305639
0.3280630899
0.2518396984
0.3279748512
0.2872438990
0.4088492174
0.3931286661
0.4424616541
0.5865135168
0.4263703586
0.4259027961
0.2918496314
0.3628519515
0.3801837167
0.2474656291
0.5852019293
0.4659252724
0.5513951532
0.3796530766
0.5000481838
0.6828615862
0.8249993666
0.7238769069
1.0008996161
1.0583041504
1.1785592050
1.0730798658
1.1296765912
1.0719078967
0.9999335577
0.9796330820
1.0629963506
1.1877408103
1.1288747340
1.0152842000
1.2055536218
1.1885966419
1.0205056057
0.9676223503
0.8188443325
0.9180833387
0.8865008825
0.8233841483
1.0639784948
1.1491444180
0.8885790869
0.8924514977
0.5539225380
0.5487625050
0.6773165884
0.4708948452
0.2042532900
0.3000712908
0.2188095022
0.4933602004
0.5037467437
0.6400759181
0.8661589110
0.7821594561
1.1225704076
1.1892452700
1.1168256161
1.0880746278
0.9923207490
0.9622204342
1.1444681131
1.0961426294
1.2308410748
1.2540834461
1.1968651450
1.3837890533
1.4205000877
1.3684568745
1.0124216315
1.2824488914
1.2963050771
1.2111266502
1.1065404941
1.1282224529
1.0925948121
1.1624361587
0.5837301941
0.8635169937
0.7801613622
0.8463702210
0.6299829389
0.4464650808
0.2791369028
0.2702266232
0.4097012483
0.1967202170
0.3358079013
0.1766843926
0.3762934144
0.3893239984
0.6466799895
0.5992813665
0.5832009593
0.8561962307
0.7405342453
0.8223811584
0.8391666049
0.8983459813
0.8172435795
0.7359635583
0.7601009057
0.8570112449
0.6900832729
0.8043098572
0.9448369576
0.9286243127
0.9736451117
0.8791199544
1.0211026328
1.1080795496
1.0855230918
0.7477897071
0.6768014238
0.5502243329
0.4781325349
0.5188855384
0.5429041138
0.4787235850
0.4266321860
0.4653283269
0.3878786432
0.2893273873
0.3665629317
0.3769159846
0.4964173098
0.3725808975
0.4825786536
0.4571119595
0.5330125075
0.7022837813
0.5050799485
0.4700852714
0.5224592812
0.5105039827
0.7132980167
0.4555266352
0.5062291807
0.7035290906
0.8195179316
0.6671285515
0.7486451660
0.7584667802
0.7427400299
0.8565161011
0.7205584793
0.7175413770
0.6910784071
0.6166043663
0.5186183277
0.5796392092
0.5825710483
0.6058608812
0.5533564938
0.5583804411
0.4776510329
0.6426053522
0.6238019830
0.7715530927
0.8956247120
0.5918746187
0.5884397691
0.5354120548
0.4853365042
0.5733939891
0.3517548261
0.5342560990
0.5427978435
0.4691251677
0.6585646078
0.5598259959
0.6037639899
0.9811159029
1.1844543292
1.0954721824
1.0860148875
0.8204179120
0.8069020118
0.8172777151
0.5615379390
0.1986890612
0.1750630490
0.3714970183
0.4272245786
0.5658324917
0.6024449322
0.4745790874
0.4693995748
0.4442782880
0.6162708964
0.5712216111
0.7752889298
0.6705019113
0.6740971084
0.6360147285
0.9957811057
1.0020883338
0.8889461000
0.7068708492
0.7545815579
0.8206255056
0.8749775839
0.7871940911
0.8328579686
0.8817651060
0.8297983080
0.8804483457
1.5610283639
1.6218182665
1.5380867071
1.6111801500
1.4878092907
1.4063080092
0.9476661612
1.1296291741
1.0484164884
1.1520625552
1.2487609101
1.5302432358
1.5660487016
1.5535701419
1.5794127262
1.5454843374
1.3365124821
1.2734745889
1.2576776812
1.4403375873
1.3258967794
1.2914946388
1.6334391375
1.6623482468
1.6780707397
1.6338491194
1.7787517502
1.6293924400
1.5397418091
1.4913211649
1.4147973064
1.4638141646
1.6423811798
1.8414555494
1.8198858531
1.7695733522
1.7238955808
1.4903363698
1.5634564086
1.3848943639
1.4865107295
1.6028183295
1.4588252304
1.7073095720
1.6035230667
1.5403449614
1.5245829583
1.4554843521
1.3793029950
1.2335024892
1.1780769810
1.1897608286
1.2131890444
1.1508974754
1.3393979748
1.5183202577
1.7670217380
2.0111197307
2.1651464480
2.1842762407
2.1831568375
2.3404309293
2.3959986277
2.1921076823
2.1173166772
1.9985241785
1.6565249111
1.4005186369
0.9660899295
0.9063554397
0.9288977378
1.2318324649
1.2878495279
1.1993190858
1.3046665551
1.3778387802
1.4923526504
1.5567056630
1.6797693095
1.6614334841
1.6441244822
1.6914150127
1.7574462856
1.6702863105
1.5752826380
1.7076733622
1.6486039037
1.6735862930
1.7264395235
1.7981937628
1.7359921848
1.7282436695
1.6641719095
1.3896176910
1.3367036811
1.3949364306
1.4241564621
1.4835099894
1.6851508528
2.5419617260
2.4741691875
2.3962247123
2.5407460376
2.6361379477
2.7338578036
2.5543717508
2.4512153226
2.3748637798
2.3307160341
2.2958453555
2.5186749816
2.4248444159
2.5240708528
2.5180793606
2.5037327725
2.6069920237
2.4601475869
2.6056949895
2.7086531430
2.6484065712
2.7830430980
2.6331713797
2.4282886787
2.6764413319
2.5449101819
2.4683200075
2.5781977769
2.4766764080
2.5480829944
2.6164219407
2.4875051847
2.5501379899
2.4518738396
2.4825002424
2.3827336195
2.4980695548
2.3296979295
2.3674744159
2.2994803793
2.4531291149
1.9707311300
1.9657676374
2.0407026180
0.3739929680
0.7031452134
0.8588949553
1.0471432145
0.5054150942
0.4978669912
0.5497774619
0.5346712056
0.5010655082
0.5170131802
1.0900395959
0.7309018735
0.6542565444
1.3543912645
0.9050605551
1.1329072861
0.9699861056
0.6371753977
0.5575218113
0.6365892099
0.8303839043
0.4585769037
0.1867813832
0.0516071005
0.3958102267
0.4918232186
1.0404588093
0.7074384662
0.4360535367
1.3624350054
0.5175597509
0.2937380530
0.6524218249
0.4933244343
0.5005484395
0.6443556868
0.8010993515
0.8222661357
0.8114265824
0.7723223824
0.4352379998
0.3078922972
0.5423666394
0.5011387881
0.7287267474
0.6167631210
0.6694256196
0.6114268937
0.6054570759
0.4055934668
0.5470251186
0.5330109325
0.6347291421
0.5139270902
0.9311584777
0.7619619037
0.7269482343
0.6907011054
0.5464867608
0.6578272525
0.5614132438
0.8473144740
0.8303443541
0.4695690564
0.6154390606
0.5520939263
0.6159937257
0.7304587757
0.6801136441
0.6677005925
0.6865640511
0.7325754799
0.7029421932
0.9133074411
0.9748742221
0.9095230919
0.9335345412
0.9861419483
0.8625958237
0.8321353444
0.9337572247
0.9281244065
0.8822244761
0.9684050826
0.9252251985
0.9979719066
0.9031792244
0.9343922637
1.0556637573
0.8881662445
0.7804710286
0.8236605065
1.0230400246
1.2490577919
0.9623471518
0.8081424696
0.9123830326
0.7279725577
0.9118307222
0.8654705821
0.8490853068
0.9686060700
0.6809503707
1.2685933866
0.4589377690
0.4635990332
0.4753126269
0.8190733908
0.5096505546
0.3054868938
0.2072723159
0.1809908719
0.3399608673
0.4383263868
0.4556757677
0.9749500508
0.8956646218
0.4243259202
1.7342409749
1.3929296974
1.2408289695
1.3040918947
2.8364068633
2.7733157140
2.2200278326
3.2291916655
2.5255757681
2.4403413092
2.3271240918
2.6099667781
2.6611589311
0.9961406299
0.9798383452
0.8948789619
1.6601952542
1.8708527068
1.2293641817
0.6124978031
0.7625057582
1.1478468228
0.8878840592
1.0053321108
1.3165639852
0.3139552213
1.0345113725
1.2264673845
1.1419372467
1.0654746652
0.5844408777
0.5556088706
0.4948736878
0.3426966914
0.7684841426
0.5807763353
0.6252281105
0.5633786971
0.5320213060
0.5680962422
0.6233306986
0.6449813006
0.6447519776
0.5404551111
0.1646892926
0.6008873760
0.1346313783
0.4138044654
0.1793024780
0.2615569245
0.2112229749
0.3304122793
0.1859463062
0.5961678849
0.5083795503
0.4141751980
0.3132111568
0.1321507429
0.3392091512
0.4886241953
0.6613612424
0.7814884178
0.8201604524
0.6835722287
0.5516797957
0.5086447146
0.5665837177
0.5182006767
0.5223835924
0.4979108134
0.6160349006
0.5900561360
0.5093012444
0.5519984857
0.4635610710
0.5347489193
0.3738739771
0.5838857968
0.5126605596
0.5215128162
0.8232250360
0.7841712507
0.7104556903
0.6676473733
0.7013694399
0.7682132844
0.7566974984
0.7187395928
0.6053966450
0.7988527251
0.8429423071
0.8828279825
0.9817015191
0.9106142916
0.8111412252
0.7840114979
0.8327793935
0.7897643109
0.7830379440
0.5844613130
0.6448572605
0.9031063583
0.8248959935
0.7381291023
0.7480651414
0.6517818807
0.6601368208
0.5507841378
0.5655294175
0.4092102944
0.5580232862
0.4897438834
0.4474765470
0.1885918979
0.6881185642
0.5273449496
0.5599790262
0.3252347220
0.3262486825
2.6511209539
2.3211036422
0.4901132652
0.5292110667
1.2780761265
1.5191514163
1.2299009243
1.3780093437
0.9868351655
1.0541205696
0.7829924920
0.6427463770
0.8330069796
0.4601000012
0.2872793530
0.3704947123
0.5444820417
0.7803232799
0.4200977004
0.5794593213
0.2559932234
0.0466632307
0.2382766201
0.2559263093
0.1360174377
0.0960501832
0.1919904777
0.3990170756
0.5064161963
0.4651860953
0.5905128310
0.2697660698
0.6687792361
0.4501904738
0.6943422573
0.7579538195
0.8500489237
0.5600760682
0.9209542012
0.6823506765
0.6235326379
0.7948917763
0.9096884188
0.7584961942
0.6251896486
0.8119844108
0.5760010737
0.4122498818
0.3340661486
0.5424892118
0.6352437338
0.2518158620
0.2420587746
0.6736066773
0.2687798323
0.6283434780
0.5932890865
0.8658608995
0.6701757951
0.4895290945
0.5963803565
0.5410812944
0.5668929920
0.5053627476
0.6078119671
0.6232787833
0.5521034564
0.6392905071
0.4603048057
0.5489382626
0.6144195828
0.4168352810
0.6510130464
0.7793989194
0.6407902066
0.4709759480
0.5913777246
0.3965792988
0.4326907284
0.3411436838
0.4191526681
0.4559152268
0.3432649545
0.4432020565
0.4777105817
0.5909927067
0.5898430982
0.4613280223
0.6265418098
0.5803558898
0.6205350329
0.6865634351
0.8075409624
0.9483075891
0.9185310648
0.8174001922
0.9026595519
0.8392057097
0.8647500851
0.8942657080
0.6365969187
0.7686725043
0.7168015731
0.9736591874
0.6569160502
0.7353614249
0.6077596891
0.5836446114
0.5812206110
0.7050752710
0.8596855695
0.6615285104
0.5676298456
0.5576452260
0.5883707928
0.6854370454
0.5557981951
0.8608791866
0.9710057128
0.9001320227
0.5022840697
0.5495110089
0.5735717762
0.8227526153
0.6943614155
0.4799816627
0.4455258116
0.8228116527
0.5428099876
1.4021468729
0.8152152952
0.9776122841
0.9327607602
1.0251068447
0.5118308617
1.1379121695
1.0333396431
0.3612458376
1.0332828544
1.0017559084
0.9930189024
0.6106885126
0.6198585309
0.8038421305
0.8400922896
0.9274735536
0.8249926566
0.9080272183
1.4284022501
0.9664021811
1.3620961231
0.9665636117
0.5884304213
0.9907575336
1.2874267678
1.1869256819
1.3463843518
1.3232712921
1.1697510079
1.2541265851
0.9020159884
0.6607950740
1.0506508518
0.5183522633
0.7790163194
0.7235240428
0.6682421918
0.9350078155
0.7851287649
0.7987788806
0.6119481277
0.4508003620
0.5897299114
0.6576671101
0.6333916832
0.5536692512
0.4433115946
0.5761195760
0.5285023028
0.4653124257
0.4784692897
0.6357733326
0.4997307276
0.6565442649
0.5907975547
0.6082057744
0.5584710476
0.7326827153
0.6769869419
0.5096158203
0.7325590534
0.6947998333
0.7010556218
0.6089907483
0.6549616845
0.5657939054
0.6704619070
0.6500659071
0.5153192725
0.5773684161
0.5491230055
0.4225889599
0.5649745465
0.4976338930
0.6615661268
0.4849915680
0.6881299459
0.7952690025
0.5661762430
0.6318382704
0.5349339132
0.5213322130
0.5663877045
0.5248545267
0.4830508481
0.4256450971
0.3993619321
0.4803970755
0.6030214886
0.5566958238
0.5225060849
0.5174558367
0.4746784340
0.4900165699
0.6391348805
0.6776005782
0.6002331280
0.7404594062
0.5749512086
0.6840503890
0.6779001564
0.6363599532
0.5258018642
0.8024247790
0.5381643346
0.6340865423
0.4755238547
0.5895779162
0.5659781962
0.4108135003
0.4116013154
0.5320736036
0.5708127274
0.5614662796
0.6042661207
0.7722117220
0.5818956776
0.5470246861
0.6315475413
0.6408193856
0.4190817077
0.2092828716
0.6413468799
0.4199609656
0.5552036873
1.0591661160
1.3129723876
0.9232616331
1.4959125980
1.6103612924
1.9447731089
1.9108476028
1.7270765051
1.3549840188
1.5205908219
1.4952293341
1.4865684329
0.8456617263
0.7146367513
1.1242559312
1.2718107425
2.1482373135
2.5520478617
1.5521811422
0.7879376661
1.8237514849
1.4725510907
0.5488688559
1.4320948417
0.3771210471
1.5298752986
1.6449983365
0.6655798058
0.3562017347
1.3127042232
1.3662780664
0.7656615580
1.2932966913
1.6498600903
1.5966257724
1.4768234736
1.4768159405
0.8437071626
0.9747752936
1.1939649124
1.3282469857
4.4493928407
1.0479879795
0.7802335948
1.2807406220
1.1123263950
1.0389198064
0.8488700234
0.7991753457
0.7950086295
0.5270194724
0.6878269716
0.5837280806
0.6968010241
0.5161142619
0.4457138525
0.4693353513
0.9890632134
0.9257313119
1.0575650702
1.1587906252
1.1002438807
1.1639292018
1.1288395308
1.1081791226
1.0547106143
1.0861476373
1.1554219394
1.1633034329
1.2388382873
1.0612312374
1.0496581184
0.6329960387
0.6470831998
0.5703540098
0.5857097624
0.5599655693
0.6263099732
0.6699984185
0.7126487084
0.3972452142
0.3174639846
0.9737274307
0.9580700294
0.6899771373
0.4517009825
0.3224092144
0.5280359584
0.3466969049
0.4439997832
0.4272195280
0.2897541811
0.2841197425
0.2080431688
0.1806088775
0.4371857387
0.3126667026
0.2658793175
0.2747024668
0.3914036829
0.2241697908
0.2042047485
0.1712052512
0.1341200183
0.2432718040
0.0715715311
0.0715087143
0.1204108483
0.2392516121
0.2645940474
0.1001365277
0.1880196629
0.1924084831
0.1577180092
0.2515256942
0.3578631670
0.2681433033
0.3949206012
0.3595056924
0.3774190846
0.2989036969
0.5709043351
0.3965267265
0.4074645166
0.5184720096
0.3703327690
0.3031878840
0.4649283028
0.3657100094
0.2723756704
0.4030324325
0.3364082392
0.2845858284
0.4037959999
0.3331822046
0.0720752404
0.4232275186
0.7043062689
0.6280323762
0.5400451129
0.4663322107
0.4648957186
0.5852815763
0.4309088850
0.4073162894
0.2253929693
0.3660564845
0.3299154324
0.1491215708
0.3731020247
0.2314760410
0.1968489598
0.1481151346
0.3466118335
0.3753749100
1.0407762598
1.1933780315
1.7715797056
1.9039122272
0.9917488762
1.1614099465
1.0854628694
0.5224923233
1.1801176354
1.0984190356
1.8360003066
0.3643498452
0.6119047276
1.4029916379
1.3101298544
1.0804954619
1.1577535643
1.4517271336
4.4575468673
1.0690785491
0.9281578529
0.8868025798
0.7327626253
0.4416952473
1.1717655833
1.0286926747
1.1591623361
0.4783118147
0.2809222029
0.2481560075
1.3440238152
2.6007304785
1.8077388551
1.6479356618
1.6510442760
2.9750207061
2.2994875631
2.8545496788
2.9034141188
2.8610210547
2.9542370787
1.5654834508
1.6703541202
1.6956405068
1.8036630595
0.3799186938
0.4013816155
0.8229565303
1.1514918087
0.6713043487
2.5685263708
0.9131775134
0.6363350624
0.9647834804
0.8887640798
1.0138892727
0.7407860870
0.6903636237
0.5178674055
0.5442328592
0.4717693836
0.3674895297
0.4237105173
0.5116697617
0.4814533323
0.4598889842
0.3776679827
0.3801337156
0.4211319483
0.4407863840
0.3075014578
0.2659709192
0.2064021633
0.2232329942
0.2728525085
0.2702006327
0.2091636114
0.2833797045
0.2515958955
0.2174016851
0.3148199051
0.2727673770
0.3161168638
0.3821491795
0.5572707331
0.5281752453
0.3451637536
0.2017081195
0.2917671937
0.1166943907
0.4169499333
0.3500439996
0.4656806924
0.4204845590
0.3115665473
0.4462657167
0.2940613690
0.3692673153
0.4281863610
0.2836259697
0.2343468423
0.3283174649
0.2205015373
0.2704837082
0.3706948930
0.3909120915
0.4695999885
0.4942361323
0.4300027829
0.7125813455
0.8053643255
0.7290208154
0.5096202528
0.4600984374
0.5214717293
0.3738103983
0.3243790597
0.4939639701
0.4736811972
0.2406244027
0.3748010746
0.2616837976
0.4172538052
0.3334728816
0.4104907578
0.6081222613
0.4074446917
0.2851745610
0.4208622128
0.2206102480
0.2462833909
0.2500344523
0.4047600204
0.1918859134
0.2248268658
0.3900174552
0.4541159688
0.9288956958
1.1062716737
1.2900848752
0.3665587935
0.8411436112
1.5443795997
1.6567750375
0.7111330617
0.5707522752
0.3274437795
0.3621654066
1.1422238913
0.2539233599
0.5348227363
0.4369434993
0.2504825889
0.9878538728
0.8075161899
0.4434393347
0.8595549721
1.2424679903
1.8187949245
1.4571085248
1.2806259273
1.6606200776
1.8270687021
3.1862574643
1.4117972209
1.4951366463
2.8391395455
2.5896824907
2.1490888550
3.1559575836
3.0697019669
5.1576816806
1.8104120077
2.1201463024
1.9930550728
1.3470916387
0.8805654460
2.6465649493
1.2911537711
1.5701790904
1.3408438762
2.0049028413
1.5537618854
1.6967933006
1.6591750102
1.6305560697
0.9555827198
0.9291403372
0.8893434781
0.9296601786
0.9246899833
0.7993016977
0.9379002071
0.7641192654
0.7164839014
0.7062708597
0.8158241967
0.9672047561
1.0048728701
1.3941161507
1.4003893898
1.3217909101
0.8779688319
0.8809409478
0.6152537142
0.5975435816
0.7369147261
0.4826134933
0.3632684747
0.4797907547
0.3616381462
0.3186148088
0.2486138581
0.3572662834
0.4586883187
0.5370235616
0.4288994152
0.5898358756
0.4672766047
0.4241733247
0.3590599214
0.2122948657
0.2634216647
0.3401012186
0.1241421399
0.2230867518
0.1299167659
0.1490932639
0.1223244457
0.2192264972
0.2395977393
0.2049281854
0.0846122883
0.1563385129
0.2560339939
0.1444924371
0.1372956030
0.1787586002
0.3400866587
0.2225417230
0.2551604350
0.4851243194
0.5950955279
0.4714913018
0.4140097667
0.3476408196
0.3716877014
0.3668000190
0.3871975922
0.2362149301
0.2715581283
0.1601959888
0.2529701201
0.4577909146
0.1995290397
0.3328021062
0.3356460424
0.5262427475
0.1229254076
0.2608478886
0.1974219984
0.2496012968
0.3622593041
0.5486351333
0.3517608038
0.4818813796
0.2863967709
0.5919105676
0.3950626845
0.2305837902
0.3416475410
0.5369359602
0.5333087526
0.7903220107
0.4713207479
0.5362889892
1.0610951173
1.5349161442
1.0959672533
0.6531374042
0.9801020139
1.1465177298
2.4190682392
0.7263456985
1.3736335666
1.7365007829
1.0252725250
1.2634435449
2.0783009069
0.3885652671
1.5486065471
2.5133940595
2.8762493165
1.8788238821
1.2443098278
1.7966960430
1.4440626225
1.1386430129
1.7643242715
1.8084926264
0.4774625379
0.5520300277
2.0132505996
1.6183174688
0.8851578814
0.8459109031
0.7023430500
1.0471805650
1.7065702409
1.5305319457
1.4301259448
1.5427952631
1.4414032126
1.3094658719
1.4129266772
1.3276557708
0.2515632853
0.3707353114
0.2450536814
0.3845865956
0.4285889136
0.4772781349
0.4343041739
0.5548465605
0.6609244879
0.5985249215
0.5897353437
0.5873239945
0.5201334509
0.4929881822
0.5576045876
0.5246047332
0.4823544798
0.4707507647
0.4836473796
0.8456003141
0.3975128710
0.3791808710
0.7047499882
0.3207513872
0.6170066745
0.3256428804
0.3017727909
0.2849860309
0.3732171161
0.1350031792
0.3636173115
0.3218478167
0.2181642563
0.2472961265
0.4870596483
0.3054982031
0.4270252919
0.5326982815
0.3205645039
0.2077018354
0.2683241759
0.2293977681
0.2680796293
0.2308325582
0.2537443980
0.4018121169
0.3567163018
0.2584565793
0.2804510186
0.3814650166
0.2725900195
0.2729656638
0.2435265226
0.3928110111
0.3263972650
0.3612807370
0.4081568420
0.4237303021
0.3463927823
0.3595656422
0.4125012286
0.4166122706
0.4690115326
0.3953456721
0.2893828282
0.3805750898
0.1571539792
0.3207684842
0.1983312408
0.4161364455
0.6389017461
0.7833802124
0.4184883596
0.4481856847
0.2282696898
0.2339094458
0.2503128432
0.2051447642
0.3347877043
0.2899391253
0.4306693498
0.4937329044
0.6034902889
0.3691516702
0.3595498553
0.1917964274
0.3820508424
0.3360396242
0.3005755531
0.4699541154
0.2599495024
1.0787034057
1.7651968346
2.0706195682
1.7025867007
1.4583963272
0.6795375998
0.8960119986
0.8072550254
1.0327206321
1.4174707805
1.2587339563
0.8565078868
0.8710575592
0.6573746028
0.5921812792
0.7864205127
1.1609096644
0.7975133601
1.2606619936
1.5157859677
1.0151222218
2.2113882007
2.1019631804
0.8734232549
2.5295580499
0.8510090815
1.3444526082
1.9200091904
0.7190353274
1.2673782324
2.7392389496
2.5691136863
3.4010079551
2.7375926280
2.8149272857
2.8130337690
2.9755815546
3.0794364194
2.0737598273
1.7922531246
1.5472551451
1.5581948485
1.6319719850
1.6094948378
1.5070879917
1.6303271454
1.7422529808
1.6589249959
1.7036180062
1.7591011605
1.8053820136
1.7947192694
1.7384906797
0.5755412765
0.6451240850
0.5714371244
0.6374727509
2.5585770831
0.6230108417
0.4649034610
0.7242468398
0.6805555819
0.1452379575
0.0997450040
0.3798983549
0.3583949094
0.2899361883
0.2661056268
0.3248352178
0.5252600760
0.4175069854
0.4688279819
0.4133286307
0.4422021617
0.4854327200
0.3305239266
0.3484140572
0.4057642503
0.3806133406
0.2310157620
0.2302717745
0.2539020240
0.2821671056
0.3089101100
0.4144809237
0.3212151934
0.2345448060
0.1781763865
0.3183324871
0.4024545388
0.3133595411
0.4005576120
0.4164573341
0.4248596633
0.4011002488
0.2808556784
0.2153759237
0.2593714396
0.4275946345
0.3136470541
0.3629895811
0.3979825353
0.3239631890
0.4818202991
0.2943162555
0.3199249573
0.4512397409
0.4123879606
0.5421656183
0.6127107244
0.4896435017
0.8679065259
0.4179220302
0.5425835441
0.4678255797
0.4531169817
0.3064643273
0.2000540975
0.1257667175
0.1348385305
0.3340889244
0.3725883171
0.6605107536
0.4567923840
0.5156042897
0.1740568726
0.0780372812
0.4035692062
0.5578571748
0.4333295708
0.7855081779
0.6105000920
0.6485208086
0.5830962713
0.6608337280
0.6158902707
0.5531901257
0.8625785315
1.2016486630
1.4238450579
0.6799599166
1.5579929370
1.7609594976
2.2338297197
0.8851812247
1.6788857359
2.2216427855
2.2548576219
1.8564061068
0.7808320115
1.2584635041
1.3863332670
0.9169425785
1.2312596840
1.8136053029
1.4670132977
1.0356780213
2.5315106116
2.4877589691
2.2363440610
1.5274290357
1.7579408036
1.7657863364
2.3957143798
1.8794280683
1.9354456328
1.8453590450
1.9620269946
2.2604248357
1.1796480913
1.1760488405
1.0800904115
1.1857311275
1.2893547871
1.3338126049
1.2649950974
1.1181442857
1.1620350874
1.1930470294
0.7507305988
0.8972431903
0.8145687173
0.5577617181
0.5405795169
0.1826587067
0.1522716944
0.5416633729
0.5991522940
0.6385524689
0.7985056161
1.0595650754
0.1493061195
0.1587510715
0.3265036023
0.2239261346
0.1583931537
0.4023240401
0.3484392211
0.2828913267
0.2954248903
0.3162442574
0.2774037736
0.3711086697
0.3320586623
0.4636885285
0.3211336073
0.2267198317
0.2514388017
0.1671939798
0.1950374662
0.2246086271
0.1224048029
0.0823740860
0.2869759276
0.1328711838
0.1745655229
0.3450440364
0.2577380871
0.1537694396
0.2173443169
0.3597033394
0.2613598491
0.2626128895
0.2069911929
0.3569137844
0.2897776980
0.0987021568
0.1469803659
0.4334990053
0.4921821224
0.2800219458
0.2243734999
0.2214592700
0.1814528852
0.2044463840
0.2670019255
0.4671031641
0.2577562644
0.1864533711
0.6990260556
0.2708144510
0.1716010937
0.3404086812
0.3615813862
0.0912492752
0.3992675255
0.2363878444
0.3862760382
0.6173278034
0.4390548425
0.5119567100
0.7053663369
0.3491629305
0.7671256576
0.7064771153
0.2898695958
0.4299912853
0.4318511574
0.9118579100
0.4886467802
0.2725397520
0.3142647659
0.4190160981
0.3027646168
0.4645824250
0.9447631833
1.5795989092
1.9574859522
1.4174796714
1.7387717312
1.7530809853
1.6087796169
1.8111391678
0.6457673604
2.0469841534
1.9757048591
0.8598893502
2.1436426124
2.0213356326
2.8188574598
1.8347430494
2.2177527806
2.1759164138
0.9886168491
1.4067751608
0.1246044491
0.3377413314
0.2170139758
0.3374161377
0.5531681385
2.0536752292
1.8048927926
2.1607904020
2.3950046853
2.8900255253
2.5684335134
2.5306834977
1.6994963999
1.9360733961
1.6624285065
1.4640309835
1.4521092257
1.5245897543
1.6347714754
1.6695879626
1.9709962589
1.9001138907
1.8654974614
1.7563406473
0.1802881972
0.1675484514
0.3737556312
0.5585515838
0.5648460058
0.4344305656
0.4035259311
0.4362732083
0.6196631806
0.5260061965
0.4296659472
0.3346058289
0.3308787760
0.3929427818
0.1942772655
0.4298842450
0.5100226305
0.3745057579
4.6037477811
4.6804040361
0.8816328601
0.3273415357
0.3463816254
0.2921950872
0.4426685061
0.4700529535
0.3076301990
0.4695037125
0.4269467989
0.3278170481
0.2070361880
0.3436764985
0.3736683516
0.3032161121
0.2647983517
0.4476191045
0.3083692849
0.4847206574
0.1778384489
0.1133563300
0.2740461199
0.2951228003
0.4878069608
0.1470065139
0.1802480393
0.2017217217
0.2423123792
0.4640908081
0.4204592977
0.4677275579
0.5414433538
0.4623651218
0.2762405313
0.1825170900
0.2208154941
0.5011459090
0.4104829691
0.3028937435
0.5513457606
0.2945521914
0.0772887319
0.1762121543
0.1869256748
0.5480098407
0.1583976155
0.1597995705
0.6026247320
0.6394109552
0.6214723106
0.8734054409
0.6841031723
0.3718219570
0.4271731925
0.2753090254
0.2692121734
0.2697047253
0.3019607893
0.2585193180
0.4249857280
0.6305720536
0.4363875889
0.4155550417
0.4033584725
0.4132649823
0.3872110881
0.7944798328
0.6325570089
0.7065194940
0.4387752967
0.4324182697
0.5559611797
0.3426533960
0.4259034001
0.3288784152
0.5198259083
0.1878378530
1.1204274746
1.4236994015
1.3896880896
1.1866903915
0.9127231494
1.3994362111
0.4555843889
1.4946940151
0.7099851724
2.6713483008
2.6597070110
1.9501331196
1.7381618146
0.5768153733
2.0796738368
1.8396416265
2.2234341751
2.5599775486
2.1680757358
2.8010262096
1.6872701747
1.9866556248
0.5717050374
0.4677675838
0.4107406034
0.1549287432
4.6974669416
0.9320311878
0.2412818614
0.3289788026
0.2792516458
0.3105144187
0.2164614190
0.4476180272
0.4553700513
0.4786351917
0.3509154376
0.6908061200
0.5940057221
0.5535555221
0.5733617898
0.5374316335
0.2724512370
0.3377941345
0.4531522375
0.4439877302
0.4707669247
0.4803058252
0.4626404669
0.3434252251
0.4122733939
0.3689587853
0.4986516681
0.5517168901
0.5724150426
0.5723561651
0.6144041174
0.4057325281
0.5511364118
0.6535551342
0.6290925025
0.6419376705
0.8820195474
0.7734361181
0.8183937556
0.7669371976
0.6977904440
0.6699718225
0.7141667830
0.7004649204
0.7389347856
0.6220192549
0.6530941743
0.6700336200
0.3864071167
0.3701042368
0.3733771823
0.5636574009
0.4629079650
0.4828984888
0.2924846913
0.2090761861
0.3785152334
0.3913333486
0.4844073422
0.4447964706
0.3296106073
0.3568110764
0.3713843088
0.2803562757
0.3177802432
0.3496172509
0.4337366044
0.6226588780
0.4829814384
0.4939657534
0.6995288440
0.6045045128
0.5414842855
0.5933271801
0.5276348933
0.6023900467
0.4234047483
0.4318113752
0.6892478387
0.5575911279
0.5570647143
0.7040289981
0.6665134974
0.6125061983
0.5298662233
0.3922942099
0.6503735674
0.5725366115
0.2546745151
0.5519406458
0.4587034374
0.3569142415
0.6222244505
0.7579121636
0.6455242970
0.5463679629
0.7037723000
0.5793330546
0.4823644687
0.5346749007
0.3897019531
0.4088594604
0.5072309674
0.6723951392
0.6868704931
0.9846906850
0.4626321998
0.3341338820
0.4899903136
0.5219879341
1.0098253857
0.7721311024
0.8263486131
0.9020355818
0.9715999937
0.8277523054
1.6096169438
1.3334237170
1.0062136294
0.5863272830
0.2693230483
0.2893389015
0.4436799847
0.5548564134
0.6018768958
0.4367964430
0.4599242166
0.5084627123
0.6487269775
0.8050920009
0.8374582032
0.8121644230
0.5106754513
0.6441767992
0.5391637990
0.8751053573
0.5571131676
0.2675288388
0.3389311312
0.4793957925
0.0788559307
0.3160440125
0.3872094056
0.1772123093
0.2889797712
0.1214236173
0.6364736376
0.1137401669
0.2531071457
0.4631931868
0.6071858713
0.1315755333
0.3886835355
0.4112109570
0.3428003752
0.4400964791
0.4657303516
0.2348371141
0.1476553223
0.1262591410
0.2150945479
0.2534257235
0.3031141741
0.3071910433
0.3001751069
0.3400399982
0.3969830526
0.1746392460
0.3277499124
0.4539246040
0.5784856552
0.5090745814
0.7304428717
0.5053991693
0.4810494129
0.5483066924
0.4868949127
0.5504286996
0.5563414720
0.5287800969
0.4569195395
0.4931260474
0.5444018630
0.4815233096
0.4973535091
0.4537520722
0.4624075827
