0.0433378940
0.0451272786
0.0491942925
0.0513379776
0.0463052826
0.0516421857
0.0506629837
0.0487859904
0.0495578344
0.0474430242
0.0403182460
0.0408533980
0.0391851990
0.0396318544
0.0399918052
0.0413703019
0.0455696465
0.0454386173
0.0453153189
0.0450522488
0.0410771242
0.0387755247
0.0416551725
0.0438455255
0.0484729569
0.0416421802
0.0314210375
0.0281484952
0.0262727616
0.0293318903
0.0300134212
0.0329654385
0.0304978361
0.0337510962
0.0459021113
0.0504231685
0.0569354676
0.0622325905
0.0653787753
0.0693742680
0.0764676355
0.0775472050
0.0828565720
0.0856431839
0.0851536207
0.0849973719
0.0892539235
0.0939908061
0.0933275634
0.0970815753
0.1016734175
0.1036926835
0.1085622051
0.1102467097
0.1142140715
0.1176137870
0.1177206656
0.1230704789
0.1196893815
0.1170021577
0.1301458871
0.1362344634
0.1470022674
0.1417028685
0.1428926544
0.1375172777
0.1437962126
0.1439984882
0.1441925463
0.1536670898
0.1527656242
0.1609247267
0.1586322696
0.1597033575
0.1538421271
0.1737308016
0.1705596276
0.1580030850
0.1541902706
0.1471651883
0.1380377942
0.1371095414
0.1342361199
0.1300006621
0.1261961165
0.1206701618
0.1212800487
0.1259390329
0.1280310542
0.1310071676
0.1349030916
0.1369863859
0.1327733020
0.1335810447
0.1324418948
0.1239527183
0.1178964391
0.1126425368
0.1049423940
0.0977233237
0.0954385805
0.0924541807
0.0859487789
0.0805622780
0.0809909545
0.0815853060
0.0825742061
0.0885584167
0.0912357157
0.0949127823
0.0970255476
0.1059437041
0.1089619291
0.1127503139
0.1173265590
0.1183448441
0.1122137681
0.1079290212
0.1063793642
0.1036042241
0.1048518484
0.1039822705
0.1041521643
0.1050590336
0.1077764158
0.1065305058
0.1079874792
0.1108028470
0.1133049077
0.1173352486
0.1209738100
0.1256812292
0.1319121304
0.1304806488
0.1284992687
0.1267407617
0.1289983023
0.1276216936
0.1234945240
0.1207708538
0.1219764859
0.1190350458
0.1169987393
0.1153276624
0.1180546927
0.1246475611
0.1251592009
0.1331087387
0.1348525113
0.1357818436
0.1353239114
0.1343471616
0.1396482616
0.1386513306
0.1370799158
0.1381380581
0.1398704911
0.1378727304
0.1375187972
0.1364894997
0.1367858363
0.1387778563
0.1382069672
0.1363275265
0.1359027411
0.1316698790
0.1287982871
0.1240269194
0.1209599613
0.1210828216
0.1188190667
0.1194437911
0.1212450805
0.1208203818
0.1217954971
0.1205021222
0.1211575100
0.1234564776
0.1232505608
0.1221332082
0.1218083794
0.1229900857
0.1219339417
0.1161624031
0.1155943543
0.1179165649
0.1205429772
0.1198023403
0.1178956607
0.1163295750
0.1180906831
0.1153773372
0.1191635088
0.1231017343
0.1250525883
0.1257114232
0.1224058819
0.1189358139
0.1126742876
0.1109314897
0.1100513059
0.1109842184
0.1132892229
0.1139566896
0.1171518554
0.1174650750
0.1179496341
0.1175344631
0.1184806092
0.1187250852
0.1134594070
0.1110688995
0.1108548268
0.1110101179
0.1129514662
0.1122777428
0.1053192846
0.1065504269
0.1066842794
0.1084899810
0.1083651150
0.1100856602
0.1099081577
0.1116703897
0.1036183664
0.1036164880
0.1036470961
0.1028782970
0.0974467335
0.0953064115
0.0880215155
0.0888951843
0.0891661834
0.0880546895
0.0831829173
0.0855143841
0.0933893918
0.0896375759
0.0876780460
0.0826341335
0.0785327867
0.0777521047
0.0773093710
0.0763762293
0.0773862094
0.0812407105
0.0793936019
0.0933625630
0.0886129953
0.0862705238
0.0814434353
0.0816176321
0.0905815129
0.0888417287
0.0873413944
0.0910397250
0.0920176280
0.0900578484
0.0936653369
0.0967724059
0.1006677085
0.1040713702
0.1060090485
0.1203450702
0.1185783745
0.1188552809
0.1178978092
0.1251350572
0.1295489208
0.1327457704
0.1293531512
0.1324443459
0.1297999566
0.1314750464
0.1296274345
0.1257768022
0.1233267255
0.1183706331
0.1181980135
0.1118099201
0.1089770091
0.1044159749
0.0982715675
0.0956966851
0.0928339516
0.0911211550
0.0883652589
0.0850549650
0.0909655421
0.0953463573
0.0868651948
0.0981424672
0.0980168419
0.1048069276
0.1171101171
0.1626433195
0.1423423644
0.1411774884
0.1374330249
0.1340901407
0.1337436504
0.1368353261
0.1382235434
0.1394022636
0.1322482117
0.1362584845
0.1342104236
0.1297544305
0.1273610333
0.1245475711
0.1206345657
0.1198039263
0.1157538792
0.1150507927
0.1114069108
0.1104799612
0.1059366073
0.1047640651
0.1015269335
0.1028893279
0.0976435933
0.0949172265
0.0949955484
0.0914203498
0.0895329184
0.0919154792
0.0916075680
0.0869845053
0.0830181865
0.0773406552
0.0757999615
0.0777385571
0.0811003320
0.0772512726
0.0751669070
0.0490620665
0.0528816649
0.0517332715
0.0534770348
0.0498586739
0.0552330869
0.0462997426
0.0442442892
0.0355456298
0.0338602173
0.0320069150
0.0268088829
0.0254897974
0.0246455053
0.0239703942
0.0235075896
0.0330642120
0.0326002237
0.0249028788
0.0274839462
0.0218363871
0.0895512332
0.0772054048
0.1048363153
0.1073680377
0.0904330472
0.0672298887
0.0796101800
0.0664105904
0.0725839953
0.0774053032
0.0815046729
0.0860963780
0.0766814428
0.0729735676
0.0744506298
0.0708071222
0.0738722750
0.0726599803
0.0707979010
0.0670516126
0.0656546376
0.0632765645
0.0604981864
0.0570460918
0.0525125261
0.0491415230
0.0479734856
0.0443593270
0.0398108213
0.0397376968
0.0364103759
0.0341605852
0.0291140476
0.0301361178
0.0229127849
0.0334819461
0.0297963302
0.0231650016
0.0208647333
0.0180600077
0.0197127315
0.0190553488
0.0246205174
0.0238051396
0.0231684863
0.0236685922
0.0248600015
0.0222520659
0.0182443612
0.0187981884
0.0193031076
0.0190354630
0.0273548124
0.0277960083
0.0245755355
0.0276999224
0.0316649104
0.0322009143
0.0343526436
0.0347753098
0.0365279847
0.0385476578
0.0404860705
0.0380483481
0.0212683211
0.0351840656
0.0465469389
0.0727555035
0.0650455627
0.0690470158
0.0550788382
0.0451886633
0.0460913186
0.0382901423
0.0464109625
0.0413544390
0.0491512028
0.0302023037
0.0348480754
0.0420672360
0.0355952431
0.0294728832
0.0297516345
0.0287751648
0.0279132476
0.0284106050
0.0298231625
0.0294984960
0.0305418921
0.0308769580
0.0346726360
0.0323638203
0.0317222272
0.0321100703
0.0314180081
0.0335897779
0.0286102708
0.0370702144
0.0357129513
0.0299446749
0.0228637253
0.0262200949
0.0417393690
0.0438796507
0.0461594007
0.0398868754
0.0382351247
0.0501345868
0.0415795718
0.0440796176
0.0505146315
0.0440992614
0.0436435645
0.0438647295
0.0430176705
0.0466367481
0.0435720012
0.0475117492
0.0482734949
0.0455122218
0.0482743616
0.0482247461
0.0486331176
0.0471084151
0.0455613343
0.0452936759
0.0445910031
0.0427227514
0.0446522454
0.0382446251
0.0499843506
0.0566151331
0.0407527720
0.0497211991
0.0650641980
0.0629648206
0.0258161291
0.0277360081
0.0304643752
0.0493118780
0.0262118371
0.0421789998
0.0359242670
0.0282028743
0.0257321309
0.0279249406
0.0355751296
0.0326920943
0.0375255273
0.0337389850
0.0359499912
0.0472852485
0.0502500433
0.0490926911
0.0519100176
0.0459811310
0.0525969398
0.0556545797
0.0659609905
0.0606879878
0.0622083323
0.0623408638
0.0622232932
0.0595772809
0.0615193245
0.0585266000
0.0572966529
0.0520487133
0.0560080987
0.0581311870
0.0653507614
0.0659122598
0.0618380234
0.0600303880
0.0609234943
0.0575340606
0.0572683162
0.0583206800
0.0558533393
0.0532061968
0.0487712059
0.0443182735
0.0413391917
0.0382977110
0.0361744084
0.0386113475
0.0326436032
0.0351963591
0.0326829161
0.0372114000
0.0359243434
0.0298242581
0.0282356987
0.0282959346
0.0274772057
0.0290293963
0.0264562072
0.0264670758
0.0333502370
0.0323900495
0.0297595271
0.0154056820
0.0124069423
0.0086595115
0.0068995438
0.0037145817
0.0093092898
0.0146957929
0.0608400194
0.0493186137
0.0261452733
0.0498839776
0.0586321969
0.0148439064
0.0645512334
0.0565273182
0.0615173223
0.0547569570
0.0436898966
0.0415122689
0.0769976940
0.0861461967
0.0298339599
0.0547394240
0.0992513757
0.0441235205
0.0372888748
0.0484432440
0.0504371307
0.0528944825
0.0492536067
0.0515504723
0.0413653435
0.0469467313
0.0444770935
0.0438864018
0.0439190220
0.0468016119
0.0470956267
0.0429829557
0.0433540289
0.0427397335
0.0411443410
0.0428290055
0.0420176798
0.0413262313
0.0384580688
0.0397121060
0.0375875609
0.0348444460
0.0326024985
0.0368378732
0.0288661299
0.0310688421
0.0293634584
0.0267927519
0.0302856983
0.0267261936
0.0331063225
0.0343159701
0.0382418050
0.0389158886
0.0413009642
0.0448188337
0.0428757082
0.0428510182
0.0452237924
0.0261920549
0.0294887894
0.0321089762
0.0229522003
0.0218146659
0.0237495924
0.0249052772
0.0196772329
0.0244609977
0.0268845386
0.0204097446
0.0143088286
0.0205045419
0.0171874015
0.0405040569
0.0677916655
0.0385179732
0.0351597311
0.0427286784
0.0374650903
0.0421522318
0.0481021009
0.0407222794
0.0431486593
0.0591764796
0.1372359494
0.1500065537
0.0805003325
0.0598840938
0.0642098245
0.0677416994
0.0734860268
0.0764281309
0.0846726390
0.0826037159
0.0841438805
0.0852572011
0.0812056819
0.0863116580
0.0907539418
0.0913204161
0.0935163775
0.0954070181
0.0969079365
0.0978326746
0.0914508620
0.0931330206
0.0939954409
0.0915625183
0.0886481692
0.0868329987
0.0848620403
0.0830766221
0.0801533445
0.0758165805
0.0725160290
0.0703342774
0.0691358764
0.0677744078
0.0631061176
0.0560345314
0.0539794800
0.0502838780
0.0522073863
0.0514040848
0.0486402218
0.0474735753
0.0427372515
0.0388947244
0.0372005288
0.0365245508
0.0379899380
0.0390121197
0.0355669813
0.0328356413
0.0195299874
0.0132419332
0.0153464276
0.0550043026
0.0591932714
0.0690066710
0.0681637597
0.0652602981
0.0374727962
0.0325521761
0.0658731621
0.0377024242
0.0757823292
0.0563608005
0.0457793348
0.0472117821
0.0488526911
0.0463293488
0.0535093725
0.0436387254
0.0615196573
0.0655805502
0.0664407174
0.0677166141
0.0782532617
0.0753330889
0.0754963997
0.0677158357
0.0749620542
0.0830204260
0.0857829941
0.0894186370
0.0891872466
0.0903270266
0.0897167700
0.0856674850
0.0852624968
0.0835394863
0.0822258276
0.0825988529
0.0826489045
0.0799414435
0.0798763108
0.0761433625
0.0760678862
0.0743144378
0.0724613392
0.0703451995
0.0667317271
0.0655276018
0.0628677182
0.0603144741
0.0597523858
0.0568696793
0.0580678852
0.0600287665
0.0550204787
0.0604158307
0.0594523086
0.0536775472
0.0553121745
0.0564100312
0.0535405203
0.0504813618
0.0550562258
0.0589609374
0.0518324805
0.0428148447
0.0451453424
0.0298373028
0.0333896412
0.0425723436
0.0713286259
0.0710085521
0.0765549807
0.0720146126
0.0633379012
0.0441249435
0.0480620565
0.0564067369
0.0777606160
0.0664731011
0.0519307647
0.0621584871
0.0684898323
0.0694693098
0.0554773315
0.0696658306
0.0745545962
0.0762325871
0.0787345251
0.0832663468
0.0781433664
0.0739940033
0.0732225776
0.0747226915
0.0726383918
0.0730636604
0.0693479005
0.0683033444
0.0658852826
0.0654177057
0.0648803001
0.0654586951
0.0682866537
0.0709500618
0.0690569120
0.0661913687
0.0631941297
0.0633240609
0.0621174982
0.0622146653
0.0617646886
0.0602772155
0.0578789571
0.0566002604
0.0559698653
0.0555440932
0.0561010807
0.0551740450
0.0545141974
0.0516419088
0.0535933258
0.0493731833
0.0494227918
0.0460281361
0.0548495122
0.0455727717
0.0454741976
0.0481476151
0.0430061213
0.0659071297
0.0506693561
0.0495904773
0.0480576582
0.0680465628
0.0422564742
0.0480848936
0.0474713013
0.0537356326
0.0589240459
0.0591406085
0.0553140741
0.0543646118
0.0497415722
0.0543722942
0.0636160070
0.0487656510
0.0453918767
0.0969604023
0.0839335964
0.0677096016
0.0647096395
0.0628375122
0.0672784519
0.0623869473
0.0688049062
0.0701616686
0.0815943510
0.0909019106
0.1082902388
0.1171537835
0.1279528145
0.1366604146
0.1541083668
0.1650902735
0.1907535914
0.2288104478
0.2436994989
0.2557742431
0.2637553619
0.2754848950
0.2855522183
0.3058190031
0.3201697555
0.3212691302
0.3383107083
0.3310688899
0.3438458478
0.3357366759
0.3303551280
0.3408299368
0.3391029099
0.3429750417
0.3414064349
0.3404632072
0.3364886657
0.3395754756
0.3414737702
0.3469679537
0.3496896802
0.3466829285
0.3445646717
0.3493746531
0.3484140697
0.3483315605
0.3439106076
0.3423417692
0.3409693504
0.3491618395
0.3520309496
0.3475623566
0.3457402127
0.3465782381
0.3506873113
0.3481978686
0.3568396234
0.3451140638
0.3472653349
0.3394667853
0.3404962813
0.3375558960
0.3424692882
0.3395472331
0.3411612637
0.3508798999
0.3592193533
0.3671011732
