26.3459800396
26.4326379264
26.5743657452
26.6711359193
26.8425847453
26.9384902092
27.0458370838
27.0530028433
27.0681760320
27.0450956383
26.8797706983
26.6320399388
26.2041119181
25.4322449669
24.9909796600
24.7923613298
24.7983984631
24.6502814301
24.5462716636
24.5621933307
24.6098685392
24.5522512940
24.2338542463
23.4502094091
22.2979986641
20.4691608848
20.1840310190
20.2229109185
20.3938014811
20.7163529931
20.9894636141
21.1774051580
21.3989296393
21.5458270021
21.6354929893
21.6906955152
21.6573554539
21.5821403574
21.4120170470
21.1463501183
21.0060153143
20.8904460149
20.8644927305
20.6670573327
20.4150063683
20.4120043480
20.6042441773
20.8609265756
21.1087684948
21.2233872225
21.4880422743
21.6670637754
21.8118394852
21.9595297325
22.1234502873
22.3708598488
22.4415916735
22.4575436070
22.5735180137
22.5650328767
22.2589875230
21.8159108359
21.1188307722
20.2189539535
19.0755105275
17.3732985155
15.8885782406
14.2110288448
12.2448727427
10.9090942238
9.7477551783
9.0028982728
8.2931459506
7.5303724305
6.7923668571
6.4143009714
6.1542567752
5.8938697348
5.7933674857
5.7102663556
5.6095856226
5.4872367659
5.5259514569
5.6134132971
5.7332141090
5.7537462755
5.7586911986
5.7510920409
5.7681305320
5.7405485803
5.6944076891
5.6512999974
5.6223482287
5.6214043598
5.5614947452
5.5624198170
5.4508104663
5.3621414721
5.3026655796
5.3411979627
5.2299593116
5.2265978174
5.2666718385
5.2257431159
5.1793051752
5.2186564065
5.1730730478
5.1239813587
5.1314912672
5.0457888321
5.0596600501
4.9251753479
4.8346746529
4.7202455202
4.6038733533
4.5408858622
4.5527244602
4.4254627483
4.3548521509
4.2946711677
4.3563622783
4.3182207878
4.3424969877
4.2607725512
4.1945209867
4.1101672938
4.0955234405
4.1409495976
4.1535686868
4.2203855243
4.3358479972
4.3796364858
4.4324567972
4.3854575152
4.3495424450
4.3438076259
4.4000258344
4.4382785657
4.4999936498
4.5020956924
4.6437722690
4.6880976701
4.9325819880
5.0699919649
4.8431705792
4.4960654545
4.3390712267
4.2173405626
4.0924300501
4.0205135329
4.0714944177
4.1025279921
4.1591197978
4.2389122033
4.3140033005
4.3894035693
4.4010021413
4.3375641309
4.3062598873
4.2412139954
4.0780158392
3.9226314087
3.7438439427
3.5368262871
3.2457562571
3.1076004234
2.9407684729
2.8016247628
2.6379123951
2.4665936175
2.3603795622
2.3542995885
2.3219838611
2.2829728358
2.2611609522
2.2469357410
2.3690870256
2.3841805397
2.4451878058
2.5354297514
2.4043933088
2.2789819193
2.0661395083
1.9681166517
1.9951413503
2.0447015143
2.0373172867
2.1153147490
2.0784855832
2.0473998809
1.9729592688
1.7561796547
1.7095882856
1.6621224134
1.7049106356
1.6864201589
1.7362689467
1.6404963117
1.5466370500
1.4547118016
1.3079417848
1.2344331651
1.1871747879
1.1573425345
1.2793600002
1.4445042910
1.4896579069
1.4924748663
1.4687732520
1.4814342009
1.3501240374
1.2434436026
1.2188208480
1.2880402213
1.3648699589
1.4740492356
1.6269533409
1.6565379780
1.6119984369
1.5668332496
1.5606894667
1.4559674567
1.4310789868
1.4532084544
1.5826387698
1.6625689715
1.7191636510
1.7192251957
1.7574401767
1.7266086244
1.7144292348
1.7378884599
1.7490446310
1.7537363532
1.8176466881
1.8469989376
1.8119281345
1.7649229399
1.6816134142
1.7731968233
1.7319923236
1.7049582758
1.7327663080
1.7178786655
1.7341465577
1.7660696315
1.7979372125
1.8333422288
1.8823778074
1.9168251758
1.9620072703
1.9553612190
1.9808611406
2.0054758560
2.0388622175
2.0285031945
2.0180253020
2.0205484541
2.0162985192
2.0044781931
1.9967504893
1.9769126450
1.9624447694
1.9656057696
1.9607387370
1.9512723569
1.9698235517
1.9947441415
1.9555976551
1.9555283672
1.9680773310
1.9503518738
1.9635417179
1.9281898542
1.9334329244
1.9597256188
2.0638066182
2.0260677498
1.9811551546
1.9163103278
1.9274013459
1.8532140744
1.8934304274
1.8384795965
1.8087055128
1.7867562106
1.6876115472
1.6462988952
1.6841531349
1.5951033003
1.5155125262
1.5062403964
1.3832646141
1.3640197004
1.3419325970
1.2809027691
1.1453508296
1.1901476636
1.2234154797
1.2770584203
1.3608668792
1.5205615676
1.5224449105
1.5156255378
1.7149162557
1.7653549919
1.6765827126
1.6032269996
1.5499647804
1.5494067301
1.4807745512
1.3544889567
1.2115452467
1.2224687474
1.2073511599
1.1532927759
1.0554340370
1.0767325785
1.0293493999
1.0241524413
0.9545467660
0.9108604535
0.8696263313
0.9316046635
0.9533600953
1.0311578050
0.9959314047
0.9632411223
0.9005573616
0.8837323558
0.8766951143
0.8929509979
0.8826292597
0.8692495952
0.8841991012
0.9167065065
0.9514450389
0.9587988668
0.8859768870
0.8434200026
0.8155490619
0.8139182473
0.8075364190
0.7986720177
0.7872396081
0.8486649417
0.9007486186
0.8899025321
0.8546901072
0.7430196160
0.6887168032
0.6884682468
0.7483923934
0.8048475963
0.8420522434
0.8796158304
0.8781080893
0.9410747912
0.9856661680
0.9107229129
0.8590936657
0.8477483554
0.8471264800
0.9156749070
0.9296197866
0.9800477180
1.0555664413
1.1038831159
1.2018454669
1.2171771477
1.2849248701
1.2857742586
1.3545354255
1.4078778611
1.4410455414
1.3264440594
1.2377284746
1.2211434853
1.2113026496
1.1047209664
1.0293959038
1.0700217384
1.0868532264
1.1078066839
1.0691200734
1.0840151500
1.0391206695
0.9650729430
0.9378124939
0.9157668588
0.8571082513
0.7732832434
0.7255413840
0.7265356081
0.7146266132
0.7619208800
0.8391626877
0.8677198218
0.9349077043
1.0001098188
1.0497861765
1.2059672766
1.2488412271
1.2265720832
1.2308252022
1.2859671978
1.4176419462
1.3927604077
1.2834065960
1.1387459300
1.1066375878
1.0979690415
0.9944430276
1.1238426103
0.9756344515
0.9961589030
0.9725773436
0.9331469089
0.8973792848
0.9800168416
0.9317641658
0.9066092137
0.9530494539
0.9154050603
0.9368514694
0.8310503959
0.9782022750
1.1436779967
0.9118303796
0.7303747793
0.6958168504
0.6633916470
0.5077871231
0.4336765081
0.4435165090
0.5201766164
0.7245831337
0.6186670144
0.7597447265
0.7787122367
0.7672199529
0.7231866080
0.9921951132
1.0359356172
0.9404243823
0.6801881654
0.8075398957
1.0466655958
1.0981384331
1.0672017684
0.8304843944
0.5165377171
0.5397958623
0.4905636236
0.4287446871
0.6051957156
0.5852405936
0.4425218234
0.4606237761
0.4407177481
0.5060344268
0.5107300671
0.6267611907
0.6440853021
0.4536864954
0.3161180280
0.4831297947
0.7623634382
1.1496173517
1.5974917163
2.1193741034
2.5192181682
2.9693378032
3.2734022188
3.5967885121
3.8308538150
3.9952698846
4.1515884750
4.2187331485
4.1269729125
4.0517470480
3.8465739331
3.5560128408
3.1389998184
2.6614565722
2.2117288606
1.9350068228
1.6759869915
1.4106421166
27.6180677526
26.1562150046
25.0219822357
23.2602049573
21.3514345286
20.3159294640
19.6626793529
18.1403414286
18.2635159782
17.2904675970
14.3998877236
13.2407356951
14.5315797867
13.9184188361
14.8816507092
13.6267878590
12.0150981872
10.2567780627
9.4077044532
8.6041046655
8.5837366886
8.1174662460
7.0201304323
5.1794454669
5.2704420954
5.1650659859
5.1917179091
4.9340192754
5.1265716793
5.0523415992
1.8868904262
1.5403239964
1.8107929382
3.2378534155
3.7793172362
3.8153470896
3.2951874853
6.2469082080
11.0445065928
11.7250732210
11.1537763194
10.8439091816
9.9741506867
9.3613914441
9.4637599642
8.3457611089
10.4849962628
10.4048186089
7.0377384673
8.1399984699
9.2404927252
8.8702703925
8.4561956920
8.4498896749
8.2626472787
7.8538813946
8.5696440642
5.5142575280
3.7055566228
4.0252958621
4.3631587461
3.6820774916
3.7059742669
3.7895380775
3.5167995185
3.0922952619
4.8716692948
5.8863814637
6.4626675670
7.7372468560
7.7094611226
7.8021152931
8.3322403687
8.0267901792
8.4787265491
8.3777190563
8.2436021024
8.2846427718
8.1682667999
7.6001913107
7.6252016123
8.0212416093
8.2431846845
8.2305176814
8.1117793983
7.8670316226
7.7178945038
7.5720802557
7.5823232167
7.9680826974
8.3090388755
8.5788681930
8.7510229293
8.9304300789
8.9865303819
9.6894594171
9.8239549188
9.5056412740
9.3681523481
9.3822450981
9.4020789487
9.5353769850
9.5298219453
9.4212958456
9.1406975574
8.4382510178
7.6809175688
6.9963185652
6.5615278596
6.1463746652
5.6231011720
5.3329532253
4.9650666285
4.6113571671
4.4000090338
4.0818493829
3.5977976593
3.2549229228
3.0738628106
2.7354851637
2.7664988020
2.5373374316
2.5880401894
2.7533493896
3.0901083896
3.4659136428
3.6695431082
3.6821029992
3.6809518573
4.0798613776
5.3756801537
6.3335023487
6.1887146243
6.7181707827
7.1836883500
7.4157074368
7.4896516140
7.1229655620
6.9282357043
6.6882249867
6.4815976776
6.2967361543
6.0310579217
5.7786129308
5.3333966588
4.1082547284
3.2698369448
2.8625055036
2.5982354409
2.4822383391
2.5926488142
2.9227630285
3.1277186320
3.0272456922
38.2864909782
37.3728669063
37.0145572428
36.2627061267
35.3319259376
35.3060320734
34.3950497378
33.8370163108
33.7272772008
33.1939868764
32.7382547567
32.3136117206
32.1856837416
31.7760492361
31.7158582769
31.2463562594
31.4543571670
30.9088613123
30.9158726886
30.3799915900
30.7656727858
31.5747860485
32.6935365325
32.1018165635
32.3415058386
30.9535909125
30.4137988963
28.5346734196
27.9619454388
26.7137120669
25.1787925739
24.7376913070
23.7953757561
22.7679075849
21.3694887755
19.9707700775
18.6994333932
18.8577908853
19.3926811865
20.0232669025
19.6863796830
20.4174687765
21.0322214482
21.1559514117
21.1610550533
22.2411825981
22.5521453329
22.4821630800
22.6406484193
22.2724042813
22.6825276397
22.1492430202
22.5223430713
22.0118373924
21.5632428676
21.8667646055
21.3793151717
21.6747607222
21.2040761333
20.7211312796
21.1399744229
20.7056073313
20.2804255495
20.8273332930
20.5373820583
20.3931644706
20.7815271951
20.3347241358
19.8263886994
19.3681394240
19.8467646901
19.3962037076
18.6746075975
18.1218157337
18.2758919736
16.9508784007
15.3379920119
14.5440207832
15.2792109720
17.9960217710
18.7985083782
20.0279821177
22.2880351976
22.9253223084
23.8423863416
24.6042208232
26.7041901248
26.8632606131
25.0770023490
23.5804099429
22.7910503747
23.4836967829
22.2461797789
21.0769932581
20.1228329082
19.2434763600
19.7806679134
18.5872717963
17.5240499546
18.2570736677
17.3752143833
17.9933553047
17.1385536003
16.3353864939
16.6712498064
15.7894202718
16.1135321861
15.3515351457
15.3282345936
15.3337278012
13.8886050667
24.9519804575
23.0030972836
18.0887550886
18.3957086826
18.6755105094
19.0989052565
18.8479405693
18.5656211370
18.3179745053
17.8134669112
17.5714425188
16.6791441746
16.4510553592
16.2175861971
15.9876705364
15.9179984440
16.0046159472
16.1379512422
16.2241369610
16.2895670341
16.1201118003
15.9157377285
16.0055742628
15.9433876277
