7.6189619239
7.5781025370
7.5552209765
7.5683211957
7.2682587141
7.0547306374
6.7766751487
6.5813539705
6.4239472453
6.3548981276
6.3193983068
6.2522056540
6.2313136598
6.2028631964
6.1903645671
6.1976779939
6.2051475259
6.2112289824
6.2150904629
6.2351154807
6.3098885654
6.3838518818
6.4146984477
6.4053547781
6.3934587672
6.4205579083
6.5218634148
6.7230650521
6.7586191795
6.7513977092
6.7226897265
6.6562989124
6.5636432296
6.5124274085
6.4857580559
6.4869241876
6.4852598768
6.5152504247
6.5470869035
6.5807272744
6.6149326199
6.6466547716
6.6919561104
6.7123710797
6.7414324388
6.7617756833
6.7857403962
6.8404758274
6.9098191597
6.9856970633
7.0706693611
7.1393667728
7.2414988081
7.2872154345
7.3374981606
7.3978628216
7.5553927992
7.6860267718
7.7162141854
7.7412039282
7.7514351341
7.7672025153
7.7675915147
7.7666164561
7.7346061385
7.6681929141
7.5452113101
7.4166986607
7.1940151267
6.8365953109
6.4781275510
6.1193468253
5.7395245016
5.4210957976
5.2361058614
5.1557362444
5.0914534866
5.0240644061
4.9583279407
4.9355216792
4.9243429032
4.9331588144
4.9567026403
4.9905156412
5.0129781631
5.0548036248
5.0839789309
5.1247653697
5.1205695068
5.1716436170
5.1845955122
5.2262507524
5.2533414966
5.2445166724
5.2222594815
5.2040088283
5.1983804068
5.2019964790
5.2035107602
5.2104760226
5.2085225151
5.1972187820
5.2439301631
5.6679731837
5.3878040393
5.2874871187
5.2603158406
5.2498991223
5.2403359882
5.2340870258
5.2210910052
5.1936384979
5.1870389398
5.1489215556
5.1338734696
5.0956005170
4.9531484069
4.7172298752
4.7016807869
4.6898855836
4.6583067178
4.6125091896
4.5799121563
4.5681694077
4.5276231599
4.4767250660
4.4601268358
4.4137718277
4.3529198640
4.2247841959
4.1450984750
4.0907848841
4.0588021795
4.0383362036
4.0476396801
4.0479697898
4.0420181352
4.0226695214
4.0197581200
4.0127296689
4.0041200918
3.9969074742
3.9862280916
3.9778265995
3.9733212480
3.9700468694
3.9707339232
3.9795316166
3.9646818305
3.9459984094
3.9493441955
3.9325494532
3.9140650762
3.9043597771
3.9071569131
3.9100089827
3.9186684867
3.9140431228
3.9062259909
3.9091819986
3.9166926434
3.9440404392
3.9841592227
4.0329933283
4.0580251712
4.1094271676
4.1664687648
4.1834292650
4.2196370146
4.2338199868
4.2428321718
4.2414154527
4.2508513753
4.2786902755
4.2973531286
4.3214762603
4.3447643715
4.3714498920
4.3841173423
4.3121044841
4.3267221212
4.3239047293
4.4045004948
4.4503814456
4.4722891398
4.5046699490
4.5257647419
4.5147199813
4.4930186839
4.5109304265
4.5543852513
4.5778207866
4.6010517725
4.6016764264
4.6375779416
4.6257800398
4.6436326623
4.6343382322
4.6249279528
4.6215693899
4.6111697693
4.5939656028
4.5539749173
4.5348138208
4.4204468520
4.3168807500
4.2939126008
4.2847877633
4.2869578514
4.3376974388
4.4380443517
4.4963882854
4.5120493594
4.5179842963
4.5233453102
4.5442114491
4.5402649693
4.5557429809
4.5871185910
4.5856660624
4.5868931993
4.6096134947
4.6391963308
4.6801896782
4.7093770282
4.7303480080
4.7429531789
4.7731267932
4.8074636196
4.8515033808
4.8784602240
4.9355277118
4.9718762561
4.9877368646
5.0339045591
5.0719098502
5.1245737079
5.2376947531
5.3085100958
5.3683018362
5.4326764009
5.5132498566
5.6586167712
5.7273792340
5.7624288070
5.7392520372
5.7225028057
5.7163871659
5.7109263387
5.7204547446
5.7242139215
5.7206647689
5.7116895898
5.7072419587
5.7161501808
5.7420882852
5.7853226952
5.8413271653
5.8977310036
5.9760100937
6.0225882306
6.0564299402
6.0911358274
6.1174950206
6.1510478509
6.1809650277
6.2121425043
6.2263063753
6.2148846074
6.2011392489
6.1657720712
6.1409690015
6.1227766286
6.0783086697
6.0566388151
6.0336256869
6.0023657381
5.9833945302
5.9663933075
5.9528851107
5.9028726573
5.8871715553
5.8652525925
5.8408030960
5.8000067156
5.7807678796
5.7605104339
5.7508639968
5.7440901951
5.7300958795
5.7178287814
5.7170423450
5.6975289774
5.6726032959
5.6353864104
5.5901897430
5.5562132456
5.5382276707
5.5310937622
5.5346697464
5.5270809193
5.5007387526
5.4686946784
5.4268752495
5.3920366563
5.3681021588
5.3436799594
5.3315033238
5.3246459113
5.3255725721
5.3453643397
5.3570620338
5.3786753197
5.3811436266
5.3754218869
5.3623657889
5.3497546191
5.3369134073
5.3333273533
5.3200296437
5.3076032890
5.3043457134
5.2901414430
5.2801425223
5.2570505411
5.2310616797
5.2173659980
5.2157173026
5.2373542006
5.2615523040
5.2814731253
5.2875894103
5.2685551617
5.2466216770
5.2032815932
5.1696646320
5.1529244941
5.1336419345
5.0800230936
4.9004442873
4.6969994303
4.6427159165
4.6563064456
4.6989122530
4.7401455975
4.7683804930
4.8316775270
4.8767455947
4.9299099968
5.0001626773
5.0772501439
5.1023182277
5.1475147312
5.2237030046
5.2826463816
5.3290035265
5.3391772560
5.4074820599
5.5334962431
5.5774456180
5.5875174870
5.5962309510
5.5936301473
5.6207276865
5.5711116237
5.4924057759
5.3945384166
5.3651305241
5.3300960789
5.3203567304
5.2980753684
5.2783882368
5.2520257275
5.2343752533
5.1909377548
4.5825735256
4.7615913378
4.7556586191
4.7484789458
4.7422060627
4.7244723817
4.7082308083
4.6958984024
4.7104883001
4.7731876863
4.7903289628
4.8724695824
4.9082477876
4.9162065977
4.9173335376
4.9248593715
4.9257128078
4.9360217266
4.9438198371
4.9498065935
4.9503018742
4.9406073065
4.9265104186
4.9080296027
4.8823081936
4.8637378723
4.8524423182
4.8390733038
4.8225251186
4.8050715409
4.7794587588
4.7589497133
4.7522981154
4.7384081698
4.7338674155
4.7199697946
4.7021357103
4.6874230310
4.6760555453
4.6654953033
4.6551112218
4.6414918130
4.6349042105
4.6301232334
4.6184413395
4.6140989711
4.6089927460
4.6006018671
4.5861793550
4.5591699137
4.5326660990
4.5011578322
4.4621891004
4.4258686628
4.3917421017
4.3596812715
4.3253863360
4.2943010808
4.2839739769
4.2673789249
4.2533375737
4.2513286577
4.2526461523
4.2591208949
4.2661650446
4.2632501211
4.2345875260
4.2079873757
4.1814331239
