1.1053492127
1.3793833674
1.6249190706
1.5618243675
1.6544013352
1.4583906904
0.7942035384
0.7574378913
1.3630781798
1.6362923668
1.6515302614
1.8957884836
1.4308575550
1.2847397457
1.2016363511
1.0787504066
1.1786644436
1.2009013004
1.2874859304
1.1818369684
1.1848878219
1.2157501024
1.1227936233
1.2248172780
1.2770055670
1.1613020464
1.1468986290
1.0544738022
1.2646054171
1.3095174742
1.2734403697
1.3713864680
1.2822495982
1.2869538236
1.1839287231
1.0911803472
1.1506866087
1.2485063171
1.2356633478
1.2259516856
1.0853963022
1.1393884561
1.3108795158
1.3178030382
1.2558725696
1.2271234615
1.2749570305
1.3310617546
1.3820240743
1.6133924016
1.6229525976
1.5459278877
1.5075741174
1.5464223342
1.4661774483
4.0096165353
3.9089190525
3.9455423669
3.8130175080
4.1164647209
4.0296857342
3.8697378406
3.8164803848
3.5250943870
3.4992805980
3.5741202524
4.0754384902
3.7914661020
3.5785455327
3.9079650531
3.9729094654
3.1414709918
5.3206074752
2.9927198648
4.7767356066
4.4992809974
4.0910081250
4.0221680226
3.5773413928
3.5723743665
3.6621461754
3.5141323358
3.8714031252
3.8533817057
3.7478413025
3.7526577569
3.5934465538
3.7029430510
3.6772546727
3.6565841340
3.4738330429
3.5625240245
3.7555828550
3.7148573910
3.6726643689
3.8238554754
3.6440218724
3.7197077154
3.9355268715
3.7799804646
3.7323102988
3.7582513620
3.7507186884
3.6838610468
3.7122161832
3.7749291429
3.6927712485
3.4431474961
3.4804809119
3.4603211566
3.3876556339
3.0631458010
3.1440923243
3.1916377083
3.3062364258
3.2490685557
3.3421136474
3.1289798105
3.2253676705
3.4073663082
3.4215833157
3.4084522677
3.2853182500
3.3589752400
3.4211808022
3.4137685250
3.3956282493
3.4855087594
3.5433757343
3.5552739048
3.6422372194
3.5047154053
3.7525232839
3.4426233847
3.3915981533
2.9483510121
3.0807851802
3.8278468892
3.6173496334
3.7630701150
3.6067380230
4.0301644512
3.7959440990
3.6652870250
3.8367914606
3.6482472685
3.6737575023
3.7234914281
3.6466906852
3.7026459501
3.6253607252
3.4179783222
3.6111720777
3.2886976215
3.7943162948
3.6155561280
3.2501813868
3.1594198571
3.4759707145
3.3469860944
3.4940166759
2.8702452695
3.4047646024
3.5624767838
3.4945703075
3.5973515549
3.4543217030
3.9375809619
3.7080419924
3.5147811118
4.1197181937
3.6556535356
3.7103585962
3.4237413854
3.4082876998
3.8945882492
3.7491730440
3.2760643857
3.2726251718
3.7557590404
2.9800808489
3.8220768368
4.1862637844
3.8068197007
3.5434814050
3.7837108456
3.6285697204
3.7993049431
3.6283100963
3.5932491482
3.7108034989
3.6275977063
3.6767498190
3.7139136376
3.8632113402
3.6919183185
3.6246246022
3.6677233097
3.5834604596
3.6015338288
3.5932819955
3.5627219770
3.7190920771
3.8325018515
3.8472339217
3.8043338962
3.7951533404
3.6258741421
3.7418935733
3.7096281079
3.7258599878
3.7149137450
3.7156177374
3.5323213422
3.5565952795
3.5449007184
3.4895559053
3.5409699287
3.5190075617
3.5715025505
3.6290037770
3.5185596324
3.5646896753
3.5692919185
3.4002043203
3.4636959133
3.3790845345
3.5133122005
3.7070245040
3.6405952357
3.6512093066
3.6139431591
3.5637395321
3.4210646428
3.4739109092
3.3995761903
3.4201671204
3.5420922121
3.5476448948
3.5814605293
3.5249000264
3.5414317306
3.4708844551
3.6596316260
3.6236812804
3.8023400690
3.5451579136
3.5653159063
3.5554359408
3.4056033274
3.3781524996
3.4068059949
3.5761840952
3.7938278062
3.8129846541
3.8239668834
3.6849344568
3.3785791357
3.2842479078
3.3904692896
3.3909321762
3.3757948572
3.4794536747
3.4888109261
3.5135972372
3.4889650210
3.5519631912
3.6186218645
3.5098512615
3.5530091017
3.4238119330
3.5605256995
3.5165837734
3.4702464224
3.5534329551
3.5191860196
3.2496564933
3.1753561843
3.4324647885
3.5477654179
3.5410871925
3.8101794271
3.7473983218
3.1697442998
3.5936858013
3.5470538543
3.3957662669
3.5279279699
3.5942843787
3.4574452166
3.4567858582
3.5885324978
4.1842631104
3.7779726430
3.8409640821
3.9846189608
4.1715448569
3.7675731564
3.6769913531
3.5355595227
3.6566015762
3.8203040911
3.9260119654
3.5261093928
2.9708667017
3.5535265537
3.5725787212
3.5252955261
3.5960974105
3.6349201826
4.0469976996
3.8342640900
3.4725354010
3.5116386948
3.5732001286
3.7318644443
3.7240057669
3.9859956084
3.9462556252
4.0205878896
3.6046225911
3.1947553566
3.8501914227
2.7671223203
3.8120225183
3.5339058699
3.3546313273
3.4904018626
3.4361614679
3.5006555920
3.5097213371
3.2750433842
3.4015808887
3.4235746359
3.4129641343
3.4704749601
3.5323237003
3.2471704557
3.2968243401
3.3251865577
3.2831199199
3.4203753572
3.6129858683
3.4354644248
3.6566606725
3.5912385061
3.4075447888
3.5910186859
3.5250465501
3.5786087388
3.4912633044
3.5175571795
3.4911863536
3.4668382135
3.4472148159
3.4180639325
3.3535671875
3.4958189834
3.4741284506
3.3728106942
3.5596579932
3.5982957487
3.5535019641
3.4918751713
3.3704333067
3.3322119513
3.4915845306
3.3809789038
3.2713108148
3.5032388639
3.6470657112
3.7756289968
3.5541247033
3.5270588207
3.7286950420
3.7115316726
3.5586210768
3.5709644189
3.6517925024
3.6416412747
3.5409924576
3.6356763599
3.5646390628
3.4286907848
3.4182879987
3.5528970552
3.4800134115
3.3735513013
3.3576685015
3.5807830246
3.7219255096
3.5455393236
3.4155162222
3.5804054132
3.6431861828
3.4990279006
3.5873969677
3.5648426092
3.4645539873
3.4779133966
3.4228787760
3.3306930687
3.4030187513
3.2499340358
3.0910897441
3.3658944017
3.3892842223
3.1794580058
3.3895608818
3.4604409392
3.1963619726
3.3342500362
3.2497329004
3.3731871770
3.3415058259
3.3532691220
3.3972500969
3.2888009628
3.2057851171
3.2611126315
3.4215749902
3.3007702055
3.5418601717
3.4306046062
3.2321062751
3.0916969806
3.6821784146
3.5555830767
3.2809643355
3.3028840897
3.3344141757
3.3118948117
3.2841857696
3.3214701372
3.2804361247
3.3248461629
3.6009786414
3.8041061115
3.6566062802
3.6028497046
3.5543323498
3.6191146914
3.4920514242
3.4837712724
3.5847320903
3.6413698143
3.5665957119
3.5261841092
3.4068086592
3.2273000739
3.4079505970
3.1973359132
3.3013307663
3.3957533098
3.5005427394
3.4586568750
3.4180226171
3.3835674407
3.3721291404
3.3760318605
3.4043752482
3.3559050049
3.3508324834
3.4294924625
3.2738959750
3.0866859639
2.8699686156
2.6768283353
2.7008305375
2.7520680630
2.9222722654
3.2706286021
3.6375150285
3.8410930280
3.7848987139
3.7397798343
3.5323049706
3.2248745266
2.8805261596
2.7685849671
2.6861565172
2.5014465129
2.5638743808
2.8288249338
3.0034457207
3.3071695646
3.6167964762
3.8658347362
3.9396366713
4.0231631000
3.8421649370
3.5692597844
3.5723623125
3.1148431655
2.9959366710
2.7990449857
2.7845846607
2.7441421143
2.8368031695
2.9964680679
3.2903056386
3.3878489540
3.7638591795
3.5547487264
3.5961601172
3.5388030813
3.3061753482
3.0300503089
2.7384039766
2.5779889578
2.5863861589
2.7052416801
2.8299256005
2.7732973912
2.8740357856
3.3314909022
3.5255375904
3.5890252324
3.5862196674
3.4453030654
3.3183538317
3.1342771705
3.1541663606
3.0078048051
3.0485971973
2.9997930765
3.1299686058
3.0798550920
3.0519909150
3.0762919711
2.9918825143
3.0327368761
3.0226115626
3.0662926062
2.9018241244
2.9111263549
3.0844790945
3.0646027003
3.0043118865
2.9417264325
3.0299350909
3.0679903934
3.1862136487
2.8625210570
3.0418339549
2.7846369276
3.0492131117
3.0819949395
3.0202633983
3.2598722476
3.2589171288
3.2677753402
3.3314986992
3.0534438349
2.9400403716
2.8983184998
3.0484267213
2.9496419579
2.8216601596
2.7583470527
2.6195194445
0.3213975504
0.8313185118
0.4718951056
0.8643724393
2.3436379353
1.1840382532
4.3165362830
1.0593764903
1.0040736119
1.0478716033
0.4495473432
0.2363169969
0.5681971667
0.4352756422
0.8381556846
0.5698878787
0.5480559802
0.5494498591
0.5795403480
0.3525900548
0.4586850932
0.7759807256
0.9056037233
1.0265324213
0.6112260301
0.8613285700
0.3804820737
0.4607382380
0.5119997638
0.7050931099
0.5473354578
1.5023393440
1.4150549597
1.3026182847
1.2673304674
0.8979358401
0.4028187726
1.2812754550
1.4485237341
1.2883768763
1.1505473993
1.4820217391
1.2012316819
1.1255505300
0.7070747562
0.8570922345
1.2289292775
1.2656443436
0.9980222369
0.9262114060
0.9430759591
0.8424427398
0.8080901874
0.7941217493
0.9049604091
0.8792471635
0.8165054775
0.8779543195
0.9949698267
0.8889990058
1.3160264645
0.7658329004
1.0121798122
0.9079452651
1.1669695735
0.9197793079
0.9329920819
0.9036525635
0.9412332989
0.9302476298
0.9734042264
0.9068260674
0.9355925420
0.9036275191
0.9120396173
0.9772134636
0.9272958957
0.9440312738
0.9602672912
1.0108813666
0.9167696447
0.9383267763
0.8357180607
0.8226313510
0.8198848036
1.0192121986
0.9817847293
0.8476390654
0.8246984977
0.8349434166
0.9188675466
