0.3707530155
0.3718772018
0.3838119609
0.3830952629
0.3920362506
0.3925497141
0.3984173672
0.3979367622
0.4085176817
0.4081982903
0.4179448692
0.4168413807
0.4159775343
0.4262820857
0.4278347711
0.4473706355
0.4518573050
0.4552202905
0.4814873898
0.4816907050
0.5242181784
0.5466504267
0.5649615839
0.5630023059
0.5848032740
0.6108209386
0.6080213771
0.6338439411
0.6341011289
0.6645755330
0.6687396310
0.6925242372
0.6938693282
0.6911704743
0.7054335361
0.7162808865
0.7133079983
0.7088754878
0.6974281634
0.6920279892
0.6853878619
0.6762118218
0.6764317367
0.6696544836
0.6699561764
0.6642020699
0.6645058160
0.6657174804
0.6714923137
0.6766645800
0.6808940375
0.6892727696
0.6960320701
0.6979073740
0.7034700202
0.7147847233
0.7265109865
0.7136871286
0.6875850240
0.6645821488
0.6463835633
0.6374998358
0.6344290162
0.6232267419
0.6100524595
0.5956115873
0.5840315347
0.5696178070
0.5591339349
0.5498174236
0.5424616341
0.5426071930
0.5442592327
0.5464939735
0.5470096067
0.5479902518
0.5439943014
0.5462324701
0.5514780096
0.5529605012
0.5651275937
0.5750165639
0.5808918749
0.5872049006
0.5945043234
0.5974283633
0.6003629061
0.6040795503
0.6024841147
0.5984955966
0.5966069742
0.5927933451
0.5867320612
0.5798492634
0.5779389851
0.5777771963
0.5765908370
0.5820788483
0.5928504857
0.5913655576
0.6027915453
0.6042734542
0.6158754598
0.6108319946
0.6048823975
0.6193482145
0.6120366166
0.6083841877
0.6016730329
0.5961577574
0.5929564106
0.6083045811
0.6085799010
0.6198841744
0.6203001886
0.6246138592
0.6257761338
0.6323598715
0.6376479250
0.6441664783
0.6521338610
0.6551493229
0.6620987940
0.6726288987
0.6802978623
0.6860612282
0.6940620920
0.7037331073
0.7240861241
0.7280074756
0.7429560775
0.7527156096
0.7658663086
0.7752915168
0.7881806873
0.7957334109
0.8005906758
0.8062926338
0.8045310286
0.8208997250
0.8497683577
0.8575374176
0.8971954635
0.8978004085
0.8956603403
0.9199741645
0.9100465213
0.9017757635
0.8962681062
0.8881827779
0.8835384102
0.8826900754
0.8849884107
0.8880223319
0.8900327983
0.8894893548
0.8887662401
0.9153622855
0.9147250695
0.9144996148
0.9135809660
0.9138594969
0.9135963300
0.9392635240
0.9383969154
0.9383988116
0.9361462463
0.9310626636
0.9230665360
0.9129104791
0.9030281810
0.8940954044
0.9161720363
0.9110145543
0.9070858162
0.9039493539
0.9006099571
0.9159810645
0.9090443173
0.8971842441
0.8821595646
0.8672580657
0.8562969095
0.8661473158
0.8554369635
0.8485198694
0.8390948689
0.8343553033
0.8403357649
0.8253295705
0.8098798309
0.8141159099
0.8008337727
0.7899292227
0.8027968436
0.7942823901
0.7900165725
0.7703964229
0.7678861629
0.7475832121
0.7432986683
0.7330169583
0.7328627561
0.7258917195
0.7179239537
0.6875825599
0.6548201933
0.6489028449
0.6216038472
0.6136558016
0.6043062606
0.5982141106
0.5848225370
0.5565339392
0.5487638985
0.5483788144
0.5466503201
0.5497498110
0.5482823808
0.5497705865
0.5427166602
0.5439389737
0.5426532162
0.5462224775
0.5478502084
0.5419154588
0.5323489194
0.5278209784
0.5210563578
0.5161496757
0.5073644574
0.5032155509
0.5005496128
0.4994299024
0.4968067783
0.4932405768
0.4932150152
0.4904818469
0.4897236079
0.4927478850
0.5006338823
0.5017559739
0.5046789084
0.5080243670
0.5069943415
0.5097694986
0.5093523136
0.5107336257
0.5084637447
0.5076519979
0.5062319790
0.5056661945
0.5056057981
0.5033199825
0.5014098637
0.5002437106
0.4980688950
0.4964605658
0.4970699613
0.4997757447
0.5052032835
0.5107533341
0.5163320048
0.5219929747
0.5239721324
0.5229828131
0.5156682989
0.5086751637
0.5082324245
0.5034795929
0.4949301221
0.4835029683
0.4748875218
0.4752584760
0.4827453122
0.4891170725
0.4917223501
0.4938305042
0.4928893702
0.4949345750
0.4964196612
0.4949428502
0.5012154023
0.5051531461
0.5041877970
0.5056723998
0.5109642325
0.5157919561
0.5196072010
0.5128071912
0.5140026546
0.5400068812
0.5547079497
0.5822651100
0.6061258817
0.6164692643
0.6093297549
0.6083902528
0.6016107022
0.5998733833
0.5544654975
0.5545719087
0.5564436674
0.5524909498
0.5429228143
0.5398544965
0.5347680495
0.5299388781
0.5198745603
0.4953670709
0.4685891647
0.4215871723
0.3707670324
0.3487150469
0.2951819978
0.2451952523
0.1859512372
0.1612910991
0.1395260547
0.1030794483
0.0775365641
0.0631542960
0.0614378892
0.0715424355
0.0929563955
0.1016396247
0.1094596064
0.1020404763
0.0914148504
0.0732886697
0.0614436471
0.0580165524
0.0594477625
0.0570943492
0.0615500868
0.0637765505
0.0726787584
0.0735261057
0.0711384898
0.0618910459
0.0659237291
0.0711549385
0.0756641703
0.0792542868
0.0818023482
0.0853325437
0.0817632164
0.0739301432
0.0761084854
0.0839351522
0.0947510461
0.1067042379
0.1212621718
0.1371214383
0.1503069590
0.1570813795
0.1559795837
0.1531640090
0.1566426782
0.1671791224
0.1709117492
0.1839121105
0.1845731194
0.1843778877
0.2013677023
0.2008659817
0.2193501244
0.2282424609
0.2267102302
0.2268518191
0.1820116390
0.1815455798
0.1810281804
0.1830128159
0.1819041103
0.1826907430
0.1800667559
0.1778973140
0.1788075525
0.1804060772
0.1869821462
0.1925645111
0.1967379728
0.1954939544
0.1956770870
0.1963957445
0.1967076230
0.1895750146
0.1875318619
0.1919295032
0.1948185252
0.1993440525
0.1999161629
0.2022173615
0.2053176989
0.2046027287
0.2053323619
0.2025060401
0.2034241396
0.1985502643
0.2023107441
0.1993496741
0.1975937886
0.1951560207
0.1952722791
0.1964904192
0.1997485096
0.2043334491
0.2059996739
0.2081730822
0.2103947300
0.2106260899
0.2121655609
0.2114817901
0.2099861038
0.2080947902
0.2054783057
0.2067121948
0.2192076166
0.2213874151
0.2218953751
0.2257914916
0.2264132901
0.2265342582
0.2228299466
0.2168450597
0.2303687934
0.2271711741
0.2213617730
0.2203797805
0.2173076905
0.2257543008
0.2222220898
0.2176330837
0.2173548991
0.2289649372
0.2328949299
0.2344834882
0.2383818679
0.2380085049
0.2541438468
0.2593556581
0.2679665667
0.2813886428
0.2951293175
0.2994568310
0.2651811700
0.1948198475
0.1564481205
0.1564054538
0.1716652265
0.1874403554
0.1862664087
0.1725515389
0.1806746285
0.1651858644
0.1605361135
0.1578503269
0.1498613637
0.1093702463
0.1052572877
0.1059965319
0.1219118357
0.1332339971
0.1303565332
0.1365669328
0.1395099015
0.1484633706
0.1546034470
0.1612763354
0.1671208573
0.1755438675
0.1856410752
0.1852711741
0.1887565521
0.1940142846
0.1925998008
0.1923384174
0.1989546725
0.1970017978
0.1963694902
0.1972049817
0.1999058530
0.1979270660
0.2022358862
0.1985471940
0.2075535262
0.2119376197
0.2192181526
0.2240564647
0.2344161600
0.2408852528
0.2435641756
0.2515083194
0.2527162616
0.2549145788
0.2525614735
0.2468333426
0.2395316001
0.2360157923
0.2277138398
0.2188206507
0.2137257652
0.2163766625
0.2183263259
0.2265746470
0.2273970442
0.2390842697
0.2424491591
0.2441646701
0.2561693913
0.2723556773
0.2781132861
0.2819084744
0.2877825023
0.2897472901
0.2930124322
0.2959852363
0.2873991976
0.2704530765
0.2819869911
0.2929842741
0.3056468775
0.3100345720
0.2908546574
0.2840407625
0.2845079487
0.2875156336
0.2812180635
0.2809144159
0.2708899316
0.2507387564
0.2415285061
0.2396766690
0.2439796253
0.2271757015
0.2165757750
0.2044099224
0.2106501211
0.2281462080
0.2241846895
0.2109345853
0.1991298244
0.2037589033
0.1965723991
0.2031240200
0.1975457885
0.1854330530
0.1734084057
0.1624638847
0.1611546102
0.1588749263
0.1338022743
0.1320167634
0.1345122678
0.1297564294
0.1382218017
0.1500601522
0.1579987284
0.1647666714
0.1600433004
0.1562883219
0.1489962459
0.1305749129
0.1285620245
0.1124317817
0.0973268078
0.0921384032
0.0941434130
0.0933864043
0.0950664553
0.0995911220
0.1031438528
0.1072311649
0.1049235306
0.1020038197
0.1023674858
0.0990726471
0.1039467151
0.1041109267
0.1159381958
0.1219082774
0.1237738023
0.1255909810
0.1262490203
0.1284357688
0.1282654927
0.1312046247
0.1312731251
0.1311372227
0.1308321402
0.1368212138
0.1334604522
0.1306856717
0.1248467469
0.1282904480
0.1257892714
0.1226950826
0.1305917266
0.1260081953
0.1240673782
0.1229830547
0.1205434775
0.1194102575
0.1313617572
0.1301633016
0.1281971169
0.1248580177
0.1327899877
0.1311151750
0.1327200905
0.1342974711
0.1416812527
0.1393303647
0.1368653791
0.1340195963
0.1357371598
0.1320265475
0.1311045603
0.1343815149
0.1355808986
0.1340544815
0.1264155473
0.1241634911
0.1249558280
0.1297014097
0.1318167167
0.1287657861
0.1193229293
0.1223111804
0.1259468885
0.1235573821
0.1283636714
0.1252361994
0.1195016364
0.1168064435
0.1198848951
0.1217839001
0.1267680151
0.1288725312
0.1281375618
0.1254171908
0.1238799877
0.1245056712
0.1212510490
0.1251830350
0.1289875114
0.1324819671
0.1349605556
0.1370156266
0.1362507603
0.1415542563
0.1423815535
0.1422666507
0.1446029817
0.1495912959
0.1494721902
0.1377237733
0.1329737000
0.1298699899
0.1240585257
0.1274615159
0.1297472940
0.1256712999
0.1190934090
0.1152469441
0.1146315295
0.1147232578
0.1206372803
0.1251962893
0.1207696137
0.1155591625
0.1155550087
0.1192415009
0.1216057813
0.1183876760
0.1062863750
0.1013867536
0.0951974412
0.0909801863
0.0873418537
0.0848924343
0.0883296184
0.0901988460
0.0883808185
0.0894951952
0.0914298504
0.0967214839
0.1001659342
0.1007530647
0.0990281989
0.1109857182
0.1276031382
0.1186923203
0.1325743373
0.1237726290
0.1206047906
0.1429095857
0.1499076930
0.1792040220
0.1870024098
0.1769376580
0.1734534419
0.1420242437
0.1390434431
0.1294964982
0.1343887189
0.1369164402
0.1225006976
0.1186626047
0.1112319345
0.1047362614
0.1008836579
0.0995096167
0.1029938396
0.1037769995
0.1043835337
0.1059752404
0.1044749874
0.0994055489
0.0948488865
0.0876272598
0.0827221283
0.0763443335
0.0731384188
0.0688908409
0.0719160327
0.0770497225
0.0816033081
0.0844042540
0.0819534082
0.0808023190
0.0860232732
0.0850873810
0.0923432878
0.0971529513
0.0998487072
0.1022386442
0.0981895954
0.1010627602
0.1100252257
0.1135982966
0.1074723154
0.1009026458
0.1016615742
0.1020940890
0.1624200476
0.1308762893
0.1321648586
0.1332846371
0.1332565955
0.1383447930
0.1418838884
0.1446928614
0.1486017572
0.1533030971
