0.6772685014
0.6664667376
0.6594247605
0.6545780287
0.6641914096
0.6715675410
0.6578628022
0.6408199013
0.6146890721
0.5726465111
0.5332639966
0.4993745063
0.4820871369
0.4766040376
0.4771894655
0.4775908893
0.4772631792
0.4702567802
0.4668766666
0.4627638493
0.4581205183
0.4547933130
0.4533322228
0.4512642391
0.4480249914
0.4426709992
0.4394733395
0.4369823666
0.4365756098
0.4364745884
0.4371913175
0.4377712819
0.4387540284
0.4415772127
0.4420916824
0.4431659665
0.4355288223
0.4319396000
0.4280363612
0.4245412315
0.4239064972
0.4239309686
0.4255960509
0.4249381689
0.4212131453
0.4200186872
0.4190006562
0.4194800059
0.4213940644
0.4228757072
0.4244243969
0.4257780394
0.4261002427
0.4257177177
0.4249894565
0.4238148082
0.4214841373
0.4168957137
0.4108161503
0.4041196840
0.3964439136
0.3895341793
0.3833969257
0.3783479398
0.3746587263
0.3720690943
0.3704773854
0.3691253943
0.3677995701
0.3670065167
0.3661698988
0.3652848793
0.3646732239
0.3632626018
0.3626006321
0.3613827605
0.3613006807
0.3617758444
0.3627097520
0.3625472144
0.3636230707
0.3632719554
0.3641851948
0.3631336770
0.3636356895
0.3669378620
0.3679634886
0.3714991001
0.3771048034
0.3791071110
0.3843827641
0.3860733205
0.3883120800
0.3924680171
0.3983613615
0.4035302561
0.4074723969
0.4139265773
0.4185980902
0.4229295300
0.4263844648
0.4325278967
0.4385647928
0.4421464988
0.4460506625
0.4524284633
0.4562751098
0.4603122559
0.4644549121
0.4690863958
0.4764363962
0.4803745238
0.4831188415
0.4884340763
0.4921129426
0.4916697626
0.4928614686
0.4928063941
0.4903855920
0.4909303743
0.4918662459
0.4937690928
0.4933610696
0.4922016799
0.4925897691
0.4917601925
0.4930808525
0.4943126071
0.4920923545
0.4948053900
0.4947874076
0.5016143761
0.5001861935
0.5031843681
0.5003483447
0.4970089636
0.5025412645
0.4978098246
0.4953674066
0.4899164252
0.4894622307
0.4896789068
0.4857934577
0.4876545742
0.4868335275
0.4911703599
0.4903093004
0.4922160489
0.4957771646
0.4955783504
0.5021020412
0.5042121904
0.5124971077
0.5147194664
0.5289913149
0.5331825088
0.5376212628
0.5416685942
0.5494138398
0.5533344948
0.5589820745
0.5619797839
0.5645206958
0.5662358941
0.5647483313
0.5655112420
0.5628924341
0.5663960181
0.5651952304
0.5671539637
0.5702545682
0.5739698676
0.5745188743
0.5778439438
0.5829605996
0.5851951219
0.5948929494
0.5960810979
0.6010736521
0.6059299308
0.6071735870
0.6132832110
0.6151910794
0.6184367116
0.6194066958
0.6196584676
0.6209232790
0.6217057537
0.6211510738
0.6203095566
0.6183203833
0.6177263595
0.6160783168
0.6133379170
0.6123316919
0.6101934386
0.6085136098
0.6073876402
0.6055991280
0.6048119842
0.6033726079
0.6021223893
0.6012114159
0.6002330498
0.5994459319
0.5988032097
0.5982267537
0.5972034184
0.5962172394
0.5955044150
0.5950028636
0.5942977721
0.5933353955
0.5929395592
0.5921321767
0.5918384403
0.5916031238
0.5914331550
0.5911015492
0.5911681600
0.5905210626
0.5899167879
0.5893188966
0.5894178893
0.5891201569
0.5883846253
0.5878432889
0.5873810479
0.5866084245
0.5862914382
0.5858032947
0.5853903031
0.5847497105
0.5841356408
0.5844790497
0.5844814260
0.5838282403
0.5828456769
0.5826934778
0.5820296438
0.5813701491
0.5816424651
0.5814127987
0.5814102058
0.5809026825
0.5808416944
0.5811355888
0.5812604510
0.5811626740
0.5808272212
0.5812975404
0.5818047822
0.5815337780
0.5812815522
0.5814899102
0.5814260289
0.5807447849
0.5802713436
0.5802106987
0.5796060356
0.5789985265
0.5788526604
0.5782009700
0.5774543679
0.5770181437
0.5769463851
0.5768683054
0.5770080768
0.5775006783
0.5780627012
0.5782269202
0.5779965790
0.5778115580
0.5776656621
0.5771060446
0.5770615508
0.5771235063
0.5764428421
0.5765478070
0.5760667850
0.5754096194
0.5753036168
0.5753592029
0.5752170785
0.5752401511
0.5750983918
0.5746615938
0.5740504638
0.5737654171
0.5735079192
0.5733950471
0.6073397560
0.6272201593
0.6380341877
0.6449768676
0.6493189507
0.6511256709
0.6513258760
0.6513464431
0.6513570065
0.6506586041
0.6509528020
0.6505754281
0.6501807381
0.6492864690
0.6479030774
0.6484334581
0.6490452568
0.6487637260
0.6487674502
0.6494531848
0.6493413486
0.6481116758
0.6472841427
0.6475813618
0.6485776865
0.6486558551
0.6492224311
0.6511568477
0.6517906396
0.6522573813
0.6528040693
0.6508262154
0.6499053186
0.6500818604
0.6511431545
0.6520035724
0.6516813345
0.6463342408
0.6409452928
0.6413825436
0.6430493079
0.6437795375
0.6426970209
0.6423508515
0.6429138414
0.6433582804
0.6431700780
0.6435114452
0.6434300508
0.6426559158
0.6423367334
0.6425643180
0.6432290271
0.6434522833
0.6440578798
0.6446330063
0.6448907343
0.6456212578
0.6460589625
0.6467209609
0.6472154051
0.6469365251
0.6476131382
0.6482092801
0.6487105065
0.6491988548
0.6491707696
0.6493512140
0.6493742394
0.6496315679
0.6493994916
0.6504623979
0.6506004679
0.6505909477
0.6504761361
0.6508885084
0.6522762666
0.6538223678
0.6542300502
0.6544989927
0.6548801138
0.6555224371
0.6544921797
0.6534484926
0.6558269999
0.6574231735
0.6555487749
0.6554635018
0.6559057673
0.6574738244
0.6602193979
0.6594480676
0.6599824148
0.6622213402
0.6625996161
0.6630536797
0.6635740159
0.6638308923
0.6634832222
0.6633217486
0.6636871593
0.6633645347
0.6633295012
0.6643439237
0.6642548358
0.6641583211
0.6639157425
0.6649623331
0.6650809026
0.6637310570
0.6626540940
0.6629164844
0.6628494150
0.6632556406
0.6637111703
0.6645058139
0.6647874774
0.6659102491
0.6670894818
0.6670723553
0.6671953552
0.6680812601
0.6684514523
0.6692410692
0.6699629366
0.6706146646
0.6709741596
0.6718443557
0.6729049090
0.6741375566
0.6744754524
0.6752634920
0.6761501614
0.6780301138
0.6740198724
0.6664570179
0.6658820193
0.6673897939
0.6656169420
0.6673614534
0.6651290164
0.6653209439
0.6641003841
0.6805102935
0.6903052543
0.6894623395
0.6893100619
0.6902299448
0.6857512830
0.6712349584
0.6635914900
0.6562171690
0.6477055267
0.6457588813
0.6424491837
0.6369006747
0.6270262436
0.6196060087
0.6160142346
0.6146159021
0.6149100676
0.6103456752
0.6056437134
0.6012917948
0.5965331550
0.5905943155
0.5871876391
0.5834054816
0.5797851785
0.5702639865
0.5659097688
0.5634746797
0.5576773020
0.5548048502
0.5493724015
0.5383323501
0.5382588295
0.5384889109
0.5391743272
0.5399335009
0.5401154954
0.5328589084
0.5311696209
0.5258321810
0.5242685805
0.5221187863
0.5157983789
0.5106469339
0.5046413555
0.4985569532
0.4948704675
0.4913656905
0.4918690175
0.4941352509
0.5022095191
0.5079817727
0.5108799071
0.5126194263
0.5158965101
0.5146607974
0.5180601584
0.5307156902
0.5387505817
0.5505158803
0.5497084445
0.5697808425
0.5702674552
0.5758683172
0.5714966709
0.5716710942
0.5712086969
0.5608748890
0.5546159829
0.5523634265
0.5475333542
0.5413120383
0.5366965277
0.5202992374
0.5135337483
0.5072609460
0.4872920774
0.4815657688
0.4715054733
0.4585668497
0.4481563496
0.4367964831
0.4197175949
0.4086606643
0.3942865894
0.3870973417
0.3751780912
0.3626101601
0.3585309765
0.3475056005
0.3395978464
0.3292377571
0.3277734145
0.3220926794
0.3204753407
0.3134519372
0.3076952357
0.3056666625
0.3012823852
0.2996661814
0.2949673498
0.2912977647
0.2909105592
0.2873842112
0.2873942215
0.2848192435
0.2814333637
0.2797404558
0.2772863805
0.2748316164
0.2732142390
0.2730526139
0.2712049677
0.2709706848
0.2714232585
0.2764871202
0.2777624950
0.2787108045
0.2787462972
0.2807631175
0.2805016532
0.2764966651
0.2796115645
0.2869318968
0.2955257844
0.3100012577
0.3179258253
0.3254014742
0.3226251334
0.3228660656
0.3223580989
0.3275092487
0.3360554200
0.3379398286
0.3497107370
0.3503209019
0.3587763432
0.3621458716
0.3677118800
0.3592255961
0.3621460904
0.3626113399
0.3658373063
0.3682060924
0.3670749996
0.3678299021
0.3676287655
0.3677469884
0.3647979535
0.3588783007
0.3548826299
0.3543119429
0.3545225688
0.3539668936
0.3497390794
0.3491967832
0.3489725756
0.3500642379
0.3525017542
0.3541027829
0.3554416911
0.3526149526
0.3539197849
0.3540232136
0.3450930467
0.3456802893
0.3432870434
0.3415738458
0.3317017550
0.3315438423
0.3321215895
0.3329379360
0.3335053158
0.3302827067
0.3303516447
0.3268122146
0.3242591868
0.3239467693
0.3224031325
0.3204444913
0.3240842201
0.3213142592
0.3187224393
0.3183782840
0.3172206048
0.3190662720
0.3184024101
0.3201221222
0.3214966504
0.3238086402
0.3242200901
0.3302636856
0.3321755949
0.3382857324
0.3405044555
0.3477561790
0.3545886568
0.3572578559
0.3568660759
0.3558134796
0.3488186872
0.3430821165
0.3362776985
0.3311983644
0.3251696127
0.3233144377
0.3217393437
0.3196672497
0.3118726226
0.3031784657
0.3045495712
0.3035087703
0.3061727258
0.3084850916
0.3120414211
0.3137596204
0.3133964748
0.3109243048
0.3103332189
0.3087289964
0.3023242031
0.2975290000
0.2995810848
0.2988197058
0.2927732416
0.2914579062
0.2812797348
0.2743794991
0.2713250916
0.2777405274
0.2792953836
0.2777467085
0.2730004659
0.2658983284
0.2557818784
0.2498399461
0.2482060441
0.2487662350
0.2506129557
0.2503936910
0.2486915352
0.2484499795
0.2500283657
0.2534472561
0.2599636283
0.2606157518
0.2643982328
0.2650232275
0.2629352637
0.2606444519
0.2558832864
0.2488995601
0.2419341881
0.2365417887
0.2328594839
0.2347653398
0.2361238746
0.2422296350
0.2494464843
0.2548329250
0.2575837086
0.2580781009
0.2559985095
0.2546743874
0.2520766755
0.2512533897
0.2496108893
0.2479854495
0.2450122873
0.2385436548
0.2360706909
0.2313118332
0.2252011044
0.2206109990
0.2136524385
0.2040796572
0.1990958299
0.1912100290
0.1949438522
0.1953618373
0.1934183384
0.1966979616
0.1926507769
0.1954954948
0.1941172612
0.1941351347
0.1938072652
0.1911126436
0.1899730779
0.1902915564
0.1903126522
0.1868474340
0.1866695380
0.1863119939
0.1855842025
0.1853565588
0.1808612458
0.1797336204
0.1768172046
0.1749413371
0.1697377929
0.1694509458
0.1714494652
0.1723682537
0.1725524465
0.1736477800
0.1779044306
0.1785408171
0.1822305597
0.1895635079
0.1898931086
0.1962021117
0.1969670705
0.2009857338
0.2061710616
0.2062733598
0.2075393432
0.2082069567
0.2065114965
0.2040065390
0.2094630490
0.2058937466
0.2059288265
0.2057462799
0.2058930200
0.2077605254
0.2110800009
0.2165735479
0.2211775316
0.2275423833
0.2348973973
0.2389317153
0.2423261982
0.2452524322
0.2467761434
0.2481674283
0.2498873989
0.2517799620
0.2546882017
0.2591486569
0.2639924439
0.2670345029
0.2661522251
0.2706813667
0.2718930923
0.2783573635
0.2824740127
0.2849027980
0.2896564217
0.2951191947
0.3030964690
0.3050372155
0.3115109493
0.3161918205
0.3193430598
0.3235522320
0.3293226486
0.3298614931
0.3327665592
0.3316031274
0.3359338291
0.3345754527
0.3346885631
0.3282429678
0.3268197858
0.3213137494
0.3124912382
0.3098873059
0.3045809636
0.3015638442
0.2932139124
0.2915419085
0.2921129231
0.2881689111
0.2891212861
0.2906219561
0.2903391032
0.2826807276
0.2854053676
0.2819063801
0.2862990555
0.2827454543
0.2785789507
0.2776613779
0.2706024624
0.2624875078
0.2547499339
0.2512638165
0.2471801021
0.2433713649
0.2428434442
0.2426479933
0.2440236518
0.2403870806
0.2363561760
0.2242648443
0.2113775926
0.2062037380
0.2011852026
0.1950068121
0.1951519641
0.1956268793
0.1983988666
0.2048659782
0.2090508118
0.2096714214
0.2130935422
0.2152553182
0.2171389449
0.2181838426
0.2166554114
0.2178305349
0.2139818592
0.2088818651
0.2069932610
0.2041766924
0.1978787677
0.1954779627
0.1918653995
0.1888924252
0.1880679196
0.1851652184
0.1838856353
0.1838213054
0.1813990819
0.1854075969
0.1810685460
0.1815739035
0.1784488390
0.1798720174
0.1846208066
0.1862066701
0.1900849845
0.1912507879
0.1949923681
0.1981640629
0.1996047029
0.2030113134
0.2049170101
0.2051276829
0.2032249269
0.2000420234
0.2038234073
0.2049805814
0.2104618725
0.2214558038
0.2250764852
0.2197476450
0.2221520434
0.1996847434
0.1867443149
0.1761184846
0.1807779724
0.1932067519
0.2012058480
0.2017541046
0.1997838812
0.2051453251
0.2082034224
0.2085971502
0.2086274769
0.2046772204
0.2031465508
0.2009712682
0.1988476474
0.2013594866
0.2024620420
0.2029845838
0.2038441542
0.2052299705
0.2049298755
0.2045818300
0.2059780749
0.2048857324
0.2064516845
0.2055166247
0.2039360220
0.2041609335
0.2093698404
0.2152691995
0.2222761615
0.2304526661
0.2285430204
0.2268982390
0.2286571907
0.2352400445
0.2449644855
0.2499878064
0.2622714132
0.2723605658
0.2818260064
0.2913050942
0.3098273513
0.3191155969
0.3281706351
0.3382917544
0.3395965424
0.3478478149
0.3510497628
0.3485657990
0.3489157709
0.3516356826
0.3625562785
0.3696367297
0.3748022818
0.3838426957
0.3935707024
0.4075367093
0.4167135230
0.4294745672
0.4393683307
0.4461170517
0.4531749269
0.4542576359
0.4559840691
0.4518480849
0.4496050002
0.4511951137
0.4255301310
0.4256846816
0.4133524457
0.4047424984
0.4008254666
0.3986033087
0.3933312196
0.3895176291
0.3818660731
0.3770284296
0.3700628213
0.3602396571
0.3513851510
0.3447089838
0.3404721773
0.3339807991
0.3302006007
0.3299704618
0.3291983872
0.3333889040
0.3332869184
0.3329203480
0.3371458376
0.3365592734
0.3306993085
0.3243336495
0.3222559023
0.3128427869
0.3091341804
0.3084244940
0.3094107547
0.3080054500
0.3106395095
0.3096265277
0.3050713214
0.2984361853
0.2974131119
0.2927908523
0.2912053035
0.2892165024
0.2868954355
0.2854948239
0.2901835133
0.2898172959
0.2903864781
0.2850396282
0.2731672598
0.2664245426
0.2568785203
0.2509427994
0.2452657604
0.2323132615
0.2372789599
0.2403334579
0.2443859922
0.2432535153
0.2456481795
0.2472014411
0.2365394975
0.2250321456
0.2153111099
0.2135112534
0.2069254108
0.1996736330
0.2020464092
0.2009025759
0.2013788994
0.2051960011
0.2197585857
0.2260796499
0.2322004816
0.2222225108
0.2138448139
0.1876316966
0.1857929274
0.1794237417
0.1771625819
0.1737869982
0.1681210469
0.1661345369
0.1643009044
0.1628019209
0.1605892600
0.1674662012
0.1692540802
0.1734734210
0.1677395728
0.1658648079
0.1634320969
0.1593827545
0.1521879454
0.1488931498
0.1434462828
0.1411622509
0.1408531932
0.1430750677
0.1429852158
0.1430936876
0.1438402623
0.1439952243
0.1467658093
0.1468651815
0.1480076809
0.1469260999
0.1472058071
0.1440904521
0.1449394074
0.1410833278
0.1407931916
0.1410916284
0.1476806304
0.1508883300
0.1528613766
0.1577157706
0.1632130257
0.1693532665
0.1708729671
0.1756290175
0.1857613084
0.1985238142
0.2179929622
0.2292154804
0.2306946480
0.2375705383
0.2424596866
0.2445438387
0.2377674689
0.2312400066
0.2268644310
0.2249394951
0.2191655534
0.2165116434
0.2170329648
0.2167076911
0.2169205520
0.2166678435
0.2157305294
0.2151830661
0.2144381093
0.2142532481
0.2138186198
0.2144118473
0.2147439380
0.2147950592
0.2153910309
0.2145807060
0.2124004833
0.2132213742
0.2141478662
0.2135829818
0.2134868649
0.2123428729
0.2108670266
0.2100085843
0.2090361367
0.2075757190
0.2081827511
0.2078445772
0.2082809817
0.2109887597
0.2103395755
0.2136995191
0.2133282646
0.2150143585
0.2156376588
0.2168298092
0.2173248221
0.2166921199
0.2154944405
0.2154422640
0.2134159169
0.2122820432
0.2109958070
0.2102061795
0.2082911033
0.2058214274
0.2030083754
0.2008245929
0.1995590794
0.1981746985
0.1973823118
0.1969250043
0.1973130871
0.1973712947
0.1957074500
0.1934956025
0.1905342898
0.1883188638
0.1874053553
0.1877221011
0.1895735408
0.1916260170
0.1928458169
0.1914089453
0.1892383351
0.1872054073
0.1848312735
0.1836349245
0.1837780099
0.1815023200
0.1842777054
0.1865666912
0.1928651559
0.1991985992
0.2052036429
0.2110891292
0.2144134725
0.2153259039
0.2126650574
0.2108021630
0.2081450914
0.2073765162
0.2059830609
0.2027440555
0.2000399902
0.1984335808
0.1967565360
0.1949313800
0.1942330855
