5.4404463097
5.4684693748
5.4734612153
5.5292877384
5.5780578570
5.6146807554
5.5985702273
5.6192144865
5.6456675156
5.6685578218
5.6699928982
5.7148369209
5.7004141206
5.6881906754
5.6128202664
5.5602961935
5.5136720556
5.4738582350
5.4577919720
5.4809552950
5.4988331507
5.4833529942
5.4958484697
5.5297557723
5.5498334829
5.6458841477
5.7454976219
5.8000167570
5.9413600635
6.3126254820
6.4845848989
6.6079075806
6.7406239965
6.8358949403
6.9103125309
7.0371842178
7.1350644981
7.2512502263
7.3619668147
7.4890460288
7.5737326355
7.6532168839
7.7354357936
7.7207466059
7.5158147178
7.2547686672
6.9220778675
6.5744647931
6.1622267730
5.7539502378
5.2908397788
4.7873246776
4.2692545177
3.8178738574
3.4088380813
3.0760879858
2.6582152441
2.3170773842
1.9259241816
1.5597625432
1.3368440308
1.1685894285
1.1175933451
1.0621745361
1.0644575973
1.0157325814
1.0279419077
1.0016771586
1.0442126014
0.9970994397
0.9888303538
1.0166318304
1.0072216485
1.0221482793
1.0770081446
1.0357493466
1.0510003576
1.0802294762
1.1059554551
1.0580566389
1.0340766708
0.9882418649
0.9360131013
0.9163242741
0.8654603589
0.8235530862
0.8426970706
0.8131369999
0.8852309654
0.8266944145
0.7701028157
0.7150166752
0.7091344106
0.7046739237
0.6633818229
0.6745503636
0.6745746587
0.6152348777
0.5791483618
0.5129107873
0.5239842417
0.4965040161
0.4921872758
0.4977979476
0.5409113948
0.5688817907
0.5683183564
0.5644381134
0.5597237814
0.5943183708
0.5483122761
0.5436161262
0.5496889392
0.5348557532
0.5246656004
0.5128743655
0.4563307766
0.4326362835
0.4445833848
0.4671684380
0.4683025981
0.4676437307
0.4145531231
0.3445208470
0.2575206960
0.2379894373
0.2727483616
0.2728138428
0.2972196535
0.3901031701
0.3722199003
0.3521309935
0.3332194627
0.3357604544
0.3144660275
0.2670288878
0.3739459724
0.4363188336
0.4789810066
0.7133754208
0.7896409609
0.8475502514
0.8921245444
1.0118980055
1.0408077775
1.0582979268
1.0498917640
1.0893748033
1.0735125746
1.0590175037
1.0177987495
1.0261550453
1.0017729177
0.9878178834
0.9981258231
0.9626374772
0.9267750251
0.9335296882
0.9314230304
0.9046023837
0.9309211384
0.9820002002
1.0224029656
1.0281344585
1.0532759360
1.0102054458
0.9824291336
0.9828135914
0.9906885514
1.0531998395
1.0554250387
1.0623045668
1.0885163825
1.1088971833
1.1374319649
1.1112410009
1.1848407921
1.2739218173
1.4243994417
1.5031919622
1.5322824466
1.6867084035
1.8887446775
1.8165070740
1.7731251768
1.7348249619
1.7045411473
1.6836728191
1.7181233364
1.7737016751
1.8486637901
1.8123576723
1.8452415401
1.8109629257
1.7182266080
1.7458313830
1.8077370400
1.8679258233
1.8044156845
1.8141809383
1.8417776925
1.7556726970
1.6579178302
1.6292412310
1.6076932456
1.5913390875
1.6059467309
1.5352067892
1.4993376169
1.5152987868
1.5320896216
1.5383366943
1.5501077712
1.5349346393
1.5354698442
1.5225297695
1.4979436854
1.6015849533
1.5977736426
1.6362053405
1.7202448387
1.6865886698
1.6691457789
1.6490437631
1.6223003349
1.6123721748
1.6721575712
1.6281160215
1.6211463674
1.6051533514
1.5844317587
1.5693019850
1.5722874020
1.5857011903
1.5882705579
1.5658670186
1.5905653594
1.6375560547
1.6802485597
1.6692639299
1.6192780570
1.6396270160
1.6334606096
1.6560915901
1.6871312163
1.6795119580
1.6693356481
1.6365797578
1.7176764522
1.7169247124
1.7631197334
1.7708338953
1.7530495664
1.7384517865
1.7323914006
1.7323894558
1.6935370687
1.6830856954
1.6970224304
1.6920093285
1.7985169454
1.8022451778
1.9491692955
1.9382015652
1.9833558650
1.9708438125
1.9885189368
1.9904556330
2.0330240199
2.0494321416
2.0973736700
2.1389237135
2.2632615347
2.2831778703
2.4161245468
2.4278935317
2.4101195858
2.5156147106
2.5642876341
2.5271516714
2.4746648020
2.4870684056
2.5023532139
2.4534288873
2.4600200891
2.4871516388
2.5631238378
2.6626388715
2.8917962005
2.7797719191
2.5438400368
2.3636814107
2.0821671843
1.9117839744
1.8323819637
1.8026297983
1.8344230791
1.8172204435
1.7508178240
1.6939908391
1.8809820380
2.1043415827
1.9673276624
1.8300304273
1.6191020454
1.2921418258
1.4474997303
1.3522779624
1.1567136393
1.4604824740
1.3360842564
1.0350815972
1.1259554269
1.1159315369
1.1935464288
0.9750049652
0.9946173845
0.9941584151
1.0251460374
1.0536969821
1.0540512206
1.1255154245
1.1358585627
1.1093363367
1.0093202687
1.0369024123
1.0832571095
1.0902238922
1.1834444909
1.1874806267
0.8378525515
0.8601289192
1.0396919719
1.3801560301
1.4288026091
1.0143318288
1.1282227088
1.3043743248
1.2533500171
1.1434601669
1.1752818755
1.2088892092
1.1006100410
1.4154152441
1.2179569081
1.2207746358
1.3954235636
1.3248377399
1.5175149924
1.5575895318
1.5623307902
1.6987632074
1.6698453683
1.6569799415
1.6164155293
1.5973623933
1.5768013718
1.6734223037
1.6468010480
1.6114765925
1.5982349164
1.5989896313
1.5803358032
1.5588065722
1.5416198349
1.5142978654
1.5045471008
1.5044483942
1.4951418591
1.5068283249
1.5063209786
1.5430997693
1.5139672162
1.5027929301
1.4971615613
1.5109203168
1.5220301056
1.5229287961
1.5633361127
1.5872744343
1.5849005004
1.5668742010
1.5794370471
1.6046419312
1.5662900159
1.5861397405
1.5541346567
1.5711058473
1.5354458283
1.5720417699
1.6148181271
1.6600644486
1.7310533833
1.8179031038
1.9056812341
1.9222782398
1.9638521887
1.9595563101
1.9634739258
1.9647970605
1.9092087462
1.8660069507
1.8716364422
1.8218868365
1.7376444942
1.7341983971
1.7075680602
1.6517947590
1.6140570045
1.7148426222
1.6611822902
1.5989614671
1.6876501138
1.6839246092
1.6681634461
1.7166249442
1.7283941876
1.7488914585
1.7406186502
1.7595575411
1.8489357523
1.8792060366
1.8783043455
1.8671799897
1.8663197610
1.8802394355
1.9355599348
2.0026489975
1.9682751495
1.8576247239
1.9303867749
2.0593099448
2.1016388399
2.4021171552
2.3595751819
2.4979441931
2.5410742474
2.5578315050
2.5673211576
2.6484919347
2.7115208398
2.5635163939
2.8381637129
3.0184536481
3.0628877489
3.1115322679
3.1924345956
3.1619833718
3.2630019481
3.2462570986
3.3002657535
3.2815073708
3.2041100378
3.0786922236
2.9757197799
3.0234066657
2.8999495478
2.5839383013
2.5446211512
2.6244161409
2.6977161434
2.7461976011
2.6764753644
2.6413048218
2.6048524730
2.5777428332
2.6206918056
2.6290551302
2.6582926526
2.5761577421
2.4926256754
2.4192974015
2.5145546818
2.5300898542
2.5376391009
2.5092262681
2.3393474236
2.2644910658
2.3471989533
2.3185107158
2.2882220824
2.3604458552
2.3353032708
2.4633258727
2.5845493352
2.6893533522
2.8014770982
3.0493167089
3.1937731565
3.3769661783
3.3879378502
3.3343515973
3.3835483062
3.3611496286
3.3565436587
3.3559296652
3.3716792535
3.3810597714
3.4005241991
3.4330672783
3.4607473020
3.4660424535
3.5028449097
3.5125178196
3.5002579458
3.5350684033
3.6086357265
3.6206602620
3.5807987248
3.5946847762
3.4111097354
3.2782859794
3.2642044416
3.3455166553
3.6584300074
3.7866924271
3.8267194383
3.8611376563
3.9308879166
4.0372418445
4.0940023142
4.0825427783
4.0247928222
3.8966317684
3.9937859603
4.1003323524
4.1646852320
4.1410116269
4.0646021430
4.0642668344
4.1359236618
4.1348339789
4.2212132008
4.1516885196
4.0831903903
4.0032616454
4.0631769443
4.0688952462
4.1829457354
4.2263295067
4.3410296812
4.2671563757
4.2816334216
4.2630869684
4.3299386248
4.4615191348
4.5485517760
4.4921959786
4.3850707794
4.1311604813
4.1450122386
4.2267132396
4.3062094869
4.1813022487
3.9843233840
3.7829320231
3.7857441274
3.8554872740
3.9050686578
3.9141201478
4.0957795604
4.0794512421
4.1966725177
4.2069628631
4.1843988665
4.1377068680
4.1635451763
4.1554276755
4.1356317955
4.1237835613
4.1117850195
4.1031819209
4.0446308091
4.0126448854
3.9614413735
3.9230965427
3.9813075723
3.9648770015
3.9594459029
3.9377008450
3.9356710422
4.0467091315
4.0045768354
3.9717687766
3.9213526015
3.9241951378
3.9070702743
3.8383137697
3.7658402721
3.9824678214
3.9415375195
3.8918818586
3.8640299997
3.9982347226
3.9927475696
3.9836878593
3.9908304818
4.0775167702
4.0450878232
4.0915238713
4.0194843618
4.0515929122
4.0281846076
3.9970380922
4.0093037045
3.9230649713
3.9142975931
3.9087440833
3.9223284480
3.9648440745
3.9421714636
3.9281011767
3.8817682904
3.8622726353
3.8329265680
3.8151338906
3.8963653740
4.0277855329
4.0532057668
4.0442767967
3.9237985766
3.9083585749
3.9732799917
4.0417942969
4.1951648875
4.0946990579
4.0000684691
4.0569960480
4.3710720871
4.5388132853
4.5913561268
4.6129705989
4.7465298110
4.8942555831
4.9077237939
4.9350515610
4.9938198458
4.9975410376
5.0145512545
5.0486580496
5.0425404409
4.9752290794
4.9735168131
4.9444050491
4.9837073880
4.9928440146
4.9777273475
4.8749581280
4.8552122093
4.8447384672
4.8753383277
4.8817884444
4.8376083336
4.8110520617
4.8022959949
4.8214633835
4.8466698336
4.8862365428
4.8568028571
4.7933295020
4.7511426481
4.7406647706
4.7602015141
4.7961058183
4.8079986422
4.7476178668
4.6446234293
4.5874311635
4.5846384974
4.5552475015
4.4544119948
4.3332218087
4.3153610372
4.3334593653
4.2590113212
4.1674517185
4.1020011216
4.1030605491
4.1047531633
4.0972248378
4.0621518418
