0.0869985421
0.1005940212
0.0748255881
0.0673346802
0.0465524539
0.0506384219
0.0375348005
0.0414686795
0.0325790713
0.0436979764
0.0398352078
0.0388632460
0.0458175685
0.0346876219
0.0281393310
0.0488919964
0.0438260681
0.0467260590
0.0362695015
0.0387588806
0.0469545727
0.0448766417
0.0441730558
0.0397912148
0.0500382395
0.0552838272
0.0525497734
0.0516127297
0.0414864198
0.0562902932
0.0559173243
0.0595028989
0.0542712119
0.0565058977
0.0500727449
0.0508884250
0.0538753828
0.0634810927
0.0635071640
0.0658199936
0.0671382365
0.0602968630
0.0635895418
0.0696994615
0.0709139646
0.0684328087
0.0668360001
0.0654128285
0.0658800674
0.0694499737
0.0740997551
0.0802631757
0.0800775185
0.0806916980
0.0774571776
0.0737925500
0.0656539415
0.0660030500
0.0669758291
0.0713474637
0.0622808090
0.0585904547
0.0573366695
0.0528506241
0.0501902125
0.0571671087
0.0580773055
0.0596688798
0.0609404105
0.0621401900
0.0554939995
0.0518826690
0.0547863024
0.0549879798
0.0610314301
0.0610465410
0.0598063312
0.0562863646
0.0514518071
0.0515545830
0.0466137874
0.0497007873
0.0420901559
0.0414894796
0.0400347464
0.0409940250
0.0386393599
0.0506318380
0.0472890396
0.0524514888
0.0573866985
0.0583992083
0.0504064288
0.0452508783
0.0502756400
0.0399417360
0.0502937824
0.0480700811
0.0398807751
0.0337418255
0.0379404783
0.0236346802
0.0173131785
0.0254533509
0.0340707414
0.0301811605
0.0273880357
0.0329207234
0.0278049628
0.0303202113
0.0272597727
0.0341638063
0.0369274336
0.0336097774
0.0379010172
0.0432843784
0.0395497864
0.0337361058
0.0339819988
0.0342297037
0.0361835715
0.0397542557
0.0426363800
0.0382446841
0.0420023545
0.0469156982
0.0358076496
0.0388914437
0.0407898539
0.0407220099
0.0399113677
0.0386453003
0.0443136572
0.0441057570
0.0433870497
0.0511176751
0.0567407319
0.0660668595
0.0517170249
0.0547934161
0.0483496190
0.0442020229
0.0430958728
0.0351586977
0.0309763344
0.0304771479
0.0303585769
0.0296663449
0.0303489651
0.0245923259
0.0265257629
0.0335896334
0.0352895061
0.0295219614
0.0272537386
0.0235807706
0.0244896374
0.0296095641
0.0349035593
0.0537849592
0.0433658570
0.0451883337
0.0328049942
0.0355173306
0.0381136463
0.0391168662
0.0329489525
0.0352238772
0.0323569408
0.0329189055
0.0281085265
0.0289414151
0.0337901695
0.0286963350
0.0318360225
0.0295233405
0.0329622775
0.0317290869
0.0383648405
0.0391834505
0.0340085623
0.0292196910
0.0276993322
0.0268563806
0.0279674335
0.0304026785
0.0308620747
0.0315584288
0.0304166135
0.0336030930
0.0379349247
0.0375082924
0.0248047307
0.0228989760
0.0308445904
0.0316440974
0.0219926233
0.0215779731
0.0194199612
0.0265132653
0.0284084634
0.0290733097
0.0188659121
0.0196125273
0.0148072755
0.0147409633
0.0218734431
0.0128013259
0.0144114500
0.0142306110
0.0209447068
0.0191821977
0.0181687333
0.0145508447
0.0148081469
0.0156463365
0.0184563342
0.0198799954
0.0189261799
0.0208405066
0.0216309461
0.0246527109
0.0233463260
0.0184943868
0.0192902535
0.0193637505
0.0212594397
0.0215425538
0.0241763614
0.0277746373
0.0249366115
0.0235197945
0.0267705926
0.0248764580
0.0308661133
0.0337247474
0.0345988782
0.0340426959
0.0307414815
0.0318406013
0.0303237176
0.0341955388
0.0296231099
0.0214395837
0.0151339336
0.0141073437
0.0121514300
0.0127256821
0.0198785171
0.0210871066
0.0272724091
0.0127000158
0.0110772755
0.0072266375
0.0044166410
0.0113317869
0.0087221575
0.0190372816
0.0182331913
0.0209774896
0.0220076891
0.0261690794
0.0267433868
0.0276972034
0.0265135649
0.0266412181
0.0264427416
0.0191968340
0.0180441219
0.0211105518
0.0211532848
0.0272189405
0.0243986462
0.0223758308
0.0234623319
0.0265854653
0.0223441480
0.0220070606
0.0187526181
0.0162863678
0.0140990134
0.0160339572
0.0226038138
0.0171111237
0.0112660272
0.0184180269
0.0248307432
0.0247962334
0.0097097504
0.0201099503
0.0246603004
0.0254658373
0.0186201947
0.0163178765
0.0141408738
0.0054023874
0.0043446149
0.0067624577
0.0088823208
0.0103238279
0.0057039262
0.0057997991
0.0078451236
0.0048954562
0.0060241312
0.0090294538
0.0191843205
0.0210838215
0.0199917892
0.0183353901
0.0169900122
0.0153967835
0.0137165796
0.0196237772
0.0182518663
0.0207132695
0.0233937262
0.0246967357
0.0165152639
0.0158812736
0.0198440360
0.0248883547
0.0305890048
0.0276481520
0.0241712972
0.0235025127
0.0235640233
0.0229758534
0.0200053471
0.0185015621
0.0176872075
0.0138962705
0.0134034356
0.0161565608
0.0176036834
0.0194593971
0.0209597203
0.0226561872
0.0219114636
0.0234642205
0.0197087200
0.0158485464
0.0198744798
0.0177921037
0.0178166455
0.0145906364
0.0143430165
0.0149931605
0.0151358245
0.0169726232
0.0185416970
0.0168301208
0.0109103009
0.0108646241
0.0122276061
0.0193809714
0.0149985879
0.0214626494
0.0155909128
0.0192243145
0.0296790393
0.0257353270
0.0267935480
0.0308335840
0.0283671647
0.0338560492
0.0288794542
0.0288274900
0.0260805270
0.0243089746
0.0221736644
0.0214866531
0.0293281964
0.0212589827
0.0231735489
0.0230432591
0.0264214913
0.0162946708
0.0199827838
0.0204095682
0.0203035831
0.0154852834
0.0083466792
0.0045177675
0.0135877144
0.0190287162
0.0135826473
0.0205643203
0.0202743245
0.0188157397
0.0241779601
0.0243972576
0.0328025188
0.0248052992
0.0196961812
0.0183282711
0.0190143447
0.0195247142
0.0194959326
0.0170478354
0.0163983241
0.0166000587
0.0214326588
0.0180499175
0.0212075119
0.0241091730
0.0275639355
0.0267304346
0.0296621807
0.0238537933
0.0216853191
0.0238407853
0.0192782291
0.0236324505
0.0194359262
0.0216655036
0.0166626688
0.0210073403
0.0237930314
0.0284567688
0.0213753039
0.0226234914
0.0233707047
0.0285160103
0.0299752388
0.0303306938
0.0310349677
0.0227456243
0.0238631523
0.0296547307
0.0340743394
0.0286885030
0.0286367514
0.0257899953
0.0289961943
0.0310535085
0.0333408214
0.0345479924
0.0354651020
0.0393737702
0.0283194281
0.0247050800
0.0254303256
0.0338291345
0.0436723817
0.0458948714
0.0464589867
0.0441513830
0.0514220416
0.0543211604
0.0541075157
0.0576903873
0.0511484203
0.0470561518
0.0419715063
0.0437565668
0.0428432283
0.0430860718
0.0385634843
0.0363578491
0.0362070904
0.0436268455
0.0464855012
0.0395201968
0.0347253443
0.0364528136
0.0343152168
0.0318718749
0.0331474640
0.0313182432
0.0323837021
0.0326234654
0.0318496401
0.0302611596
0.0277628374
0.0302079656
0.0258142393
0.0247771521
0.0246582857
0.0247968438
0.0198876470
0.0249847144
0.0193470875
0.0204546991
0.0197039070
0.0170857628
0.0185998852
0.0182007475
0.0136892180
0.0143687402
0.0162432433
0.0157443362
0.0093875121
0.0128343923
0.0160093133
0.0173792427
0.0202276240
0.0134666318
0.0122157960
0.0189699663
0.0173171090
0.0174427480
0.0201868840
0.0165073681
0.0108707923
0.0140066995
0.0176726360
0.0148087331
0.0153373601
0.0169164200
0.0105119554
0.0149773295
0.0159084355
0.0206761753
0.0197816918
0.0186867349
0.0186284555
0.0208446150
0.0216506191
0.0263825534
0.0220992670
0.0264263345
0.0270211907
0.0260547010
0.0279656899
0.0295636887
0.0277315866
0.0277617883
0.0280031974
0.0277118834
0.0274904087
0.0264633188
0.0232018599
0.0276823948
0.0249980992
0.0286906776
0.0311278173
0.0375436889
0.0357336128
0.0362959401
0.0275738151
0.0264052963
0.0262634981
0.0237205468
0.0235917998
0.0267412097
0.0271218693
0.0284947763
0.0282146903
0.0254705437
0.0255660676
0.0266242018
0.0298979041
0.0289422441
0.0247530046
0.0248605669
0.0276314495
0.0250152102
0.0179844670
0.0165220476
0.0197663977
0.0200342219
0.0208986997
0.0259794184
0.0220936077
0.0182895641
0.0193576070
0.0185204274
0.0177009052
0.0131868515
0.0123673688
0.0161210430
0.0210277674
0.0262716134
0.0249302957
0.0231471231
0.0250275320
0.0237044152
0.0262537834
0.0383257452
0.0391844691
0.0345759347
0.0330513197
0.0240242989
0.0181248450
0.0271647158
0.0267374862
0.0216989537
0.0264896482
0.0315858130
0.0248850761
0.0247201126
0.0231492669
0.0229050474
0.0207742054
0.0209515410
0.0214457474
0.0223806324
0.0211352807
0.0204860427
0.0246911525
0.0222059778
0.0244478436
0.0231778058
0.0260284580
0.0262744895
0.0293832224
0.0342183280
0.0272556478
0.0313500842
0.0232433256
0.0270457296
0.0329591366
0.0358235915
0.0355368694
0.0348988953
0.0301226526
0.0430556646
0.0381331046
0.0405225664
0.0319630489
0.0381113732
0.0422880332
0.0346760297
0.0328272612
0.0314646871
0.0276693793
0.0383825396
0.0359122856
0.0436126070
0.0439878501
0.0546232451
0.0475699944
0.0469655859
0.0461275015
0.0430330003
0.0483025745
0.0489219348
0.0500212709
0.0605721754
0.0394678015
0.0532294713
0.0648622138
0.0657477279
0.0494059956
0.0537040253
0.0628584312
0.0438736588
0.0318793384
0.0396487856
0.0445291337
0.0580890450
0.0495296996
0.0374534959
0.0336837432
0.0327281752
0.0641088908
0.0410402590
0.0406946242
0.0436951791
0.0414137678
0.0469641330
0.0324611591
0.0348116833
0.0426757719
0.0438034506
0.0486003408
0.0506760999
0.0551336128
0.0515068079
0.0635068500
0.0576895484
0.0537315209
0.0549486137
0.0540186986
0.0553859894
0.0576206738
0.0551838164
0.0518777838
0.0560450188
0.0394424409
0.0641765853
0.0462936558
0.0553564116
0.1331198831
0.0670572472
0.0666941664
0.0809203494
0.0496042713
0.0926363710
0.0565351679
0.0435266970
0.0472187270
0.1041163512
0.0935862221
0.0958773078
0.0370618036
0.0221164892
0.0256113865
0.0176670423
0.0170797604
0.0141037028
0.0256951889
0.0290118980
0.0337616875
0.0384820453
0.0304893754
0.0296580732
0.0335088110
0.0349631757
0.0348619956
0.0308310194
0.0291031845
0.0382437353
0.0330397731
0.0287586037
0.0296475912
0.0258156205
0.0336828786
0.0321726736
0.0123230320
0.0112695508
0.0158915872
0.0177062707
0.0280972138
0.0247893040
0.0241212237
0.0253667399
0.0239325133
0.0159402529
0.0179477698
0.0195452987
0.0215174932
0.0233798845
0.0589718358
0.0592753988
0.0335963984
0.0201847001
0.0114483057
0.0401915598
0.0543694694
0.0365773619
0.0233526054
0.0291797980
0.0250499253
0.0285366283
0.0266214910
0.0315965335
0.0224872322
0.0305978758
0.0231600743
0.0198910870
0.0389060248
0.0234766106
0.0192774662
0.0214788772
0.0238688943
0.0199143753
0.0221093322
0.0224570847
0.0262351070
0.0251091155
0.0361857818
0.0273336578
0.0294941356
0.0213006501
0.0237308252
0.0207635083
0.0219859814
0.0229912790
0.0218021130
0.0158879336
0.0175677101
0.0223919426
0.0234006040
0.0245526954
0.0175593050
0.0194089132
0.0216112705
0.0183282836
0.0237880212
0.0301993513
0.0283551530
0.0258677209
0.0292312710
0.0387483117
0.0344342359
0.0591470630
0.0531552934
0.0549802567
0.0473010765
0.0450719882
0.0569238488
0.0586021696
0.0499500337
0.0568589448
0.0584569140
0.0562195924
0.0504202496
0.0569289937
0.0290197683
0.0426640013
0.0299877775
0.0359949899
0.0273220610
0.0216808630
0.0218648856
0.0335961651
0.0352435472
0.0230476395
0.0187791587
0.0221270422
0.0206519164
0.0194759493
0.0210218988
0.0235086822
0.0250250413
0.0255305416
0.0210129832
0.0270698945
0.0302713214
0.0294505358
0.0274220576
0.0301163478
0.0265037480
0.0235572294
0.0259119408
0.0264462080
0.0302045480
0.0317235714
0.0321229213
0.0359712783
0.0367192320
0.0334727883
0.0280992777
0.0264643936
0.0266363986
0.0332560690
0.0312676565
0.0286150237
0.0284716362
0.0293065669
0.0324763740
0.0338807010
0.0282038105
0.0248465064
0.0271896355
0.0307260165
0.0318255949
0.0317442693
0.0347067426
0.0350626388
0.0405044081
0.0422380720
0.0420289390
0.0428008293
0.0428557282
0.0459815221
0.0511180459
0.0537895770
0.0534220737
0.0548239754
0.0551582734
0.0673894038
0.0689240824
0.0640984044
0.0586119278
0.0570637185
0.0566670867
0.0564777622
0.0585770187
0.0618035918
0.0612954895
0.0642024417
0.0661403905
0.0657791591
0.0652714602
0.0636036878
0.0626780000
0.0663801179
0.0619734791
0.0609641731
0.0625856116
0.0633812763
0.0673654567
0.0725058860
0.0651387936
0.0655240369
0.0671695450
0.0378629605
0.0386221935
0.0517137725
0.0482239990
0.0447524343
0.0449233485
0.0393710938
0.0376567971
0.0332742875
0.0361582332
0.0331871176
0.0319705821
0.0364737032
0.0393253129
0.0386232394
0.0408550127
0.0428660746
0.0397340636
0.0436708924
0.0454057983
0.0439368801
0.0475986298
0.0503595787
0.0527006577
0.0560352606
0.0574345287
0.0495339915
0.0494598802
0.0521632186
0.0476561392
0.0485661887
0.0409980515
0.0419796080
0.0401124239
0.0403968396
0.0412490714
0.0389231561
0.0483516424
0.0432731762
0.0439078949
0.0404156558
0.0448646981
0.0403161492
0.0367187265
0.0352172506
0.0401790864
0.0403561474
0.0439611442
0.0432710040
0.0442962400
0.0372706383
0.0395508729
0.0413766612
0.0414160289
0.0454257920
0.0438999124
0.0455406411
0.0492245054
0.0460546240
0.0379805369
0.0343846160
0.0317459355
0.0344572731
0.0334976071
0.0391399242
0.0346204370
0.0379937360
0.0351714101
0.0369981472
0.0382924178
0.0388774566
0.0342695147
0.0394110045
0.0409617421
0.0395103489
0.0414931825
0.0444166969
0.0427721679
0.0382431962
0.0385876644
0.0362200338
0.0331676498
0.0355054739
0.0360052202
0.0353342232
0.0369070721
0.0302113038
0.0245685610
0.0215792971
0.0237337376
0.0254138310
0.0235367211
0.0225721514
0.0179925409
0.0200581434
0.0180387392
0.0215083375
0.0284099325
0.0299288239
0.0330511070
0.0391996517
0.0406555722
0.0417211558
0.0386485973
0.0385663586
0.0409605419
0.0419116244
0.0426127367
0.0423123402
0.0443905300
0.0408201152
0.0402183006
0.0356004488
0.0280205279
0.0269538742
0.0244993435
0.0251763811
0.0211308894
0.0211240266
0.0170693832
0.0171201171
0.0160750612
0.0164498205
0.0151517928
0.0150554248
0.0165338748
0.0199007814
0.0220238283
0.0181195826
0.0219059494
0.0259673412
0.0226071748
0.0193290465
0.0272870114
0.0249195189
0.0227770105
0.0263411975
0.0294238765
0.0300855955
0.0250662307
0.0201887307
0.0259583167
0.0329591836
0.0323382395
0.0371762946
0.0389312048
0.0403159505
0.0466169903
0.0472208083
0.0466056505
0.0461240230
0.0363453364
0.0394196646
0.0322526697
0.0372975042
0.0408881634
0.0353050888
0.0382555199
0.0337988046
0.0346885942
0.0336649906
0.0264870347
0.0269051978
0.0313428242
0.0332709633
0.0305454986
0.0210669179
0.0226087330
0.0225738552
0.0228163174
0.0286511478
0.0230034931
0.0244752205
0.0245007862
0.0266129979
0.0260695440
0.0204938917
0.0260026004
0.0229826851
0.0141160616
0.0200040420
0.0225370797
0.0243734364
0.0278238036
0.0187025766
0.0218283470
0.0253368683
0.0281917233
0.0360484513
0.0385642593
0.0346552951
0.0328814479
0.0350631454
0.0319299531
0.0240795362
0.0160597251
0.0172365421
0.0157306293
0.0170340293
0.0156418473
0.0216616756
0.0240782917
0.0251169597
0.0231234695
0.0205605117
0.0286650690
0.0273677940
0.0288168906
0.0265382808
0.0228736637
0.0237604290
0.0233943821
0.0230784862
0.0254993381
0.0280529891
0.0277578751
0.0302944379
0.0266017577
0.0299556677
0.0282353987
0.0305461576
0.0315569393
0.0375939391
0.0356810113
0.0353442842
0.0375813836
0.0332231137
0.0381622321
0.0323059407
0.0346913286
0.0388914237
0.0430438342
0.0451351934
0.0399348648
0.0379399361
0.0339949831
0.0354458027
0.0381500887
0.0361904175
0.0374121303
0.0400048175
0.0323345365
0.0337691675
0.0341803398
0.0338756748
0.0312762522
0.0301306956
0.0261079963
0.0292673608
0.0258076925
0.0308266853
0.0420098798
0.0500186803
0.0441006530
0.0465012576
0.0435058782
0.0390504743
0.0354641827
0.0361881936
0.0364316365
0.0398021025
0.0354134476
0.0320660963
0.0308799018
0.0358228898
0.0313512010
0.0360855508
0.0328738818
0.0157101142
0.0253275385
0.0385678873
0.0485615599
0.0456243604
0.0350519841
0.0448132021
0.0413873206
0.0401912831
0.0447133113
0.0386708014
0.0349425639
0.0475642844
0.0443648770
0.0472670005
0.0465060145
0.0438752926
0.0456172448
0.0497700081
0.0439670892
0.0452032675
0.0411642034
0.0415920351
0.0364428714
0.0344102646
0.0349846625
0.0266668267
0.0242267096
0.0276313035
0.0262176411
0.0284308331
0.0256696573
0.0220129086
0.0183758346
0.0149483865
0.0223038561
0.0260618089
0.0263255022
0.0304036479
0.0271947785
0.0146311762
0.0219586250
0.0201203625
0.0252841958
0.0266770069
0.0231057348
0.0243814095
0.0252192637
0.0265201958
0.0285500109
0.0251495526
0.0206525971
0.0182405287
0.0194816597
0.0152724107
0.0141136115
0.0173013134
0.0231107523
0.0194995035
0.0220675240
0.0174230934
0.0154728246
0.0198531998
0.0324033139
0.0229719800
0.0227723184
0.0178950488
0.0152502029
0.0153382013
0.0283188112
0.0269791851
0.0341880401
0.0362378765
0.0336638723
0.0326085222
0.0382419479
0.0316218018
0.0293556605
0.0303676811
0.0404366151
0.0463135546
0.0331797760
0.0293378366
0.0303912424
0.0352298887
0.0283889204
0.0258726168
0.0223912513
0.0152898420
0.0161322221
0.0149627563
0.0141659898
0.0140417183
0.0173715515
0.0127850933
0.0153445580
0.0266422984
0.0160927343
0.0150170509
0.0186073947
0.0164703380
0.0174519892
0.0238982970
0.0198821920
0.0257841721
0.0216449997
0.0219521082
0.0244284887
0.0265747615
0.0224267594
0.0373731990
0.0350504587
0.0328908046
0.0321967916
0.0235226765
0.0386570761
0.0272425386
0.0356521531
0.0336601400
0.0327799979
0.0430656526
0.0477392355
0.0510217453
0.0510412718
0.0493958282
0.0444400738
0.0437450967
0.0513125531
0.0509560429
0.0557895256
0.0544654985
0.0536456734
0.0464442657
0.0423707142
0.0466172810
0.0521711465
0.0628691409
0.0394472188
0.0422076141
0.0447511444
0.0406361139
0.0368994146
0.0190064909
0.0109426052
0.0136512317
0.0113937937
0.0128624309
0.0187701364
0.0338688150
0.0289432361
0.0312029519
0.0250314117
0.0307213724
0.0239785861
0.0187629711
0.0289001163
0.0209397986
0.0167381663
0.0167337250
0.0094051359
0.0062009828
0.0074072741
0.0114318466
0.0151211754
0.0117781105
0.0149488037
0.0106685207
0.0191578595
0.0302236143
0.0262250358
0.0228784200
0.0232784740
0.0220592691
0.0215984594
0.0278739850
0.0291098275
0.0311243780
0.0248845456
0.0169301911
0.0290744560
0.0317814845
0.0277145779
0.0323561048
0.0356057369
0.0394098154
0.0324433385
0.0333362027
0.0232841081
0.0378388056
0.0534964612
0.0203017105
0.0360865530
0.0112527484
0.0222892563
0.0135200257
0.0234729839
0.0244251940
0.0293371502
0.0375687820
0.0380359759
0.0455888406
0.0474204501
0.0350928963
0.0412512566
0.0386883610
0.0482340916
0.0362159738
0.0393495182
0.0438882680
0.0503437508
0.0526202123
0.0481285398
0.0513275682
0.0532327620
0.0492128671
0.0484751837
0.0447753793
0.0401924012
0.0436124712
0.0391069971
0.0433213853
0.0354669728
0.0402342942
0.0439700234
0.0513995724
0.0404714580
0.0639912948
0.0649053209
0.0724728303
0.0715116141
0.0820287029
0.0810886456
0.0763591379
0.0668429586
