1.6199756076
1.9818919542
2.7832576056
3.2122727207
3.5630659030
4.2182883166
4.5793113341
4.8868331968
4.8155287367
5.0373121269
4.8764161736
5.2988028132
5.5167876239
5.8639667660
5.9280696091
6.1084516280
6.4468588590
6.1132790436
6.1494716398
5.8972076775
5.8828387058
5.7924070843
5.9967733741
5.7768934480
5.6557014064
5.8868667853
5.6963928626
5.4943158194
5.1076505636
4.6351275661
4.5300644909
4.1569460991
3.7542045639
3.3826451643
3.1873126895
3.2047176797
3.0977625482
3.1630507332
2.9846812811
2.8248421780
2.7929625718
2.8543766677
2.7163052535
2.6908357751
2.4920038620
2.6032989612
2.6508462028
2.4919413672
2.4413680614
2.3735058447
2.3053556962
2.4243657610
2.3533245315
2.2916123068
2.3614371466
2.4040176452
2.3889158497
2.2837234683
2.3953358289
2.2367152094
2.1710475468
2.2562245005
1.9144724638
1.7238736226
1.7141822749
1.5213558571
1.3951556071
0.9815936751
0.8529971034
0.5065675374
0.3852828142
0.6196886834
0.7446902705
0.9465699901
1.0312858119
1.0267565165
1.0733500373
1.1669087077
1.0309974532
0.9472781348
0.9190574072
0.8691098980
0.7902528764
0.8427579064
0.3174706819
0.5487719108
0.5232150729
0.5736880680
0.7574670621
0.9069937323
1.0016105727
0.9649580119
0.8910702800
1.0571605095
0.7661366435
0.5833180425
0.4871303852
0.6491634660
0.3732782472
0.5343300159
0.5916586278
0.7827563308
0.5958971887
0.4251957890
0.5458217329
0.5061667178
0.7524123689
0.5025846594
0.7662815692
0.6005351693
0.6235429884
0.7962087740
0.7382233789
0.7377640883
0.6113159552
0.4723948464
0.6889858975
0.7232945454
0.9062582783
0.9987192569
0.7306830852
0.9087681754
0.7095853974
0.6897324779
0.8492045470
1.1359905312
0.7025539591
0.8739948709
0.9445526888
1.1307474932
0.9872182372
0.8615737463
0.7689025969
0.6588218756
0.8319339636
1.3021518960
1.3880248659
1.5641692257
1.1567706566
1.0855533617
1.0926690805
0.9177771461
0.8920263590
1.2591074399
1.4064140805
1.3894458046
1.1559477786
1.2892349471
1.1296857207
0.7889180041
0.8223138683
0.8742221409
1.2993946067
1.0602335464
1.2890715935
1.4960937263
1.1333332796
1.3236022396
1.1510228503
1.2404000910
1.1871166561
1.2418206383
1.3553342932
1.6690903349
2.0807098522
0.8652361699
1.3113386086
1.1951783531
1.0588752003
1.2530999674
1.5461007252
1.3948453293
1.6961599426
1.1962667451
0.9746247590
0.9863619374
1.0103722251
0.7080230105
0.7653038786
0.8002134932
0.9984248477
1.3208689450
1.4988482777
1.6768093033
1.7840156977
1.7368345233
1.6813246381
1.8629216924
1.9016154003
1.9358282453
1.6831738610
1.5690511885
1.3113556043
1.4565373612
1.4237339963
1.5370117197
1.6984741523
1.6906479590
1.5497989898
1.7023699931
1.8614933314
1.6577014302
1.6803311769
1.6868961155
1.6896781723
1.5791142108
1.7169177309
1.9961445643
2.0510894520
2.0458880834
2.0776562019
2.2308053323
2.2354852017
2.2168835460
2.3124925196
2.3736059482
2.4079022276
2.2797836249
2.2272760235
2.0855067858
2.2516560209
2.1708191290
2.1877776085
2.3239901106
2.5304778607
2.4559379705
2.4293542672
2.3268918371
2.4414975991
2.4383764026
2.6396553223
2.5077038293
2.5992266734
2.5607622971
2.5705928944
2.7138484378
2.7541123668
2.8587590845
2.8206104422
2.7765603324
2.7121063152
2.9550722411
2.6844727453
2.8010584870
2.8963428022
2.6499568438
2.7005757683
2.8026966317
2.7224659300
2.6904384936
2.7005177284
2.7020383658
2.5727295006
2.6047266372
2.6977458870
2.5953052672
2.7017610402
2.4659020590
2.7126721743
2.6319218997
2.7966378808
2.8560797247
2.8815785195
2.4576402398
2.5680759558
2.7207182938
2.6733511043
2.7828751287
2.8353314232
3.0139381203
2.9436259983
2.9249768452
3.2320317849
3.3055366687
4.0134639021
3.9670062236
2.8987796348
2.8958805584
2.4468386458
2.4487541248
1.2938341247
1.2876704152
1.1549865160
3.1319536693
3.5036228739
4.1953391784
4.2441491439
3.2439647388
3.0626394129
3.4564900655
3.7098483382
3.3257937332
3.1456473919
3.3124510198
3.3691960503
3.3328542219
3.4289745576
3.4834097454
3.4655012262
3.3937700753
3.4059132275
3.2985326871
3.5233296593
3.4123035040
3.2241964473
3.1164911477
3.6723216455
3.5653015378
3.6333450095
3.3908513821
3.3907874861
3.4702465321
3.4539002267
3.4933909502
3.4654423916
3.4177210512
3.4582715508
3.4449214837
3.4358197669
3.4270429873
3.4700163713
3.4634305810
3.5230791492
3.4865452350
3.6570077518
3.5178252020
3.5781579163
3.6259415150
3.5710645465
3.5791869181
3.5698310871
3.6144470879
3.5897231709
3.6032150141
3.6169625694
3.5356927732
3.3314399917
3.4682518296
3.4738010436
3.5707681043
3.2811848124
3.3317714714
3.3644356642
3.5218843393
3.2875476323
3.3679751614
3.5550595374
3.5881544288
3.5418716782
3.4787073240
3.5677336428
3.5010786409
3.4868161664
3.5167195242
3.3742366927
3.4259222667
3.3885094441
3.5162277389
3.4829192470
3.5570229930
3.5724505890
3.4904912598
3.4484931716
3.4695655631
3.4670204451
3.5049598373
3.4858488629
3.5102884827
3.5069992919
3.4285416350
3.4186839956
3.4314667527
3.5163100605
3.4220314460
3.3986327477
3.8711558083
3.8514423189
3.9798203183
3.6149744491
3.6531986097
3.8498555041
3.5655742047
3.6787469106
3.8679693625
5.6215154333
3.7764258115
5.7290611315
5.6490635472
3.9503111556
3.8475130872
4.3585730571
3.0981727985
3.3984374312
3.4901387397
3.6491955420
3.4002864794
3.2424295885
3.6057678978
3.6573842690
3.8507964846
3.6540211709
3.6418022425
4.1385052145
3.3951718185
3.7579781949
3.6827559073
3.7950508763
2.7774590029
2.7525673125
4.5344795959
2.5828492130
4.5463571579
4.1794737205
4.2118240185
3.3787455721
3.5202032304
3.1338390309
3.1103296610
4.0317772556
3.9971828429
4.0647850691
4.0153772298
3.6226774275
3.8528615476
3.8274385137
3.8140372382
3.7962237627
3.7729807350
3.6344703374
3.6106460447
3.6994873145
3.5773079312
3.5326196941
3.6032466736
3.7322521394
3.6023360105
3.4733805180
3.4294769315
3.5585809741
3.7276742833
3.8892469818
3.8942162748
3.6917613652
3.7868457841
4.0335835933
3.8069269585
3.5620331359
3.6869185065
3.7824690750
3.7205893840
3.7184833279
3.7981298112
3.7926552845
3.8845480592
3.8676526473
3.8673063497
3.8536020585
3.9268731147
4.0038872378
3.7615699287
3.8764874664
3.8488224131
3.8619528026
3.9392925640
4.0720624183
4.2972476261
4.1444339723
4.1139970004
4.0899299872
4.0272736783
4.0492400889
4.0544415889
3.7628007418
3.5838197380
4.1522554251
4.3289770953
3.7393111023
3.8586844595
3.9303971351
4.0032871550
4.1290908155
4.0722026427
3.9313442870
4.0779293386
4.1437189507
4.0931363626
3.8772393425
3.9797132840
4.0769096009
4.0881679999
4.1978835270
4.0819744945
4.1124658852
4.1510714244
4.2610634466
4.2084480225
4.1548693901
4.1001356765
4.1306584578
4.1549186891
4.2540273440
4.0787166708
4.0786550372
4.1488236517
4.2849679017
4.2484348822
4.2578269913
4.3563446716
4.4522437419
4.4501781211
4.3883960744
4.4114903548
4.3451508038
4.3891801031
4.3173570426
4.4210221572
4.5897499623
4.4600426327
4.3845014805
4.1799856413
4.1267093978
4.1273885277
4.2416827571
4.2062985861
4.3213968956
4.2768179051
4.2817909315
4.2801652276
4.2860791703
4.2896978068
4.3224739588
4.3908060284
4.4797867335
4.5939017246
4.6526490964
4.6479889004
4.6425092160
4.6575477292
4.7161063165
4.7474685517
4.8618067732
4.7271145334
4.6589089937
4.7232748020
4.8284850607
4.7673854217
4.7534530430
4.5846775452
4.5685333678
4.4772009799
4.4748979590
4.4903668674
4.5247988104
4.2203261311
4.3332953541
4.4190822605
4.6193141978
4.6440273857
4.6348096551
4.8044724315
4.8652272844
5.0041764543
4.5363428722
4.4930764213
4.5323459413
4.4224064293
4.4232818680
4.4243292371
4.4597390730
4.4766868940
4.5170876675
4.4841124690
4.4576177689
4.3533878998
4.2769865309
4.2679828865
4.1687105911
4.2346867655
4.1573856528
4.1518220895
4.0754656328
4.1614499895
4.1453239663
4.2164062050
4.2156973754
4.1650014385
4.0975758012
3.9552714178
3.9705286520
3.9517072035
3.9817738657
4.0385214801
3.9454711067
3.9066631129
3.9410045352
3.8905477613
3.8884713497
3.9513191511
3.9265197505
3.8334549330
3.9580366595
3.9287652528
3.9856641127
3.9550285153
3.9741471521
3.9555654144
3.9281640325
3.8361785791
3.8460030134
3.8979849984
3.8562215190
3.8136047920
3.8230148308
3.7409430789
3.6591528695
3.6995449184
3.6832165318
3.7435880015
