0.3117054159
0.3193780437
0.3954798364
0.3675339284
0.1709439435
0.2651082905
0.5350703702
0.7696906588
0.9090171896
1.1998948602
1.4308683400
1.6186130446
1.8037057827
1.9562034481
2.0485644186
1.9201814641
1.9018649928
1.8388708460
1.8560058359
1.8218074891
1.9287023687
1.8448045995
1.7862834059
1.9518578592
2.1195217855
2.1959097148
2.3751017251
2.3645923625
2.7239432877
2.7663850859
2.9897195618
3.1573382745
3.2685717507
3.2977036792
3.3881163618
3.3991662922
3.3500218004
3.6798637281
2.9948294272
2.6013488220
2.1686915758
1.9378400845
1.8229060584
1.5893571075
2.0613673552
1.3872718762
1.4197541663
1.2142835490
1.5345851344
1.6640368666
1.7240746124
1.6460579037
1.4650442263
1.2950940452
1.2117544110
1.1928839930
1.4121042799
1.4384719566
1.4187769734
1.5105899712
1.5029692752
1.6286663185
1.3249078325
1.0275599396
1.2875650397
1.1442895178
1.2093836745
1.0077021277
0.8588339557
0.9123597765
0.6376971125
0.6788968014
0.8677338101
0.9718270172
0.7145222530
0.7475142569
0.7294142483
0.6837556850
0.8231521765
0.9633251846
0.7645000365
0.6810311634
0.7531478844
0.6896803903
0.7207446592
0.5584612883
0.6945101891
0.5457869799
0.5802865411
0.5107432474
0.6806884051
0.4653421065
0.4292674125
0.7382220540
0.4914622329
0.1533642393
0.4176405749
0.3181460792
0.3882955984
0.5967430889
0.7095147573
0.4690647600
0.3929275983
0.4289997456
0.3779895688
0.2250664446
0.5943444577
0.5951230885
0.8351673804
1.0725859873
0.2477432952
0.3449053149
0.8027855888
0.5606318229
1.0496045076
0.6232066293
0.5634386524
1.3302375361
1.2438697337
0.7693458810
0.9445606142
0.6649891420
0.6812640877
0.6785659034
0.5817033372
0.6786560339
0.6102141454
0.7438865389
0.7142697186
0.7376335589
0.8235949494
0.8032832435
0.9772224628
0.9474002490
0.8443607935
0.8382032568
0.8188368527
2.0287630240
2.0634790435
1.9535532672
1.9215747250
2.1602105835
2.2132251194
0.6611768690
0.5317799670
0.6202175444
0.9773646104
0.8026626757
0.6908087575
0.3717067669
0.2644783126
0.4596367912
0.8541988294
0.6860552076
0.8379898388
0.6034832392
0.7537280079
0.7593763697
0.5497724557
0.6724194147
0.5154309027
0.5569636152
0.7825083719
0.8541652023
0.6961118232
0.8173175847
0.7314001441
0.9490682973
0.6987672000
0.5066410500
0.7688423417
0.5889905832
0.7437574974
0.8203103551
0.7940427410
0.6271643281
0.4194443098
0.4976965914
0.5609686148
0.5775620743
0.7327014841
0.8719410616
0.5444140299
0.4632528904
0.5115736957
0.5289385293
0.4336496042
0.5894779560
0.6111998857
0.6100697823
0.6197712057
0.7507453186
0.6610992333
0.5900176311
0.5671241346
0.5474678977
0.7318703705
0.7316874516
0.3939390409
0.5530587967
0.6849167657
0.6759039523
0.6792592581
0.7167099350
0.8102001272
0.8284571871
0.8769000472
0.7596211965
0.8420122390
0.4785120005
0.5076202553
0.4972288267
0.3883998387
0.4934097893
0.6338492429
0.5001728640
0.6447832492
0.6559560378
0.6819086883
0.7307551794
0.7115163272
0.6420227162
0.5561706033
0.6345840605
0.6317059523
0.7013622083
1.0394407688
0.5213423548
0.3557812131
0.1720537669
0.5245907934
0.5604441887
2.2591753245
1.5716296795
0.5456370732
1.3079562677
0.6781085412
1.4020779137
1.5954884963
0.7882652669
1.9551175242
2.2447932201
0.4445664055
0.3963307502
0.3742884183
0.3455785125
0.5597311806
0.3731126076
0.6437444897
0.1235492241
0.1116281675
0.4023047533
0.4358903526
0.4966356563
0.5584065146
0.3067650799
0.2257643536
0.2085714067
0.3642815806
0.2119076778
0.1296933109
0.1445761329
0.2062644947
0.0699845089
0.3808807376
0.1503636064
0.1321500922
0.1204881880
0.2103279385
0.2661998019
0.2157263112
0.2221009423
0.3011567254
0.2277444461
0.3506983995
0.1402594626
0.3754469751
0.4679608262
0.2744229582
0.3305693415
0.1719513453
0.1714358508
0.1950415548
0.1551832220
0.2347362439
0.1946501532
0.2023089578
0.3096052672
0.3716510390
0.4127329118
1.0696064545
0.8629165266
0.3784857400
0.4347185614
0.6125459603
1.5680748796
1.6391086816
0.9227099764
1.0322025539
0.7333037619
1.3889196294
0.9070966176
2.1987737507
0.2747023753
0.3511518052
0.5835227832
0.4758462342
0.3735193058
0.4571462337
0.8961589818
0.6328996703
0.5637418907
0.4356164704
0.2819205897
2.3599551895
0.3976694176
0.5603120067
0.4839316700
0.3616323376
0.4744638693
0.4633153478
0.3529881186
0.3765356852
0.2562939506
0.3487887827
0.3051455783
0.3375536371
0.3461526936
0.4365042664
0.6613159118
0.4297680946
0.5822329291
0.2902436177
0.4343429262
0.2364960540
0.4132398639
0.3624796683
0.3621466214
0.2891612221
0.3780419438
0.2235817487
0.4320180609
0.4575359581
0.1503879796
0.4150730660
0.2879113909
0.3538813304
0.3976532908
0.4295315264
0.4709160331
0.4112545520
0.4188970830
0.6228490486
0.7815330910
0.6826743445
0.2712142203
0.8897361749
1.3781974991
1.7107199557
1.3618000367
1.3673833061
1.2368082994
1.1242716600
0.5837534540
0.5393996011
1.6741947195
1.0262112146
0.8652462321
0.9969068237
1.0979424193
0.8727686369
1.5411994405
0.7775965145
0.7895272663
0.5348527779
0.5626439057
0.6840861513
1.2094509313
0.6379996354
1.4562476652
0.8097796677
0.7667417529
0.6528088534
0.3393049873
0.3206928282
0.3364574936
0.4822074067
0.3156477423
0.5014653592
0.1292518597
0.2382620637
0.4502796243
0.4558940830
0.3412640670
0.4771748342
0.7072039339
0.6961929128
0.3524498455
0.4508053130
0.6133431420
0.6782186221
0.4699255328
0.4585399521
0.3801172776
0.3428846173
0.3990910208
0.2223015077
0.2573311654
0.4737527394
0.7137253401
0.6418933257
0.5432604310
0.4083223725
0.6486104068
0.4623390134
0.3955950522
0.5170210803
0.8149904980
0.7708755706
1.0122299182
0.5611859362
0.7667313195
1.0987439812
1.1978871954
1.3000532034
0.6031094395
1.4743154644
0.6768647730
0.5528788597
0.7302133462
2.0596237287
1.8332851048
0.5914161303
0.3689965226
2.0098335641
1.0312621318
0.2332146680
0.3297933723
0.2908730524
1.3752115107
0.4105995602
0.3451311065
0.4280270115
0.6125380000
0.4383731941
1.2367708355
0.2603764826
0.5550738413
0.3123593120
0.5823032908
0.5788157463
0.3734388969
0.5590357599
0.5066264299
0.3956105339
0.3688564515
0.5056024270
0.4508324954
0.3767798917
0.2366656935
0.3249448733
0.4817896534
0.4531164073
0.4872181313
0.6189507579
0.5403911974
0.7398241786
0.6994684361
0.5266132431
0.4672511741
0.2782280003
0.4382576098
0.4909382130
0.4251793229
0.6158202521
0.5515896152
0.5760864962
0.2357016754
0.4771981777
0.5216822363
0.6165360247
0.7081177739
1.3687807681
0.9325314736
0.8039896375
0.8083529758
0.6619222127
0.5356256859
0.5724237226
0.5966245252
0.4948686548
1.0985642449
1.2432922258
0.8412275752
1.1839648447
0.9776076463
0.6036464015
0.7725364881
0.9280877648
0.7567867471
2.7862435683
0.9546241279
1.0259272010
1.3766566034
1.0809093609
0.6405575529
0.5613269232
0.4598663151
0.4224367435
0.5187616350
0.4772378859
0.3096020744
0.4367455698
0.4733182164
0.4820009032
0.4987175360
0.4436861020
0.3858129204
0.4007229293
0.3722270151
0.5826764555
0.2797363845
0.3331255082
0.4757102900
0.5588022910
0.7031821369
0.6154801306
0.8052201157
0.6608686407
0.6162077049
0.5930080994
0.4928392389
0.3685352343
0.5639575133
0.4226243312
0.6151088553
0.3824618559
0.6913215062
0.5977251335
0.2468127174
0.7131460627
0.4787908328
0.5125899604
0.7453251554
0.7267410824
0.7035613911
0.7665504492
0.6270064100
0.8179037599
0.3416853427
0.5658316634
0.5306776802
0.8003484486
0.4959078950
0.7712023288
0.5682502382
0.6344695959
0.5912786187
0.9176620790
0.8185706457
1.3802916306
0.6793280438
0.9698699711
1.2058937526
0.8162151698
1.0934823385
0.8530177120
1.6059468460
0.8810801864
1.0144592957
2.0852248637
1.5888719412
1.3246502608
1.3480459206
1.4258947808
2.2589069469
2.3601943523
1.2733562583
1.1067793742
1.5031560510
0.8965346088
5.8964726963
6.0561386799
0.4963779329
0.8430860655
1.0254893300
0.6257794792
0.8318304036
0.9045018891
0.9254122696
0.6581864022
0.6185746941
0.6575613059
0.7097750381
0.6277182464
0.4780509795
0.4955168662
0.6454989101
0.5036281079
0.5450219320
0.6375136810
0.6987160548
0.5923572940
0.6054942615
0.6545365104
0.7882243744
0.6945295214
0.6988007858
0.5676844101
0.4938583727
0.4958400102
0.3558485383
0.8637781225
0.6406310543
0.3960179102
0.5546263809
0.6584118644
0.4614305773
0.6356751177
0.9398135184
0.9315868736
1.0191437948
0.8797500947
0.9765832586
0.8159162274
1.1112552644
0.6138166644
0.6339314419
0.3217878276
0.7800904555
0.3243160068
0.4384616844
0.3952992685
0.6355739029
1.0670273578
1.4504148677
1.5617584459
0.9021506808
0.8267132132
0.8587524698
0.9258566550
1.0344416214
1.0284071450
0.6865016599
0.7296725812
1.5900491283
1.9117497508
1.5295060142
1.4382993177
1.3308457128
1.7230743608
0.6626232237
6.0943610166
0.9846154210
0.7043511451
0.4958792244
0.7446759081
0.7171086004
0.4959820457
0.2991529486
0.4627982412
0.4215890077
0.2831593742
0.1367051030
0.1375058120
0.4967717490
0.2206784294
0.2951428483
0.2764015976
0.4236313008
0.4300935671
0.3575524118
0.5085439093
0.5454036628
0.6777121474
0.5947778477
0.6078189468
0.5770451679
0.5847536042
0.6223707505
0.6892298875
0.6758631824
0.4603166130
0.6878439323
0.4588788641
0.3447186858
0.2594020714
0.1267828472
0.5349971131
0.6176767937
0.5510684400
0.7039315057
0.4504208120
0.4533926508
0.5567878173
0.7335493034
0.3966250461
0.4488333703
0.4412062696
0.6503515169
0.8073670886
0.8064336347
0.7624901920
1.2882825631
1.4625937122
0.6703378664
0.5701959956
0.5538611315
0.5404235015
0.6021120246
0.2408532251
0.4581269194
0.7908574525
0.9497742504
0.8989394285
1.9255977282
2.0292899698
0.8286672084
1.1245809033
3.4053528532
4.0495892374
3.5061214367
1.1437513094
1.3349945165
1.3700780882
1.0352035402
0.5292728534
0.8021149195
0.5925082579
0.5026216423
0.3143822828
0.4616994424
0.2318347912
0.2498109148
0.4000160230
0.3950380919
0.0448934828
0.0594868183
0.2198924394
0.3097425693
0.3497505464
0.2954154759
0.2362044906
0.4146571987
0.5149203821
0.5783096196
0.7015578873
0.2753094257
0.1456723631
0.4221626471
0.2984994557
0.3356865521
0.2947944447
0.6134397434
0.5026305886
0.9274908976
0.7970900403
0.4043398037
0.4390657122
0.7833055112
0.8810912226
0.7349493870
0.9537131318
0.6893689519
0.8070671841
0.9049639747
0.8563093304
1.0116328194
1.0138668033
1.0440718556
0.9087481468
0.6466120119
0.2107975759
0.5216905716
0.6450254851
0.5652535341
0.9368994364
1.2378545232
0.4112905619
1.6446656228
0.4892980287
0.8600965707
0.5791771601
1.0085501604
1.3195354650
1.0688142463
0.9767908954
0.7733460710
1.2762309183
2.2662317015
0.3623035657
1.9409542744
2.1889923859
3.4515896118
2.2297132671
1.3494799512
1.1739704065
1.3290853153
1.4337754310
1.8673439927
1.6972230164
0.9564963587
0.9062873555
1.4443304489
0.7273250406
0.9266246316
0.6454356149
0.7479631918
0.9830445136
0.6670802729
0.5633582265
0.5268572797
0.7049231373
0.7071923670
0.6596171702
0.7185781591
0.7693244951
0.5726695135
0.5605878647
0.6440902195
0.7337957697
0.3664302914
0.1686997824
0.5094323210
0.6604280017
0.8259756769
0.3946647720
0.3239641619
0.3299266054
0.1945171145
0.5634195422
0.3267232152
0.5636727105
0.4074097543
0.4981274984
0.7367708455
0.5280127326
0.5772055690
0.6355581084
0.6752566963
0.7808936815
0.8795351693
0.9316986299
0.6736556146
0.9411583368
0.9206242533
1.2798092568
0.8602373763
1.2723584023
0.9290344812
0.7281506851
0.4772966427
0.7080906495
0.8077164625
0.4649319875
1.6997651826
1.4261894481
1.3399226965
2.7637723091
2.0164948643
2.1014432345
2.1698628762
1.5117263580
0.9372538751
0.7887418433
0.9984035803
0.5186207011
1.7157328257
1.6177582495
1.6421070189
1.1029271489
0.4153257325
1.1165635696
0.5646472812
0.5335250951
0.3255654771
0.7345449680
0.3581778106
0.4109988625
0.6071204111
0.7353849773
0.5201998741
0.6816710228
0.7083351316
0.8440137091
0.7022781655
0.6332335260
0.7730281372
0.6921297962
0.8305433542
0.6398060134
0.8938536728
0.7362585737
0.8872720215
0.6945833077
0.5711831071
0.5516936430
0.6684027924
0.6273355108
0.3901790189
0.5685503081
0.5388824615
0.3081924685
0.4554852150
0.5067312378
0.3010508236
0.5679031344
0.6121442149
1.0769372673
1.3796733584
1.1343986808
0.7669186827
0.5732491002
0.7742223669
0.7096012355
0.5701606412
0.6708720301
1.0698862736
1.0340810165
1.3636197843
0.8976749007
1.2767868113
1.2164481866
0.8716455482
2.2986565474
3.4654121910
1.1882810717
0.7942722673
0.8510847824
0.3008142183
0.8437978317
1.6481539680
0.7110341512
0.9465084283
0.9608761406
0.8293589328
0.6807627169
0.6459394821
0.5567830178
0.5292379459
0.4343466338
0.5387361707
0.5960045169
0.4586986845
0.5458578075
0.6531136480
0.6968670829
0.6526913923
0.5446587413
0.6407704305
0.5469455131
0.7822414788
0.6763785962
0.7038250185
0.7581898878
0.6520337345
0.7484951730
0.8243502119
0.7700398789
0.7538146614
0.6817409665
0.5431092336
0.5728998352
0.5199933882
0.6256971969
0.4014068795
0.5037516319
0.6402607390
0.6154474098
0.5166540028
0.8783649753
0.5961756320
0.6034265225
0.4498425893
0.7399412621
0.7546387688
0.5270253874
0.7433279901
0.9356288786
0.9463210441
0.6569247373
0.5316174058
1.1876811983
0.6353538426
0.8917832051
0.4089080173
0.4321187997
0.7143862040
0.5158102242
0.4107984644
0.6429602091
0.9114891503
0.6040229497
1.4007083017
0.6874553230
0.6856194442
0.8951156886
0.5212996286
1.2328829088
2.1556483756
0.2453395494
0.8480371338
0.7605320342
0.8889712488
0.8498944512
0.6608921061
0.7639026690
0.6579460040
0.7227878782
0.8376492553
0.6189248874
0.7351775007
0.5507647306
0.7069367570
0.6791564467
0.6843157761
0.8679478328
0.6388286786
0.6899426156
0.7604744655
0.7265523087
0.7029769028
0.7010826827
0.7649945928
0.6309796453
0.7319116103
0.6239831676
0.6733910815
0.8117593940
0.7284181364
0.6791695967
0.6336072762
0.5627611090
0.6028512658
0.7398763339
0.7600669681
0.6746187602
0.9130944262
0.8385285015
0.9160918705
1.0008539352
0.7670340757
0.7662011850
0.8573010747
1.0368666276
1.1616854942
0.7328414135
0.5385695509
0.7136826225
0.8439835261
1.0916848423
0.8663101208
0.6905374873
0.6804897636
0.5759495361
0.6650368040
0.7724485083
0.9981304591
0.7505877188
0.6471271504
0.7923970362
0.8180017400
0.7354887017
0.6953965088
0.6429287641
0.3539042351
1.3308939802
0.6297925066
0.5311221325
0.5534584681
1.0259391297
0.9749846448
1.8030188658
0.6551539747
0.4819899042
0.4509975240
0.5119124585
0.4740046260
0.6621176871
0.6027118316
0.7125819263
0.9293761735
0.8601930065
0.6271810156
0.5045472085
0.6005651429
0.7736231582
0.8286905427
0.7782228931
0.7898738548
0.8222507529
0.7121920449
0.6802611644
0.9982511134
0.7920085796
0.6228043234
0.7608026777
0.7003415266
0.7944015550
0.8252328957
0.8187822911
0.8486017714
0.9269760925
0.8044405296
0.8040979837
0.8318629686
0.8378434315
0.8053695300
1.0600451334
1.0626842858
1.0074883555
1.0362169046
1.0228743887
0.8366329621
0.8389857352
0.4734658871
0.6165406676
0.4768035257
0.6394601339
0.6407392233
0.8529671462
0.5828728641
0.6647585834
1.1112750995
1.0842261415
0.9411017830
1.0275596217
0.9939655115
1.1212572122
0.9568304030
0.9490539235
1.2421347746
0.7947497059
0.6684172781
1.1374007993
1.0555130486
0.9266370532
0.8430918386
0.9398873234
1.1377250207
1.2885586673
1.2206163813
1.1682333344
1.3797638403
0.8775604033
1.2359775542
0.8041564215
1.1137271615
1.0789497757
0.9322256280
1.0062170506
0.8300438170
0.7232526792
0.8664193997
1.1127828440
1.0235862210
1.0452902037
0.9987628118
0.6265431680
1.2704566830
1.1749746314
0.8866229947
0.8200999823
0.7601061639
0.7772997960
1.1415143901
1.1397403378
1.2758141243
0.9787142356
1.1567134541
1.0826071049
1.1868435958
1.0513603624
1.1148819461
0.9978234477
0.9442983460
0.8527878983
