7.5508429080
6.8815422001
6.6440327394
6.1658489686
5.8447801596
5.3841251636
5.4565589304
5.4440703302
5.4785405954
5.3352421912
5.4591334632
5.6510566985
5.8561104151
5.8197105906
5.7976507130
5.8434321593
5.8913032291
5.9337625789
6.0389163689
5.9904766061
6.0894030520
6.1627789908
6.3851568097
6.4011570102
6.6076306620
6.8231466421
6.8847783432
6.9811199167
6.9757412763
7.1099770048
7.1867011263
7.2144111469
7.1667179344
7.0769914338
7.0771282190
7.1247318945
7.2797053388
7.3693690986
7.4656572096
7.5073975685
7.5869527105
7.6472092311
7.6632354788
7.6221540310
7.5748080684
7.5414780131
7.5238268176
7.4940077343
7.4806503798
7.5685476082
7.6963290273
7.8044185692
7.9337582999
7.9684169231
8.0491955555
8.1049611277
8.1377850588
8.2123205024
8.2601172597
8.2819037538
8.3084722515
8.3411044369
8.3818248087
8.4223583486
8.4603531118
8.5046239755
8.5508590783
8.5953146209
8.6413914537
8.6895565421
8.7352391553
8.7826885647
8.8296575600
8.8717778768
8.9162837333
8.9555624440
8.9895777955
9.0222245176
9.0533817400
9.0833142624
9.1086121223
9.1317208516
9.1537907096
9.1736324896
9.1902741930
9.2053857481
9.2204140314
9.2346389931
9.2480118924
9.2584818502
9.2664153097
9.2720857688
9.2760607088
9.2780804828
9.2774138151
9.2687033143
9.2592916360
9.2485301941
9.2399862784
9.2287099801
9.2207076851
9.2105920292
9.1998153544
9.1877735538
9.1732599473
9.1571629948
9.1416650180
9.1271306058
9.1067380212
9.0871879965
9.0642688698
9.0432637812
9.0208520533
8.9988462616
8.9762530785
8.9526345563
8.9276423553
8.9015453274
8.8726359763
8.8476001864
8.8228585496
8.7956800120
8.7665671439
8.7375784983
8.7092363130
8.6809763552
8.6513368006
8.6218275135
8.5901908088
8.5576279703
8.5236227453
8.4907876700
8.4578803663
8.4237388262
8.3893547519
8.3543499142
8.3159150188
8.2768633711
8.2393309006
8.2007990046
8.1617134592
8.1205260461
8.0772535339
8.0364163905
7.9974094429
7.9532519289
7.9067872504
7.8597128275
7.8078100773
7.7549387371
7.6908111794
7.6157852310
7.9796747757
8.5180574950
8.3947381720
8.9137571408
9.5493369778
10.1930458219
10.6869692601
11.0567537824
11.4008009817
11.5172871963
11.5936268922
11.6280840091
11.6650761390
11.6592943416
11.6513448986
11.6205952351
11.6404414042
11.6810270235
11.6417511451
11.6295955731
11.6607078673
11.7144656185
11.6489405422
11.6436428811
11.6911957106
11.6410872454
11.5283786305
11.4998402792
11.6072188955
11.5836756697
11.5533397038
11.5495067322
11.6581819507
11.5964862481
11.6796332334
11.5785846755
11.5164998923
11.5677940986
11.5020984427
11.4401174839
11.3984744929
11.3443208462
11.3815359964
11.3257564003
11.2355680586
11.1569590418
11.1869793960
11.2127246666
11.2049135336
11.2226291974
11.1592697167
11.2269233583
11.2765648343
11.3401408366
11.4443900828
11.5074309537
11.6637622372
11.7140961226
11.7590829419
11.6782045979
11.5859793754
11.5337114598
11.4672752791
11.3688316309
11.2047813455
11.0213679462
10.8559221620
10.6379238605
10.4863957446
10.4711894084
10.6389452347
10.8399210562
10.9458857967
10.7554011437
10.4945498337
10.2598585109
9.9897545809
9.7844472277
9.5416007258
9.3243816952
9.0701902314
8.9355695253
8.7958267427
8.5019581828
8.4362231709
8.1980287133
8.0801367400
7.9152105142
7.9400052791
8.1230653614
8.2233170621
8.3365259739
8.3378941218
8.3129816731
8.3211915813
8.4064933271
8.2842849893
8.4653044180
8.2549997536
8.2087168545
8.0770114957
8.0825044851
7.9694312488
7.8906100548
7.8103694482
7.8126801910
7.1839548635
7.1575672939
6.6103510554
6.5301055745
6.1380170611
6.0540566349
5.6575279340
5.6065734925
5.2339831660
4.7750262979
4.8045530495
4.7248949902
4.7151230315
4.5124123008
4.6267620279
4.5245418989
4.8196728890
5.0818993435
5.1812918477
5.1023458019
4.9385463712
4.7558067442
4.5417082615
4.3987564447
4.1924926237
4.0217024463
3.9418267213
4.0690480947
4.1668899990
4.0415213464
3.8945514945
3.7660872192
3.6679240931
3.6310285644
3.6295661590
3.5211931185
3.4570121233
3.3373768654
3.2014382648
2.8788993458
2.5478387646
2.1035492372
1.6885031413
1.3726097053
1.3129692261
1.4685295997
1.6289354988
1.8475030167
1.9354903270
2.0540249769
2.1367820140
2.2403859469
2.3611261126
2.5233789092
2.3970814060
2.3257046591
2.3402962704
2.2713206402
2.1701395443
2.2573705401
2.1727591775
2.2760900478
2.1635995511
2.0468727452
2.1674931153
2.0027516807
1.8788216621
1.8544679808
1.8402106688
2.1562097258
2.2091664298
2.1695811247
2.3031896087
2.3685517986
2.3694383284
2.4701710087
2.4721235913
2.4643449592
2.4476090596
2.3921901006
2.3571579094
2.3542630481
2.3038642926
2.2630301862
2.2769502704
2.2791263214
2.2796034024
2.2955256152
2.2557282408
2.2578504210
2.2495081223
2.2395169168
2.2271990468
2.2129035900
2.2353878571
2.2844168925
2.2280298555
2.3119085778
2.3519380536
2.3658894848
2.3766647421
2.4376406362
2.5885981389
2.8663293232
2.9524258075
2.9969133110
3.0031336392
2.9716165535
2.9114368064
2.8638641048
2.8425214957
2.8415328847
2.8793244738
2.9957913487
3.5569516246
4.0036593311
4.1518223950
4.4546578106
4.6200944977
4.8225821625
4.8291948037
4.7319339297
4.5273290637
4.1616912593
3.7745279187
3.5549413640
3.4654658477
3.5167275064
3.5968673167
3.6387619324
3.6615906828
3.6642167982
3.6996603623
3.7130450265
3.7040161061
3.7318192545
3.6929483271
3.6580974988
3.6536549551
3.5993994407
3.5412937048
3.5318551099
3.4480195475
3.4105046501
3.3862004820
3.3483033288
3.3502244290
3.3358461670
3.3096073542
3.2988866780
3.2635117607
3.2070225686
3.1890877685
3.1494253620
3.1007865455
3.0700375172
3.0817710447
3.0830041468
3.0228395616
2.9983127548
2.9717288997
3.0290441822
3.0856272301
3.1276330346
3.2350163148
3.2933473832
3.3255969339
3.3397753247
3.2732646040
3.1528708738
3.0740579436
3.0088884811
3.0586732025
3.0511840129
3.1204615378
3.1946777416
3.2663625902
3.3670656976
3.4174977005
3.4719112192
3.5506898409
3.6681255915
3.8582408766
3.9064120040
3.9001468442
3.8928414144
3.9362482826
3.9425424451
3.8020512007
3.7428026889
3.5632482533
3.6140636211
3.6762690727
3.7971824088
3.8369728345
3.8806522555
3.7946420876
3.6818375049
3.5357503703
3.5533944257
3.5171572191
3.5163104918
3.4625815737
3.4948274496
3.4907981194
3.4362641032
3.5003411176
3.5617835384
3.6152309310
3.7231090713
3.7210829954
3.7955299249
3.9164410616
3.8987582853
3.7979934802
3.6723344933
3.5718411743
3.5156675094
3.5261882200
3.4760316815
3.3572650452
3.2149784869
3.1125965822
3.0532120684
3.0220866682
2.9818103418
3.0077957671
3.0606236853
3.1105813065
3.1035264612
3.1423562601
3.2476737878
3.3750429861
3.3777047555
3.5408202671
3.5599914649
3.7121619075
3.7991314156
3.8315946048
3.8874460648
3.8777064024
3.9218846442
3.9385411921
3.9637716013
3.9810277869
3.9964447042
3.9746563643
3.9982863370
4.0476682587
4.0048799636
4.0785994170
4.0287701209
4.1452394815
4.1074441138
4.2049154056
4.1935862951
4.1694131499
4.1486149818
4.1880774326
4.1927082274
4.1646170697
4.2120901293
4.1812735552
4.1530677433
4.1326079832
4.1904724434
4.1671231773
4.0845350895
4.2070935089
4.1454542564
4.1751579065
4.3174538796
4.3100199656
4.2974974465
4.4710165045
4.4453121423
4.6285111537
4.6130190598
4.8114807209
4.7866716959
4.9027508591
4.8402547241
4.9770215138
4.9758108054
5.1673902088
5.1612455929
5.3337928815
5.3444767740
5.5296728050
5.7787228947
5.7812866878
6.0614796684
6.4968549811
6.7329752576
6.6556383061
6.6224688315
6.4986686574
6.5606110289
6.5110477817
6.3802009944
5.9355526857
5.9002672240
5.4925894522
5.4555490642
5.0672628589
4.9935445674
4.9696378582
4.8243438984
4.9844560726
5.1065762052
5.3351739241
5.5014998250
5.6024391746
5.6405711594
5.6949746033
5.7263969548
5.7715484022
5.8171595184
5.9443417463
5.9654189962
6.0704245945
6.1257146889
6.0960640866
6.1039488698
6.2183774763
6.2208081454
6.2557947407
6.3070157740
6.3060450820
6.4798524078
6.7046735882
7.0313199862
7.0896296061
7.1219296654
7.0330078620
7.0813187048
7.0033234337
6.9655001054
7.0390963960
7.1108254352
7.2391570580
7.4707854347
7.5506394715
7.6353882212
7.6595212557
7.7833270475
7.7571982861
7.7606089871
7.7019282765
7.6470388690
7.6389290261
7.5919935824
7.5854459109
7.5066554390
7.4510793556
7.4053553094
7.3961141317
7.3913700801
7.3855916588
7.3868437249
7.3803466096
7.3916108676
7.4239023807
7.3721890331
7.3926622855
7.3496808801
7.3216336854
7.2419643616
7.1599742115
7.0946237106
7.0275601878
6.9438170380
6.8278246669
6.7884309553
6.6676287449
6.5545862300
6.5350497199
6.5171716500
6.5063147907
6.4745562175
6.4830638634
6.5658126003
6.5915300716
6.6860003290
6.7921004833
6.9381513281
7.1708763341
7.3726543097
7.4599699741
7.5815952715
7.6074987470
7.6563080870
7.5833356827
7.5318080379
7.2221729416
6.9991198584
6.7588288133
6.6556562056
6.5281378456
6.3373837831
6.1701954329
6.0639619542
6.0997526313
5.8571655977
5.6677270401
5.2680172573
5.0108752962
5.0054087405
5.0291181265
4.9946058181
4.9162521334
4.9824482078
5.4275258854
5.8521965059
6.1955661987
6.2116199758
6.1791770928
5.9976613204
5.8395734921
5.4950006396
5.3007978621
5.1876265996
5.0508191568
5.0122645610
4.9334293524
4.8840457751
4.8683763940
4.8367089802
4.8217326595
4.7852625269
4.7477407477
4.6963917159
4.6589571249
4.6084312487
4.4644409181
4.4198614510
4.3713423192
4.3312985219
4.0738026365
4.0208741742
3.9793071984
3.9503430299
3.9154072495
3.6170528573
3.5643407776
3.5143686553
3.4628306029
3.3412654334
3.3022881536
3.2227593846
3.2198332744
3.1829269732
3.0447460753
3.0088081969
2.8807980770
2.8358728135
2.8043693501
2.7760676001
2.7547140348
2.7222181153
2.7412463715
2.7889763126
2.7757949855
2.7743043105
2.7728147105
2.7703630831
2.7665481937
2.7594641127
2.7578590552
2.9070252198
2.8795409809
2.9200606645
2.9019838880
2.8648953561
2.8448209695
2.9744881313
2.9789972106
2.9817326559
3.0436261777
3.1255922138
3.0772367866
3.0450438176
3.0304122951
3.0213589966
3.0610010785
3.1129904237
3.1047310304
3.1015926785
3.1281883982
3.0705333741
3.0204778120
3.0397319533
2.9910215435
2.9607505189
2.9158273982
2.8742906183
2.8482504358
2.8300882113
2.8043529473
2.7982105341
2.8591632021
2.8286176533
2.8265541974
2.9199791365
2.9801236812
3.0730422894
3.0747541690
3.0868682965
3.0813555778
3.0779265715
3.0751774129
3.0012781314
2.9371940326
2.8581363984
2.7020660293
2.5381061972
2.5872191323
2.7543771813
2.8443372718
3.3232003164
3.4891439649
3.5273387603
3.6008369273
3.6532078049
3.7691222674
3.8049822598
3.9203537295
3.9429069433
4.0712574451
4.0737515909
4.1430641363
4.1323050913
4.2266126486
4.2340842671
4.4099245697
4.4326095653
4.5706818299
4.7716093868
4.7120379672
4.6830555522
4.6402490253
4.5086299176
4.4459105163
4.3735502599
4.2845233957
4.1769261716
5.0975671564
4.9251317756
4.7813631084
4.5922516720
4.5924374133
4.3423160463
4.6267564840
4.5382873623
4.5428650849
4.5461733696
4.5319091342
4.3497248361
4.1461454296
3.7281198282
3.7310278094
3.7141124067
3.5941624475
3.4132292957
3.3218103414
3.0649421422
2.9919397649
2.8510034361
2.5987263753
2.5573791375
2.4473542705
2.4895901083
2.5043508944
2.7100091252
2.7345126779
2.8453949384
3.0782527025
3.1298250694
3.1051751695
3.0396063629
2.9799561014
2.9574801842
3.0194549194
3.0418121922
3.1128493255
3.1321280305
3.1085756198
3.1468117969
3.2722957482
3.3751806824
3.4493907036
3.4857994942
3.5191847612
3.5689116923
3.6160575422
3.6362171616
3.6521640121
3.6155117647
3.6103128183
3.6197274542
3.6661068029
3.6242555794
3.6946562358
3.7603885654
3.6853147314
3.7974269562
3.7222152878
3.8697442154
3.8299931016
3.9889387574
3.9877033179
3.9799431267
4.1841961627
4.1637506441
4.2344538577
4.4641552218
4.5664292637
4.5317583917
4.8947407026
4.9745155003
5.0561805979
5.3924351802
5.4573454972
5.4779981178
5.4439735424
5.4266459217
5.6585838099
5.6006627869
5.5168056665
5.4978798320
5.4740811266
5.6148957547
5.4777526324
5.3084603253
5.3108832156
5.1622591245
5.3392071006
5.3249793674
5.3061711935
5.1871549078
5.2219624118
5.1975472353
5.2948886496
5.2828005607
5.2660577583
5.2482167836
5.2575270709
5.2345945594
5.2108302434
5.1853515097
5.1678041700
5.1472934613
5.1033966718
5.1213450189
5.0962996361
5.0861020292
5.0196132430
5.0054869447
4.9713924353
4.9072026082
4.8870218810
4.7953104032
4.7759559080
4.6050911864
4.5949944819
4.3471144489
4.2810356725
4.2375568415
3.9298578808
3.3883888028
3.3880710128
3.1338940652
2.8405939977
2.8277646306
2.5788086043
2.4185873318
2.3582123475
1.7962951993
1.7433251441
1.7330006486
1.7335095109
1.7168245452
1.7029192012
1.6886855311
1.6700041772
1.6528091331
1.6373317842
1.7204420706
1.7051619120
1.6911978154
1.6968869852
1.6587999664
1.6595370619
1.6703380117
1.7516329077
1.7755550452
1.7969698926
1.8098714815
1.8161922129
1.8398382091
1.9428995657
2.0547882423
2.1426739984
2.1864019587
2.1648397523
2.1446884867
2.1379469750
2.1580063289
2.1950851134
2.2573200078
2.3092871218
2.3823749915
2.5044699522
2.6727524868
2.8751135991
3.0576006695
3.2174991649
3.3948520147
3.5375477846
3.6726739806
3.8056674077
3.9438620606
4.0585026643
4.1452751903
4.2826422199
4.3853016452
4.4298653851
4.4611065523
4.5026768777
4.4750401478
4.3937375241
4.4839690253
4.3108564520
4.1319577973
3.9311642543
3.8693571358
3.6752108402
3.6706652746
3.6866948799
3.5593609220
3.6495221959
3.7787924239
4.1564690009
4.3540408071
4.5665012277
5.0309576858
5.6804733151
5.8511885216
5.8422461885
5.8964488050
6.0321915896
5.9593407376
5.7577771368
5.2339000075
5.2059164536
5.0971743412
4.9020344143
5.0954662892
5.0950497624
5.0455822387
4.8824452506
4.7595863266
4.6556522801
4.5171583784
4.3608925234
4.1238651723
3.8903080457
3.7258882958
3.6288744020
3.5522307936
3.5303523314
3.9660710326
4.3377841959
4.4323102488
4.5026265792
4.7537237972
4.9130320280
5.1281501243
5.6984200964
6.3185969946
6.6843064188
7.0525634242
7.3926586763
7.7599856422
8.1364919329
8.7818732714
9.3592999464
9.8047970279
9.9288365039
9.8792546084
9.7634810866
9.6412627918
9.6779572541
9.7952794952
9.8418250717
10.1469514325
10.2961520301
10.5472346249
11.0816870148
11.0791282085
10.9124403025
10.6356184755
10.3930062684
10.4602308930
10.3891941858
10.3460052916
10.3570503027
10.3141493118
10.2070532324
10.1824260672
10.0403117909
9.8731612044
9.7138415476
9.5346781623
