2.8612616317
2.8677424050
2.8640673492
2.8587648396
2.8823001448
2.8910716017
2.9016189250
2.8952646407
2.8954004975
2.8983564084
2.9119780484
2.9215514803
2.9596567269
2.9569132074
2.9539050567
2.9653125438
2.9676021155
3.0015307087
3.0183364519
3.0596205235
3.0698606671
3.1501204539
3.1554468757
2.6121262504
2.5208296403
2.5026968456
2.4613848752
2.4187709537
2.3879572273
2.3521398232
2.3552903712
2.3460618735
2.3189163242
2.2680033075
2.2311926327
2.1426475222
2.0627880635
1.9899860846
1.9257671183
1.8263000703
1.7228510335
1.6590431978
1.6127491185
3.1282625186
3.2725232790
3.2691243690
3.2933101109
3.2517062727
3.1909681842
3.1254975846
3.0783827169
3.0033692153
2.9230847090
2.7123033296
2.6055776478
2.5685479868
2.5094757945
2.4526533179
2.4031852765
2.4331050424
2.3815884033
2.2990174808
2.2301089151
2.1835271583
2.1408974361
1.8342552098
2.1434596872
1.8187999409
1.8131846574
1.8227088409
1.8273880253
1.8357198677
1.8693152889
1.9136879090
1.9161286121
1.9403108640
1.9336292843
1.9154637727
1.9058670446
1.9254236706
1.9172933202
1.9376493090
1.9682015772
1.9678333162
1.9765427618
1.9725209173
1.9332483379
1.8906864433
1.8326808523
1.8461706456
1.8571259873
1.8800439936
1.9029016661
1.9999217338
2.0264327787
2.0093268890
1.9987610537
2.0005026643
1.9738086233
1.9058004869
1.8292256008
1.7492803126
1.6567988019
1.5908446502
1.5128212771
1.4495640693
1.3827133266
1.3185393353
1.2842188174
1.2963714189
1.3235612771
1.3846268270
1.4738987591
1.5824624929
1.5962610942
1.6581970878
1.6916131499
1.6698753655
1.6311116568
1.5798565301
1.5055465684
1.4371585691
1.3695716622
1.3292998360
1.2688379664
1.2344799412
1.2165046820
1.2235540431
1.2575281707
1.2609113649
1.2163636950
1.1678872704
1.0998052075
1.0686679338
1.0250938724
0.9987637482
0.9610563122
0.9408356296
0.9195659006
0.9007154500
0.8984287134
0.8812702054
0.8569029981
0.8406689044
0.8333353262
0.8227484354
0.8255588918
0.8310440751
0.8285739153
0.8053200734
0.8000045742
0.7849041883
0.7970596253
0.7537677417
0.7703078043
0.7939504466
0.8189871110
0.8405694986
0.8579909235
0.8772293963
0.8933919005
0.9157958432
0.9280101373
0.9451414363
0.9506871804
1.0179851713
1.6020234403
1.6081799204
1.6047446400
1.5941402872
1.5660921028
1.5503307696
1.5387591107
1.5393840095
1.5497782424
1.5858283737
1.6107009562
1.6376286144
1.6499269534
1.6826241009
1.8537564763
2.0066735609
2.0581473985
2.1082722817
2.1512297127
2.1756883249
2.1969971396
2.2117356614
2.2207571639
2.2286293260
2.2363199219
2.2348953492
2.2264229128
2.2317799872
2.3391403741
2.7484315310
2.7567412991
2.5367171595
2.5506992221
2.5660057209
2.5950642164
2.6326651753
2.6748162763
2.6985556982
2.7014221872
2.6673427033
2.6420480849
2.6111857878
2.5420403089
2.5260530496
2.5302640751
2.5719855400
2.6899425474
2.7875832608
2.8356885229
3.0212999654
3.1007552475
3.1369211924
3.1576867065
3.1635195851
3.1519083713
3.1389927830
3.1558395581
3.1509011049
3.1485053439
3.1389506838
3.1563847891
3.1652486296
3.1560593847
3.1592823398
3.1542188454
3.1616971609
3.1572861033
3.1564641763
3.1711333304
3.1880628935
3.2091178131
3.2181066000
3.2225209910
3.2328059660
3.2398872316
3.2651257654
3.3029649438
3.3228808378
3.3543999331
3.3768538521
3.3835766360
3.3898200111
3.4255726105
3.4385663911
3.4700387296
3.5179534023
3.5400835152
3.5449981604
3.5366037896
3.5388116402
3.5732650921
3.6079956856
3.6431622532
3.6610898477
3.6823595515
3.6998762972
3.7000742612
3.6990729629
3.6924034343
3.6798421351
3.6551904832
3.6320625375
3.6101082499
3.6009570729
3.5965609170
3.5832920131
3.5493873768
3.5224835998
3.4952153422
3.4805731574
3.4856962888
3.4913630215
3.4940196352
3.4978141420
3.4959992668
3.4957203977
3.4875993083
3.4705445059
3.4419715793
3.4208172133
3.4008596955
3.3965566318
3.3735865948
3.3608164042
3.3683559308
3.3770298632
3.3984294399
3.3983321448
3.4220204268
3.4104476729
3.4095672306
3.4142424041
3.4093866201
3.4140416870
3.4250911999
3.4392128675
3.4513396647
3.4690478924
3.4709544299
3.4675241809
3.4703454843
3.4403109617
3.4198457043
3.4313078091
3.4278868431
3.4361523002
3.4381476675
3.4406833489
3.4328933142
3.4301210193
3.4264482358
3.4323971709
3.3858354030
3.2670410880
3.1850658692
3.1479441290
3.1318931962
3.0972542697
3.0444992156
2.9809575575
2.9815757895
2.9685307786
2.9713285335
2.9562213537
2.9643895884
2.9486566686
2.9334193093
2.9059055769
2.8749988898
2.8719410201
2.8689685869
2.8623160273
2.8577587523
2.8327688966
2.8380690529
2.8322599950
2.8492149320
2.8658029636
2.8665386200
2.8623849694
2.8105315991
2.7876894888
2.7483652462
2.7164168406
2.6263151000
2.5801558721
2.5237219529
2.4653634196
2.4475018225
2.4897645809
2.4984064464
2.4655898806
2.4439908610
2.4136874655
2.3879298614
2.3321096257
2.2953792698
2.2446303029
2.2232483466
2.2290864584
2.2205399981
2.2305709371
2.2594715066
2.2835206730
2.2903845274
2.3123932099
2.2904895197
2.2549010442
2.2360530878
2.2185590973
2.2126394021
2.1696616757
2.1779494036
2.1489881229
2.1441636454
2.0781627414
2.1272618531
2.0608228715
2.0670147595
2.0756152288
2.0862292504
2.1004273808
2.1128740583
2.1347455882
2.1604408392
2.1809670767
2.2007161207
2.2161746133
2.2302449561
2.2551006861
2.3042396972
2.3804690779
2.1105537044
2.0235494796
1.9975109372
2.8110856228
2.7784742816
2.7796748404
2.7916536690
2.8026598817
2.8070630424
2.8002117945
2.7945903419
2.7686720686
2.7468808574
2.7334994771
2.7133724615
2.6980353436
2.6783632718
2.6134222787
2.6031061702
2.3865916351
2.3076283424
2.2511390026
2.2341754543
2.5753366645
2.5887155878
2.5786481481
2.5690605038
2.5607716448
2.5572568543
2.5515534252
