0.0332384199
0.0334169924
0.0341002514
0.0333056988
0.0344676426
0.0347053410
0.0344719171
0.0351651828
0.0369939445
0.0359832347
0.0342175862
0.0363377345
0.0343964068
0.0344199675
0.0341505068
0.0329585600
0.0334290097
0.0349491220
0.0338749327
0.0341610817
0.0347648506
0.0338990104
0.0354469643
0.0375087306
0.0374241761
0.0367193700
0.0390801102
0.0371476462
0.0378942635
0.0365052423
0.0371380937
0.0376939109
0.0380333957
0.0362859585
0.0352816950
0.0353920784
0.0338890606
0.0332551850
0.0338588249
0.0339683595
0.0335337322
0.0273810524
0.0276814740
0.0323011873
0.0314406413
0.0309881144
0.0337169038
0.0363924012
0.0386469573
0.0408987004
0.0424055146
0.0451218235
0.0477265176
0.0497566157
0.0517833548
0.0543229348
0.0553275755
0.0568574248
0.0576466611
0.0583103923
0.0586830042
0.0565931944
0.0571790871
0.0527425811
0.0503425344
0.0490191630
0.0470891593
0.0451469878
0.0424403431
0.0420079115
0.0413196587
0.0404506871
0.0409998460
0.0390046708
0.0397476152
0.0370995364
0.0383115631
0.0356732707
0.0359695622
0.0383238687
0.0429508188
0.0417871970
0.0394750291
0.0407453230
0.0436723499
0.0436245440
0.0441430713
0.0464214411
0.0462424401
0.0463293201
0.0485631050
0.0497909121
2.0130489618
2.0090280513
2.0086693438
2.0070220137
2.0071436437
2.0112378140
2.0127455837
2.0196168492
2.0153452509
2.0205937061
2.0208492559
2.0242736028
2.0206124865
2.0224644083
2.0222647056
2.0269280650
2.0314266751
2.0389441458
2.0376562103
2.0449124109
2.0492631804
2.0523101383
2.0513056822
2.0532922714
2.0607413297
2.0651248049
2.0726291451
2.0716179380
2.0790189105
2.0867950823
2.0866991338
2.0911915120
2.0971480902
2.1027707347
2.1025797310
2.1140929282
2.1188583604
2.1259506994
2.1325655654
2.1326135704
2.1386212435
2.1409750026
2.1499658373
2.1481081528
2.1552187909
2.1659498852
2.1602677099
2.1694489093
2.1677603798
2.1687721425
2.1776144130
2.1775657572
2.1789541635
2.1879095746
2.1918305970
2.1987472691
2.2055769843
2.2095192350
2.2180090933
2.2210411805
2.2306727408
2.2398496832
2.2463995457
2.2513033702
2.2575842582
2.2549620513
2.2593692268
2.2542293316
2.2561531992
2.2556438943
2.2580642938
2.2523302173
2.2448154494
2.2355056273
2.2267359893
2.2286724487
2.2183629918
2.2091553931
2.2071502806
2.1997290405
2.2007624843
2.1964673894
2.1948514959
2.1901674758
2.1887272062
2.1833878981
2.1765778659
2.1690748511
2.1679540300
2.1578723737
2.1555139883
2.1500302660
2.1475149084
2.1455100941
2.1360685264
2.1368139418
2.1315766410
2.1247687373
2.1218929335
2.1141808831
2.1186441092
2.1223733964
2.1204538159
2.1222362223
2.1209773015
2.1225858382
2.1285617495
2.1266007379
2.1250934924
2.1242818758
2.1232611223
2.1233345144
2.1222673265
2.1243245344
2.1234250332
2.1233334450
2.1271160926
2.1263413960
2.1248885141
2.1183859146
2.1156552705
2.1154863398
2.1184865668
2.1219424458
2.1203546103
2.1234747065
2.1296032705
2.1293812087
2.1301345766
2.1314783409
2.1308644699
2.1286055159
2.1286605057
2.1273249943
2.1258297544
2.1276775951
2.1260463067
2.1275805402
2.1272530774
2.1330371937
2.1346573246
2.1418639133
2.1497910041
2.1469587020
2.1528937932
2.1575996823
2.1558473432
2.1588762220
2.1622811866
2.1631190106
2.1641573759
2.1678945890
2.1696601800
2.1736058561
2.1724968386
2.1757236281
2.1787886985
2.1779642536
2.1797712647
2.1829343092
2.1817226647
2.1847753010
2.1875470877
2.1861084058
2.1871668355
2.1863236353
2.1835718684
2.1796209756
2.1750556057
2.1673508511
2.1694174532
2.1631078080
2.1555269657
2.1563506458
2.1459766913
2.1359930038
2.1355549812
2.1243424420
2.1235043249
2.1124082453
2.1126451726
2.1046844774
2.1054559662
2.1013354041
2.1013615340
2.0967754873
2.0941628191
2.0866595378
2.0851348318
2.0796452305
2.0794572408
2.0787497333
2.0706125697
2.0710758211
2.0702429521
2.0624832515
2.0609916308
2.0609024468
2.0515868402
2.0516722628
2.0513247987
2.0507027413
2.0413936424
2.0404776877
2.0313272444
2.0297119312
2.0238948054
2.0213193900
2.0213612014
2.0190365311
2.0175718809
2.0164282907
2.0176021893
2.0175806043
2.0193594391
2.0207177933
2.0223128595
2.0264060887
2.0299400872
2.0354932392
2.0453600419
2.0547399615
2.0564913323
2.0737894316
2.0789849319
2.0567406875
0.1924887723
0.1986398080
0.2112220967
0.2328247536
0.2412611322
0.2345049822
0.2271678051
0.2251449997
0.2253190526
0.2247486631
0.2214838341
0.2190113102
0.2166113220
0.2181070421
0.2185756024
0.2165574784
0.2220263375
0.2247267655
0.2292052445
0.2300934196
0.2297130283
0.2252716900
0.2210245863
0.2153335028
0.2182446361
0.2160971948
0.2086385323
0.2040622214
0.2034644852
0.2036870114
0.2060410683
0.2056541607
0.2054316554
0.2017523174
0.2024086577
0.1994283105
0.1984073087
0.1965042986
0.2020781204
0.2030525185
0.2141203549
0.2052627945
0.2018131252
0.2067174415
0.1999822722
0.1976886209
0.1984721029
0.1928224087
0.1911860432
0.1905493794
0.1905740174
0.1945186104
0.1981026243
0.2021333757
0.2034470781
0.2012570319
0.2013439640
0.1996151841
0.1971192804
0.1946401389
0.1946509525
0.1971176294
0.2039831951
0.2111149258
0.2142865725
0.2155409222
0.2147113137
0.2170704272
0.2130511850
0.2107783164
0.2103479133
0.2106897397
0.2132847804
0.2186333789
0.2190991540
0.2167530932
0.2137106898
0.2103359170
0.2076957642
0.2084536441
0.2084279489
0.2094088228
0.2087755436
0.2091223611
0.2078199818
0.2087764828
0.2090741713
0.2107029989
0.2084141142
0.2088275090
0.2106794514
0.2114861935
0.2069011201
0.2111966042
0.2104614576
0.2042743001
0.1995959035
0.1943894645
0.1939227908
0.1800896455
0.1845859028
0.1899531312
0.1805153834
0.1800644800
0.1799091763
0.1935027203
0.1760771295
0.1798156067
0.1905650054
0.1834703141
0.1830706464
0.1856239953
0.1812661655
0.1786622503
0.1713223951
0.1731053698
0.1751026259
0.1815708949
0.1828350917
0.1806696025
0.1808713383
0.1817285963
0.1816517929
0.1774838968
0.1772713253
0.1771779312
0.1765993035
0.1805473992
0.1834692485
0.1863975818
0.1899539910
0.1949082233
0.1898333372
0.1910354337
0.1906715282
0.1886444753
0.1944002729
0.2039546389
0.2070870157
0.2067290439
0.2037279299
0.2018065311
0.2035942164
0.2012425362
0.2043216910
0.2032341110
0.2035448296
0.2005979703
0.2117716017
0.2023764415
0.1896258367
0.1859349743
0.1962615586
0.1954961602
0.1952650456
0.1916156724
0.1899849757
0.1894399649
0.1887460448
0.1835783654
0.1664510047
0.1629236033
0.1623929210
0.1587540892
0.1529358621
0.1418868724
0.1329587606
0.1257027245
0.1224332507
0.1161645905
0.1112399565
0.1060342110
0.1010296021
0.0913385434
0.0836164088
0.0768852776
0.0748239746
0.0678952553
0.0581229745
0.0460559476
0.0394166892
0.0428602492
0.0398128581
0.0373824382
0.0399930920
0.0437291778
0.0481653977
0.0357934828
0.0267515451
0.0213090148
0.0216681079
0.0196026208
0.0211296418
0.0207476668
0.0241203265
0.0279974504
0.0322741189
0.0286386994
0.0300662469
0.0324077151
0.0335755605
0.0283409743
0.0284713194
0.0295088075
0.0305071002
0.0203040313
0.0200834834
