7.3079731107
7.2146000519
7.5337690345
7.6055651610
7.4167599803
7.4248952890
7.6063949192
7.7627221288
7.8975684400
7.7771976975
7.8787905418
7.8475889840
8.6316509795
8.7305918471
8.6976801071
8.7166504540
8.7380413738
8.7319671831
8.3852640362
8.4228594387
8.1038868573
7.9445981819
7.8008630489
6.9020262474
6.9009065140
6.8770918302
6.9046130306
7.2214023786
7.3555129772
7.3487082020
7.1598738554
10.8847638569
10.7580727498
10.8239863904
8.4645451396
8.6623974185
7.2337596250
7.2142251864
7.2332555667
7.3813232249
8.0335171105
8.0978535984
7.0342421303
7.3812777728
7.5556362792
7.5294371573
7.3168433408
7.4215485616
7.5763439233
7.4238259858
7.3100174217
7.4597086090
7.1786885934
7.2164271928
7.1391485713
7.3543221717
7.0613371685
7.0719415900
7.0761585287
7.0639955950
6.9993843462
6.8337249850
6.9334936327
7.1439421042
6.9540271247
6.8361536813
6.9341623641
6.7809513658
6.7797883866
6.7134827426
6.9468754323
6.8018307537
6.8020841026
6.8311369369
6.8779013018
7.1093465490
7.0048349045
7.1455907463
7.0135534491
6.9446471832
6.9206954232
6.6728195319
6.6902480997
6.6621960212
6.5136094943
6.6780225457
6.5913350437
6.5512811867
6.6516148751
6.8389738958
6.7676413382
6.7629512605
6.7762778095
6.6041648142
6.7020144430
7.0757172558
6.9106507580
6.9317785356
6.7556084689
7.5051900182
6.9500015742
7.0001068459
7.0204261906
6.8688698903
7.0772874087
6.7579350490
6.7457195347
6.7284027291
6.5870921686
6.7127394306
6.7137615006
6.7379619435
6.6481392113
6.8934277024
6.7619186282
6.8269405801
6.8685557864
6.9456101806
6.7863105568
6.8437211900
6.8187137150
6.9052130022
6.9188743286
7.0437800533
7.0745456714
6.8730926723
7.0030167635
6.8407259653
6.7046753115
6.5492886848
6.5977716809
6.7807177502
6.7443311075
6.6744062406
6.9446195799
6.8158058338
6.9068140298
6.9519735094
6.7298387316
6.9217348391
6.8377117387
6.8938886245
6.8073945258
6.6713879923
6.7018986343
6.6967571940
6.8012080336
6.7506009015
6.7448110984
6.7015062652
6.6369376852
6.7045342874
6.6954425320
6.6468829522
6.5986889220
6.5476354115
6.6149702102
6.6249855877
6.5505758254
6.5395229409
6.4609700171
6.4229968802
6.4297378579
6.4827546158
6.4883828282
6.3921924773
6.3702397919
6.3656446442
6.4455245145
6.4020435092
6.4489125428
6.4394832938
6.4567318616
6.3102352186
6.2577913997
6.3232749174
6.3225721376
6.4470085143
6.4328720502
6.4302789066
6.5216642489
6.6529384808
6.5521326014
6.4310860451
6.4876555608
6.4970854348
6.2825837127
6.2836090982
6.2755533081
6.4545502171
6.5302032804
6.6601829254
6.5405586334
6.3977241647
6.4130441875
6.6027300076
6.5042312352
6.4183661498
6.3989304526
6.1702128654
6.2234833699
6.1161360970
6.2207666218
6.2179579184
6.1331634295
6.2669570354
6.3477890345
6.2700712824
6.2500526942
6.2351899860
6.3083532921
6.2474575518
6.2171838650
6.2086068983
6.1397990085
6.2362130165
6.2328138570
6.2608563942
6.1131157398
6.0153578839
6.0762953922
6.0626172482
6.3281172901
6.3809120432
6.2624511014
6.3648268640
6.3279847814
6.2245886874
6.2050461135
6.1380044903
6.1222544286
6.2397289262
6.3494197599
6.4057967995
6.3318279300
6.2408563402
6.3404659351
6.2796291649
6.2346388820
6.2201001769
6.0635496815
6.1725029220
6.1105015610
6.1646603443
6.3076556874
6.3330028496
6.3371131777
6.1936758418
6.0849733937
5.9377328568
5.8955525631
5.9121259243
5.9479347689
5.9490524472
5.8819959108
5.9889065245
5.9539117660
5.9851524846
5.8319543021
5.8259593040
5.7647585395
5.6907839191
5.7804179291
5.6839342211
5.6599829861
5.5701212309
5.6160641756
5.5307001523
5.8081443435
5.7392540844
5.7496147157
5.7734292922
5.7066217106
5.6688103106
5.5417065559
5.8504549173
5.9188157665
5.8099928349
6.1608091906
6.0461461929
6.2535400420
5.9528227830
5.8327778974
6.3136793147
5.9952127826
5.9111458042
5.8105071317
5.6108043072
5.8244242118
5.8140528742
5.5348195701
5.8095250657
6.5177124990
6.2635997824
5.9790314287
6.0951146931
6.2335881629
5.9639251413
6.6138283103
5.7419379269
6.1335271083
5.3315823951
5.2954573972
5.1658360298
5.2082687422
5.2504167713
5.2297845744
5.1137747364
5.2404621637
5.4380447135
6.0172094749
6.1003836119
6.0475063819
5.9793567597
6.0571512496
5.8183025760
5.7683498442
5.6626284291
5.6817259539
5.5789489782
5.7791495483
5.6763793278
5.5893204244
5.7067038768
5.7796670744
5.8391848283
5.7891075698
5.4597508141
5.8328139666
5.8875404143
5.7943366576
5.6533524391
5.6213325498
5.6814523223
5.7824252352
5.8065510140
5.8736375979
5.7322641380
5.8620943649
5.6098349427
5.3821017635
5.4484212528
5.4513203483
5.7397688072
5.9369447957
5.7099246253
5.6789954103
5.6870081569
5.7854350989
5.7446621310
5.8065563359
5.7622459794
5.7648550319
5.7540393821
5.4967085938
5.4667577786
5.6357476569
5.5629692224
5.5093609522
5.7705506099
5.7503276992
5.7340991656
5.6190369695
5.6934242806
5.7639360829
5.6756717349
5.7000374242
5.6534948143
5.6081757950
5.5948729237
5.5614984855
5.4817452573
5.3870234697
5.3770846139
5.4165378946
5.5934453972
5.6243630153
5.5000694255
5.5641144091
5.4854280281
5.6253995954
5.6996903689
5.5088176419
5.3680751088
5.3816289724
5.4124868557
5.2798855704
5.3147109680
5.2359855002
5.3505227097
5.4546192801
5.2878077472
5.1520907008
5.2366134532
5.2635206548
5.2977186911
5.2253364978
5.4459736849
5.4381888701
5.3421143150
5.3464691270
5.4842953645
5.5090240030
5.5308084831
5.5841644315
5.5061623469
5.4736306129
5.4255632614
5.4641151075
5.4747695145
5.4873098583
5.4917507593
5.5503284340
5.5731806394
5.5713737656
5.7032288466
5.8364696220
5.7287325678
5.7482178232
5.7775022779
5.7160974492
5.6401801396
5.5107978307
5.5282092237
5.4809686419
5.5998745182
5.6952050157
5.7477345439
5.7106536067
5.6388569147
5.6788984890
5.6105371893
5.5681883316
5.6094784335
5.5116266746
5.6532743231
5.6217150462
5.5708513468
5.5693379996
5.6619514489
5.4496899507
5.3960076614
5.3351535896
5.4807303422
5.4882473016
5.3816420607
5.4436769697
5.3496588362
5.4053252182
5.4211933709
5.3504949837
5.2994475044
5.2980104684
5.2993252768
5.2925219281
5.2817769421
5.2442676982
5.1432606931
5.3344392604
5.2518855874
5.2110160397
5.2192913142
5.2197206308
5.0739105576
5.0933401767
5.1010761972
5.4510666258
5.3747911852
5.2770895590
5.2998148931
5.3995784604
5.4334647767
5.5578320395
5.4027748742
5.8423668812
5.6339372345
5.4733219821
5.5237430274
5.5598636442
5.5398002640
5.2708072393
5.1570178995
5.1330950657
5.1117677953
5.1243560469
5.0851822993
5.0555170494
5.2981907093
5.3342331043
5.2627993878
5.1400930156
5.0713933033
5.0095458876
5.0476091667
5.0978665268
5.1048543346
5.2661583132
5.0982046064
7.3128868647
6.9431028376
6.5823220119
6.2664689754
6.1909677731
6.0870909523
6.0935978111
6.0761883848
5.2256854886
6.1342248938
6.0594525799
5.6957558801
5.8731216090
5.2661011610
5.1540535689
5.7052302342
5.6073191382
6.0706604530
5.9817422368
5.0554147532
5.2203002210
5.4738688921
5.4319109047
5.3141302571
5.3298136897
5.5064834596
5.0797496687
5.3241862162
5.3614817341
5.5005536846
5.6930194530
5.7112914230
5.6951427096
5.5850022495
5.6368893747
5.4281477240
5.4680605132
5.5868527278
5.6180159603
5.4403555663
5.1829798765
5.2059459704
5.3266120710
5.5750188813
5.2565210883
4.8996104222
4.9404100399
3.9551508356
4.4169344816
4.7167784218
5.1068149252
4.9032789514
5.0243030745
5.1501537699
5.1307842744
5.2224486001
5.6494504336
5.7635028436
6.0179044066
6.1116968182
6.1697631769
6.8863566273
5.7389961287
5.7574877357
5.2188296203
5.9180064256
5.4479622211
5.6972645958
5.3117570208
5.5825984067
5.5393786904
5.3837329670
5.4114637348
5.3407890434
5.4740795325
5.5329614403
5.7105441746
5.7300988484
5.5600221549
5.5291057488
5.2317182504
5.1774997930
5.3391252533
5.4032659437
5.4648530007
5.4891737836
5.5963568290
5.6930547371
5.5331623417
5.4820862272
5.6082793036
5.6717467032
5.5425715066
5.2018279972
5.3608942799
5.3211533171
5.3694834893
5.3397117417
5.5120694708
5.3173889366
5.1752947229
5.1928222896
5.2125552668
5.2023631905
5.3088636262
5.4187334173
5.2137137116
5.6915135278
5.6480665660
5.5936172887
5.5838179362
5.5560631247
5.3356280815
5.2639483139
5.2807769533
5.2124146512
5.2239904112
5.2737330305
5.2022043498
5.1545684936
5.1268091893
5.2055611982
5.1516602107
5.1518254413
5.2038062030
5.2127581263
5.2764242481
5.3809548565
5.2228192362
5.2799213106
5.3128699548
5.3409603932
5.2939183540
5.4103249072
5.4688907691
5.3776706599
5.2485861450
5.2580598091
5.1715205960
5.1013274660
5.1517774901
5.0864542749
5.1333548312
5.2019713743
5.1847718302
5.3384467303
5.3750538530
5.3341016288
5.3798793327
5.3568617788
5.3127227441
5.2463428006
5.2497177456
5.1512499771
5.0570901314
5.1075189023
5.0567783884
5.0103737352
4.9865459848
5.1072682991
5.0890256302
5.1234852881
5.1205661060
5.0667943045
5.0967788228
5.0195644306
5.2801634108
5.3117374557
5.3373536245
5.6085383591
5.5694029072
6.0184528259
5.8784407591
5.3909186045
5.5845935990
5.3116894997
5.3335711600
5.2777830812
5.3572838713
5.3149573728
5.3426103251
5.2426772836
5.1894578548
5.1383329519
5.0408633889
4.9942181394
5.0169625483
4.9310617115
4.8447642017
4.9484316965
5.0355651362
5.0162590351
5.0571347968
5.0669511016
5.1251423745
5.1196456625
5.1152918071
5.1445460031
5.1147846577
5.1301559018
5.1301048161
5.1608296503
5.1555522389
5.1567396883
5.3002596768
5.3236243735
5.3893502373
5.3577697139
5.2904740737
5.2267525224
5.2251179196
5.2326558728
5.3066969345
5.3653311421
5.2672338455
5.3538855115
5.3653813172
5.4235334182
5.3417450854
5.3697501360
5.3495175236
5.1979909050
5.2385092050
5.2205156809
5.2893265812
5.2138077354
5.1459883028
5.0008834216
5.0546598135
5.1989881473
5.1418675140
5.1842004822
5.1990302569
5.1742138928
5.2321972182
5.2946147617
5.1829743708
5.2193520040
5.1222112935
5.0952274078
5.0118656592
5.0182673667
5.0016765135
5.1492572929
5.0799893638
5.5076006708
5.6001594317
5.5727687595
5.5923072794
5.3446787116
5.5019635937
5.2339326682
5.1810542700
5.2524785275
5.1414633952
5.1450085861
5.2556425413
5.2742945762
5.2777849508
5.3353006176
5.2713125737
5.2411303622
5.1136785793
5.1023502553
5.0337894741
5.0002747169
5.0203855777
5.1162264350
5.1912485081
5.3288705674
5.3416339087
5.4469280743
5.3900061392
5.4012079207
5.2415878660
5.0944930137
5.0415025498
4.9520017020
4.8870848339
4.8502028401
4.9628329993
4.9978004153
5.0262649423
4.9375660183
5.0387056536
5.1626803702
5.2916591374
5.3955329643
5.6036820428
5.6782769713
5.8615974921
5.7356916962
5.7655207119
5.6785541525
5.6143729999
5.4998414431
5.5516877735
5.5009270749
5.4490336304
5.3139742670
5.2277194988
5.0182007394
4.9216657780
4.7773493177
4.6963453174
4.6473716686
4.6155713620
4.4179179583
4.3829694833
4.4629798932
4.3641697298
4.3099680976
4.4563166748
4.6666145110
4.8505516404
4.9525762152
5.1424383959
5.3443382853
5.3831646640
5.5416675205
5.5725448445
5.4358587379
5.4341777802
5.4892203255
5.4145488404
5.3898582985
5.4454104632
5.1775166657
5.1477807300
5.0260971696
4.8678684482
4.6570682966
4.7165448513
4.6883945380
3.2049630201
3.1044714544
3.0154770784
3.0900590457
3.1871587281
3.3841329197
3.6214768888
4.0506897172
4.9515167963
5.1142453625
5.1212940121
5.3924624312
5.5724234764
5.4577844094
5.4570889940
5.6258618836
6.5927378356
6.6230283484
6.6495008616
6.4743296244
6.3043176073
5.9839486772
5.5223337241
5.2577807431
5.2010227139
5.1444476322
5.1249804334
5.1894255338
5.1665715167
5.1694341149
5.1349217890
5.1586241294
5.2590994947
5.2250129411
5.2724268121
5.2628903666
5.2257196483
5.1632936084
5.2048565014
5.2782714822
5.3072523566
5.2757857874
5.2524124416
5.3644057959
5.3072705877
5.2478500483
5.4069421318
5.3603780167
5.3874603746
5.4231137659
5.4750752455
5.3456909353
5.3798404325
5.2548475743
5.3261048125
5.2685339360
5.3698899364
5.4043082680
5.3288002797
4.9398742877
4.7211705368
4.6481774662
4.7123701183
4.7612967639
4.9312124553
5.0154461067
5.0177923823
4.9799474669
5.1824217948
5.3263322982
5.3760651765
5.4366707737
5.5190570886
5.5014210230
5.6109274361
5.7515419120
5.9897358089
5.8173117212
5.9113517162
5.7884285400
5.5437277253
5.3809830067
5.0770837149
5.2391878558
5.2206249927
5.1714362116
5.2628500716
5.2530300734
4.9995664074
5.2192541852
5.1946876342
5.4427920236
5.1455836979
4.6842204914
4.8636931436
4.6087089827
0.5389530307
0.7449458649
0.8399807582
0.4738226804
0.8542021864
0.9470699516
1.4884935686
0.8256126483
1.3777192242
0.9645035141
2.1750474452
2.5302544866
1.1571444343
1.2024631158
0.6079642566
0.5671794496
2.4967493970
1.4636105081
0.5646984826
0.4117405154
0.5423969769
0.3743939601
0.4402468783
0.4240860082
0.4199162845
0.4733565986
0.3893721663
0.4179535351
0.5445123513
0.4839520448
0.4129183591
0.2156900932
0.2368079400
0.2518709680
0.3107525637
0.1621392877
0.3360494714
0.3832286070
0.3167731589
0.4156216724
0.2828447423
0.2819278494
0.2368358903
0.3052005877
0.4485284481
0.4249156137
0.3898074927
0.4085555833
0.3359773347
0.3849594697
0.3713447311
0.4210241800
0.4389196728
0.3736179512
0.3042931179
0.4178564674
0.2873696362
0.4059654807
0.4336515166
0.5005621501
0.4230041525
0.3625831284
0.3577140690
0.3778467351
0.3994784723
0.2003952939
0.2006269914
0.2514165700
0.1979145854
0.1828797812
0.2601574841
0.3005268473
0.2619554110
0.2450914907
0.2526817671
0.2621933174
0.2828771895
0.2305938979
0.2099671983
0.1745546718
0.2132260919
0.2824611987
0.2474066117
0.3764597807
0.3567908073
0.3233005392
0.2961365001
0.3526367844
0.4415806709
0.5248090893
0.3585068954
0.2886278560
0.4081399493
0.2680031608
0.3325302418
0.4147522086
