1.9215142812
1.9781087579
2.0141179280
2.0513298907
2.0620416037
2.0723637255
2.0663978840
2.0528261046
2.0611460164
2.0319581969
1.9862918087
1.9190752515
1.9450967416
1.9816916238
1.9981045370
2.0272342761
2.0392530051
2.0345390824
2.0270752052
2.0355276439
2.0325338644
2.0251615987
2.0458033154
2.0442102518
2.0455642419
2.0507449568
2.0706924537
2.0818821606
2.0885209169
2.0950268285
2.1197495832
2.1173937878
2.1154154258
2.1135357714
2.1148519588
2.1456692709
2.1425701283
2.1505713902
2.1738657414
2.1822072175
2.1888216862
2.1982876591
2.2070337007
2.2221082422
2.2221974276
2.2146041252
2.1903732805
2.1402869603
2.0310401842
1.9167250285
1.7235785964
1.5340314953
1.3725630773
1.2304508898
1.1213225724
1.0062982135
0.9092617125
0.8224253542
0.8118855950
0.7380727258
0.6711293397
0.6225012255
0.5438509039
0.4974724061
0.4322909471
0.3734100579
0.3379452182
0.3210362405
0.3098545768
0.3126656866
0.3192774992
0.3286827596
0.3451245850
0.3653873794
0.3794644811
0.3974813321
0.4181050836
0.4361333481
0.4501753004
0.4677944989
0.4836124325
0.4997801082
0.5093525851
0.5198499072
0.5265237636
0.5333142534
0.5359742138
0.5422308615
0.5491140351
0.5531733750
0.5612008187
0.5643087408
0.5691513019
0.5740425812
0.5755553329
0.5776458103
0.5811149307
0.5849471663
0.5831003520
0.5857774098
0.5873309889
0.5892046474
0.5961185880
0.5951631758
0.5962409291
0.6026061207
0.6046748304
0.6101732914
0.6126655363
0.6181382127
0.6300583565
0.6406649617
0.6506100387
0.6561376878
0.6588673546
0.6595872665
0.6590962616
0.6717535569
0.6832954256
0.6898534550
0.6993438256
0.7049079092
0.7092706525
0.7185039489
0.7291232010
0.7389770546
0.7500144213
0.7584742788
0.7651502260
0.7788006693
0.7899964195
0.7955156455
0.8075096453
0.8201305089
0.8321079012
0.8475833626
0.8593754930
0.8724355577
0.8823244294
0.8922569937
0.9040223203
0.9164548602
0.9252745371
0.9352963488
0.9440066962
0.9485847103
0.9547925883
0.9649519200
0.9746075939
0.9795556895
0.9860624686
0.9947113289
1.0017683406
1.0070665581
1.0101736787
1.0137978830
1.0142268848
1.0125363744
1.0162613635
1.0236974718
1.0328776454
1.0294212779
1.0428691982
1.0555348942
1.0660869450
1.0751029123
1.0863784243
1.0942328698
1.1033451957
1.1054444400
1.1208583295
1.1111089584
1.1216410742
1.1295372416
1.1343250238
1.1595703086
1.1753117399
1.1930957918
1.2071045220
1.2432783375
1.2567216848
1.2656981335
1.2739446924
1.2677933104
1.2517851806
1.2505745973
1.2211166336
1.2021061903
1.1772392636
1.1524712192
1.1298544847
1.1167868572
1.0975536911
1.0626090529
1.0213332513
0.9490892640
0.8584930305
0.7580995640
0.6491143098
0.5412939458
0.4189432568
0.3151314387
0.2210697592
0.1545604925
0.1725941364
0.2343805727
0.2965694760
0.3597882601
0.4010923033
0.4034512956
0.4003636284
0.3978317419
0.4108941815
0.4622394931
0.4812550866
0.5011447387
0.5531334049
0.5817882858
0.5861887422
0.5937140838
0.5926098721
0.5995486725
0.6172757402
0.6328469986
0.6354463593
0.6088599914
0.5859413605
0.5704135058
0.5641207998
0.5789108771
0.5959956294
0.6054954284
0.6184166871
0.6251500124
0.6282051277
0.6381392707
0.6338678704
0.6163673605
0.6070954038
0.5661421369
0.5452040769
0.5225331426
0.4863676014
0.4906184033
0.4485548948
0.4829843545
0.4509131353
0.4716437469
0.4813473015
0.4530778167
0.4597880102
0.4471932829
0.3842809498
0.3013056469
0.1841468885
0.0763055986
0.0451844183
0.0377643907
0.0377556598
0.0455863078
0.0723884904
0.0770516128
0.0844452608
0.1255507247
0.1259883340
0.1493408822
0.1393093310
0.1465674315
0.1365042481
0.1279166958
0.1228933107
0.1200050680
0.1157242775
0.1095530745
0.1083880970
0.1070838274
0.1092427656
0.1184853650
0.1242002638
0.1296062815
0.1345387475
0.1365013691
0.1483911959
0.1602506804
0.1901465159
0.2121621495
0.2246107481
0.2424031297
0.2544107116
0.2639318199
0.2734811049
0.3008928904
0.3028866180
0.3175544808
0.3222724462
0.3246653415
0.3419422989
0.3479759064
0.3655999288
0.3702343009
0.3747206657
0.3730088674
0.3862466577
0.3832332295
0.3682107521
0.3537694851
0.3378499332
0.3340991253
0.3078648230
0.3072029800
0.2752542973
0.2823565324
0.2567763882
0.2456633949
0.2334695720
0.2389357658
0.2267380806
0.2272685772
0.2278313434
0.2210107498
0.2168875908
0.2154202602
0.2134961527
0.2129652558
0.2119675411
0.2124825900
0.2097424806
0.2053570245
0.2014712793
0.1938196654
0.1908497066
0.1810674704
0.1770286324
0.1689008479
0.1611257642
0.1554431509
0.1607332616
0.2027633668
0.2917981091
0.2882738982
0.2762110584
0.2685376374
0.2411865836
0.2257866589
0.2187724968
0.2274915052
0.2348661412
0.2390796781
0.2379660740
0.2406882131
0.2428987061
0.2439248584
0.2450579874
0.2483905499
0.2442465768
0.2381491684
0.2384157357
0.2297191235
0.2241317749
0.2221665618
0.2236934627
0.2230806300
0.2255011774
0.2342982112
0.2373515790
0.2353978462
0.2285438680
0.2220959698
0.2136811829
0.2039556112
0.1949455318
0.1879795811
0.1829706782
0.1802478767
0.1785615480
0.1806187051
0.1808728297
0.1887670836
0.1875454722
0.1878558024
0.1865447343
0.1870304182
0.1762445662
0.1772521524
0.1733039777
0.1698448060
0.1597738181
0.1510858342
0.1538439338
0.1332863896
0.1262702772
0.0976460574
0.0903558615
0.0782081261
0.0736015980
0.0869102009
0.1020137714
0.1315055498
0.1733421699
0.2223434519
0.2757392999
0.3307443212
0.3795970793
0.4162916052
0.4371965120
0.4510260815
0.4322785488
0.4398911960
0.4105931837
0.4067355828
0.4123250752
0.3830587456
0.3917178916
0.3760694558
0.3881733024
0.3880029334
0.4033606039
0.4085548925
0.4057250420
0.4050403248
0.3968724626
0.3880753996
0.3819522544
0.3705028029
0.3609873564
0.3452313778
0.3300024561
0.3233034846
0.3141834429
0.3213053063
0.3171320024
0.3085414509
0.2895146115
0.2782511952
0.2860455763
0.3054210091
0.3324189558
0.3949816530
0.4011869755
0.3360915440
0.2640943530
0.1908680937
0.1976661924
0.2238795480
0.2202990363
0.2211857815
0.2258443751
0.2129489251
0.2036508037
0.1680399741
0.1749053297
0.1745271208
0.1759407156
0.1871883581
0.1800810043
0.1920826087
0.2006814178
0.2004780484
0.2045089092
0.2120765848
0.2423922252
0.2380092838
0.2328353974
0.2270249098
0.2474430303
0.2414658276
0.2317771733
0.2217429309
0.2114835807
0.2032887929
0.1992045997
0.1941579554
0.1918380025
0.1983360200
0.2165901411
0.2310809738
0.2531357153
0.2683131121
0.2782681117
0.3074639890
0.3100461442
0.3067169435
0.3290397665
0.3291319470
0.3557302247
0.3458680453
0.3402537494
0.3642619860
0.3803760522
0.3839732082
0.3994142201
0.4112713372
0.4217902770
0.4273412496
0.4285011390
0.4339664713
0.4457046917
0.4426464680
0.4491494325
0.4490006107
0.4363738114
0.4288936730
0.4159872716
0.4107004292
0.4031216989
0.3904128540
0.3841811732
0.3782978346
0.3760864314
0.3828614197
0.3805922640
0.3846718529
0.3923233397
0.3995157805
0.4277423980
0.4492141716
0.4585545753
0.4806761476
0.4887970758
0.4988314346
0.5006713877
0.4822530846
0.4750781229
0.4650030737
0.4564679964
0.4760827970
0.5290457986
0.5540769039
0.5818057474
0.5869077299
0.5775001411
0.5565055421
0.5339168393
0.5141946277
0.5123507619
0.5007842277
0.4809957543
0.4328184559
0.3994074841
0.3778914391
0.3683210905
0.3606240837
0.3537201833
0.3497933030
0.3498118203
0.3565311025
0.3775780562
0.3868416202
0.4052940522
0.4113449168
0.4191988318
0.4286587386
0.4334884670
0.4403882673
0.4404695260
0.4415620315
0.4493890684
0.4470964392
0.4477701721
0.4424643836
0.4385713200
0.4351130636
0.4366119601
0.4364256155
0.4389898572
0.4381660521
0.4331334908
0.4265021802
0.4165467094
0.4033143698
0.3881417520
0.3623370368
0.3411682904
0.3260373860
0.3179748774
0.3203522407
0.3385956174
0.3706586833
0.3967417867
0.4024749876
0.4343984324
0.4312412262
0.4793995781
0.4739454174
0.5206634352
0.5226406567
0.5614105115
0.5855257138
0.5888300561
0.6059608357
0.6019237199
0.5925657764
0.5878607501
0.5851885238
0.5863577602
0.5913783811
0.5929696089
0.5949563481
0.5976290357
0.6007672848
0.5993539964
0.5991284610
0.5983755921
0.6105835444
0.6085277020
0.6222345364
0.6314043455
0.6317209892
0.6480538638
0.6482898365
0.6508873648
0.6472047365
0.6408742865
0.6301156244
0.6298149068
0.6290312383
0.6112046352
0.6101949281
0.5838735022
0.5564118563
0.5480688307
0.5334293245
0.5201706037
0.4728585591
0.4643122458
0.4230676115
0.4191077251
0.3993243044
0.3972181917
0.4018699330
0.3815220711
0.3813638071
0.3763037765
0.3640806011
0.3484026209
0.3495877717
0.3340325477
0.3227204855
0.3179262318
0.2970142396
0.2938074251
0.2757277098
0.2699208282
0.2663194492
0.2637921669
0.2623285763
0.2628139919
0.2567750617
0.2556204847
0.2399930433
0.2398397684
0.2230928697
0.2395069880
0.2280745052
0.2519938001
0.2496404032
0.2458113544
0.2429593032
0.2497504366
0.2358278547
0.2478304620
0.2354953365
0.2384319738
0.2288990956
0.2417568929
0.2241458324
0.2392465237
0.2498401606
0.2498665888
0.2493185162
0.2503347777
0.2322190408
0.2396867851
0.2255181764
0.2211069125
0.2006446675
0.1961175440
0.1937058090
0.1939612833
0.1977387595
0.1978538178
0.1980913659
0.1959897337
0.1830133275
0.1645467002
0.1497313318
0.1395519220
0.1248521393
0.1199231946
0.1305623732
0.1496438755
0.2008147884
0.2844579647
0.3429442565
0.3916597943
0.4267075311
0.4593247497
0.4377503587
0.4367338872
0.4283731281
0.4283067292
0.3876945410
0.3836902668
0.3401863825
0.2931705084
0.2856665677
0.2803237866
0.2433664479
0.2415602634
0.2121866216
0.2135175331
0.1967755244
0.1967959284
0.1930157974
0.1803556912
0.1742698598
0.1727350877
0.1715641904
0.1689375742
0.1616906630
0.1570159360
0.1522977307
0.1479177569
0.1437471609
0.1410035876
0.1539190119
0.1514188271
0.1490190825
0.1494595476
0.1482599586
0.1470526857
0.1452135973
0.1415264823
0.1338206111
0.1281553221
0.1235678604
0.1137354040
0.1132873112
0.1068359329
0.1093837529
0.1119458163
0.1211574522
0.1260020422
0.1353116913
0.1442944100
0.1573046387
0.1609717210
0.1622871301
0.1518100867
0.1558666499
0.1538798007
0.1452746670
0.1363724635
0.1261538180
0.1171621319
0.1185844965
0.1293696283
0.1469740715
0.1839272376
0.1999981221
0.2192712009
0.2595637552
0.2802415535
0.2943386958
0.3040589574
0.3151901945
0.3188565983
0.3204030247
0.3213108440
0.3238455665
0.3218046049
0.3149875208
0.3147552905
0.3140338505
0.3125652496
0.3185883247
0.3338100748
0.3418340965
0.3519848959
0.3597937617
0.3657771504
0.3665712153
0.3650348843
0.3790989151
0.3985368520
0.4145738975
0.4199381388
0.4357888198
0.4468941101
0.4601707587
0.4690705028
0.4704512485
0.4746668027
0.4811704960
0.4810359013
0.4812838092
0.4752315188
0.4676929845
0.4505278214
0.4350736017
0.4041110744
0.3674666995
0.3369966472
0.3160015786
0.3090415340
0.3005121717
0.3052289252
0.3069592899
0.3154895773
0.3332505509
0.3561814887
0.3718025351
0.3912406520
0.4047210386
0.4097637044
0.4024121364
0.3882228480
0.3778149065
0.3649479852
0.3611974202
0.3679761403
0.3678469188
0.3737223348
0.3763694362
0.3733257891
0.3672955708
0.3668248456
0.3827489950
0.4177623477
0.4581776788
0.4877430900
0.5065849496
0.5233121960
0.5204792351
0.5267583787
0.5103966016
0.5018849405
0.4760468267
0.4478997100
0.4357601143
0.4175668682
0.4093289254
0.3990412334
0.3841069380
0.3787360520
0.3571173248
0.3528263158
0.3505468510
0.3305338150
0.3307321838
0.3305631887
0.3305869630
0.3301046109
0.3225439509
0.3187645654
0.3163760729
0.3051806376
0.3076187558
0.3085691681
0.3094850735
0.3171612137
0.3236299734
0.3215513415
0.3230448077
0.3233372439
0.3211801229
0.3123182370
0.3093691873
0.2959244869
0.2789766654
0.2753096325
0.2684393219
0.2621960684
0.2419903900
0.2371797526
0.2203696928
0.2097024110
0.2081339822
0.2030599634
0.2026285854
0.2013896009
0.2017887564
0.2001896858
