0.8745532687
1.1528819697
1.0438023825
0.8023648625
0.6909217825
1.0105244948
0.6855739258
1.1865110989
1.1192996550
0.8168963563
0.5893614294
0.6838740725
0.8126170247
0.7298418751
0.5414094606
0.3749875501
0.7994674037
0.4099920801
0.5301960396
0.4244579079
0.5815295539
0.6924111128
0.6802063789
0.8938602167
0.7949750561
0.6790733675
0.5707350631
0.4970447665
0.5990776167
0.6410332480
0.7974156546
0.7981878171
0.8781502578
0.5677292824
0.8921640850
1.0268277538
0.6873944930
0.9727378344
0.8894837221
1.5303365386
1.5140170556
1.5052322796
1.5778259248
1.4993599508
1.4200252719
0.5346850111
0.3716579076
0.5872383661
0.6371904387
0.5630548144
0.3799950953
0.4179747783
0.5435517440
0.9163639349
0.8315250128
0.7227535233
0.5785209666
0.4454518422
0.4647213701
0.4282940763
0.2771400045
0.5400537052
0.2459566549
0.7024349810
0.6434367603
0.2904855799
0.4018877245
0.5324079537
0.3200163408
0.3592321426
0.2956443262
0.1155889630
0.3233988164
0.3584604005
0.3477637884
0.3325445100
0.3204400521
0.3619784935
0.4603532453
0.3988720699
0.5142608185
0.4454588416
0.4495134272
0.4831493690
0.5010346609
0.4870849527
0.5728408558
0.5098487014
0.5010833213
0.3991724156
0.5650262672
0.5782241348
0.7303762293
0.6718843757
0.6215892580
0.4474559090
0.5097000969
0.3908445809
0.4182509982
0.2349467041
0.4585621076
0.5238073569
0.5532361891
0.5833414885
0.4868208984
0.3958605564
0.4550641650
0.6297066201
0.5220727545
0.5848622422
0.5861089579
0.5540749891
0.5726134471
0.5931504103
0.6195484094
0.5243690808
0.5620451368
0.5746621957
0.6947593107
0.7110183081
0.5907217024
0.5651269585
0.6203421957
0.7453641077
0.6268736460
0.4817374631
0.4984726618
0.6083012776
0.4575838744
0.6022948291
0.4912357610
0.4603307961
0.1992080533
0.2165658409
0.2623198409
0.3744247295
0.5619003517
0.2603316606
0.3420347369
0.2446434459
0.3260606808
0.3085130838
0.4986100557
0.6140413338
0.9030504512
0.4711388382
0.5216062036
0.4049941090
0.4408836228
0.5296612329
0.5407165927
0.4597062224
0.6282660126
0.4807658714
0.4087186194
0.4861714504
0.4674851002
0.6229935980
0.4374232526
0.4089200260
0.4082873879
0.7803555092
0.6906365144
0.6558681862
0.5904613088
0.4592287785
0.8962485599
0.9455986978
0.5570085952
0.6255406822
0.3905156788
0.6790501356
0.7429986704
0.9695713324
0.5498325996
0.4265686383
0.2480169596
0.2891881456
0.2120066544
0.2378080668
0.3734013194
0.3601718981
0.4104083644
0.4047996807
0.6635052874
0.4738010960
0.4590791242
0.5094612651
0.4761920480
0.5312872736
0.7443547679
0.4305150043
0.8470154935
0.6854838761
0.9160891397
0.4327047441
0.2871040323
0.1982584210
0.2365906262
0.2496276457
0.3517269487
0.3748732532
0.3888131050
0.4724143689
0.4009241319
0.4677495392
0.4819391940
0.3756745297
0.4549909548
0.4653515922
0.4581257053
0.4362734061
0.2973951511
0.2424454230
0.0160547420
0.0866861682
0.0971086292
0.2737371493
0.4897807373
0.5290895150
0.4012559728
0.4726154477
0.2789445389
0.4001554021
0.7146158101
0.6118547552
0.8025811844
0.7379314854
0.8212186421
0.7116403800
0.9413743755
0.7676870835
0.7435281391
0.6408331581
0.5990335548
0.5251126214
0.6656466660
0.6947409838
0.7152146670
0.7249842011
0.6453744469
0.4911210895
0.5417808345
0.4854714936
0.6363604421
0.7003944985
0.6725749423
0.8516903327
0.7405932341
0.9021995272
1.1241411333
0.5615329359
0.8260035992
0.6097666383
0.5316842429
0.5853573398
0.2889635780
0.2429188753
0.4261598457
0.2537473881
0.4608890232
0.3506918811
0.3744020450
0.3494318784
0.3691619808
0.3257125312
0.2975027020
0.4034735759
0.2959732295
0.0909514987
0.6014693124
0.4184753158
0.4948178845
0.4795122834
0.6393643067
0.8860493671
0.8318640525
0.8921795984
0.8298045780
0.8106929119
0.8917453956
0.6423551986
0.8511999526
0.7424233299
0.6802237974
0.7860452794
0.9630712843
0.8476680890
0.8692260800
0.9177389812
1.1651303369
2.0606017626
1.2451901631
1.6862878853
0.6474087944
0.9106900675
0.9925836591
0.5720015803
0.5286260085
0.6775382096
0.5302891580
0.7937318885
0.5297585118
0.8912913257
0.9840344607
1.1323588348
0.8545994620
0.8425340580
1.5321598779
1.5336452596
0.3685097006
0.4737438996
0.4681807424
0.5837549243
0.2996388361
0.5271286876
0.5059101410
1.1337673956
1.5760139382
0.7408889673
0.9657135411
0.9137888564
0.3772661409
0.4678146412
1.0304984000
0.6494988539
0.5757723130
0.7273710796
0.7007535323
0.6873204646
0.7589795041
1.0421230182
0.7556321496
0.8218053809
0.7675779652
0.8670990394
0.6972044224
0.9077642492
0.6811219422
1.3451711870
1.1341530841
1.4335826178
0.5832483836
0.2180894892
0.3957281609
1.1599697540
0.7082352176
0.7276281964
0.4766023733
0.5659407648
0.4438413393
0.5717692097
0.3157945274
0.3474408757
0.4486135245
0.4617048432
1.3122906982
0.4853100895
0.7410340441
0.9855728546
0.8606798543
2.0183761357
0.9756380450
1.2304422324
2.0144768415
0.5513986446
0.8527867303
0.8462982948
0.8795434062
1.1636569923
0.3561423416
0.5939099652
0.6859954289
0.3050767351
0.9741188789
0.8779731268
0.5801271134
0.3990486896
0.4666589073
0.4517404829
0.2920804520
0.3775452669
0.5242273813
0.7227165292
0.8896891572
0.8278582720
0.8307265724
0.8876118242
0.4481519330
0.2905502067
0.0442292708
0.1176436050
0.6591780719
0.6686608655
0.5596433181
0.4165196937
0.6001501295
1.0477033936
0.8711047522
1.7253908956
1.4101107182
1.6753576596
0.8737808383
0.8777601551
0.9603743847
1.5289356387
0.7826131885
0.6594262400
1.0737724908
0.6596062695
1.0911132734
0.6529546915
0.5253033818
0.4628327882
0.3806672300
0.4904726836
0.6308937960
0.8992053488
0.8038859798
0.7878825588
0.7031916305
0.6936419771
0.9093016876
0.5905135370
0.5949239413
0.4935903732
0.4914333692
0.6678521085
0.5507905759
0.6876985897
0.3472555937
0.3847033770
0.2718398516
0.3799034759
0.3338132989
0.3162989442
0.2280880546
0.2358202899
0.1819846721
0.3448799049
0.4783115778
0.3606480375
0.3411326276
0.3006868292
0.3029161349
0.3137831352
0.2144455836
0.2705457679
0.4368716918
0.5046595647
0.2544947857
0.3368896356
0.5827996475
0.2859187115
0.3986251719
0.6451140549
0.6118481085
0.5598881830
0.6218114477
0.6949705275
0.4930279152
0.3884915701
0.3508905660
0.4597792617
0.1655177887
0.1563757084
0.2042800315
0.1751369645
0.3779126860
0.3171573953
0.4093810222
0.4078175381
0.5448002079
0.5321940220
0.3577252371
0.4680910820
0.4578563029
0.4883645757
0.4608117877
0.4732319673
0.4256411909
0.4861816383
0.3982232777
0.4754200594
0.5466710187
0.5086570042
0.3413816531
0.4176472666
0.4315247014
0.2646138922
0.2379204350
0.3289953662
0.3733384538
0.3450280835
0.3439234797
0.4340826129
0.4145973399
0.5131998060
0.5018472354
0.6036386618
0.4129347010
0.5068937192
0.6759811921
0.5521370908
0.5027426139
0.6874678365
0.4110546193
0.3006487993
0.3498367904
0.3360641127
0.6348515076
0.2564153331
0.2639487625
0.2728306449
0.2536435750
0.3602212262
0.3650674972
0.4967338858
0.5737508223
0.4549959702
0.3512517661
0.6101378456
0.8593517989
0.8110735111
0.6798876093
0.4784529075
0.5530496380
0.9665167619
1.3992194042
0.6411750391
0.9421160742
0.2116825738
0.4570145243
0.7021862960
0.9526878350
0.4699222313
0.6673506927
0.4617342051
0.2542849831
0.2223529890
0.3283424561
0.3860307485
0.3892238870
0.4372442844
0.4368407644
0.6318445295
0.7194247311
0.8695579219
0.9465933855
1.0346822044
0.9033229250
0.4378985353
0.4289247871
0.3431996068
0.7536729712
0.8069605644
0.8145471470
0.7033818395
0.7991267187
0.4597460565
0.6932487120
0.9680282524
0.6174419522
0.4545298929
0.7475046638
0.3571659352
0.6449250112
0.9161178147
0.8796422085
0.8911725785
0.5950796854
0.4119155234
0.4415197636
0.3597570617
0.3868781413
0.9842880860
0.9015115938
0.9442653726
0.7665173051
0.3403099776
0.5585109629
0.2714143370
0.3017603895
0.2783852800
0.4315125326
0.8050187427
1.0370462249
0.9169715761
0.7684432277
0.8473443828
0.7192260925
0.6349991338
0.5716942255
0.2638721957
0.5753369320
0.3322877785
0.3981161660
0.5660651613
1.2039155321
1.1676353466
1.0873526245
1.0606463712
0.8906811866
0.3004987810
0.2564963984
0.6460903420
0.4604878872
0.8137194174
0.4386739985
0.5259767740
0.5756734201
0.4653059868
0.4278205507
0.4233673551
0.5446299348
0.6235588044
0.6037913834
0.6571705364
0.5856250865
0.5351819301
0.6296073334
0.6070709688
0.3784029481
0.5614366602
0.1910505268
0.2707445406
0.4317861772
0.7902133810
0.7605585283
0.8841319496
0.5833646567
1.7472435957
0.9381192331
1.2817098957
1.2757799895
0.5808197197
0.8217995361
0.5543620565
0.0612357249
0.2223065217
0.5861038628
0.6844864042
1.1565610467
0.9176532347
1.3752806756
0.5862279806
0.4328461384
0.5392413024
0.5666279898
0.6222424729
0.3999782929
0.5864485410
0.4980020663
0.2590236301
1.1663812585
2.0698469966
0.8634436003
0.9754509681
0.8654364305
0.9191949822
0.9782757579
0.9217067193
0.9327665030
0.9791722034
1.0614801184
1.1437240524
1.0908308061
1.4559642236
1.2003049364
1.1860838228
1.3934955091
1.3743009705
1.1843735798
2.5753924022
1.3196668598
1.2709766523
1.3980944285
1.2755737621
1.6879963911
1.0066566703
0.7995329717
1.6450551905
2.6913294311
2.5382747632
2.2767987621
2.3293756695
2.3823891885
2.2029831096
2.3411090051
2.3494152209
2.3566645971
2.2682874653
2.4711414226
2.3915734331
2.4602284517
2.4222136932
2.1791911998
2.1854000616
2.2177440120
2.3012741117
2.1303650326
2.0622678810
2.7086658462
2.5056247465
2.7941973212
2.5608556918
5.7787261275
3.6713580520
3.0627626224
1.3979342049
1.7474931193
2.8244511352
3.4304577589
3.3595649506
2.3552503566
3.2233178238
2.8457737525
2.5923374131
2.7077084101
2.4413204166
2.4902169882
2.4905398084
2.3983288101
2.5766752370
2.5211281687
2.3307304272
2.4251362792
2.1847716149
2.2321392705
2.1476841115
2.0684981499
2.3341574070
2.3319045479
2.1639726533
2.2503632651
2.1709202030
2.0713576429
2.1382954529
2.0266685781
1.9992836285
2.0806473269
2.1023918771
2.0977966958
2.0069689192
2.0773508156
2.1014999279
2.0391728761
2.0187213969
2.1043115044
2.2367886760
2.0774555205
2.1471056417
2.2817967833
1.9561878819
2.0267686593
2.1521852068
2.0941409676
2.2000518806
2.1902447716
2.0087985810
2.0078946743
2.0444118863
2.1080555581
1.9648374045
2.1637043940
2.2064599531
2.1873753284
2.4682443957
2.2203232462
2.2815524463
2.0602980014
2.0971744200
2.1820411983
2.3022921381
2.2114333789
2.4059871188
2.4366391515
2.5537764518
2.4342108490
2.5103211394
2.4902586632
2.4772393096
2.5775458819
2.5138254421
2.5354059456
2.5030394516
2.4925115126
2.5001909986
2.0954036258
2.0959183225
2.1114964932
2.1592482971
2.1478135990
2.1915070287
2.2157826309
2.2802988254
2.1373654063
2.1845104064
2.1281570713
2.1331053002
2.0160730975
2.0606139814
2.1117576078
2.1586957321
2.1249849614
2.1783564643
2.1774336607
2.1254753195
2.2259327594
2.0425175765
2.2007980363
2.0239876434
2.0759575256
2.1262072931
2.2071470484
2.2355766532
2.1893905742
2.1149474913
2.1444118395
2.0488647415
2.1004884611
1.9742659268
2.0329810424
2.0837006385
2.1713002586
2.3228766617
2.4399939787
2.5353467757
2.4226214965
2.4906400712
2.4967068386
2.2740066540
2.2926483334
2.3227396232
2.3270025979
2.2383246314
1.8581017037
1.8243404808
2.5463610280
2.4076221087
2.4401502319
2.4524192612
2.3482726523
2.1847000535
2.1931967432
2.5144723437
2.4889697394
2.4094008622
2.1729822278
2.2507423718
2.4562468098
2.3840336721
2.4276571941
2.4317928925
2.4714317665
2.2463438128
2.3501500190
2.4886765694
2.4282674024
2.4883463656
2.3620300133
2.5270859376
2.3300786658
2.4186763486
2.2825964379
2.4683884337
2.4243077664
2.5031031845
2.5068940819
2.4355578690
2.3342370574
2.2926133321
2.3228581512
2.4434006418
2.3177199467
2.6310321063
2.4774418403
2.5107287830
2.4823329420
2.7199794491
2.6992548573
2.5920639598
2.3376347736
2.3899593908
2.4147385598
2.2979798453
2.4484689027
2.8815666985
2.8903926755
2.7284076052
2.6460994155
2.4685213509
2.5901257718
2.4578377670
2.1794421785
2.1492642802
2.0285338817
2.0818532177
2.2204562265
2.0954898784
2.5333658997
2.4888304527
2.3499457266
2.5128476749
2.4516720971
2.3576096002
2.5512092609
2.4496703515
2.5948574492
2.7997267697
2.7959434821
2.4360533704
2.5845977482
2.5963489922
2.4399479093
2.4092948404
2.2005891780
2.5053102716
2.3425456185
2.3660765088
2.4176624917
2.4162798752
2.3243649552
2.5176178236
2.5298812155
2.5630546792
2.5065475081
2.4573322321
2.4874253463
2.4860143378
2.4365314562
2.1720169019
2.0778625085
1.9282037404
2.0591011159
2.1833626482
2.1472564222
2.0143624169
2.1269904284
2.1904688001
2.2560555752
2.2858721219
2.2954688841
2.2777225479
2.2578559443
2.3448027681
2.4127129373
2.3321164383
2.2909725071
2.2476501925
2.1876830879
2.1883059528
2.1631097128
2.2455968616
2.3624174220
2.4032928339
2.4726399514
2.3955510134
2.5034490985
2.3867620255
2.4599856035
2.4920277343
2.4718717653
2.3444989064
2.1983761535
2.1439206780
1.9151434167
1.8121279895
1.6106601504
1.6013404290
1.6299970112
1.7572420741
1.6901015664
1.6656801246
1.6533249522
1.8830916875
2.0652999930
2.2730360692
2.4855669236
2.6016493725
2.5369621735
2.7559835845
2.6518325384
2.7113124240
2.6863089463
2.6332967472
2.5330960180
2.3957960175
2.2954502516
2.1127879229
2.0284049633
1.7615459195
1.6475571383
1.6343659965
1.5543130145
1.6998473709
1.4858238631
1.5333558288
1.6486866830
1.5958072028
1.5962925608
1.7105504157
1.7456048415
1.9015334167
2.0842309310
2.2033678282
2.3705439775
2.4381082957
2.5754112333
2.6362630373
2.6799280649
2.7147476182
2.7435378096
2.7255778214
2.7024344545
2.6241012980
2.4585797670
2.3792099211
2.4993102231
2.3476499072
2.2284174088
1.9196319897
1.7641666201
1.7536064345
1.6559277725
1.5769974460
1.6532714995
1.7115935856
1.7539189320
1.8162846223
1.7841966159
1.8883592828
1.9311668214
2.0247676920
2.1827739137
2.3048030182
2.4678673960
2.4396802377
2.6587922493
2.6856281453
2.8550145315
2.7829500728
2.6743941532
2.5697373989
2.5371333249
2.4857902402
2.4094811250
2.1720559881
2.1140523628
1.9974913396
1.8527702296
1.7377562135
1.6956585671
1.6394063598
1.5349773625
1.4863711618
1.4574450748
1.5921593949
1.5093558896
1.6572564618
1.6136403764
1.7542904732
1.8224422358
1.8150059401
1.9663007794
2.2588132441
2.3957456112
2.4380834753
2.4343613595
2.4618356580
2.4902539335
2.4480042504
2.5425737216
2.2839822841
2.3766202861
2.1681699180
2.1158868937
1.9468491332
1.9789140168
2.0333544620
2.0435912008
1.8902012291
2.0754536876
1.9268296286
2.0702570688
1.9675938895
2.0786544666
2.1016591696
2.0824732437
1.9806302190
2.0360286625
1.9547823743
1.9954751850
2.0496666952
2.0476507137
1.9265202284
1.9892654834
1.9164010362
2.0142059930
1.9182724653
1.9738918700
1.9912731474
1.7599984732
1.9520712035
1.8795116862
1.9820080456
1.9380430889
1.9950105624
1.9636954291
1.9318579777
1.8572127505
1.9636863960
2.1376105985
2.0236082675
2.0317338938
2.0858956324
2.0614527048
2.1187987140
2.0832088942
2.1455668506
2.2163632953
2.0823106160
2.3479045605
2.2920907590
2.2674928520
2.2868665838
2.2776986439
2.3610891134
2.2946290265
2.3460059826
2.4013438913
2.4388390198
2.4791378650
2.4684112859
2.3255094921
2.3614485671
2.3652232420
2.3684643094
2.5068326855
2.5102496207
2.5093747096
2.4342845506
2.4300217411
2.3677787369
2.4056297565
2.2743147656
2.3686793684
2.2779888024
2.1051111899
2.0869450206
2.1996310536
2.1408915494
2.2398241623
2.1096565310
2.1212490336
1.9230701987
2.1078216693
0.1730955232
0.3294471686
0.4931678984
0.1027911416
0.5124159881
0.6613576858
0.8996751252
0.8769491676
2.0876845365
5.6834908197
1.3879456642
1.1526146093
4.4631499445
1.7707653817
0.9327486011
0.6205433221
1.1002199337
0.4814022052
1.0168062190
0.2723292611
0.2666347025
0.1192939803
0.2800207313
0.3163987919
0.5446900298
0.4360393958
0.3487493685
0.5410561231
0.5865855333
0.1671116085
0.2792467778
0.4788218222
0.3280044699
0.2825518867
0.3175272696
0.2337907383
0.2797577314
0.2920855872
0.1788963801
0.2226489918
0.2495994667
0.3332746383
0.4306150215
0.1816171676
0.0863997895
0.2002471892
0.2957027092
0.4193975353
0.2540369543
0.4459871448
0.3466398134
0.3618130691
0.2707110065
0.2835902701
0.3934995451
0.5158668786
0.4753644663
0.4673389184
0.4558122601
0.5047266062
0.4850394554
0.3552565823
1.0958288379
0.8048736108
0.7274917433
0.7127479917
0.6404644807
0.9633880151
0.9785058809
1.0531471263
1.0967647094
1.1429403530
0.2333720778
1.0595185519
1.0226835678
0.9740381216
0.2437845182
0.3005650799
0.7612045097
0.8234543374
0.7524215973
1.2865223368
0.5718949982
0.7642395312
1.0731101022
0.7626255107
0.8026529396
0.8351458866
0.6870371734
0.4437008372
0.2572038512
0.3000732622
0.3649037983
0.3728437809
0.6176141274
0.6289984863
0.5471784553
0.4239949699
0.4469335744
0.2574942599
0.3827550628
0.2428617680
0.3007979559
0.4022730570
0.2794700005
0.3433251646
0.0883566227
0.0758500966
0.1248500747
0.2981300427
0.1205202039
0.0532969970
0.1045553126
0.0650773747
0.1893389964
0.2686390674
0.3958083175
0.2019176140
0.3961189466
0.0938708864
0.1421804789
0.4692107348
0.6347562861
0.5259339163
0.3768665468
0.6574174453
0.5750028001
0.4299275194
0.3955402020
0.3523634503
0.5279835346
0.2773552371
0.4098930616
0.3711772910
0.3796839269
0.1792963073
0.1957953029
0.1548931083
0.3281566339
0.1878928826
0.1310929259
0.1402669509
0.1705153539
0.1775964923
0.2686308472
0.3472396444
0.3608423692
0.4907085390
0.5373122302
0.5117055354
0.4721811331
0.4296574240
0.4527137135
0.3101256101
0.2336237347
0.3570962340
0.3163336113
0.3582621206
0.3292644922
0.2420294598
0.2093548870
0.2695736824
0.3161618131
0.2999576693
0.2301940405
0.2463216735
0.3768168166
0.2991804306
0.3269984668
0.2431229760
0.1800511656
0.3876423181
0.5641146504
0.4655970742
0.3638784307
0.3119223815
0.2370710734
0.3091834431
0.3487166268
0.2797653299
0.2856602094
0.2662463794
0.3770922638
0.3380795049
0.3388733148
0.3042914649
0.3133853053
0.3202241497
0.3238363701
0.2820787692
0.3087683590
0.3498349079
0.3006763625
0.4204715216
0.3878127076
0.3446697043
0.3768818348
0.3711609276
0.2870639486
0.3342353073
0.3136362354
0.3421900115
0.3049330495
0.3613546227
0.4411100220
0.4324052156
0.2491728474
0.2837741127
0.1143254704
0.2620336065
0.2729495202
0.3128649576
0.2659598897
0.2720226164
0.2305975555
0.2427309912
0.4063825451
0.3133250169
0.3196867073
0.1820212971
0.1481776614
0.2017344327
0.1755558886
0.3359498583
0.0970432116
0.1418769777
0.1658621609
0.2134619707
0.2671455611
0.3167569709
0.2533743101
0.4778297449
0.3211826884
0.2955829245
0.2739678620
0.2727592813
0.2774005202
0.2338784160
0.2328161374
0.1508185323
0.1371656144
0.1954426589
0.1397469105
0.2244887632
0.1307356368
0.2758554333
0.3150001809
0.2338813117
0.2374172472
0.2078138753
0.3913066538
0.4499464519
0.1273313948
0.3303176557
0.1410628902
0.5168145427
0.3637243456
0.4696924727
0.3695102259
0.4786086228
0.3992517494
0.4745445281
0.3182661867
0.2711222692
0.2456770326
0.2432211164
0.2486329724
0.1218796056
0.2015329996
0.1766879797
0.1307322413
0.2556794082
0.2246695265
0.1099804621
0.2057837738
0.4591141334
0.2521103040
0.2673867392
0.2645762918
0.2128377565
0.1541446582
0.1568201531
0.1963196445
0.2162103301
0.1401408453
0.1773598723
0.1316273744
0.2334772663
0.2142967616
0.1767755441
0.0796551827
0.2123125645
0.2288964762
0.0852016851
0.1463144040
0.2891261076
0.2765089477
0.3779273454
0.3393615517
0.2738222118
0.4100431097
0.3331727310
0.2243921375
0.3047353865
0.2080784623
0.2938413492
0.2836899555
0.1557812804
0.0608998531
0.1406856060
0.0980791512
0.3454579182
0.3065713164
0.1978390595
0.2634478812
0.1735316980
0.2224986595
0.2868303736
0.3739426556
0.2581646969
0.2499950443
0.2294877203
0.2451794902
0.1797428040
0.1864822175
0.0929681014
0.1149440662
0.1610046133
0.1345712583
0.1212544718
0.0552377825
0.0762223559
0.0309662781
0.1317136185
0.1416839752
0.1751267560
0.1167801506
0.5892496247
0.4830446312
0.4750357386
0.3758122859
0.2664970884
0.4438342946
0.7579196862
0.7382231224
0.9828175791
0.8940365493
0.8836706213
0.9920681386
0.7670693091
0.5098366571
0.6405973958
0.6292880574
0.4283326614
0.1658313424
0.5048666423
0.2994267407
0.5195462356
0.7369285144
0.4680553541
0.6813359765
0.5338180802
0.2266320714
0.6498000134
0.2538081925
0.3528335287
0.4815466924
0.6249467099
0.4018034951
0.3809975957
0.4202470127
0.1776178356
0.4064644605
1.0454360277
0.3592906428
0.7706651947
0.9061115827
0.6567377318
0.3308372015
0.3439396562
0.9334559717
1.1137795865
1.3119375919
0.2081140619
0.8725510966
0.6890647218
0.8528958793
0.8355589156
0.7283193416
0.2593394000
0.4195085085
0.4124151200
0.4615144808
0.1974971341
0.4943402574
0.6377865122
0.3155055343
0.9492221468
0.1170968590
0.3517373701
0.3931662741
0.2366392337
0.2739522904
0.1514178959
0.3383379131
0.2247971865
0.2958308941
0.3024976403
0.3358035716
0.2413083825
0.2846032374
0.2671974907
0.2922168484
0.2534611867
0.2805880327
0.1785373155
0.2067250285
0.1657167916
0.2541635344
0.2108432270
0.0873475831
0.1122505746
0.1492773315
0.1602317380
0.1498184732
0.3240044157
0.2948018859
0.3163264909
0.3797652052
0.2756011171
0.2453726922
0.2182949130
0.1992423059
0.1820955119
0.3541382730
0.0938440523
0.0880391408
0.4023727255
0.3020033569
0.4535508139
0.3537603503
0.5635620421
0.2930031281
0.2170197138
0.1337453392
0.2796503840
0.4717446953
0.4770402097
0.3813753304
0.3144407929
0.2713679797
0.3465545523
0.2998759410
0.7431592807
0.3712155569
0.2519812343
0.3343458617
0.3142623930
0.2876354100
0.2277287633
0.2415066058
0.3293442969
0.6179995341
0.6656188732
0.4314039699
0.3990263171
0.2606687659
0.3537822070
0.6314647885
0.2857178575
0.3880408140
0.5089353115
0.3957060275
0.4638025171
0.2012799122
0.3115940099
0.5424661777
0.3708171255
0.3929189437
0.4367091933
0.4933000106
0.2850552453
0.2913539939
0.2423828701
0.3757883542
0.3655988440
0.5417270593
0.4512811394
0.2926974157
0.3944780161
0.4651080155
0.4450060198
0.5633559456
0.6285314027
0.3466670587
0.2790781484
0.3183224691
0.3775746106
0.5087416553
0.5109058443
0.4350039899
0.2476908625
0.4308441798
0.1693178364
0.3139686776
0.2167459082
0.3579689576
0.5798258877
0.3104560065
0.3608522405
0.1841606808
0.2648794556
0.3238609635
0.2531794300
0.5700402804
0.7331503245
0.3191408966
0.1480701508
0.1976659448
0.1601343594
0.0716392921
0.2341285107
0.1501149021
0.3617444903
0.2830100928
0.5778793535
0.4209527064
0.3245920186
0.2395499205
0.4100699274
0.2137196741
0.0629801875
0.1944032385
0.3362738260
0.5451597451
0.5714472634
0.3394363434
0.3380885445
0.2536534026
0.3557147706
0.4568558642
0.4605780344
0.4584651518
0.3181856494
0.4283493195
0.4115411634
0.4073358424
0.2664595926
0.3045349385
0.4300124116
0.1696492074
0.5128567228
0.5027808546
0.2552027745
0.3992683505
0.3611502447
0.2261854754
0.2599935075
0.2444819334
0.1314869445
0.1628468745
0.1554934606
0.2049826711
0.2847159361
0.1727504167
0.2265092908
0.2631376838
0.3188270910
0.2226538945
0.2057219457
0.4296479969
0.3201950614
0.2038859965
0.1291035328
0.1261560806
0.2863691965
0.3524741921
0.4045979926
0.3942003457
0.3869348887
0.4150920875
0.4585755154
0.4547004064
0.3558849123
0.3831781841
0.3528563526
0.3851241468
0.4101451727
0.4500782514
0.4429325101
0.4229623753
0.4532380900
0.4978940338
0.4526442813
0.4785639469
