1.0832158047
1.0223605561
0.9890687573
1.1074299041
1.3079618396
1.4377233310
1.5642855422
1.9296546910
2.1440587482
2.3308361213
2.5408221137
2.6833174714
2.7502878536
2.8189053360
2.7943925580
2.7363257497
2.6864211753
2.6504404864
2.7001202975
2.6768829576
2.6923215338
2.8914710772
3.0564858712
3.1192801319
3.3071282622
3.3092382619
3.6182513280
3.5640356422
3.6984034747
3.8523299349
3.8669189709
3.8886099483
3.9827387468
4.0745189050
3.9728434706
4.0553455864
4.0025842861
3.6314265763
3.3963803852
3.1827132371
3.0613628226
2.7315713140
2.8551293139
2.5160313234
2.3181484771
2.2058588309
2.1429291953
2.2088713215
2.1048427295
2.1193668039
2.0587746650
2.0698673090
2.0350545946
1.9491265038
1.9222347927
2.1364660956
1.9908157357
2.0065510059
2.0144901458
1.9556422557
1.5592461574
1.5209104086
1.2722082129
0.8730077182
0.9410136037
0.8768382257
0.8716032192
0.9477381833
0.8629640777
0.9423900837
0.9207687795
1.0110336453
0.9121440504
0.9062785129
0.9439657136
0.9846550443
0.8197534295
0.9228099988
0.9513349047
1.0873909431
1.0615329777
0.9455411235
0.7350865429
0.5845079918
0.7844651275
0.7665807293
0.6225245877
0.6840869802
0.7702174159
0.7376714995
1.0166142525
0.6204986094
0.8375519795
0.8862760092
0.8449539465
0.6719991550
0.6551003798
1.0132105093
1.1628308599
1.1584443487
0.8529223653
1.2125913294
0.9298980186
1.0488683757
1.0492574942
0.9323894920
1.0757164037
1.1143098071
1.0491834289
0.8557035299
0.9935522068
0.7716484538
0.6374303397
0.5812272445
1.2851514232
1.4569629977
1.5647720952
1.7731649731
1.8569974363
1.9457019245
1.8718860713
1.5270376041
1.4846727183
1.5664127351
1.4513684682
1.5249592747
1.4282429439
1.4854325974
1.5917274493
1.5365021200
1.5438175044
1.0370746602
1.0902342285
1.1043655734
1.3273392459
1.3280846963
1.3758187368
1.4320270865
1.9539279348
1.5128009414
1.6211393146
1.5306275550
1.2514694318
1.4076462762
1.5953265740
1.5209611278
1.6197789388
1.4803701951
1.5045991283
1.3646560156
1.6526120140
1.5668959911
1.6546804813
1.6405789085
1.4570846005
1.5090725750
1.2271654283
1.3594960344
1.2930185830
1.3872105814
1.2580421071
1.3147184023
1.2324221567
1.3365992177
1.1904541567
1.4114995612
1.2308813914
1.0989368924
1.1984124236
0.8534545406
1.3157525317
1.3499802115
1.5426424181
1.2797454644
1.0308909831
1.0493321219
0.9339445685
0.8591850527
3.0556866469
3.1109683206
1.1814656596
1.1923856854
0.7411782599
0.6877955763
0.6738105655
0.8273811307
0.9137005173
0.8668146559
1.1058846647
1.2526817527
1.0408528582
0.9141045443
0.8382768162
1.0417050041
1.0536623809
0.6846470825
0.9168993154
0.9162813705
0.7347135226
0.7758833404
0.7545135562
0.7751292929
0.8492276477
1.0922118940
1.1575596098
0.9748469804
1.0209947678
0.8301926738
0.7596810758
0.7386091720
0.7467235610
0.8652029816
0.9915099556
0.6529121368
0.8325237426
0.8307191675
0.9213466537
0.6889759565
0.6332317832
0.6258912829
0.3748549677
0.4407654692
0.2969281681
0.8630318584
0.7991622122
0.4925098908
0.6512884987
0.6934086794
0.6103839823
0.5392826778
0.5493960368
1.1391689852
0.6827811856
0.7029096355
0.8710919352
1.3015991026
0.7639086777
0.6363186049
1.0720167980
0.6703436222
2.6638378178
1.5373855477
0.5709000922
0.8624479166
0.5772157361
0.9510396046
1.2264819284
2.2677965960
1.3031181057
2.2544554663
2.1979306683
2.2471542205
2.0924214199
2.0703436327
2.1398639018
2.1440394488
0.9129163315
0.9869113389
0.9899908435
0.9782671975
0.8896234500
0.9386167597
0.9390408882
0.7797862508
0.9551617121
1.1329569163
1.4033873678
1.1762903040
1.2394634132
1.2365402976
1.3578546190
1.1639473263
1.1122578564
0.6105171480
0.7852663178
0.5186485377
0.5925719188
0.6714511049
0.6404626365
0.5426954050
0.4650425336
0.7533083089
0.7922260407
0.9479268834
0.9747560751
0.9814876836
0.8888891450
0.9899117931
1.1765569558
1.4161137230
1.0741847874
0.9223708659
0.8995064136
1.2291958623
1.8470877418
1.7352042749
1.0649009988
1.1698264403
0.8572075672
1.6255912626
1.5548586057
2.3711730248
1.1968022652
1.3328326210
1.1601405100
1.0619854855
1.2329779405
1.2928626454
0.7422729260
0.9913068194
0.9035668263
0.8334813486
1.2701861739
1.0053833462
1.1338748805
0.9140325353
0.8377455864
0.9694051258
0.8791186640
2.3146458286
2.2509296372
2.2765248407
2.1975547058
2.3516541627
2.2768326825
2.2464416861
2.3147314577
2.1148547447
0.6956351407
1.1266656761
1.0966098007
1.2515540688
1.2730434457
0.6990649600
1.0799235708
0.9612130971
0.8952558896
0.6552515165
0.9107618047
0.7878121290
0.9267729292
0.8953736536
0.8969939070
0.7632405153
0.8644817240
0.8620140196
0.8202958904
0.8704991538
1.0180999054
1.1111219196
1.0961944458
1.0071097378
0.9721473806
0.8811843761
1.1852519686
1.3199653667
1.5364316685
1.8974718501
1.4391868133
1.5754297401
1.5811924189
1.0023823364
1.0477858079
1.6328907036
0.9080692975
0.8373966109
0.9530661442
1.1268748675
1.4707520557
3.7197705851
0.6425583455
0.9261835440
1.0500865766
2.5208873437
2.3261618557
2.5177445536
2.4609633124
4.4831247371
1.3324159131
1.2644903148
1.1663731473
1.1608300042
1.0634196434
1.0048587568
0.6870090495
0.7725904483
1.1666011441
0.8232902954
0.8296769909
1.1145748845
1.2146024698
0.9295201820
0.9801893965
0.9820224467
1.0682538803
1.0612222961
0.9339567695
0.9876792525
1.1095994737
0.9619147194
1.1166310971
1.3325070282
1.2974259553
1.2642818828
1.4277566985
1.1737860099
1.1788135600
1.5226261517
1.3559346853
1.5385381110
1.5697378488
1.8092894230
1.6335428169
1.2814755308
1.5762703389
1.3657773061
1.0545209649
2.0746196575
1.3798702357
1.5347327305
1.3441730841
1.3162377234
1.1567588129
1.3509849773
2.1596805778
0.6588903481
3.8998883885
4.4586446041
4.4226699918
4.5848752732
4.3166984405
1.2571412520
1.4003549407
1.0678856734
0.8751087594
1.4735829872
1.3600384321
0.9061353266
1.1138843486
1.1984450811
1.4302752899
1.2004452782
1.2414521827
1.2167639455
1.2525561294
1.5273512352
1.3836519730
1.4411546157
1.2167908410
1.4227934017
1.4342482095
1.4559599685
1.3381477032
1.3606031182
1.3475420701
1.1722792770
1.3622377098
1.5513394629
1.7058197986
1.6145700728
1.5791032088
1.6326240529
1.6843851205
1.6091882917
1.2875515657
1.3577948214
1.7123222233
1.9406138857
1.5096399561
1.8437212409
1.5544622834
2.9500829436
1.7001151052
1.7278244345
2.0978750533
2.0510905824
2.1649698546
2.3449709831
2.2532643083
2.3592323634
2.3764030769
2.3708178890
2.3307309522
1.4466286575
1.3848770499
1.4601599549
1.4851711282
1.4644490172
1.4776944993
1.2997300596
0.7765547959
0.8047073557
0.8836377905
0.7496150806
0.8359365771
1.1573627726
1.1753178179
1.0698140563
1.3768819758
1.1959050736
1.1566584339
1.3011455801
1.3934407589
1.4111238820
1.4586496632
1.5120703287
1.6152628658
1.5511353461
1.5971346544
1.5262793818
1.5480971800
1.3914886761
1.3554368145
1.4964994056
1.3131330109
1.4232447582
1.3522098728
1.3128609394
1.3178663186
1.1536758419
1.1507066401
1.5846398097
1.4058309622
1.2942809744
1.6324507423
1.4574033299
1.3954991038
1.4896553051
1.3251307221
1.0607851508
1.1146032557
1.0346021542
1.1892172239
0.8775724094
1.1917997034
1.1665427150
1.4791165105
1.4605823658
1.2779422570
1.3732932978
1.6245191749
1.3900626764
3.1388288896
1.4623802069
1.5268256329
1.5652295877
1.6269548009
1.2497812746
1.3023240918
1.6629866479
1.9606556233
1.6229038471
1.2675658886
1.7952606048
1.7238774751
1.6166625310
4.1874382645
1.7506325146
1.8004885286
3.7394720521
4.2644716677
4.2202210865
4.1509027046
4.1602787785
1.1420677520
1.0155108646
0.8791007115
0.8882807803
1.3778484933
1.0372835371
1.0488786844
1.0077460005
0.9527889109
1.1918306179
1.2003711341
1.2600800043
1.0095954388
1.1880949724
1.0983218710
1.1548325670
1.0352509983
1.1510478057
1.0313556305
1.1412704898
1.2525559646
1.1195658633
1.1857184975
1.0636560284
1.1126451815
1.0754064652
0.7660604858
0.9573793844
1.2743225096
1.4089074614
1.1802694182
1.5803671098
1.5201119505
1.6308159374
1.4773724296
0.9236345595
0.6234022636
1.1857015763
1.1506901280
0.9376458376
0.8926036335
0.9974959080
0.9047670732
1.4900034384
1.3940671663
1.0341131197
1.1011831748
0.8744034565
0.9371461685
0.7431717106
0.8988515886
1.0130668481
3.1527157414
1.6605380292
2.6755106309
1.9951136459
1.5815025148
1.0095008734
1.2466262928
1.2559744160
1.3909024754
1.5125628896
1.5231134293
3.2412176293
3.0264258538
3.3485375311
3.4534271888
3.3133930864
3.3566738033
3.2690727259
1.6704057599
1.7212318100
1.7231894572
1.6553913022
1.7404711944
1.6220741490
1.5462134388
1.4666433819
1.3228653666
1.8060806806
1.0278768974
1.2903661156
1.0412649423
1.0276862068
1.5267140113
1.2248145023
1.1531879573
0.9465382562
1.1667182374
1.2801725623
1.1632098111
1.1415387177
1.0319046617
1.0139097325
1.0409497199
1.1489948082
1.0324727257
0.9144081862
0.6644364635
1.2612931473
1.1412606173
1.1127634779
1.2303925261
1.3791911622
1.2234935705
0.7593757299
0.9242046741
0.4570793399
0.8341139892
1.1563252273
0.8557515247
0.8971894673
0.9716724844
1.1397431944
0.9875927488
1.1892191032
0.9986312841
0.6709564621
1.5676852015
1.3090743110
1.5801661200
2.1126275959
1.8051637124
1.7189715306
2.8713781966
2.6118940597
3.8937065379
2.7044340449
2.4497307650
2.4688022191
2.2703391842
2.1071627788
1.9458551726
1.9288474982
1.9399531556
2.1153403264
1.7118213250
1.2093678459
1.8601123645
1.3114002373
1.2458861800
0.7616501539
1.1354373447
1.0560089852
0.8793778803
1.1024976071
1.2665794540
1.1360170615
1.5009976777
1.5124548275
1.4507013028
1.6324287847
1.6114205263
1.3551221945
1.5389483339
1.5490875240
1.6797470902
1.7078468872
1.5273281763
1.7524487985
1.6919145390
1.3162666463
0.9094426563
1.2006565326
1.0149012478
1.5929829653
0.9408760045
1.0128887278
1.1350410940
1.4036724510
1.3574934529
1.1330220921
1.8506591052
1.1340787986
1.2268769563
1.1010118861
3.1153458993
0.6919486403
1.1134383816
1.3289341191
2.1171545371
1.4867842524
1.8572944894
1.8415304548
2.6183755960
1.7107715258
1.5510977635
2.2417712745
2.2818253201
1.4120506913
2.2130101140
1.9705017621
1.9439741323
2.3809459575
1.5990769138
1.3977231158
1.4593275082
1.5622118268
1.2587783371
1.5216965652
1.2123672029
1.1055842611
1.3952012971
1.7117377602
1.9353540745
1.4911717256
1.3635605623
1.4146513093
1.7055821048
1.5859501226
1.5278304152
1.6530130218
1.5494452206
1.7531075182
1.7061026449
1.8022750171
1.9325173764
1.9425984706
1.6913943640
1.5914261255
1.3204603046
1.2249914799
1.4724438065
1.3746798550
1.4702521340
1.4513595432
1.6252383070
1.7427982889
1.6303487300
1.7044089386
1.4446329900
1.5966508799
1.6047189135
1.7044524269
2.6784535325
1.6420271476
1.5902358698
1.6980550882
1.6661845624
1.9284899206
1.1200963733
1.9138658787
1.7603936032
2.1800712031
2.3970293163
2.1980843639
1.6806440567
1.5644702186
1.5744014523
1.3543711001
1.5932609421
1.3603786233
1.5311061225
1.4712096102
1.3863216891
1.5259936317
1.8074519728
1.6567019024
1.8847041620
1.8164167168
1.9172188824
1.9455099578
1.8676893331
1.8992807197
1.8100527200
1.9341040899
1.7393369862
1.9762067771
1.8989951262
2.0720787221
1.8861111004
1.8188653139
1.8113901476
1.6742004612
1.6226059126
1.4548696723
1.6122573632
1.5245802677
1.4145571669
1.3684544403
1.6163882543
1.4558977860
1.6856974834
1.6179770923
2.1784611765
2.2299928889
1.9371895082
1.1533120188
0.9787031354
1.1882179120
1.8676008175
2.1273366465
1.2442737441
1.4844623407
1.8834479806
1.7587759138
2.3398517501
2.2354233274
1.8458821963
1.5514222866
1.2023312310
1.1706578990
1.8743729915
1.1975284093
1.8097420158
2.0845230549
1.7246433146
1.8217910607
1.7638068156
1.6937656733
1.7802832065
1.6774987768
1.9248168951
1.7554137776
1.8675990903
1.7485697053
1.7517059474
1.7800295471
1.8292189597
1.8491257557
1.8841905446
1.9672252403
2.0213790947
2.0099506145
2.0246119485
2.0931233954
1.9731965653
1.9721643551
1.7709661241
1.8431826146
1.6604206871
1.7659227057
1.8164894667
1.5675529048
1.7493935759
1.4351950326
1.5276294922
1.6206739979
1.6265737821
1.6586234497
1.7212500150
2.2235265589
1.9933444684
1.9946734219
2.0620192536
1.6995660373
1.8495131707
1.8196338209
1.6614823304
1.8959635291
1.7487092353
1.9094872903
1.7403828446
1.9829380322
1.9264571415
2.1840502400
1.7602842906
2.0893379865
2.2804666586
1.8558438712
1.6965770838
2.1397775479
1.5329415824
1.3827351592
1.6812487116
1.6224105568
1.8282104273
1.8950783264
2.0809074287
1.9715658277
2.0522798632
1.9465901680
1.8890996252
1.9143515922
1.9307576917
1.8323393304
1.6755468665
1.6636081995
1.6723610204
