0.2269814771
0.2321244899
0.2338344875
0.2357180092
0.2363231114
0.2376557271
0.2384916189
0.2384852933
0.2386631174
0.2445333453
0.2448455624
0.2453798335
0.2462463919
0.2475001689
0.2473364807
0.2535666965
0.2547056591
0.2562256622
0.2586695525
0.2699444749
0.2735870461
0.2772956446
0.2811304099
0.2929331147
0.2969055992
0.3006318414
0.3046422612
0.3083582591
0.3208782084
0.3269282565
0.3345361095
0.3425836978
0.3586399115
0.3679259515
0.3767542946
0.3926357375
0.3999709950
0.4136181908
0.4207495041
0.4280282349
0.4421845379
0.4566982486
0.4659067904
0.4817635916
0.4903070319
0.5041121949
0.5096479882
0.5203925888
0.5243671152
0.5281185678
0.5345951999
0.5421420713
0.5431866305
0.5494938727
0.5508858469
0.5562401945
0.5596614276
0.5602605285
0.5607366457
0.5610669946
0.5623431219
0.5652614311
0.5661085378
0.5643557060
0.5627278587
0.5588560632
0.5564089561
0.5551699333
0.5531711578
0.5498871877
0.5466349638
0.5412848362
0.5355512751
0.5315047976
0.5296880821
0.5270694656
0.5262476637
0.5248300263
0.5247447518
0.5219104705
0.5194216262
0.5151130630
0.5111068576
0.5070063498
0.5009976110
0.4971046319
0.4941389961
0.4909080154
0.4904783053
0.4874357718
0.4859234177
0.4840841893
0.4820317362
0.4810968114
0.4813993538
0.4836832994
0.4867360246
0.4866402531
0.4883575795
0.4852238499
0.4831799313
0.4817328956
0.4804124940
0.4797393995
0.4787165496
0.4781895229
0.4786784739
0.4784938500
0.4783955459
0.4747478636
0.4748421761
0.4693983540
0.4699442548
0.4658897697
0.4576159085
0.4500598340
0.4421500571
0.4377361824
0.4346364285
0.4318397009
0.4313054054
0.4304959552
0.4304609932
0.4319260715
0.4347636236
0.4400931524
0.4389290111
0.4431694613
0.4492282874
0.4551713271
0.4527676990
0.4577843600
0.4615327729
0.4577368214
0.4600549972
0.4606659597
0.4592027303
0.4531966442
0.4503551201
0.4461895949
0.4422138908
0.4388788198
0.4328852090
0.4289996323
0.4257699904
0.4205054728
0.4178991880
0.4133340800
0.4101356228
0.4049675074
0.4021361142
0.3995418482
0.3946758848
0.3900156586
0.3866641154
0.3825841387
0.3789577043
0.3743205683
0.3695399015
0.3647103132
0.3625103665
0.3579639580
0.3542747187
0.3494297421
0.3463673846
0.3415828740
0.3364445159
0.3340655655
0.3286912271
0.3236320740
0.3221879421
0.3179124738
0.3156404661
0.3123428807
0.3095571637
0.3071253570
0.3062341380
0.3055411206
0.3045018563
0.3025142600
0.3011040043
0.2979321474
0.2938210562
0.2924600246
0.2891103712
0.2887160107
0.2886551608
0.2912665077
0.2951296560
0.2997685810
0.3044504215
0.3088604249
0.3147385004
0.3209453566
0.3252327375
0.3292165596
0.3314380899
0.3303134958
0.3280155119
0.3270683889
0.3248086616
0.3210489747
0.3195211817
0.3205818614
0.3215455622
0.3248817219
0.3280310283
0.3319495064
0.3364101247
0.3428386136
0.3482775229
0.3523996668
0.3572844779
0.3619781855
0.3651298556
0.3676608868
0.3704187326
0.3738710053
0.3764210905
0.3814308983
0.3826993656
0.3859143648
0.3872633630
0.3889506253
0.3900235016
0.3897176659
0.3891148718
0.3875753004
0.3870766122
0.3851906620
0.3824329151
0.3791705835
0.3733154463
0.3677664858
0.3623413524
0.3576638721
0.3540085992
0.3498392840
0.3460128454
0.3405858883
0.3334281591
0.3319686768
0.3247220898
0.3248844311
0.3258559038
0.3222097502
0.3237773192
0.3188711772
0.3183180939
0.3129211405
0.3113358392
0.3055172558
0.3031488697
0.3004135998
0.2939434945
0.2918894564
0.2908694852
0.2864203380
0.2853974045
0.2796567419
0.2783235057
0.2772741834
0.2755020938
0.2679050553
0.2663288524
0.2656961989
0.2607595655
0.2595943138
0.2547141727
0.2494875605
0.2443394555
0.2399080653
0.2359918353
0.2343537073
0.2325919852
0.2325603839
0.2326492998
0.2326769727
0.2334018035
0.2336650025
0.2332186993
0.2318217755
0.2285961330
0.2240876802
0.2182131644
0.2196017428
0.2244855171
0.2281721763
0.2272365921
0.2254387550
0.2233379858
0.2209888988
0.2191115768
0.2174253932
0.2170837410
0.2178343126
0.2195188707
0.2215867845
0.2233168960
0.2240333863
0.2250593778
0.2270705549
0.2300377908
0.2332891952
0.2370951459
0.2412962484
0.2456771856
0.2505600370
0.2557703933
0.2614993908
0.2664540551
0.2703375553
0.2750200507
0.2758870025
0.2774739723
0.2792999443
0.2809921189
0.2826071639
0.2842536833
0.2857339151
0.2872183870
0.2902213327
0.2936192236
0.2967874627
0.3004242617
0.3043438522
0.3089285939
0.3140883817
0.3186372978
0.3229743216
0.3271674622
0.3320333434
0.3374607342
0.3425705238
0.3479608217
0.3536297569
0.3582711770
0.3628254923
0.3674512286
0.3725919687
0.3775984144
0.3829838272
0.3881056927
0.3926688906
0.3956904370
0.3975997930
0.3967909343
0.3965287239
0.3963536341
0.3918886093
0.3890525413
0.3881624882
0.3850385499
0.3823833613
0.3781332291
0.3732996285
0.3679406623
0.3639151814
0.3610662516
0.3583109417
0.3571808894
0.3540770541
0.3512960915
0.3487370740
0.3448295713
0.3408798751
0.3363277198
0.3316507704
0.3270134394
0.3221788155
0.3160482912
0.3106300780
0.3064161710
0.3020298336
0.2962762626
0.2905952222
0.2856176347
0.2812519702
0.2772425629
0.2747061236
0.2718929937
0.2707760384
0.2685981971
0.2672685664
0.2666452400
0.2669868403
0.2672441478
0.2679747723
0.2682793381
0.2700488059
0.2732009846
0.2761394867
0.2784756474
0.2801736393
0.2814786771
0.2821514646
0.2814337333
0.2808307216
0.2809054867
0.2826278599
0.2850689860
0.2875268090
0.2893887804
0.2922991935
0.2956696803
0.2999882705
0.3051950153
0.3116047931
0.3193013678
0.3282361061
0.3381126706
0.3460644236
0.3579975655
0.3691927527
0.3804096547
0.3919517924
0.4028905180
0.4128412929
0.4221054959
0.4298389075
0.4372890996
0.4439735196
0.4490517338
0.4517427900
0.4531297060
0.4536397761
0.4532255419
0.4519906359
0.4494422089
0.4458002619
0.4415490834
