0.0938308719
0.0941540077
0.0941720249
0.0939041267
0.0938039611
0.0933444033
0.0934363132
0.0931641477
0.0924185896
0.0911812992
0.0925233593
0.0931501631
0.0930929703
0.0923153101
0.0925518068
0.0922592008
0.0931691623
0.0924287548
0.0928227231
0.0935189254
0.0928937249
0.0937172873
0.0949306819
0.0948961942
0.0940461701
0.0947922258
0.0956424599
0.0948171400
0.0967317177
0.0947758322
0.0958899433
0.0959386645
0.0952408661
0.0942941256
0.0936188849
0.0920968694
0.0895989095
0.0874219737
0.0849659856
0.0887682479
0.0842467430
0.0815772589
0.0805517863
0.0806402644
0.0770199855
0.0799021298
0.0819007191
0.0799365334
0.0798196635
0.0766490639
0.0745375163
0.0776420514
0.0773015700
0.0731337651
0.0731430685
0.0680058181
0.0665774396
0.0638243105
0.0625256883
0.0613677413
0.0574891239
0.0584771149
0.0592669873
0.0589397691
0.0610328360
0.0603443037
0.0592485052
0.0595342203
0.0603817085
0.0585661035
0.0602893621
0.0594647186
0.0589941787
0.0585097289
0.0582889516
0.0466423631
0.0466794000
0.0455156055
0.0458967627
0.0464379946
0.0473277469
0.0502485811
0.0523177351
0.0534841900
0.0540954726
0.0520510225
0.0526268947
0.0555506304
0.0549725771
0.0556261852
0.0540533410
0.0551403514
0.0575038914
0.0563966782
0.0572916382
0.0592188679
0.0578679488
0.0580830660
0.0634322928
0.0591151230
0.0580115033
0.0692984229
0.0747069717
0.0759539063
0.0728500493
0.0785323749
0.0770649964
0.0816892619
0.0823180044
0.0835048248
0.0804396286
0.0830355580
0.0770381785
0.0740369649
0.0742953258
0.0708389020
0.0735299869
0.0734971269
0.0759951333
0.0738413213
0.0725763034
0.0738411249
0.0738362839
0.0716422794
0.0702724861
0.0718795888
0.0737251541
0.0745881864
0.0749574067
0.0749280703
0.0768901662
0.0783950044
0.0771222742
0.0753816478
0.0756323047
0.0749741187
0.0743052452
0.0734572617
0.0714166888
0.0708891928
0.0721795749
0.0719008730
0.0760748270
0.0740085844
0.0728052745
0.0740100291
0.0750179765
0.0785610065
0.0760275533
0.0809283889
0.0775481105
0.0802327301
0.0835032859
0.0793378292
0.0791075648
0.0778413873
0.0758446617
0.0749926697
0.0783480296
0.0725036303
0.0743326697
0.0751063947
0.0815188529
0.0809546154
0.0899622150
0.0955351367
0.0954676336
0.0935970638
0.0925255794
0.0874340218
0.0868288249
0.0827381109
0.0835796174
0.0807510376
0.0796331009
0.0773858165
0.0752742832
0.0779686675
0.0730069335
0.0711744435
0.0683768565
0.0662221582
0.0610212583
0.0564516556
0.0536190883
0.0505665376
0.0514097231
0.0501101624
0.0468672421
0.0510491800
0.0510274448
0.0527527844
0.0529496639
0.0477105591
0.0468773953
0.0472149407
0.0477629870
0.0409428162
0.0341749279
0.0516272003
0.0453423732
0.0452155372
0.0518725326
0.0508654102
0.0562609364
0.0557715124
0.0579430617
0.0451446432
0.0433015805
0.0512598862
0.0446637867
0.0487639705
0.0552354205
0.0542886983
0.0572667391
0.0498506212
0.0432755234
0.0496178481
0.0399701770
0.0392617138
0.0395486740
0.0456119070
0.0444868850
0.0460560842
0.0436721107
0.0443182569
0.0504887110
0.0422572839
0.0468813140
0.0580783188
0.0619293282
0.0552225722
0.0677969601
0.0693877408
0.0512941994
0.0506577310
0.0567656894
0.0489682625
0.0712806025
0.0816824553
0.0662462914
0.0620526465
0.0442394830
0.0520770531
0.0385408516
0.0460294280
0.0578858501
0.0625574332
0.0439994359
0.0450313312
0.0348934792
0.0656832745
0.0469896438
0.0490901947
0.0427248891
0.0409400111
0.0421788651
0.0438277398
0.0424429013
0.0459309116
0.0493274747
0.0508098157
0.0523278376
0.0515022145
0.0479353885
0.0502550437
0.0511467178
0.0468796769
0.0527411973
0.0554746007
0.0503166051
0.0481096270
0.0518732970
0.0554262144
0.0560677977
0.0557624216
0.0536883295
0.0564387158
0.0506386367
0.0597816675
0.0607979717
0.0581794642
0.0577417956
0.0543465600
0.0605100367
0.0634305509
0.0582714210
0.0553381729
0.0580028555
0.0582513993
0.0615216447
0.0594948688
0.0568600183
0.0608241072
0.0666146756
0.0670807099
0.0678553715
0.0753570350
0.1214826196
0.1003349724
0.0717546303
0.0788197468
0.0762589735
0.0692957209
0.0761932059
0.0795413958
0.0654999191
0.0633301666
0.0633399898
0.0641243620
0.0645692912
0.0583635228
0.0525012467
0.0528518312
0.0552688511
0.0534874722
0.0569617612
0.0537618211
0.0476295934
0.0498419377
0.0466658059
0.0458702963
0.0446018859
0.0486822851
0.0389955481
0.0383480286
0.0368417200
0.0433777271
0.0339098149
0.0392348479
0.0363076212
0.0287994686
0.0315879814
0.0324010099
0.0360724007
0.0426626029
0.0518214266
0.0472133286
0.0521038840
0.0467668815
0.0472599669
0.0387484654
0.0436953563
0.0433861699
0.0447897455
0.0343794597
0.0341863669
0.0363403759
0.0296772248
0.0337980044
0.0339818266
0.0314097195
0.0373837148
0.0426730342
0.0430879629
0.0429227806
0.0441885725
0.0472017711
0.0479928441
0.0441781462
0.0410138394
0.0402983820
0.0441368687
0.0447398196
0.0582278252
0.0513967574
0.0474922788
0.0517332734
0.0585635782
0.0548997312
0.0478516629
0.0544102200
0.0621196783
0.0509884313
0.0416283053
0.0455762693
0.0457534340
0.0387564060
0.0644671991
0.0296767700
0.0296482940
0.0356401413
0.0378147807
0.0366105567
0.0363376445
0.0362330934
0.0351754474
0.0416512619
0.0397845372
0.0423769949
0.0386319871
0.0393774517
0.0364257699
0.0380233704
0.0386876386
0.0515489215
0.0421369961
0.0443781439
0.0490166515
0.0546008732
0.0595197559
0.0543412837
0.0625490437
0.0654135490
0.0522385677
0.0554512769
0.0588942775
0.0613530980
0.0603333936
0.0597202361
0.0570724883
0.0544454520
0.0540794917
0.0534353771
0.0543201387
0.0520426550
0.0524788731
0.0540558216
0.0549064502
0.0550691775
0.0561574578
0.0549973101
0.0569360233
0.0546314648
0.0536692596
0.0514610912
0.0588168730
0.0481700105
0.0532922364
0.0533310012
0.0579469048
0.0495695402
0.0409652912
0.0548847696
0.0497095335
0.0539611192
0.0672554729
0.1247924583
0.0882753265
0.1224344083
0.0731730191
0.0884404464
0.0196098157
0.0537689326
0.0454020608
0.0548804270
0.0648111081
0.0524556635
0.0711283645
0.0457898728
0.0486148163
0.0393393436
0.0367027823
0.0349451975
0.0178955482
0.0301298977
0.0231204895
0.0226857458
0.0238819152
0.0255545623
0.0276574434
0.0385480523
0.0306417424
0.0314081257
0.0427946556
0.0246085425
0.0221939929
0.0230157253
0.0265643515
0.0238413006
0.0167435657
0.0158784649
0.0231653016
0.0213916577
0.0277338453
0.0255952903
0.0288782386
0.0238066114
0.0278383017
0.0238494344
0.0309203952
0.0262892653
0.0184170512
0.0183001968
0.0198979407
0.0176549493
0.0215237929
0.0240151022
0.0224593141
0.0250162884
0.0227559917
0.0312180333
0.0298443200
0.0286963466
0.0284144426
0.0312972224
0.0232369426
0.0207711382
0.0257762583
0.0363198672
0.0618324051
0.0511085639
0.0471772181
0.0301340542
0.0385148918
0.0458246184
0.0422616860
0.0275048441
0.0408656233
0.0238804330
0.0451476697
0.0346110417
0.0443974132
0.0204343317
0.0290545955
0.0269072567
0.0271205065
0.0193164419
0.0207782290
0.0323069071
0.0307821483
0.0323892188
0.0310240998
0.0260258932
0.0235719806
0.0292343397
0.0242783060
0.0284270975
0.0217294731
0.0199557227
0.0163706828
0.0208375155
0.0170785641
0.0156320096
0.0117066270
0.0146929465
0.0118020836
0.0126592039
0.0126633550
0.0069391881
0.0107156513
0.0139809115
0.0134021698
0.0199093428
0.0181942468
0.0203450944
0.0240466250
0.0227687877
0.0242686808
0.0214388779
0.0215172193
0.0256430289
0.0250490515
0.0275060940
0.0279957172
0.0276914361
0.0260710320
0.0287824101
0.0218288407
0.0196576722
0.0239008674
0.0339153588
0.0337116594
0.0432236385
0.0427798036
0.0461477250
0.0442530936
0.0234925825
0.0232159600
0.0275461398
0.0390144776
0.0659374257
0.0552302613
0.0393295711
0.0445896216
0.0308306604
0.0807515815
0.0695863556
0.0574644312
0.1179372324
0.0531813874
0.0598856594
0.0600976453
0.0603934629
0.0615217190
0.0585335318
0.0564915105
0.0544353373
0.0561235325
0.0543399255
0.0536737709
0.0581303533
0.0609537996
0.0618727619
0.0612050703
0.0619328793
0.0596046275
0.0569011343
0.0547292928
0.0567029613
0.0636007124
0.0567908335
0.0552448044
0.0630200200
0.0669134848
0.0657319662
0.0584589977
0.0609341186
0.0583011910
0.0537133943
0.0534946161
0.0588485799
0.0487026873
0.0505307260
0.0504255345
0.0420730105
0.0383480833
0.0428201783
0.0474309685
0.0442835448
0.0539741426
0.0446264499
0.0432910536
0.0489981104
0.0487916161
0.0508995009
0.0501779369
0.0523012148
0.0476411429
0.0483491519
0.0468193548
0.0460740390
0.0459692650
0.0434116259
0.0441286009
0.0422591551
0.0451780584
0.0375361683
0.0460920070
0.0365115646
0.0265753928
0.0274640854
0.0328779384
0.0266886415
0.0439168875
0.0354491449
0.0305738511
0.0236775157
0.0254997013
0.0247813398
0.0250544717
0.0278853135
0.0356753103
0.0353907031
0.0670621426
0.0716790741
0.1337197374
0.0833419296
0.0462051045
0.0607487950
0.0413526293
0.2279667851
0.0450023904
0.0585302185
0.0672689047
0.0494393306
0.0549147154
0.0477775123
0.0574559139
0.0648349809
0.0513504845
0.0522820538
0.0508484509
0.0540804877
0.0536251125
0.0535070103
0.0586129522
0.0545703227
0.0584326024
0.0643053678
0.0669375162
0.0678549220
0.0641779780
0.0650133431
0.0671952879
0.0651922458
0.0626986704
0.0619921786
0.0573317067
0.0519164157
0.0454311165
0.0485208254
0.0464703800
0.0453486148
0.0430736253
0.0416836442
0.0432676435
0.0469399469
0.0482929555
0.0451075503
0.0446619113
0.0472514483
0.0484051019
0.0470594441
0.0465568220
0.0438170055
0.0449568518
0.0498334203
0.0564555341
0.0553145303
0.0510241467
0.0507560916
0.0584336892
0.0569154166
0.0412615735
0.0393493771
0.0378209711
0.0356444821
0.0406846806
0.0364959350
0.0314114200
0.0321952755
0.0387156255
0.0520332405
0.0663787534
0.1044645557
0.0539958254
0.0552590477
0.0593372134
0.0542251135
0.0574403844
0.0534673952
0.0473077478
0.0461710763
0.0530172729
0.0445898478
0.0472555655
0.0422269964
0.0451443075
0.0459385219
0.0497537231
0.0479106474
0.0558492680
0.0586518054
0.0613804990
0.0608058938
0.0658669571
0.0654886677
0.0643128146
0.0640278240
0.0588926617
0.0670713814
0.0672056247
0.0607012409
0.0567711837
0.0542685492
0.0619840146
0.0613972820
0.0574496094
0.0574705036
0.0507555938
0.0475401151
0.0462265701
0.0455671666
0.0458743056
0.0449845630
0.0458256965
0.0462979170
0.0463008574
0.0405130633
0.0403981659
0.0468725027
0.0414320983
0.0383668234
0.0408996660
0.0449793579
0.0472412538
0.0496307388
0.0503287869
0.0520541591
0.0496689473
0.0371486908
0.0172251777
0.0192420987
0.0199418418
0.0260188573
0.0074903605
0.0158544587
0.0288080883
0.0295665552
0.0349539052
0.0244691339
0.0351546270
0.0477447136
0.0609780234
0.0589104770
0.0482805705
0.0560447931
0.1281169074
0.0463143096
0.1072422607
0.1123556652
0.0448120152
0.0458838810
0.0459774251
0.0341553993
0.0296766826
0.0254059634
0.0234741373
0.0225052556
0.0238572940
0.0281051646
0.0268326415
0.0221826812
0.0228701054
0.0241391892
0.0245611481
0.0254088374
0.0234298105
0.0251028950
0.0208274413
0.0217175917
0.0253399477
0.0279397876
0.0295864847
0.0271802589
0.0340894510
0.0309418088
0.0330826037
0.0349311160
0.0347069197
0.0383681051
0.0385507765
0.0396336281
0.0393722309
0.0359654803
0.0353491033
0.0382204318
0.0377348116
0.0436542637
0.0477921808
0.0488421562
0.0484046902
0.0433360275
0.0407654208
0.0402786798
0.0418507002
0.0411554020
0.0457950379
0.0484047891
0.0521580446
0.0503267837
0.0455400825
0.0599778109
0.0574425263
0.0708782889
0.0577384733
0.0599702888
0.0621640095
0.0686094751
0.0735705162
0.0750034620
0.0753473371
0.0806814435
0.0891689699
0.0930766842
0.0909726200
0.1167033845
0.1151923619
0.1131586616
0.1184266983
0.1219807232
0.1162636834
0.1187511202
0.1196888921
0.1317648897
0.1303059576
0.1147723144
0.1129590281
0.1209127816
0.1238442176
0.1260388118
0.1306294064
0.1316371811
0.1327102962
0.1314809535
0.1442259006
0.1582390330
0.1591769589
0.1632923417
0.1637555034
0.1588413540
0.1619543881
0.1658524045
0.1675007158
0.1808045422
0.1828070374
0.1873742836
0.1897687591
0.1974460213
0.1976167719
0.2068780308
0.2111915486
0.2246483405
0.2232989954
0.2237562307
0.2198408824
0.2189594960
0.2215495270
0.2250043425
0.2239518256
0.2211558708
0.2209885216
0.2186774314
0.2187741673
0.2249602352
0.2202225361
0.2254609434
0.2373443820
0.2377568786
0.2399886599
0.2382399073
0.2379580069
0.2436075506
0.2369228285
0.2320080653
0.2532048539
0.2447038371
0.2258614181
0.2437702387
0.2291466356
0.2558477150
0.2423335751
0.2047090093
0.1635376168
0.2701631721
