0.3718358853
0.3942744173
0.3663612023
0.4476858180
0.3224324976
0.4184822562
0.3825476421
0.2916653662
0.2972445204
0.2730381555
0.4660272941
0.5737094414
0.6799099773
0.7423327325
0.4448090144
0.4139228376
0.4231608133
0.2703890663
0.3577456211
0.3883084357
0.5165933028
0.6457366314
0.6621032866
0.7838930783
0.7215815221
0.7215839938
0.9012386317
1.1403306989
1.3369873374
1.4828887023
0.9620122333
0.5483201454
0.6477877596
0.7133497498
0.9681863905
0.5451917853
0.3954710863
0.3315684228
0.3201654507
0.5587157300
0.7053150603
0.7192108226
0.6754468594
0.6663212758
0.3226244208
0.2997498205
0.3668178863
0.1534508210
0.2977660027
0.3571248090
0.3982229581
0.5028193645
0.4647927249
0.7053975582
0.6317236529
0.2744153856
0.4732918486
0.4906628498
0.4727173089
0.3595993582
0.2267519847
0.2367915582
0.1537504708
0.1812580746
0.4916134108
0.4677255851
0.3329296738
0.5043021391
0.4950615497
0.5550373437
0.2908819301
0.9039290755
0.9896837155
0.9644476809
0.8543569505
0.8027672783
0.6418944130
0.5618622312
0.2645397619
0.3360491231
0.3563933481
0.2700135092
0.2245371852
0.2563383179
0.1634195387
0.2068275002
0.2205782139
0.7623877431
0.7073653040
0.5267987059
0.4129522387
0.4611626162
0.4303013018
0.1738546768
0.3475736372
0.6795089547
1.1833484710
1.4566553754
0.9078783431
0.8277390971
0.5624859238
0.1680292907
0.2251092319
0.2530613375
0.1427020974
0.1797957793
0.2170502133
0.6706772144
0.7019583988
0.5740197460
0.4975948545
0.1925924063
0.1607345847
0.0531906793
0.2758420824
0.3354629124
0.3479318966
0.5106176079
0.8429945223
0.6426687196
0.8904007836
1.0033570945
1.0143396725
0.7961806625
0.2401197662
0.1800861645
0.2223866862
0.5166071937
0.7616713577
0.5677562821
0.6260380981
0.7259961664
0.4535147830
0.1509297527
0.3036864534
0.1405075957
0.4414100179
0.8355446293
0.7312677699
0.5868924176
0.3590937960
1.1346787132
1.0009434984
1.0579198247
0.7555539226
0.2984910125
0.5906715123
0.5607219466
0.5080289491
0.7166381304
0.5868325106
0.6681900598
0.4200131942
0.6159366341
0.7490607968
0.5632501711
0.5441823721
0.3459597417
0.1928529279
0.6184431640
0.8318523730
0.6953753097
0.7725968331
0.5828586079
0.6260312556
0.5259126321
0.5602123134
0.3509527762
0.5044016411
0.6226217846
0.4894922471
0.4564443692
0.9679334213
0.5857660735
0.9349151929
1.0262228217
0.6310121303
0.6375303961
0.4318270391
0.5496066333
0.6408237561
0.3721514300
0.2806986766
0.2534671726
0.4372422362
0.7796419850
1.0596039721
1.1519244754
0.7454634332
0.6333869667
0.6591611794
0.3991443027
0.4816607332
0.6754981267
0.9439161342
0.9064268896
0.9314444783
0.5796938780
0.2670450956
0.3266844860
0.5529668888
0.6056397887
0.4470523878
0.2228833376
0.6898600278
1.1439935738
1.6809385930
1.5101609709
1.1390475528
0.5926145970
0.9031981842
0.6181377314
0.4444736304
0.1873345620
0.6125141763
0.2459938194
1.4045063139
0.5661811822
0.4886781717
0.7303856190
0.8594516833
0.4883403092
0.3031904521
0.1451021239
0.2559599983
0.1988200673
0.6295827640
1.3391768913
1.2690627408
0.5152944631
0.7022848991
0.7356024553
0.6657240705
0.1936701822
0.0979182884
0.6581115213
0.6998778126
0.7933090862
0.7349485997
0.5495181778
0.3863952479
0.6175770729
0.5828430098
0.3094995522
0.2488107990
0.3582685058
0.3485265960
0.1563428838
0.5478395920
0.4993591284
0.2138702654
0.6720571939
0.8070351455
0.8545654819
0.6980453238
0.7614463124
0.7398743117
0.6101923262
1.4308097278
0.4296915463
0.5649770054
0.5492511751
0.6937307270
1.2041872559
0.5079250565
0.6510378050
0.5311392800
0.8142674679
1.0660963534
0.9904854735
0.7073541227
0.5300533519
1.4235467701
0.1364396489
1.0001211339
0.8072982561
1.0532362119
0.6244018834
0.3428164960
0.6147059125
0.5967276811
0.5081464875
0.3945891701
0.4215763687
0.5127911699
0.4784272292
0.3948875579
0.4019703160
0.4910754114
0.4542191134
0.5546744709
0.7856218351
0.6982077057
0.4697914152
0.3565159920
0.3516714416
0.3781763145
0.1997350029
0.4644065772
0.3151649156
0.3217269719
0.5908373711
0.3868854422
0.3482114588
0.4047486954
0.5020600464
0.5115290229
0.6032236398
0.4729019406
0.3564127951
0.2976608933
0.2055129816
0.3931574503
0.3109666497
0.2994724694
0.3645980931
0.4214244572
0.2884952751
0.2617689985
0.2254680626
0.7040911781
0.9363725703
0.9918407419
0.8477427102
1.0084122987
0.6758243583
0.5454594012
0.4034055749
0.5965508768
0.6059071215
0.5899427074
0.3597262680
0.5051558221
0.4140779630
0.4076758219
0.7326032249
2.9626890620
2.9460211256
2.9514613224
2.7686039559
2.8928884272
2.9344578683
2.9029931401
2.9873141514
3.0495333774
3.0202188493
2.9762977799
3.0489821322
2.9982641047
3.0678580942
3.2114962517
3.2357393783
3.1257468271
3.1092932933
3.1091736470
2.9764376546
2.9258662727
2.8751884834
2.7066249853
2.9304571341
2.8373387699
2.9465275393
2.7281324353
3.0129219393
2.3413265370
6.0747268577
3.8709822226
3.2837532339
3.3926581964
3.4548271421
3.2193401814
3.4242721413
3.4540178407
3.3352612766
3.0625379521
2.8968921313
2.8323811024
2.9320435964
3.0582074354
3.1148785854
3.0886041885
3.1630437983
3.1301571690
2.9840266313
2.8481204043
3.0125158423
3.0905645512
3.0711842058
3.3102892144
3.0995446225
3.2154791856
3.3179084793
3.4070406526
3.5288488516
3.3835068113
3.3868323204
3.4707928029
3.2583360450
2.7469375665
2.6975986209
3.1970270789
3.4194659272
3.1773385920
3.3539504567
2.6250294740
3.1400320111
2.9923046073
2.9675431946
3.2317520641
3.2068681631
3.0403745780
2.9618390958
2.8441457926
2.8029000084
2.7873464860
3.0548120972
2.9453928117
3.1679231225
3.2010849265
3.1550024400
3.1936426833
3.1376331753
2.9099415479
2.9852857561
3.0748326782
3.4472919637
2.8356099904
2.7862127893
2.3998109103
2.7060753334
2.7735021727
2.9547041086
2.9096454610
2.9294039388
2.9085887611
2.8078781544
2.8211228017
3.2388399355
3.0115236454
2.9916308511
2.9858811874
3.1453807515
3.4652867937
3.1892951765
3.0742470102
3.0042696573
2.9271587057
2.9929891376
3.2042337438
3.1306839228
3.2533256432
3.1859406550
3.1516148321
3.0626761963
2.9067380268
2.9390831727
2.8902886326
2.9208524433
2.9665116925
2.5788289788
2.6329344222
2.7523036668
2.6555316674
2.3981021775
2.4691107386
2.6735030131
3.3224552993
3.3163265773
3.5296612426
3.6914398597
3.9835515852
3.7687993048
3.5778850157
3.0813149275
2.4336852882
2.1293527059
1.9561581287
2.1296753175
2.3998321071
2.9166668285
3.2782754135
3.4794940169
3.4330444732
3.4178594855
3.8820596597
3.2179727880
2.8507928191
2.3786581242
2.4724043426
2.1413711861
2.2944334647
2.2876758535
2.3468743098
2.8677907731
3.3465542015
3.6622241387
3.8150136825
3.9361201558
3.8386120286
3.7474985318
3.3685856167
2.9040443726
2.4713034924
2.2985297472
2.2208276395
2.2343957269
2.3604927402
2.6223714925
2.9817080607
3.3971761783
3.6108717989
3.6271140043
3.5641423849
3.3821868990
3.2939073564
3.1090025182
3.0155422124
2.8762630366
2.9807661492
2.9623915251
2.8265898736
2.4874718491
2.8738513127
2.9851806774
3.0297446597
2.8964700362
2.6897783471
2.9643586380
2.8540897410
2.9931284162
2.9816229917
3.0075682734
3.0367687730
2.9979900092
2.9655635176
2.9376177893
2.7562878868
2.8545985551
2.8831624927
2.9207507540
2.9425243774
2.9303172851
2.8425061212
2.8708182268
3.0323067723
2.8528906514
2.8377477589
2.8477212896
2.9325778700
2.8776314149
2.7051068730
2.7193050750
2.7843109530
2.7539884811
2.9582196399
2.7708496076
2.7086259982
2.6277492651
2.6528576416
2.7638038511
2.7691318363
2.8717706074
2.7931578838
2.7678669536
2.8476153616
2.7655715421
2.9158960652
2.9368354914
2.9403248664
2.9050727919
2.7861445971
2.7331690624
2.8480744875
2.8016896788
2.6611428307
2.9266201531
2.7974951215
2.8291093104
2.8525498103
2.8166297640
2.9076666937
2.9211530155
2.9421369482
2.9359469817
2.8589825054
2.6549630700
2.7849744265
2.7414333139
2.8036348139
2.7124446148
2.8324616804
2.7203694153
2.8512629920
2.8901399390
2.8526251024
2.7627431866
3.0434598791
2.8169938578
2.9341555344
2.9402589845
2.8172645465
2.8631540549
2.8920681081
2.7618731407
2.7335114387
2.8093470061
2.6036543081
2.8715405381
2.6963063593
2.7262192145
2.7516404064
2.8344448430
2.7064303069
2.7739416262
2.7968885650
2.7870748332
2.8107671285
2.7752353783
2.7851865228
2.7898778849
2.7551429149
2.7189028040
2.7469394155
2.7034923401
2.6912055976
2.7654685048
2.7036456902
2.7117693308
2.7414076613
2.6745391988
2.6199546428
2.5655511532
2.6625479128
2.7786329378
2.8261168757
2.7376070073
2.7045402354
2.6808340534
2.1915015792
2.5038092728
2.8784563848
2.7984251931
2.8883849921
2.9564364881
3.1925359610
3.1920803436
3.1470757054
2.9568086655
2.7431392223
2.9266058374
3.1203106146
2.9370113439
3.0795940159
3.0385955927
2.9978674339
3.0771767250
3.1379730964
2.9875929701
0.9160692968
1.0071306038
0.5523141759
0.1903817385
1.1370703190
4.6267221661
0.8815033602
0.4526610610
1.4757035424
0.5085475863
0.1222164752
0.4762410754
0.4689427210
0.2052104602
0.6263245555
0.8822850250
0.8239245500
0.7310992590
0.5573820621
0.6296993026
1.2511337818
0.7279212254
0.4312220147
0.5388604211
0.5188376496
0.3192275513
0.3982793479
0.3635089844
0.6869394120
0.7020376011
0.4242330750
0.5985780021
0.6578722289
0.2604381263
0.6515686138
0.8696777592
0.3912332174
0.3053268476
0.2853593014
0.6279569862
0.8193861123
0.7892638106
0.4627704024
0.1481661940
0.1248112722
0.2614524711
0.2604133502
0.5855389791
0.9491641265
0.8596265556
0.5120649368
0.5226753575
0.3946936788
1.3809615752
1.2185516984
1.0627263250
2.1726023134
1.1764815652
0.6160414397
0.5459736785
0.5998633449
0.6728691946
0.7842193176
0.5567895172
0.5640644837
0.3375627637
0.3270732787
0.5769723189
0.4756203469
0.3719909267
0.1193701122
0.2635923418
0.6874879454
1.2157618037
0.8414201001
0.5453645852
0.1853880400
0.3469513032
0.4920212851
0.5504068613
0.5023728220
0.4256851514
0.2996549987
0.2397963551
0.4720337315
0.6337372160
0.4345116592
0.6653578627
0.3103072629
0.3116788842
0.4480955048
0.5911316206
0.5377780637
0.2777472933
0.7135826533
1.0210168554
0.4869930840
0.1417118892
0.3067199262
0.2935768882
0.3959402163
0.2496233552
0.2323910241
0.2870249181
0.2248614009
0.2482454084
0.1196338320
0.2091885459
0.2317716956
0.2566633694
0.5703451677
0.2620026820
0.3066937199
0.4271627667
0.3985447296
0.1038249151
0.3024479055
0.3253432454
0.7486081006
0.4449410344
0.3290524793
0.3069116913
0.7086154744
0.4883875333
0.2657653885
0.0884769279
0.2329893189
0.2065837481
0.4253858357
0.4321631474
0.2504244814
0.1123520635
0.2005965920
0.3153197156
0.5310363557
0.1615836550
0.2640576274
0.7792254369
0.8631243963
0.5006536601
0.1242700629
0.2332912892
0.3881855759
0.3501708593
0.2699377575
0.5337314218
0.4449894828
0.3486952905
0.2929297893
0.2156086124
0.2034979168
0.4406055908
0.3825891929
0.3554680904
0.4017857703
0.3555118125
0.3012434314
0.2878282228
0.3288413246
0.1824983833
0.2299843741
0.3152719912
0.5609589461
0.1701230718
0.2665999085
0.1417638999
0.2264910029
0.1343890761
0.2193244240
0.3442964615
0.3239771352
0.2523158758
0.3053875454
0.1099539966
0.0445307901
0.4459095946
0.6154164196
0.4927125498
0.2397100304
0.4798776960
0.4023210378
0.4292100820
0.3477787373
0.2736335144
0.2231094334
0.1621335085
0.2975417709
0.4254860315
0.1006662818
0.2091972857
0.5701257080
0.5163796472
0.6532950625
0.3956360556
0.2108036898
0.1569101845
0.4373988745
0.3962972210
0.2934901422
0.3106403525
0.6636589202
0.9307288790
0.5165246153
0.5781539613
0.4058941314
0.1783236610
0.6827309612
0.5611219390
0.5337956372
0.4499305008
0.5763316564
0.3419255591
0.2630226155
0.3022093592
0.2056990354
0.2345057996
0.1457581813
0.5218214373
0.4492519262
0.5491771993
0.4942522323
0.4166339181
1.0007745685
0.8651074180
0.5680746568
0.5794410116
0.3667838116
0.3728049476
0.1990601459
0.3708013830
0.7474177067
0.1624402003
1.4005168046
0.8170075887
1.0005046024
0.9028895293
1.0544046395
1.1898158926
1.1461444207
0.9596631188
1.3501622413
0.5653576680
1.2237410934
1.4455017185
1.3957996982
1.1903397685
0.7210048030
0.2690322083
1.3536986513
0.7321550372
1.1478638867
1.4654673887
1.1857315962
1.2649180185
0.8599818473
0.5321300431
0.8064078944
0.9890044267
1.0932170370
1.0181186784
1.1108843795
0.6841041868
0.8773236922
0.9593631005
0.9454808741
1.6046132719
1.0419935885
1.5269857251
2.1412046728
1.3580518570
1.2550681466
0.9892974155
2.3744797129
1.6302840906
1.3724299595
0.5200698335
0.6019008700
1.9189563468
1.9116768681
1.5891459391
0.9283168962
2.1986640298
0.2981867527
0.6635676638
2.6036429685
0.7572285566
0.3779944065
1.2679264390
0.7241939967
0.9616894786
1.8725957880
1.8963611555
0.8957557953
2.9642513948
1.5602670979
0.6827726483
0.7831804650
0.9144173842
1.1206086621
2.1608512151
2.0854035011
0.7356292741
0.6145556156
1.9336641042
0.6466206205
0.3695669033
0.4534141165
0.3158636639
0.2836154747
0.4408399329
0.5280646840
0.2337958712
0.2303383775
0.3431834496
0.3223793186
1.0422648748
0.4099965866
0.4001135628
0.6016510342
0.3581985009
0.1762754458
0.1795823444
0.6396832374
0.4543102428
0.5601581841
0.5934873155
0.7983253904
0.7331639664
1.0668081265
0.3274351385
1.0117536824
1.0323817110
1.0327906071
0.7900985111
0.9627075509
0.7249889951
0.5869555921
0.4362072076
0.9250010854
0.9783647437
1.0557807307
1.2174420092
0.8939336335
0.8942970921
0.9947771115
1.1361228425
1.1909796425
1.4841775063
1.5581162661
1.7029682363
1.5360776514
1.8253415290
1.9620479377
1.5769059858
1.8356830516
1.3709933237
1.5759457458
1.4870802233
1.2163600827
0.9414778766
0.7173941702
0.6212859631
0.8353610835
1.4285199618
1.4650313547
1.4493186726
1.2429104218
1.2140427175
1.0785874627
1.3621939289
1.6238986180
1.5721661654
1.4977570790
1.4106702685
1.3481797649
1.1807435812
1.0899211243
1.0952447204
1.0170495560
0.9022523894
0.4891736047
0.4048900980
0.4039052562
0.4535543648
0.5829137490
0.6115261937
0.5433168333
0.6026646213
0.5706032976
0.7388780183
0.8633063873
0.7971353818
0.7955084949
0.7720799089
0.8076275937
1.0538383190
0.8470212578
0.9435107533
0.9720225514
1.0486051850
1.1110916929
0.7599781377
0.7077866593
0.1538966038
0.1832219505
0.4328226819
0.2411807096
