2.1377407651
2.1894671244
2.3123308527
2.4020995215
2.4204830052
2.4657275090
2.3895207537
2.4736806535
2.4630448532
2.3936404161
2.3195685690
2.3055306131
2.3667440227
2.3827874783
2.4449541611
2.4556275965
2.4668973819
2.4265976577
2.5077468334
2.5269665512
2.5326169924
2.4948052227
2.5189733071
2.4928559977
2.4953978312
2.5068982803
2.5863925122
2.6303354552
2.6824956946
2.6706736497
2.6331905411
2.5339977407
2.5308458067
2.5221585978
2.5427952621
2.5615422241
2.5672413284
2.5312349885
2.4864107225
2.5325992602
2.5047941727
2.5279414413
2.5434961387
2.4657038889
2.3928292062
2.2851302671
2.3811041057
2.5050267556
2.5416123747
2.4920170783
2.5559107061
2.5104098674
2.5917833435
2.4684104150
2.4813361385
2.5332081572
2.5131178933
2.4490015298
2.3618498886
2.3502920411
2.3259834007
2.3541767147
2.3512009808
2.4583924806
2.4879339417
2.2721243681
2.2559395655
2.2896167305
2.2977423778
2.4013339473
2.4488123067
2.4591971464
2.4560542146
2.3921242486
2.4580038385
2.4188919925
2.3901670651
2.3669758892
2.4416515138
2.5157643805
2.5788522446
2.6122372005
2.4351011913
2.5728778886
2.4836521879
2.5559529738
2.4024525971
2.5206479347
2.5621008626
2.4757572594
2.6034233873
2.5841687495
2.5145522844
2.4470881726
2.3401169136
2.2488655911
2.2693185379
2.2885427473
2.4424692982
2.2360038358
2.1563271672
1.9751900244
1.9183707264
2.0361051393
2.0710792336
2.1265175923
2.2236718312
2.3341058757
2.2964681446
2.3428364601
2.3627591506
2.2393482448
2.3373760258
2.1182063145
2.0932834079
2.1335820588
2.2573617608
1.6848984938
1.6235537012
1.2245905575
1.2501791653
1.9868777452
1.6300029305
2.3795473784
2.8797432235
2.4318221495
3.2633413750
3.3375801986
2.2157208820
2.0397258897
2.0936877596
3.0757472865
4.8026815152
2.4999161067
2.6166548495
2.7886187913
2.0945810718
2.0014600238
2.1046291110
2.1978421476
2.1333183213
2.1310457398
2.0955746587
2.1793452903
2.1523972119
2.0948302414
2.0618207238
2.3621417977
2.4067380045
2.4538165719
2.7059985088
2.5729860382
2.3530230479
2.3895355020
2.6180043903
2.6441102652
2.6697441004
2.4636520482
2.3760606775
2.4323859047
2.2934166849
2.2275254686
2.1754492525
2.0979597900
2.0064249347
2.0970901911
1.9509232745
1.9100086145
1.9573636159
2.0028363255
1.9380297693
1.8917751162
1.9621054314
2.0310276564
2.0547791669
2.0558378396
2.0981947583
2.0474912229
2.2156893584
2.2040148577
2.2142356029
2.2843011206
2.2978009965
2.2802303200
2.0511004565
2.1149336523
1.9956401600
1.9564503436
1.9616571609
2.0313186357
2.1871986110
2.1635060881
1.9808375302
2.0194071035
2.0588030053
2.0716094308
2.0126560421
2.1691702425
2.1197156585
1.8972558965
1.9372251463
2.0092684522
2.0907217221
2.1943169335
2.2142084729
2.2307037253
2.2895999579
2.2589787453
2.4007151997
2.4335512463
2.2593228290
2.2610374102
2.5478910449
2.3551802200
2.2751761648
2.3874810285
2.4161126281
2.3344658530
2.3496040425
2.3505548132
2.4455546482
2.4755842856
2.5727421186
2.5420343029
2.6308994872
2.5843260229
2.5175297104
2.5482386403
2.5640492573
2.6350425916
2.5203079133
2.5870618316
2.4542232910
2.4755359292
2.4481874141
2.5008785919
2.4580861104
2.3801396669
2.2976672706
2.3261411457
2.3522480115
2.3133744991
2.3023107345
2.0814637402
2.3339564315
2.2583465144
2.1736119903
2.1550125745
2.5083240520
2.3718873521
2.1987595589
2.5941558685
2.0338323742
1.8440733099
2.4238278545
2.8407819886
2.5159827853
2.2974451104
2.4473161079
2.4656188610
2.3379040706
1.9267793502
2.0034891023
1.8951461726
2.1111299741
2.0387787756
2.0141892977
1.9850877012
1.7693989352
2.0221636581
2.1462080011
2.2638430162
2.3179344828
2.4542312269
2.5691632565
2.6509615625
2.4940037688
2.5808513339
2.6576924734
2.5752339820
2.4693424892
2.4012009367
2.3501007683
2.3850870790
2.3265475893
2.3916524721
2.4510525663
2.3694644534
2.4232625974
2.2996828415
2.1641589606
2.2189975794
2.3412158859
2.3291265213
2.1926872971
2.1901627750
2.2963478861
2.2768331068
2.2673645182
2.3702957309
2.5524315921
2.3725972419
2.4719390197
2.6340489992
2.4862222992
2.4299578068
2.3589770269
2.3717878144
2.4468085574
2.3005057612
2.4907656159
2.4706788377
2.5494174828
2.4200432717
2.3660586039
2.3532114775
2.3988848734
2.3860176272
2.3434808062
2.1746965041
2.3770732561
2.3935387358
2.4746422757
2.4945442278
2.3443044810
2.3416747815
2.4313848899
2.1120846823
2.0035134507
2.0753027252
2.0882581005
2.1453078516
2.0899613537
2.1002684912
1.9715022964
2.0032118233
2.0711545963
2.0399326231
1.9048115858
1.8465598818
1.8807605903
1.8413352962
1.9627654099
1.9646846984
1.8659277110
1.7307129289
1.7631366938
1.7170002517
1.7418255051
1.7858963830
1.7813035315
1.9216326167
1.8284806929
1.9592023494
1.9420425866
2.0085070607
2.1642428776
2.3236107672
2.5664929837
2.4698945237
2.3289954787
2.1574712866
2.0783538066
2.3243295778
2.2583526298
2.0961735523
2.3673390699
2.3450658594
2.3193088741
2.1745924921
2.2403052718
2.2665565077
2.2688212650
2.3969510801
2.2787098033
2.4880238499
2.4199434649
2.4253595426
2.2122096714
2.2811415847
2.1974485977
2.1868771916
2.3536351567
2.1660133928
2.2959023960
2.2235322113
2.0103858448
1.8795287910
2.0139205620
2.0925930633
2.0623630456
2.0237985022
2.1667927639
2.1137702186
2.1674787432
2.1045309715
2.1366459880
2.2428620016
2.1896274279
2.1606880457
2.1666794629
2.0695292736
2.0288053936
2.0265229501
2.2388937263
2.3010686011
2.2939039552
2.2880975995
2.2425389323
2.3143517485
2.4220464426
2.4043469162
2.5698471153
2.3748094706
2.2821098133
2.4304633742
2.4002560873
2.5347378809
2.5975032198
2.6362767028
2.5463870478
2.3383375865
2.3853966516
2.3000448263
2.4221564778
2.4860733626
2.6041112531
2.6037970669
2.3078615350
2.2695758037
2.3359192745
2.3825691851
2.4880570309
2.4775106317
2.3315993887
2.7927628084
2.7981584757
2.5127063593
2.8523517741
2.6829155840
2.1758770750
2.5003652254
2.1397979653
2.3631495887
1.9832628462
2.3450828600
2.2475960740
2.2070148619
2.0779503170
2.0051317526
1.9764528744
1.9420092959
1.8929976640
1.8455464511
1.8615963487
1.9077174731
1.6939746905
2.1068743340
1.9942887296
2.0907604922
2.1522130015
2.3784950369
2.6410534947
2.2829708720
2.4337696120
2.7595884799
2.4026195478
2.6989233485
2.9951705044
2.7993211529
2.9775445409
2.5907537562
2.4772164975
3.4682494510
2.5649961569
2.3988439623
2.2222481906
2.3881690751
2.1630375491
2.4306267914
2.4855054547
2.5149022240
2.6610121833
2.4743098705
2.8029715026
2.6864944324
2.6508611544
2.7976419308
2.5986345449
2.5802785977
2.3808885662
2.3454011030
2.5035791690
2.3963769666
2.2969348179
2.3404819614
2.2367162710
2.2850676178
2.1140633071
2.2054201405
1.7713547412
2.4086543287
2.3405399706
2.2276355010
2.4218273231
2.5472252023
2.4773588249
2.3552033479
2.2321410977
2.5847473787
2.5752171549
2.6865503003
2.8114026628
2.8379717958
2.4991954458
2.7889527703
2.8796609491
2.7341030942
2.6135284720
2.6979190060
2.7309225923
2.7580682041
2.9531197637
2.7265370661
2.8710334259
2.9152484915
2.7828199370
2.8120524920
2.8297544400
2.8456990925
2.5725492791
2.6427624961
2.5277627039
2.4529845997
2.2644531889
2.0766128693
2.3931969682
2.5144251147
2.6147016200
2.6855229755
2.7231306827
2.5220394927
2.3457427116
2.3304258312
2.3056688982
2.2197038386
2.3089257462
2.2841741696
2.2211057759
2.2958648443
2.3743961108
2.4901562818
2.7918459082
2.8548640623
2.9734362566
3.0199192613
2.7913655632
2.8560770763
2.7985676137
2.8481764597
2.9712943668
2.8978675053
2.7340966345
2.6970659038
2.5523776218
2.2069285429
1.8238661047
1.8326886042
2.0051758892
2.1439754723
2.1712139539
2.4143689820
2.3530141351
2.4525520565
2.3581986698
2.2299156852
2.2024047773
2.0601102517
2.0316557097
1.9321896322
2.2831232101
2.3112735447
2.4711886799
2.4686987630
2.5417046090
2.6590333291
2.7291253745
3.0160090457
3.0676305662
3.2609580979
2.9278089646
2.7503173837
2.8793759572
2.9071582268
2.7932463899
2.8689871495
2.8390646556
2.6610688029
2.6790495209
2.7798479832
2.8551464125
2.7935726950
2.3218373079
2.1628958218
2.4109218051
2.3894987318
2.3964948776
2.6705396153
2.6399205450
2.5863559980
2.4440071024
2.3421361024
2.1909750792
2.1240899098
2.1301156838
1.9982141320
2.1520198675
2.0487989359
2.0628931901
2.1483048142
2.1200186891
2.4493519686
2.7596718260
2.9021198182
2.8591483351
2.8925773628
3.0220712318
2.8834540899
2.8129308704
2.6641230947
2.6727646667
2.7587894242
2.8557961720
2.9713551551
2.9754800700
3.0176737893
2.9073531164
2.8908690203
2.6197101959
2.5020268465
2.1854225372
2.0621982366
1.7095460076
1.4777867503
1.4194053452
1.1203044270
1.0608496635
0.9788485480
0.8661919978
1.0176129439
1.0550294070
1.2449939128
1.2236985432
1.3008570113
1.3884233319
1.5435020544
1.8127497288
2.0418323349
2.5306058095
2.7931409719
2.9679691134
3.2505295700
3.3767971003
3.0481909239
3.1510378742
3.0457485383
2.9358564100
2.9658211803
2.6854123360
2.5825860827
2.6857296445
2.4332543533
2.0320049022
1.7356201650
1.5247849602
1.2913775362
1.2745874034
1.1758671079
1.1024694458
1.1432217042
1.2806293399
1.2355760574
1.3982913077
1.6505269516
1.8991980304
2.0717250374
2.2997342617
2.5771866043
2.5791977474
2.8793642874
3.0607483766
3.2698539392
3.2636275596
3.0776929189
3.0556298937
2.9407282450
2.9625856639
2.9550591396
2.9490883008
2.9368560491
2.6342280698
2.3839682523
2.0256913628
1.8531970662
1.6027986397
1.4834049879
1.4571523567
1.5427068405
1.7421675312
1.8809500132
1.9342290340
2.0252051591
2.0985720467
2.2634412075
2.3243456779
2.3441690002
2.2970638401
2.3449906497
2.4470997568
2.5356377198
2.5976920715
2.5320807732
2.6558251543
2.5856180713
2.4076991662
2.3970899247
2.4807268535
2.4108703847
2.3999365216
2.4577546000
2.4514934216
2.3977112265
2.3634545318
2.2077002740
2.3106378684
2.2182776585
2.2814577554
2.2388820832
2.1834864691
2.0865101594
1.9927353810
2.0186383218
2.0068742810
2.2188268816
2.2291593667
2.0866678598
2.1478152298
2.1036366071
2.0882946871
2.0490572006
1.9925618209
1.8590033014
1.8062363554
1.8379520647
2.0465162174
2.1283721263
1.9972629089
1.9466903867
1.9541744854
1.8594559721
1.8681683175
1.8582572375
2.0809400284
2.2301962487
2.1725921917
2.3186133459
2.5779167626
2.6787586367
2.9094193084
2.6184034584
0.8661797867
1.2895056483
0.4282834470
1.0698994910
2.9622588287
1.8820538724
0.7967662659
0.9448718429
0.4582481303
1.7316203994
1.0282826095
0.4680899403
0.8281407036
3.1622863243
1.7879042935
2.2214671893
0.2613870816
0.3718071001
0.6007233686
0.8474592443
0.7096176722
0.3454313375
0.5101262336
0.1460849309
0.3634137310
0.2751204973
0.2735976352
0.1241357250
0.1938775406
0.3787634834
0.3189963379
0.4400474279
0.4333293368
0.5000717818
0.3913480916
0.4688430735
0.4155460453
0.4520728200
0.4203698563
0.3961847166
0.3463096499
0.3106211405
0.4520731859
0.4889098852
0.5273207369
0.4942379773
0.4507084645
0.5172879953
0.5029181495
0.4169728995
0.4635340530
0.4283739284
0.4555970748
0.4240036929
0.4235741765
0.4942299408
0.6008530376
0.5968657828
0.5424786505
0.6198826451
0.5521107760
0.3492163160
0.3039674050
0.3019625666
0.2592421656
0.2797013832
0.2301784218
0.2115307475
0.3146814330
0.3398520009
0.3031444661
0.3116042329
0.3053189879
0.2516892037
0.3510323871
0.2861855447
0.2854263244
0.3972610838
0.3291429827
0.3453761532
0.4196844999
0.4776451740
0.4577525412
0.4397986009
0.3963014110
0.3639887090
0.4259277867
0.3965420352
0.3855119112
0.4828377513
0.3941763993
0.3397274168
0.4508619384
0.4506653264
0.3047308897
0.3604488322
0.3789042055
0.5343090460
0.4376447534
0.3601698333
0.4673285197
0.2950616739
0.1995282455
0.3104270561
0.2818701295
0.5151498421
0.4321476926
