0.1592550857
0.1592550857
0.1592550857
0.1629420974
0.1629420974
0.1629420974
0.1621034540
0.1621034540
0.1621034540
0.1627075582
0.1627075582
0.1627075582
0.1655200721
0.1655200721
0.1655200721
0.1647865059
0.1647865059
0.1647865059
0.1625792354
0.1625792354
0.1625792354
0.1645803741
0.1645803741
0.1645803741
0.1633930706
0.1633930706
0.1633930706
0.1625485034
0.1625485034
0.1625485034
0.1583821537
0.1583821537
0.1583821537
0.1607639416
0.1607639416
0.1607639416
0.1607147175
0.1607147175
0.1607147175
0.1602621264
0.1602621264
0.1602621264
0.1437322427
0.1437322427
0.1437322427
0.1415610181
0.1415610181
0.1415610181
0.1479587700
0.1479587700
0.1479587700
0.1856823154
0.1856823154
0.1856823154
0.1883003189
0.1883003189
0.1883003189
0.1940918543
0.1940918543
0.1940918543
0.1980382058
0.1980382058
0.1980382058
0.2046395806
0.2046395806
0.2046395806
0.2095458303
0.2095458303
0.2095458303
0.2249958989
0.2249958989
0.2249958989
0.2268746098
0.2268746098
0.2268746098
0.2195274904
0.2195274904
0.2195274904
0.2177149267
0.2177149267
0.2177149267
0.2066298630
0.2066298630
0.2066298630
0.2104069438
0.2104069438
0.2104069438
0.2101325727
0.2101325727
0.2101325727
0.2157668604
0.2157668604
0.2157668604
0.2119942276
0.2119942276
0.2119942276
0.2469734998
0.2469734998
0.2469734998
0.2383337222
0.2383337222
0.2383337222
0.2376840430
0.2376840430
0.2376840430
0.2062089020
0.2062089020
0.2062089020
0.1884158885
0.1884158885
0.1884158885
0.1738454025
0.1738454025
0.1738454025
0.1665060647
0.1665060647
0.1665060647
0.1524423827
0.1524423827
0.1524423827
0.1463663777
0.1463663777
0.1463663777
0.1451850545
0.1451850545
0.1451850545
0.1423246779
0.1423246779
0.1423246779
0.1498465686
0.1498465686
0.1498465686
0.1444319419
0.1444319419
0.1444319419
0.1457323778
0.1457323778
0.1457323778
0.1477578600
0.1477578600
0.1477578600
0.1477995204
0.1477995204
0.1477995204
0.1466527289
0.1466527289
0.1466527289
0.1462478688
0.1462478688
0.1462478688
0.1465680449
0.1465680449
0.1465680449
0.1496337119
0.1496337119
0.1496337119
0.1458862171
0.1458862171
0.1458862171
0.1409826557
0.1409826557
0.1409826557
0.1394267196
0.1394267196
0.1394267196
0.1421337723
0.1421337723
0.1421337723
0.1403378018
0.1403378018
0.1403378018
0.1380701710
0.1380701710
0.1380701710
0.1382690433
0.1382690433
0.1382690433
0.1408223420
0.1408223420
0.1408223420
0.1375601270
0.1375601270
0.1375601270
0.1410119574
0.1410119574
0.1410119574
0.1423231063
0.1423231063
0.1423231063
0.1432905616
0.1432905616
0.1432905616
0.1407066461
0.1407066461
0.1407066461
0.1381687643
0.1381687643
0.1381687643
0.1366501276
0.1366501276
0.1366501276
0.1345133888
0.1345133888
0.1345133888
0.1371694866
0.1371694866
0.1371694866
0.1378458548
0.1378458548
0.1378458548
0.1352574736
0.1352574736
0.1352574736
0.1341865897
0.1341865897
0.1341865897
0.1340566737
0.1340566737
0.1340566737
0.1351816468
0.1351816468
0.1351816468
0.1350008270
0.1350008270
0.1350008270
0.1360022163
0.1360022163
0.1360022163
0.1378551903
0.1378551903
0.1378551903
0.1410488322
0.1410488322
0.1410488322
0.1423040035
0.1423040035
0.1423040035
0.1449506740
0.1449506740
0.1449506740
0.1461066185
0.1461066185
0.1461066185
0.1488744653
0.1488744653
0.1488744653
0.1495344406
0.1495344406
0.1495344406
0.1478443618
0.1478443618
0.1478443618
0.1487036900
0.1487036900
0.1487036900
0.1506422038
0.1506422038
0.1506422038
0.1503338492
0.1503338492
0.1503338492
0.1466343286
0.1466343286
0.1466343286
0.1462784780
0.1462784780
0.1462784780
0.1458474135
0.1458474135
0.1458474135
0.1434956705
0.1434956705
0.1434956705
0.1433622884
0.1433622884
0.1433622884
0.1446797721
0.1446797721
0.1446797721
0.1461028592
0.1461028592
0.1461028592
0.1457952462
0.1457952462
0.1457952462
0.1432390026
0.1432390026
0.1432390026
0.1446896618
0.1446896618
0.1446896618
0.1444724867
0.1444724867
0.1444724867
0.1481678397
0.1481678397
0.1481678397
0.1495805940
0.1495805940
0.1495805940
0.1490213323
0.1490213323
0.1490213323
0.1534466088
0.1534466088
0.1534466088
0.1530363759
0.1530363759
0.1530363759
0.1526642156
0.1526642156
0.1526642156
0.1539316482
0.1539316482
0.1539316482
0.1506578952
0.1506578952
0.1506578952
0.1489807522
0.1489807522
0.1489807522
0.1527270323
0.1527270323
0.1527270323
0.1482410055
0.1482410055
0.1482410055
0.1522321119
0.1522321119
0.1522321119
0.1526025529
0.1526025529
0.1526025529
0.1456082126
0.1456082126
0.1456082126
0.1462038385
0.1462038385
0.1462038385
0.1450542316
0.1450542316
0.1450542316
0.1438401995
0.1438401995
0.1438401995
0.1454941742
0.1454941742
0.1454941742
0.1468812895
0.1468812895
0.1468812895
0.1466714782
0.1466714782
0.1466714782
0.1443102829
0.1443102829
0.1443102829
0.1426371600
0.1426371600
0.1426371600
0.1462766903
0.1462766903
0.1462766903
0.1458280472
0.1458280472
0.1458280472
0.1418535074
0.1418535074
0.1418535074
0.1443402478
0.1443402478
0.1443402478
0.1445576557
0.1445576557
0.1445576557
0.1431822507
0.1431822507
0.1431822507
0.1411221582
0.1411221582
0.1411221582
0.1392371621
0.1392371621
0.1392371621
0.1354150909
0.1354150909
0.1354150909
0.1318547265
0.1318547265
0.1318547265
0.1320443890
0.1320443890
0.1320443890
0.1300971521
0.1300971521
0.1300971521
0.1212538434
0.1212538434
0.1212538434
0.1209079593
0.1209079593
0.1209079593
0.1221128640
0.1221128640
0.1221128640
0.1241996260
0.1241996260
0.1241996260
0.1247847031
0.1247847031
0.1247847031
0.1262489617
0.1262489617
0.1262489617
0.1234014598
0.1234014598
0.1234014598
0.1290613833
0.1290613833
0.1290613833
0.1286530877
0.1286530877
0.1286530877
0.1293615831
0.1293615831
0.1293615831
0.1374216555
0.1374216555
0.1374216555
0.1378769627
0.1378769627
0.1378769627
0.1251225618
0.1251225618
0.1251225618
0.1230635532
0.1230635532
0.1230635532
0.1187464927
0.1187464927
0.1187464927
0.1217303089
0.1217303089
0.1217303089
0.1235790234
0.1235790234
0.1235790234
0.1269704836
0.1269704836
0.1269704836
0.1239664987
0.1239664987
0.1239664987
0.1197320950
0.1197320950
0.1197320950
0.1186447275
0.1186447275
0.1186447275
0.1207851609
0.1207851609
0.1207851609
0.1159569463
0.1159569463
0.1159569463
0.1199364323
0.1199364323
0.1199364323
0.1213916535
0.1213916535
0.1213916535
0.1246776975
0.1246776975
0.1246776975
0.1261143012
0.1261143012
0.1261143012
0.1310997664
0.1310997664
0.1310997664
0.1350537809
0.1350537809
0.1350537809
0.1393030106
0.1393030106
0.1393030106
0.1443387505
0.1443387505
0.1443387505
0.1467910354
0.1467910354
0.1467910354
0.1492822797
0.1492822797
0.1492822797
0.1592002616
0.1592002616
0.1592002616
0.1594903370
0.1594903370
0.1594903370
0.1579260475
0.1579260475
0.1579260475
0.1520857520
0.1520857520
0.1520857520
0.1517320463
0.1517320463
0.1517320463
0.1541515078
0.1541515078
0.1541515078
0.1544024849
0.1544024849
0.1544024849
0.1542790217
0.1542790217
0.1542790217
0.1491457791
0.1491457791
0.1491457791
0.1483506506
0.1483506506
0.1483506506
0.1399105723
0.1399105723
0.1399105723
0.1410097354
0.1410097354
0.1410097354
0.1415558400
0.1415558400
0.1415558400
0.1447635890
0.1447635890
0.1447635890
0.1437238441
0.1437238441
0.1437238441
0.1435900463
0.1435900463
0.1435900463
0.1427756242
0.1427756242
0.1427756242
0.1454685328
0.1454685328
0.1454685328
0.1463259676
0.1463259676
0.1463259676
0.1459922226
0.1459922226
0.1459922226
0.1445927235
0.1445927235
0.1445927235
0.1443607188
0.1443607188
0.1443607188
0.1391274338
0.1391274338
0.1391274338
0.1369482411
0.1369482411
0.1369482411
0.1380202040
0.1380202040
0.1380202040
0.1423272479
0.1423272479
0.1423272479
0.1380714823
0.1380714823
0.1380714823
0.1352376837
0.1352376837
0.1352376837
0.1343483118
0.1343483118
0.1343483118
0.1415880397
0.1415880397
0.1415880397
0.1306221795
0.1306221795
0.1306221795
0.1302662386
0.1302662386
0.1302662386
0.1318273779
0.1318273779
0.1318273779
0.1373853007
0.1373853007
0.1373853007
0.1275742298
0.1275742298
0.1275742298
0.1334919599
0.1334919599
0.1334919599
0.1366333634
0.1366333634
0.1366333634
0.1379536261
0.1379536261
0.1379536261
0.1353918246
0.1353918246
0.1353918246
0.1318058876
0.1318058876
0.1318058876
0.1352011012
0.1352011012
0.1352011012
0.1225727993
0.1225727993
0.1225727993
0.1259051496
0.1259051496
0.1259051496
0.1157735256
0.1157735256
0.1157735256
0.1170098883
0.1170098883
0.1170098883
0.1138923715
0.1138923715
0.1138923715
0.1141131771
0.1141131771
0.1141131771
0.1131586742
0.1131586742
0.1131586742
0.1073993652
0.1073993652
0.1073993652
0.1111216168
0.1111216168
0.1111216168
0.1158851477
0.1158851477
0.1158851477
0.1179607305
0.1179607305
0.1179607305
0.1122939731
0.1122939731
0.1122939731
0.1137467019
0.1137467019
0.1137467019
0.1108704327
0.1108704327
0.1108704327
0.1130596506
0.1130596506
0.1130596506
0.1147582583
0.1147582583
0.1147582583
0.1158884512
0.1158884512
0.1158884512
0.1121880522
0.1121880522
0.1121880522
0.1118428949
0.1118428949
0.1118428949
0.1070490741
0.1070490741
0.1070490741
0.1033877925
0.1033877925
0.1033877925
0.0999654645
0.0999654645
0.0999654645
0.1082158715
0.1082158715
0.1082158715
0.1054826891
0.1054826891
0.1054826891
0.1058532457
0.1058532457
0.1058532457
0.1086953244
0.1086953244
0.1086953244
0.1169615842
0.1169615842
0.1169615842
0.1143426687
0.1143426687
0.1143426687
0.1019466400
0.1019466400
0.1019466400
0.1034808565
0.1034808565
0.1034808565
0.1032788783
0.1032788783
0.1032788783
0.1080818828
0.1080818828
0.1080818828
0.1044546027
0.1044546027
0.1044546027
0.0999393933
0.0999393933
0.0999393933
0.1003197480
0.1003197480
0.1003197480
0.0933941854
0.0933941854
0.0933941854
0.0948664187
0.0948664187
0.0948664187
0.0963588714
0.0963588714
0.0963588714
0.0980290479
0.0980290479
0.0980290479
0.1000591110
0.1000591110
0.1000591110
0.0948008436
0.0948008436
0.0948008436
0.0971061444
0.0971061444
0.0971061444
0.0932411589
0.0932411589
0.0932411589
0.0868688377
0.0868688377
0.0868688377
0.0814747718
0.0814747718
0.0814747718
0.0778476605
0.0778476605
0.0778476605
0.0734444402
0.0734444402
0.0734444402
0.0684641490
0.0684641490
0.0684641490
0.0678372118
0.0678372118
0.0678372118
0.0699947033
0.0699947033
0.0699947033
0.0657727795
0.0657727795
0.0657727795
0.0593798575
0.0593798575
0.0593798575
0.0560467679
0.0560467679
0.0560467679
0.0580127686
0.0580127686
0.0580127686
0.0595277148
0.0595277148
0.0595277148
0.0575273958
0.0575273958
0.0575273958
0.0580385626
0.0580385626
0.0580385626
0.0539045164
0.0539045164
0.0539045164
0.0575524020
0.0575524020
0.0575524020
0.0631246607
0.0631246607
0.0631246607
0.0689286897
0.0689286897
0.0689286897
0.0697292897
0.0697292897
0.0697292897
0.0684420501
0.0684420501
0.0684420501
0.0703292981
0.0703292981
0.0703292981
0.0728524401
0.0728524401
0.0728524401
0.0736276208
0.0736276208
0.0736276208
0.0830627656
0.0830627656
0.0830627656
0.0787726486
0.0787726486
0.0787726486
0.0853040373
0.0853040373
0.0853040373
0.0845475856
0.0845475856
0.0845475856
0.0908686417
0.0908686417
0.0908686417
0.0939145104
0.0939145104
0.0939145104
0.0910593618
0.0910593618
0.0910593618
0.0883229489
0.0883229489
0.0883229489
0.0833432701
0.0833432701
0.0833432701
0.0810940662
0.0810940662
0.0810940662
0.0748594738
0.0748594738
0.0748594738
0.0718378706
0.0718378706
0.0718378706
0.0761714685
0.0761714685
0.0761714685
0.0796377827
0.0796377827
0.0796377827
0.0811782055
0.0811782055
0.0811782055
0.0875488772
0.0875488772
0.0875488772
0.0871520635
0.0871520635
0.0871520635
0.0915900935
0.0915900935
0.0915900935
0.0919582308
0.0919582308
0.0919582308
0.0909135499
0.0909135499
0.0909135499
0.0958154222
0.0958154222
0.0958154222
0.0892917319
0.0892917319
0.0892917319
0.0954313982
0.0954313982
0.0954313982
0.0879522662
0.0879522662
0.0879522662
0.0901764978
0.0901764978
0.0901764978
0.0912686101
0.0912686101
0.0912686101
0.0932029826
0.0932029826
0.0932029826
0.0857958979
0.0857958979
0.0857958979
0.0853568589
0.0853568589
0.0853568589
0.0783355039
0.0783355039
0.0783355039
0.0776490574
0.0776490574
0.0776490574
0.0779553451
0.0779553451
0.0779553451
0.0643462684
0.0643462684
0.0643462684
0.0616117842
0.0616117842
0.0616117842
0.0497006325
0.0497006325
0.0497006325
0.0536497719
0.0536497719
0.0536497719
0.0486005860
0.0486005860
0.0486005860
0.0415846246
0.0415846246
0.0415846246
0.0381567548
0.0381567548
0.0381567548
0.0385609971
0.0385609971
0.0385609971
0.0427886307
0.0427886307
0.0427886307
0.0533917509
0.0533917509
0.0533917509
0.0618386495
0.0618386495
0.0618386495
0.0654523244
0.0654523244
0.0654523244
0.0647220618
0.0647220618
0.0647220618
0.0742776180
0.0742776180
0.0742776180
0.0739619407
0.0739619407
0.0739619407
0.0803420045
0.0803420045
0.0803420045
0.0768234339
0.0768234339
0.0768234339
0.0779768235
0.0779768235
0.0779768235
0.0845024410
0.0845024410
0.0845024410
0.0872922167
0.0872922167
0.0872922167
0.0938558087
0.0938558087
0.0938558087
0.1021994251
0.1021994251
0.1021994251
0.1013835382
0.1013835382
0.1013835382
0.1026346023
0.1026346023
0.1026346023
0.0997492837
0.0997492837
0.0997492837
0.1019334944
0.1019334944
0.1019334944
0.1121574314
0.1121574314
0.1121574314
0.1183045669
0.1183045669
0.1183045669
0.1121400321
0.1121400321
0.1121400321
0.0902041424
0.0902041424
0.0902041424
0.0934500766
0.0934500766
0.0934500766
0.0749753637
0.0749753637
0.0749753637
0.0735476951
0.0735476951
0.0735476951
0.0682903290
0.0682903290
0.0682903290
0.0608600411
0.0608600411
0.0608600411
0.0476534309
0.0476534309
0.0476534309
0.0400467066
0.0400467066
0.0400467066
0.1264616434
0.1264616434
0.1291421119
0.1291421119
0.1251821840
0.1251821840
0.0969696284
0.0969696284
0.0842797423
0.0842797423
0.0776071572
0.0776071572
0.0694505158
0.0694505158
0.0569731023
0.0569731023
0.0576990370
0.0576990370
0.1010345578
0.0723796682
0.0723796682
0.1544668755
0.1544668755
0.1102707517
0.1102707517
0.1540433525
0.1540433525
0.1509187288
0.1509187288
0.1361415531
0.1361415531
0.1465106830
0.1465106830
0.1378809839
0.1378809839
0.1576856798
0.1576856798
0.1548959659
0.1548959659
0.1540380733
0.1540380733
0.1482239003
0.1482239003
0.1457568837
0.1457568837
0.1460468524
0.1460468524
0.1490314211
0.1490314211
0.1470319893
0.1470319893
0.1443979591
0.1443979591
0.1291595990
0.1291595990
0.1229580244
0.1229580244
0.1257246159
0.1257246159
0.1253341504
0.1253341504
0.1281756089
0.1281756089
0.1294788470
0.1294788470
0.1230761980
0.1230761980
0.1045694876
0.1045694876
0.0976894412
0.0976894412
0.1032120305
0.1032120305
0.1113884465
0.1113884465
0.1152875422
0.1152875422
0.1238788815
0.1238788815
0.1230215967
0.1230215967
0.1269968372
0.1269968372
0.1484533035
0.1484533035
0.1345011505
0.1345011505
0.1227123484
0.1227123484
0.1370640601
0.1370640601
0.1604637697
0.1604637697
0.1701776189
0.1701776189
0.1780498175
0.1780498175
0.1722654047
0.1722654047
0.1680166647
0.1680166647
0.1802280369
0.1802280369
0.1753760247
0.1753760247
0.1763390310
0.1763390310
0.1723108714
0.1723108714
0.1818045501
0.1818045501
0.1918279415
0.1918279415
0.1859052046
0.1859052046
0.1915750636
0.1915750636
0.1916380922
0.1916380922
0.1932490544
0.1932490544
0.1960656773
0.1960656773
0.1938819262
0.1938819262
0.2011320266
0.2011320266
0.1936660966
0.1936660966
0.2188673664
0.2188673664
0.2040300296
0.2040300296
0.1959652746
0.1959652746
0.1833176637
0.1833176637
0.1844939886
0.1844939886
0.1848203466
0.1848203466
0.1794346673
0.1794346673
0.1876858356
0.1876858356
0.1915591250
0.1915591250
0.1993994052
0.1993994052
0.1798823194
0.1798823194
0.1859722516
0.1859722516
0.1800699697
0.1800699697
0.1691482612
0.1691482612
0.1691464424
0.1691464424
0.1658073947
0.1658073947
0.1559189999
0.1559189999
0.1467557815
0.1467557815
0.1490227526
0.1490227526
0.1393367563
0.1393367563
0.1437773239
0.1437773239
0.1504645604
0.1504645604
0.1492822467
0.1492822467
0.1570364766
0.1570364766
0.1558796907
0.1558796907
0.1502655650
0.1502655650
0.1464949388
0.1464949388
0.1597903076
0.1597903076
0.1638292124
0.1638292124
0.1795149943
0.1795149943
0.1785489304
0.1785489304
0.1726407996
0.1726407996
0.1768576038
0.1768576038
0.1642090203
0.1642090203
0.1656174284
0.1656174284
0.1577615564
0.1577615564
0.1598042771
0.1598042771
0.1556445457
0.1556445457
0.1520917218
0.1520917218
0.1527648051
0.1527648051
0.1510367213
0.1510367213
0.1583301080
0.1583301080
0.1545516906
0.1545516906
0.1522984076
0.1522984076
0.1475414897
0.1475414897
0.1454024001
0.1454024001
0.1411471492
0.1411471492
0.1358378338
0.1358378338
0.1319978817
0.1319978817
0.1289068155
0.1289068155
0.1284878652
0.1284878652
0.1293682275
0.1293682275
0.1300522917
0.1300522917
0.1300194318
0.1300194318
0.1302638302
0.1302638302
0.1338032157
0.1338032157
0.1335231839
0.1335231839
0.1329418077
0.1329418077
0.1329885967
0.1329885967
0.1316682085
0.1316682085
0.1319667322
0.1319667322
0.1331285935
0.1331285935
0.1334880841
0.1334880841
0.1346798499
0.1346798499
0.1267972120
0.1267972120
0.1259140119
0.1259140119
0.1271065479
0.1271065479
0.1279194496
0.1279194496
0.1250369456
0.1250369456
0.1277146610
0.1277146610
0.1254180447
0.1254180447
0.1316605332
0.1316605332
0.1299357596
0.1299357596
0.1348661028
0.1348661028
0.1411341951
0.1411341951
0.1432971677
0.1432971677
0.1511414927
0.1511414927
0.1577915033
0.1577915033
0.1579473572
0.1579473572
0.1572597094
0.1572597094
0.1556604916
0.1556604916
0.1572569478
0.1572569478
0.1583597880
0.1583597880
0.1521340906
0.1521340906
0.1477812772
0.1477812772
0.1419087030
0.1419087030
0.1380156105
0.1380156105
0.1324900088
0.1324900088
0.1249350739
0.1249350739
0.1225172748
0.1225172748
0.1186388908
0.1186388908
0.1202442757
0.1202442757
0.1193212529
0.1193212529
0.1162891485
0.1162891485
0.1175433811
0.1175433811
0.1162806124
0.1162806124
0.1185479801
0.1185479801
0.1206663483
0.1206663483
0.1195550791
0.1195550791
