4.474091224203043393e-01
4.451011004277677929e-01
4.447138199562260530e-01
4.442848879297289222e-01
4.459111085087390514e-01
4.482870773432480194e-01
4.486370300181113380e-01
4.501743705086629910e-01
4.533966290580733194e-01
4.515969529440972408e-01
4.492423222936259841e-01
4.505423370058055377e-01
4.519801369331864493e-01
4.541844392331065849e-01
4.508698908797199589e-01
4.529350344830797570e-01
4.549142348110905010e-01
4.569116046384137375e-01
4.550495665453967442e-01
4.552879328224850308e-01
4.565351265636636846e-01
4.558993184119603526e-01
4.568587027129051292e-01
4.559886526419388297e-01
4.552813599293701885e-01
4.567167260463991796e-01
4.594249543874225350e-01
4.600301582966823122e-01
4.594299484507841091e-01
4.592849563526099632e-01
4.603190288188288570e-01
4.616099887263820367e-01
4.608958952817582833e-01
4.595129348467603125e-01
4.619588210135489037e-01
4.585054946549720345e-01
4.486921522397928630e-01
4.562136469435687514e-01
4.567604054781936318e-01
4.586161393388560326e-01
4.566736582363922214e-01
4.605170699743027507e-01
4.627301032272141956e-01
4.631196509005590101e-01
4.639747331763728333e-01
4.653087618552035898e-01
4.606994561866649129e-01
4.560094916628137929e-01
4.670827935122087160e-01
4.834295117450442270e-01
4.928039057409811519e-01
4.992592352841848657e-01
5.001112886776889477e-01
5.003812533158076281e-01
5.007561329930031446e-01
5.001480996839412496e-01
4.993960395038204991e-01
4.954632477942921831e-01
4.948373423394110682e-01
4.967778083375087306e-01
4.968270323027544344e-01
4.963854677022353501e-01
4.950022121094205807e-01
4.610445858380861073e-01
4.639474772141188863e-01
4.531892454735924058e-01
4.436963375561361334e-01
4.293113771085783625e-01
4.340785311979175609e-01
4.355374830147216159e-01
4.319988915770082705e-01
4.338439595335317756e-01
4.359432632291566079e-01
4.365320099445458846e-01
4.368124806912351832e-01
4.330458398853627155e-01
4.323829522825906047e-01
4.323864856994089623e-01
4.404163374616178461e-01
4.407647997873445633e-01
4.403049751953495572e-01
4.381884149551414920e-01
4.382879878028792531e-01
4.363677101297611105e-01
4.347813546121735984e-01
4.357761288686413659e-01
4.349324676104491805e-01
4.412833923747666587e-01
4.433427623132568662e-01
4.420370859218603621e-01
4.454758782504591452e-01
4.457916297247913606e-01
4.457799850131825559e-01
4.449202158707973864e-01
4.480698995160914966e-01
4.484980760962027357e-01
4.457886690090738790e-01
4.455178738246698411e-01
4.573271962717156969e-01
4.571072434180672994e-01
4.562306970109411552e-01
4.579168532686846427e-01
4.600690198634023176e-01
4.583549366309045969e-01
4.580739438152247045e-01
4.561066910997159662e-01
4.613676224279204541e-01
4.621382385355076172e-01
4.610966684833103790e-01
4.611201529329227999e-01
4.613002289525873212e-01
4.643446811751140157e-01
4.660867873495334601e-01
4.639730102689283986e-01
4.620095393244040283e-01
4.641608555894650712e-01
4.628419091919833139e-01
4.658589696619486187e-01
4.657383949353436914e-01
4.602316362355338142e-01
4.609223302000355904e-01
4.567010106359768451e-01
4.563155097574790320e-01
4.546226522731695585e-01
4.520658306623182021e-01
4.531804812996256815e-01
4.534778243293656197e-01
4.540533360077374514e-01
4.557813966497621938e-01
4.557846438252172172e-01
4.569496446437961157e-01
4.572302684468836920e-01
4.589588373873532690e-01
4.605090331504101409e-01
4.593669189845637213e-01
4.577930616108346062e-01
4.556416343416468950e-01
4.575339497452574622e-01
4.558624596261904305e-01
4.547694321351531399e-01
4.535501516932918809e-01
4.478237147361656678e-01
4.455076233861328117e-01
4.444062319146739881e-01
4.452374187567724184e-01
4.445137377451524596e-01
4.446136246580251750e-01
4.402567010062651276e-01
4.391835799977719668e-01
4.393777359480959821e-01
4.388340044755790204e-01
4.418166305624628420e-01
4.429332703261729676e-01
4.433768221004006360e-01
4.412124433748924046e-01
4.454695339940596410e-01
4.487062542666588882e-01
4.502408032338038879e-01
4.519512313123168479e-01
4.559195276127195884e-01
4.638254344321939282e-01
4.652778725916887903e-01
4.685739765371128018e-01
4.707568004048919286e-01
4.736124697025409502e-01
4.761992810758837180e-01
4.801644981233403886e-01
4.767345669221063065e-01
4.743927826219746513e-01
4.804046057597628483e-01
4.814046268344895352e-01
4.828117408170278790e-01
4.816311847534229806e-01
4.880613269144641331e-01
4.841386079861699221e-01
4.849954260074062495e-01
4.910114096316810506e-01
4.890161790406211684e-01
4.863541125900271433e-01
4.860388960800413050e-01
4.887726495399480342e-01
4.879321729147926834e-01
4.857560506409541734e-01
4.858982141432565682e-01
4.902229252947430949e-01
4.966680571841333158e-01
5.006731979493921347e-01
5.008562040801421977e-01
4.987937208436709069e-01
5.007195558862065354e-01
5.016279649539744367e-01
5.058295360567189869e-01
5.018851925153322568e-01
5.007148971294105300e-01
5.089428239599373960e-01
5.083458798188015271e-01
5.168796377755884297e-01
5.189385423516140738e-01
5.226118054807160629e-01
5.252992693435315497e-01
5.229460052503777101e-01
5.291723001138702864e-01
5.212083980767118208e-01
5.102352670980844218e-01
5.037903109461868700e-01
5.019447216671759637e-01
4.996128968526578618e-01
4.980920467144516750e-01
4.965991878255078817e-01
4.948094715125118670e-01
4.932540887316949618e-01
4.889176136694912134e-01
4.877355752116571130e-01
4.863635574108883808e-01
4.852235568579216229e-01
4.843761608836706922e-01
4.832197774534682244e-01
4.826439455199328932e-01
4.814294394495942098e-01
4.804553110802927685e-01
4.791893158785178186e-01
4.783608168566884644e-01
4.789759266752577904e-01
4.778530115840814996e-01
4.767103090656201747e-01
4.755536721226309993e-01
4.740160948747886294e-01
4.724683263622296847e-01
4.705282782813615117e-01
4.683462313465101001e-01
4.661390897768009633e-01
4.637546697111143978e-01
4.614042415399835506e-01
4.682576407884331826e-01
4.669470978350786505e-01
4.648301813150319539e-01
4.642421125314198926e-01
4.635375999288838811e-01
4.688624141413178514e-01
4.683414150290257094e-01
4.675474521206173795e-01
4.676099517250909554e-01
4.682170536621484969e-01
4.703461778980039809e-01
4.709048899602021887e-01
4.717070977652607633e-01
4.716598436483357970e-01
4.721079189834302414e-01
4.723907403173765451e-01
4.732226479699622734e-01
4.743253707342542369e-01
4.745690231275690452e-01
4.752709399433474591e-01
4.751835651659478965e-01
4.748969588659445740e-01
4.747129990805529776e-01
4.745548161080843652e-01
4.745712674282323018e-01
4.754517452464725458e-01
4.761603415378364290e-01
4.761201383601187387e-01
4.759685658567964772e-01
4.754720770273368480e-01
4.756380964273482781e-01
4.766407954638571254e-01
4.794699342584021751e-01
4.799442790671542003e-01
4.814329025085900549e-01
4.810699332236592074e-01
4.811978071911435784e-01
4.814444483821052612e-01
4.813042477546763953e-01
4.816646958431061720e-01
4.814420203224868411e-01
4.811724493125915103e-01
4.813423267752712786e-01
4.821970860444689255e-01
4.869245067500391766e-01
4.863225931609195807e-01
4.862463376101330281e-01
4.863774900906282506e-01
4.861661558716191545e-01
4.862606305952729135e-01
4.865031105116052745e-01
4.862055213175653923e-01
4.862928958552201752e-01
4.864023725730772796e-01
4.862210903447555799e-01
4.861254612757631710e-01
4.862221216331250595e-01
4.861689143278761227e-01
4.862410410608056788e-01
4.863237986833841564e-01
4.864246844947524573e-01
4.867116090047513000e-01
4.874666017410526075e-01
4.874631788361255547e-01
4.875251086370364639e-01
4.872932872227297429e-01
4.875243708832011080e-01
4.876327555433820904e-01
4.874193748494419776e-01
4.872604980360401017e-01
4.870969188081625267e-01
4.865568906147467176e-01
4.861533095668439941e-01
4.861927985329425050e-01
4.863207451298144357e-01
4.868633647974294765e-01
4.927860730024664071e-01
4.927477552003449723e-01
4.927116665658941019e-01
4.926382413232011648e-01
4.927080474989108949e-01
4.926454723285721427e-01
4.925957662684098404e-01
4.925402488126320866e-01
4.924179245789818693e-01
4.924365158224680572e-01
4.925338740727833731e-01
4.927492550317629783e-01
4.927475833391636306e-01
4.928872089682576063e-01
4.931433516393752825e-01
4.932815644433580782e-01
4.934229431337208149e-01
4.933327728419368841e-01
4.933653640307765764e-01
4.933721932979433511e-01
4.932408279081369473e-01
4.934769024862773468e-01
4.940304620012694881e-01
4.953488686042560318e-01
4.959949132690279483e-01
4.962278044427930745e-01
4.963835539338150027e-01
4.964647791203474214e-01
4.967371094848538893e-01
4.967399818602603601e-01
4.968321840635961384e-01
4.971027217061142478e-01
4.971676685386347549e-01
4.974639591872996869e-01
4.973546671147256459e-01
4.975005984685144100e-01
4.977008395258310514e-01
4.980792483562545558e-01
4.982117944999592263e-01
4.988868958086651872e-01
4.989915415811100874e-01
4.993976304919536258e-01
4.997721437307804937e-01
4.998437299501881648e-01
5.002287990501406156e-01
5.002098041513743931e-01
5.006426123660276950e-01
5.006429542686351430e-01
5.008655888706785575e-01
5.009941612918851206e-01
5.010710276566674448e-01
5.011820176267443028e-01
5.016276091243470070e-01
5.019306282842564970e-01
5.017362890953205312e-01
5.016242044124129551e-01
5.016673490508247735e-01
5.017510541036163119e-01
5.014687843634306752e-01
5.020477410440516985e-01
5.020952501230345755e-01
5.022507325714555826e-01
5.025581365202113071e-01
5.023227373624498115e-01
5.023304068850388271e-01
5.024086936087301947e-01
5.030682746675659844e-01
5.030683749262582216e-01
5.034946484478330930e-01
5.039468410572999213e-01
5.042080491051910140e-01
5.043214987592113951e-01
5.047390104188460569e-01
5.047520540227736774e-01
5.049459772290714188e-01
5.051604992763379931e-01
5.054133068381164717e-01
5.059627128032214705e-01
5.065844145024036571e-01
5.073864449832548029e-01
5.080277517681889288e-01
5.090581698021469093e-01
5.103156479963556480e-01
5.117917808487274511e-01
5.134737412069894091e-01
5.153206308207208819e-01
5.173409001354606351e-01
5.192571018653400206e-01
5.227136338343756350e-01
5.234609612487046704e-01
5.150251475750594610e-01
5.138317855056829808e-01
5.217024566120553875e-01
5.200138865206765937e-01
5.197405558789931490e-01
5.173168195492597876e-01
5.179789206451647088e-01
5.154413330122187276e-01
5.179905135732344457e-01
5.200020306992561014e-01
5.235493954712262532e-01
5.234882209740534531e-01
5.264821883338574038e-01
5.262218656970572006e-01
5.281598615506675198e-01
5.277055681941971166e-01
5.283151824559977339e-01
5.325598157074363792e-01
5.328488004513218801e-01
5.340256966419948403e-01
5.304132436847315279e-01
5.260799141329622897e-01
5.223944516449238185e-01
5.181592363625967534e-01
5.167605183627038690e-01
5.183917661606705085e-01
5.208740059307408465e-01
5.160188142249025889e-01
5.121907392984429430e-01
5.126516739511636223e-01
5.103661468700119164e-01
5.128289386486277746e-01
5.151048211787856435e-01
5.136042813255413675e-01
5.165728397854854048e-01
5.115500166954234373e-01
5.119238525409942620e-01
5.166103099349995675e-01
5.203377239192900072e-01
5.231388943172733397e-01
5.224201955625329408e-01
5.191213337694381424e-01
5.223744930928645447e-01
5.219259249183925142e-01
5.200334862623894328e-01
5.234727680415449669e-01
5.226155823202839334e-01
5.209473206395938139e-01
5.187872149168533120e-01
5.212228729784813552e-01
5.231325775272844814e-01
5.302709911581398039e-01
5.336224427564368877e-01
5.286485869421396755e-01
5.256233772477023614e-01
5.220067416070012234e-01
5.206961269899710310e-01
5.201835509165356752e-01
5.229894433049527835e-01
5.253517825079820902e-01
5.338877191204808303e-01
5.472854650124107101e-01
5.461242083212146659e-01
5.379897083777973599e-01
5.341626502135907728e-01
5.291620758678334813e-01
5.334875380909839260e-01
5.372560478711922993e-01
5.483924386742174972e-01
5.420921299925629544e-01
5.442989705145840906e-01
5.510445796398895091e-01
5.527771457895481744e-01
5.556180447938242617e-01
5.539994896156561488e-01
5.519722974754659450e-01
5.453143909334878803e-01
5.498403049900805195e-01
5.504464226695612306e-01
5.494382172177351142e-01
5.486186495970829524e-01
5.470642981143861716e-01
5.452591175042126315e-01
5.468298158264494058e-01
5.446449152942463012e-01
5.483123526282280835e-01
5.515777092861769981e-01
5.476651251351297711e-01
5.495975845927498771e-01
5.502022638888312001e-01
5.534386429893412007e-01
5.547132325860845148e-01
5.557805622559044423e-01
5.525784859324249787e-01
5.488689731181277676e-01
5.516410467179869714e-01
5.580614182026015779e-01
5.555329393537229432e-01
5.538317583907929054e-01
5.523114004055104109e-01
5.561202469646341351e-01
5.588276825694421523e-01
5.579737841852924207e-01
5.590814129609056327e-01
5.522655868242032362e-01
5.474082752688157472e-01
5.467489734469520579e-01
5.488808140112516609e-01
5.444549076159088674e-01
5.528648308134285205e-01
5.606820853744560740e-01
5.547403720467402044e-01
5.542292582822569980e-01
5.474684735334256480e-01
5.564660069281512911e-01
5.629817643858514575e-01
5.827889299389453770e-01
5.786476652469857429e-01
5.787721677385072594e-01
5.871467308798695717e-01
5.826081099835230814e-01
5.882300380696424691e-01
5.959417323604501160e-01
6.031947715606698068e-01
6.082711246569517671e-01
6.059508678929651504e-01
6.012891380506384387e-01
6.029772353459714740e-01
5.934494377752671523e-01
5.921016768486064841e-01
5.838634717157443754e-01
5.868169761420648500e-01
5.847985807448953244e-01
5.781107222486082664e-01
5.818197092275892990e-01
5.715052457824070231e-01
5.662518805890469631e-01
5.685698383457601368e-01
5.687286358435404976e-01
5.622865626872417533e-01
5.606349510052646146e-01
5.644492241415530742e-01
5.629855601743979365e-01
5.682470723665460355e-01
5.812969338980218392e-01
5.784799675409008080e-01
5.825985742999302275e-01
5.769664183852384332e-01
5.785883674433198731e-01
5.823223143128171131e-01
5.813592373993698992e-01
5.913552460038299374e-01
6.003292737268665080e-01
5.995701378821327587e-01
6.028248763327583859e-01
6.041089645320398827e-01
6.050837987367988502e-01
6.090378239185902931e-01
6.082183967018703896e-01
5.930542092717340230e-01
5.928829129271693255e-01
5.917939726384242594e-01
5.807897329903982664e-01
5.748652904994774326e-01
5.598356875824407330e-01
5.538381173611890418e-01
5.518157363578339858e-01
5.396728787529719851e-01
5.419412832264574043e-01
5.484437212334993816e-01
5.559598608554753296e-01
5.575653034014138587e-01
5.505263993874320860e-01
5.524516056120917229e-01
5.619676276041605245e-01
5.615801025736411045e-01
5.608468336029432955e-01
5.798948174291955748e-01
5.865830732832711947e-01
5.827326249063563557e-01
5.753049803695343689e-01
5.792435935128313895e-01
5.700373141657688603e-01
5.626039988075054454e-01
5.609085558850682718e-01
5.600376192157764388e-01
5.606555182472955368e-01
5.554555968017236278e-01
5.597827436322927452e-01
5.560109134943085341e-01
5.452361957059714825e-01
5.595168405870097894e-01
5.577123676669659691e-01
5.618904483341099487e-01
5.573539045643898238e-01
5.386816743408454622e-01
5.389708565688220432e-01
5.376151374891802170e-01
5.241543015531171523e-01
5.043554087883740378e-01
4.924208095599153512e-01
4.986944096129747872e-01
5.035321725865563591e-01
4.975325555222284146e-01
4.864402770466884074e-01
4.832881888925544267e-01
4.817791429624712629e-01
4.738854517247456655e-01
4.792430187765469585e-01
4.874357688257103249e-01
4.879281715640405581e-01
4.869987982026350304e-01
4.974484549160071434e-01
4.941948509764110820e-01
4.980172636994761870e-01
5.036057308758077333e-01
5.234940807926932171e-01
5.455274540576580122e-01
5.669275952283808762e-01
5.638109321503298466e-01
5.737380478869367195e-01
5.672433552055681227e-01
5.781883455901251079e-01
5.905121761889530196e-01
5.831697492702874186e-01
5.897248829824472960e-01
5.977480042029115204e-01
5.937105617640314748e-01
6.159662914770540620e-01
6.101495635948429586e-01
6.105032329906617816e-01
6.171897717243506332e-01
6.070332501460298236e-01
6.080189622371839908e-01
6.176199426164535877e-01
6.176048175127935025e-01
6.304810026562248648e-01
6.388807691845197478e-01
6.430844217073969915e-01
6.462159700912578630e-01
6.474536351814276225e-01
6.551291290667888845e-01
6.574011641580908005e-01
6.592992265115090733e-01
6.795397636260486207e-01
6.797223398283224194e-01
6.868325340475922580e-01
6.752058419525513999e-01
6.717995590490616342e-01
6.751773463321197877e-01
6.755015459886538620e-01
6.652750109138980683e-01
6.679382776821007894e-01
6.594476462275263851e-01
6.545493002353119927e-01
6.639311041195551377e-01
6.770377260765586547e-01
6.738469822699988399e-01
6.708980030857041310e-01
6.773219079493512096e-01
6.707674500361272552e-01
6.736508747208531656e-01
6.706992528394895015e-01
6.719438459503823680e-01
6.829113530114921948e-01
6.865796107098507406e-01
6.929736597595854697e-01
6.956912937988483092e-01
7.014130897898145367e-01
7.088405476655975646e-01
7.261328825971115064e-01
7.311754402116028562e-01
7.241637704327466007e-01
7.282991994237342226e-01
7.381639209072410335e-01
7.399430376461128001e-01
7.556741071958557043e-01
7.687936772416642528e-01
7.715938039808347693e-01
7.698489240406208856e-01
7.696325898053008041e-01
7.717028736440217918e-01
7.739028818317913450e-01
7.795632138734440719e-01
7.787627618596010270e-01
7.747646831752845742e-01
7.793371804639335210e-01
7.851115705041069592e-01
7.911787371534257929e-01
7.984115306300757497e-01
8.016888767372798430e-01
8.105126474422671423e-01
8.126762858965275171e-01
8.084264564770559103e-01
8.172092261058674367e-01
8.226511923236345947e-01
8.174030610734432933e-01
8.188233781357561192e-01
7.902162624037399885e-01
7.869847519819167525e-01
7.253216961897017701e-01
7.052154488374643426e-01
7.093884311822121758e-01
7.207731689956353716e-01
7.247590341077218001e-01
7.256901901215067063e-01
7.246873952424213172e-01
7.358462371464723484e-01
7.410487164948351690e-01
7.336989225844506857e-01
6.845331346865431987e-01
6.517807324209429209e-01
6.505687722820912011e-01
6.349239646384552405e-01
6.045180777319740795e-01
6.080954087930655616e-01
5.896098625672305804e-01
5.883824252076694794e-01
5.875175982745606262e-01
5.974945993688213219e-01
6.024376034371710098e-01
6.098772369353286926e-01
6.058032545692575432e-01
6.059019108440371060e-01
6.197556788218003820e-01
5.860005900022970948e-01
5.971477409718873863e-01
6.105636427690787071e-01
6.224895199125733969e-01
6.126150341475700145e-01
6.128954135260517022e-01
6.107012125262520907e-01
6.230620396429872310e-01
6.259640390040980273e-01
6.421452200317567804e-01
6.383182232747175444e-01
6.560937152004331363e-01
6.505460271135887762e-01
6.703678959840299045e-01
6.611232501621355784e-01
6.528495431358596335e-01
6.437587747080820710e-01
6.378038973577677684e-01
6.225134141735323423e-01
6.277887236404549043e-01
6.276673818656637316e-01
6.275180894626184447e-01
6.290060078247304842e-01
6.264963009543651484e-01
6.031966936232973087e-01
5.871219933417731740e-01
5.785596894805954404e-01
5.732390061046547247e-01
5.591533678433715515e-01
5.532367499335847372e-01
5.532920597944523955e-01
5.516580158564028391e-01
5.295458034148009530e-01
5.286728068672505998e-01
5.238497938108525043e-01
5.154746700103139956e-01
5.032436416579817440e-01
5.071962985465630069e-01
5.149891516379595524e-01
5.173173927080290113e-01
4.993976138525911823e-01
5.115964503936224483e-01
5.222929774208274756e-01
5.345166818982328705e-01
5.391409073551798325e-01
5.438564437125413820e-01
5.445325012628200456e-01
5.663430117710102074e-01
5.824131427664921423e-01
5.914495447021483887e-01
6.058510628739571802e-01
6.129426192578697474e-01
6.235944163871138812e-01
6.305507873784196304e-01
6.379810659903615289e-01
6.448865093459713593e-01
6.576083420927963941e-01
6.617250988580201110e-01
6.727348205354001243e-01
6.773132023749102171e-01
6.845556364408235117e-01
6.920132265971297159e-01
6.879168476501699159e-01
6.943596883028055888e-01
6.512929356485247512e-01
6.557799952292452383e-01
6.289553109537260323e-01
6.327361647169429393e-01
6.465348341357667339e-01
6.488332097037740054e-01
6.593026376002126820e-01
6.528067339133808433e-01
6.534226514782239814e-01
6.528263134161697012e-01
6.515736648707940448e-01
6.482904014261391401e-01
6.468667860066741326e-01
6.432129484331562397e-01
6.437005386680588748e-01
6.375745182264196398e-01
6.541206486584377755e-01
5.983433335378859352e-01
6.024152108666526173e-01
5.996510882971003431e-01
6.073429978348382496e-01
6.097392884777266264e-01
6.057539541469930677e-01
6.121846565969640830e-01
5.914750735569129780e-01
5.957177258656132235e-01
5.968872553155748495e-01
6.011881011726483148e-01
6.037466051931384969e-01
5.999809577095841506e-01
6.103601233454669650e-01
6.208702011469393600e-01
6.298423493437534937e-01
6.308306737644263640e-01
6.270550360129136802e-01
6.358301846149920777e-01
6.278123806952680130e-01
6.174923439143414905e-01
6.150607498872081580e-01
6.101300758888087428e-01
6.095035477696222337e-01
6.092407387217919634e-01
5.993936962144588154e-01
6.016892654255840966e-01
5.917006164915163957e-01
5.871783460660071619e-01
5.780567576680061270e-01
5.811359155342219474e-01
5.823447308895333130e-01
5.793186641743660603e-01
5.851101338896330661e-01
5.872443536607413472e-01
5.896310413759503488e-01
5.910733069671221251e-01
5.980597711069315370e-01
6.108794832039362577e-01
6.172428836248089468e-01
6.293024321026020607e-01
6.197342966097443284e-01
6.213641516574177626e-01
6.272712499666260877e-01
6.245662935637004143e-01
6.357157262420987109e-01
6.363809715777180021e-01
6.287603786523483507e-01
6.264277118472350026e-01
6.276590742646264154e-01
6.305703233193106216e-01
6.350324178068662562e-01
6.329794992831795364e-01
6.394696184597619126e-01
6.406399011798181720e-01
6.381432880794838391e-01
6.447110919207086344e-01
6.471161954463962029e-01
6.485888019552084049e-01
6.491750837330434454e-01
6.698097065786621229e-01
6.603244224949471608e-01
6.838926395054715224e-01
6.876887620748214358e-01
7.084330330085248928e-01
7.097048779465309210e-01
7.116815362702381131e-01
7.253636729456894860e-01
7.386969390706933369e-01
7.426549344001414088e-01
7.569385811512924223e-01
7.627285190733964493e-01
7.651431223629937550e-01
7.470496759451900060e-01
7.452165846232521318e-01
7.297764768299511706e-01
7.301679310318366367e-01
7.102787856988334037e-01
6.882378391189805100e-01
6.843685062204252212e-01
6.943516097197419690e-01
6.875025609297884532e-01
6.877120423634061064e-01
6.705888854802019017e-01
6.704565853683962517e-01
6.706476123804717693e-01
6.849655374059606672e-01
6.853120740786023957e-01
6.852311588683297483e-01
6.965807587209509322e-01
7.113772296414254681e-01
7.194252815814006219e-01
7.256425660843295322e-01
7.186168220532267448e-01
7.286643816167948096e-01
7.249976149272797654e-01
7.187538585753164844e-01
7.318717530244992497e-01
7.395401222851066825e-01
7.488565109562389521e-01
7.397695266923229873e-01
7.413178061124460205e-01
7.391558528804571537e-01
7.360117918900931366e-01
7.840229542443520883e-01
8.227602497653648816e-01
8.942989544976662764e-01
9.192383821476877159e-01
9.417699608049612259e-01
9.572400988051270598e-01
9.808981703665513585e-01
9.948845807718412759e-01
9.868537414178398803e-01
9.990846170956310113e-01
1.002955312549523192e+00
1.014091306664090641e+00
1.028847589368783622e+00
1.045431845499592782e+00
1.058330054932487441e+00
1.069849218573547311e+00
1.100382126911713332e+00
1.108080288440905559e+00
1.101920898561800977e+00
1.108789843585965329e+00
1.116673536270422762e+00
1.125973580824139564e+00
1.122562317160255230e+00
1.109553985391353415e+00
1.111062674121127358e+00
1.105220527271730369e+00
1.122481774943599131e+00
1.117994165771861281e+00
1.129809579515148377e+00
1.128561775963177194e+00
1.131032302507998244e+00
1.130387327620829163e+00
1.123667425671963427e+00
1.115894495182493174e+00
1.092997608852659175e+00
1.094411910890150663e+00
1.086397311699331070e+00
1.083640363391739525e+00
1.077073891442743125e+00
1.070145793198905571e+00
1.047864218144902271e+00
1.047272647196172857e+00
1.048603008091090416e+00
1.047960748744823922e+00
1.043821410679226958e+00
1.049226636833628046e+00
1.049340176771663025e+00
1.041404192573076148e+00
1.047491644620564433e+00
1.048341596710381074e+00
1.040537092279383957e+00
9.962487035268351443e-01
9.995180037805582174e-01
9.922653772810225981e-01
9.790962017621690494e-01
9.726047760428891964e-01
9.758960540512713333e-01
9.738719920581827560e-01
9.664505963780671838e-01
9.586708812567722449e-01
9.698772802633790491e-01
9.671714391646988318e-01
9.625930219245937280e-01
9.645957080858643673e-01
9.535221608251376324e-01
9.455497312340245264e-01
9.362003406344936440e-01
9.183352400151559847e-01
9.129934794841030321e-01
9.122380092438177046e-01
9.059449805567187930e-01
8.957669702292929692e-01
8.976078700349310324e-01
8.940979499677372822e-01
8.930233607880220248e-01
8.941054685945529767e-01
8.918712581245631377e-01
8.846334307198279179e-01
8.854471758055796338e-01
8.858437695148287938e-01
8.859975366342190961e-01
8.772437078161733348e-01
8.724194899483282972e-01
8.686859435649693095e-01
8.644546077550268048e-01
8.664973408853141601e-01
8.683512768949831484e-01
8.613807308107707117e-01
8.638288173185877383e-01
8.695385757291554940e-01
8.749320492765955137e-01
8.802281634859328019e-01
8.750700482965013682e-01
8.677256430193645009e-01
8.715197245036293561e-01
8.678627957542417448e-01
8.646531851873150432e-01
8.597504498129251438e-01
8.594120624330292557e-01
8.513834267290333324e-01
8.494151532480149758e-01
8.458438079475556481e-01
8.414884680991234767e-01
8.435653833674853219e-01
8.397950537633067647e-01
8.399891592070932722e-01
8.430111545217517932e-01
8.450836014742654223e-01
8.422962647430491945e-01
8.407613942767110382e-01
8.375159219241771202e-01
8.402677006924728076e-01
8.384315314884601689e-01
8.358773461906409130e-01
8.383805958096035571e-01
8.383961715781965696e-01
8.437071959058308757e-01
8.469061962744721672e-01
8.495992114327028943e-01
8.464587446192768372e-01
8.385902806712949298e-01
8.415862417759648606e-01
8.485804302863637627e-01
8.654943794014496872e-01
8.661884635575506364e-01
8.673849172103459404e-01
8.656643763952756032e-01
8.663711319467171101e-01
8.618707178813754810e-01
8.628784410808685301e-01
8.637271632046726877e-01
8.577967984701040383e-01
8.603748673907407607e-01
8.582424789150914224e-01
8.570620254061320775e-01
8.592941191072851481e-01
8.615607548037614860e-01
8.605877026627484216e-01
8.604699262411897864e-01
8.623444763688289383e-01
8.645378075238935311e-01
8.625722018492307797e-01
8.605152731814112999e-01
8.559495595289215997e-01
8.558108200775621510e-01
8.539864174399964813e-01
8.520852765139041995e-01
8.681578363396785791e-01
8.669085668378447851e-01
8.616023803467243170e-01
8.605149607398405731e-01
8.622764458918718011e-01
8.643108457224227825e-01
8.653125674279513735e-01
8.775184523528197778e-01
8.765518222301308393e-01
8.850787321682083153e-01
8.848334019665985428e-01
8.917756893662349693e-01
8.882986976644954291e-01
8.845295265235513238e-01
8.873360281328351862e-01
8.883418886754356203e-01
8.785357254095316204e-01
8.643023972187452442e-01
8.624525293547192772e-01
8.602117829271361815e-01
8.646804640283717314e-01
8.671207382297396737e-01
8.399031696398908675e-01
8.323638486249445023e-01
8.298975037330874605e-01
8.326278695389239815e-01
8.368414278604027201e-01
8.384709652989835726e-01
8.346728137339439746e-01
8.252966761423639053e-01
8.213957234451053635e-01
8.131237991257448394e-01
8.087887552977917061e-01
8.023452437593500131e-01
7.954470538881143193e-01
7.776856367416519200e-01
7.681404835290052135e-01
7.648336321186984810e-01
7.568984755424615907e-01
7.478970304345009534e-01
7.426401923419584383e-01
7.356577993698997231e-01
7.309467356854839615e-01
7.258808282312029236e-01
7.180076139629200105e-01
7.074431643315901574e-01
6.959132687261696537e-01
6.545049548268131456e-01
6.449521746240752806e-01
6.393916945659725570e-01
6.408891103175431425e-01
6.366244764605425432e-01
6.264481692572355653e-01
6.221852140705745882e-01
6.224589946881549096e-01
6.221611190269341618e-01
6.147630049714595257e-01
6.154222343885799029e-01
6.126696465313556939e-01
6.086412477715219538e-01
6.072339900068591811e-01
5.987857927813277081e-01
6.069569863807967591e-01
6.121022789346804993e-01
6.059062035300085691e-01
6.175944561793388354e-01
6.266752533583513918e-01
6.262693367173366443e-01
6.459673696961699685e-01
6.641884265649988794e-01
6.719580163428193753e-01
6.850928000120368733e-01
6.809358822835602787e-01
6.873508458283428268e-01
6.881311771652287579e-01
6.793142428642958697e-01
6.800942158303566742e-01
6.833520450641810129e-01
6.783630106869386056e-01
6.756685864059218671e-01
6.683522587401961035e-01
6.658564926520379457e-01
6.642166935915414516e-01
6.728055320340130541e-01
6.741212977195074618e-01
6.658596323625720625e-01
6.677428267499251335e-01
6.646966461833128115e-01
6.729271754847065967e-01
6.713698569086811174e-01
6.815087208584261758e-01
6.784181075738361377e-01
6.885292976817185551e-01
6.802780482406095564e-01
6.783784425553782693e-01
6.772892253373211657e-01
6.798010754435398484e-01
6.585314842066551932e-01
6.678749477135579316e-01
6.718774650853704955e-01
6.653493856833549991e-01
6.645584705675158244e-01
6.669357220815529397e-01
6.659660408838533607e-01
6.668109340978437549e-01
6.530819038578761226e-01
6.476212231138860353e-01
6.528699829657852449e-01
6.496383257623129515e-01
6.470811385907345725e-01
6.464270930452318265e-01
6.449858351617968610e-01
6.452449043814187934e-01
6.497752025507749218e-01
6.502549930722069105e-01
6.467588417256898703e-01
6.473026654057908447e-01
6.499146838260324577e-01
6.561903453145256915e-01
6.604376368592224100e-01
6.695223641715385421e-01
6.736609906354362742e-01
6.757274881511402542e-01
6.749162842870015666e-01
6.681589601545434576e-01
6.686837809430774549e-01
6.735125256115670478e-01
6.750026847340128144e-01
6.786485301677056547e-01
6.846501475327282371e-01
6.851181223451439095e-01
6.897087622116171435e-01
6.867504002896284154e-01
6.845556097507491389e-01
6.906160084292418677e-01
6.882405658641521651e-01
6.905744873806467510e-01
6.991395517122288572e-01
6.973608354322793357e-01
6.964884010856442487e-01
7.010995487529843029e-01
7.048672011301178042e-01
7.097766305628985251e-01
7.158531484839093517e-01
7.240945299667079782e-01
7.225884890706799624e-01
7.315214321327915270e-01
7.385674969576725424e-01
7.443571123717189764e-01
7.468086813252681200e-01
7.556930733065373440e-01
7.679274960266833094e-01
7.789273352688252938e-01
7.866890989485758601e-01
7.879549287030639393e-01
7.814065129443843460e-01
7.872610861223168222e-01
7.886945388609224450e-01
8.086309336043276952e-01
8.152164764916215445e-01
8.218961780536799822e-01
8.157166609917312350e-01
8.168918423704518705e-01
8.074795343658687230e-01
8.072089213064270741e-01
8.147082899665287758e-01
8.109061372949917246e-01
7.988098096839814088e-01
7.919212258560558437e-01
7.898653098032130115e-01
7.856118057875611793e-01
7.932429487167893534e-01
7.998518693253235945e-01
8.011365928610403309e-01
8.060629599185389349e-01
8.020129359808156888e-01
8.021694740969024240e-01
8.043777499010732468e-01
8.084345128897024724e-01
8.152792625092211143e-01
8.175693334161535653e-01
8.227221752921378695e-01
8.204872590984149117e-01
8.195641227704220100e-01
8.184486390404424050e-01
8.187287271786445331e-01
8.091538435531934192e-01
8.006807319029508596e-01
7.990726599516794204e-01
7.968266441018446722e-01
8.048023769341835498e-01
8.050358148258458524e-01
8.043061034826224365e-01
8.055040576914882511e-01
8.064750335286952065e-01
8.053114812320270044e-01
8.046227816900547447e-01
8.015015372817669848e-01
7.920388481014259963e-01
7.909581971250216892e-01
7.915662711938796781e-01
7.901171433940402666e-01
7.898462764333666897e-01
7.773343701053866406e-01
7.706475803802587121e-01
7.633884516428237621e-01
7.574822810767728454e-01
7.548313155233619121e-01
7.503008406122578799e-01
7.452724733797398970e-01
7.373936553221741574e-01
7.349712329140164480e-01
7.324055894816811074e-01
7.282831746555276098e-01
7.243235534359797612e-01
7.191988051655671121e-01
7.105347568996888130e-01
7.078775626400548582e-01
7.030851330577815306e-01
6.893633246448518381e-01
6.878288801466539981e-01
6.812554210898390528e-01
6.780789379089662283e-01
6.736932111965159287e-01
6.660089902939525519e-01
6.581143673707324782e-01
6.661426959348197840e-01
6.518469620969123968e-01
6.374107843758972658e-01
6.330769339126017803e-01
6.173640729255601700e-01
6.063596780683420118e-01
5.937131660108565523e-01
5.829185958056688488e-01
5.762399433971353568e-01
5.641977614870470337e-01
5.568001295841521481e-01
5.594208113953628159e-01
5.442464116013476794e-01
5.451500108598099636e-01
5.380614615370612475e-01
5.283091665193326847e-01
5.209759005181281433e-01
5.116310953644411796e-01
5.043481631204529414e-01
4.935806892198223994e-01
4.873539010798667026e-01
4.784957582280764399e-01
4.738608439267608663e-01
4.651868017064508809e-01
4.597218329012252025e-01
4.516849021417895238e-01
4.327560895871062074e-01
4.105465087808539137e-01
3.958329489904008347e-01
3.863408150448053302e-01
3.775777402299833052e-01
3.686925431705913581e-01
3.619765483706642861e-01
3.567223337071466216e-01
3.518890126365032400e-01
3.492716135239428699e-01
3.435831803972497211e-01
3.442360000097089978e-01
3.359667924485414958e-01
3.320408587489116492e-01
3.276615212456374659e-01
3.236728650686534481e-01
3.103417478060699342e-01
3.101567142335818206e-01
2.891445763403922564e-01
2.813570094893320106e-01
2.686875690884540369e-01
2.705522652719064558e-01
2.683444910600996103e-01
2.649778352043448137e-01
2.665422532842881553e-01
3.047938195201270739e-01
3.198226328165564847e-01
3.095929926808669297e-01
3.031912651178799711e-01
2.892826421554416383e-01
2.831336301466650385e-01
2.819516779759193015e-01
2.839111336431189292e-01
2.920495629769407908e-01
2.875207401157691689e-01
2.852285679168572452e-01
2.976342955643213051e-01
3.099523480099988237e-01
3.047260301165546914e-01
3.028948831992255841e-01
2.954850280972503573e-01
2.914470816796100872e-01
2.960086241979398847e-01
2.969006352085664657e-01
2.960857062874170387e-01
2.935229698674081122e-01
2.957388797315074758e-01
2.951796543472074430e-01
2.956283927816469870e-01
2.959374702125139867e-01
2.952172940669453571e-01
2.832136293677934291e-01
2.767800412158874512e-01
2.702081925592718648e-01
2.762089478024500333e-01
2.754763765847445534e-01
2.801270761071874005e-01
2.796968969637884661e-01
2.794058807556775159e-01
2.802793439841600454e-01
2.863391369020916732e-01
2.873672448441497163e-01
2.834724308335546672e-01
2.866545434962238237e-01
2.841787076015151459e-01
2.760946634204066719e-01
2.736199825088505566e-01
2.717086531331304178e-01
3.222492330844433095e-01
3.223428317440933943e-01
3.188656925102423267e-01
3.284781032153737956e-01
3.134358891094005672e-01
3.132400310124421883e-01
3.148666465052235575e-01
3.201042415733705848e-01
3.119507466093243697e-01
3.482938671926433249e-01
3.500039900250865865e-01
3.540600892089717511e-01
3.526854555978247707e-01
3.483360147009612051e-01
3.500517142326317610e-01
3.537323875631439019e-01
3.453295751980930972e-01
3.406105140176065027e-01
3.444903937872098032e-01
3.508088501988125274e-01
3.430204464343067916e-01
3.475911269604457510e-01
3.557440498638540505e-01
3.659233162663058092e-01
3.731469045398666529e-01
3.655196561110430897e-01
3.612800767495943921e-01
3.592631812992509999e-01
3.692687492484760248e-01
3.750554798290036684e-01
3.671702036568550431e-01
3.621246785505335408e-01
3.616310635180822741e-01
3.605670656900182847e-01
3.765613874665306726e-01
3.792699305142787081e-01
3.766856065934593989e-01
3.700845391540065754e-01
3.726627010302402399e-01
3.764714442043533005e-01
3.723734285841810432e-01
3.735989068112244849e-01
3.823927939621837857e-01
3.814720184567658157e-01
3.807260353566022104e-01
3.738643104454668631e-01
3.722085807109319355e-01
3.914849415804808608e-01
3.960708468855567710e-01
4.017664248134052429e-01
3.911624875071534890e-01
3.911640453817747387e-01
3.967354722685824675e-01
3.933220188926176974e-01
3.895351800617919413e-01
3.639519542139315611e-01
3.365987466320645161e-01
3.143012995688079236e-01
2.953991844833828706e-01
2.902961369465315022e-01
2.801437678020720079e-01
2.667288747427549178e-01
2.691625658148549816e-01
2.761742650058508497e-01
2.902944846087378572e-01
2.948412820582639871e-01
2.932971369054467314e-01
3.000169603452209621e-01
3.076809629150998315e-01
3.077299660696698469e-01
3.122472869060194389e-01
3.325179937003492903e-01
3.568011019056328004e-01
3.603496536234043202e-01
3.666617004747068087e-01
3.712174918234856791e-01
3.553609042233452087e-01
3.519215741922568919e-01
3.585268267257193386e-01
3.576976564411514792e-01
3.575208795812931384e-01
3.836877434673351961e-01
3.919541919784739203e-01
3.958584554425350621e-01
4.066471464119015278e-01
4.075697428934964006e-01
4.052458445516904373e-01
3.975318999487284510e-01
3.951823863237078904e-01
3.852925008110239524e-01
3.856386657739181989e-01
3.916779868557860311e-01
3.952445926303784218e-01
3.952900671142680622e-01
3.984443526624102949e-01
3.903760756018809230e-01
3.850055138080940575e-01
3.872825536842904315e-01
3.867091232020984370e-01
3.862363234968430592e-01
3.835698033214450242e-01
3.781863095773680961e-01
3.828968421638805353e-01
3.912772489687232902e-01
3.928186512161666033e-01
3.865652487313952501e-01
3.853975758571543397e-01
3.777263678441138417e-01
3.758775775609934922e-01
3.804013484768359321e-01
3.823384506421411699e-01
3.841424236630496813e-01
3.819317791304181475e-01
3.810513145957342140e-01
3.835106137836895579e-01
3.856342068078054131e-01
3.775621228371512927e-01
3.790717893867647237e-01
3.761712335738112145e-01
3.712691548331603641e-01
3.735067048035684567e-01
3.715090496970406275e-01
3.772552950185532605e-01
3.809474109365493244e-01
3.876509308503637841e-01
3.928164620858525802e-01
3.924098415992829381e-01
3.887109641599674759e-01
3.880345204942522441e-01
3.809964856574758474e-01
3.842674250293891536e-01
3.798778613465287335e-01
3.842342925713094770e-01
3.922274201606207877e-01
3.922429959766123853e-01
3.910902406419368704e-01
3.964944981069151164e-01
3.913362794539693712e-01
3.951721106727685839e-01
3.939553512359531551e-01
3.899951929376098692e-01
3.850212473043753691e-01
3.805013254297767711e-01
3.747386453036408716e-01
3.743128590336752270e-01
3.681640036575429265e-01
3.663410338373037090e-01
3.687082973996612667e-01
3.603415352125673987e-01
3.572300419186790754e-01
3.545966686076898466e-01
3.493801663218228382e-01
3.530695376661350249e-01
3.542152579318629257e-01
3.552573967629635843e-01
3.530564566804089144e-01
3.496479028400822364e-01
3.472704164486994372e-01
3.342454344617159512e-01
3.167941131953015965e-01
3.054517976899915332e-01
2.990931646232452557e-01
2.904868307122019933e-01
2.792306061957638419e-01
3.073840383053403902e-01
2.900517487353012069e-01
3.184215777414092785e-01
3.259780486201906413e-01
3.479699060067363847e-01
3.424818155714135504e-01
3.519409225245697659e-01
3.613881105844217734e-01
4.000633299235163420e-01
4.198547338720564626e-01
4.237759833292988887e-01
4.236012915202161389e-01
4.238773900344087742e-01
4.341687569059843876e-01
4.310375212088252139e-01
4.331161231540077705e-01
4.409465211133984375e-01
4.173457958493663189e-01
4.109950565662045530e-01
4.036741147968832544e-01
4.066893936408408350e-01
4.097426547351089576e-01
4.165372574237711234e-01
4.189073165065286819e-01
4.233087825510383206e-01
4.421294593112444216e-01
4.590316095887397307e-01
4.591047653651284532e-01
4.579145455363051731e-01
4.481780298676670826e-01
4.557229536086852550e-01
4.615102473650822823e-01
4.633191927506400964e-01
4.595167328562029252e-01
4.579284020961504886e-01
4.579402751808616112e-01
4.581888453288155971e-01
4.536060683248102632e-01
4.501097430500101693e-01
4.823253646926712879e-01
4.918883320766612166e-01
5.032399101423502552e-01
5.061663899115574905e-01
5.028339412304901890e-01
5.173286767993673374e-01
4.963377719559948220e-01
5.108361747885131754e-01
5.591438314738895743e-01
5.663094032508709796e-01
5.824878768109228444e-01
5.860022260654983439e-01
5.891555679402401546e-01
5.940607619385671612e-01
5.986201577231712312e-01
6.021329877436828459e-01
6.067950563557134025e-01
6.190024156537794475e-01
6.179924911295676671e-01
6.208774551642872730e-01
6.214098961706318036e-01
6.221022056150058432e-01
6.278777099400273398e-01
6.298912895953929780e-01
6.311828042070060096e-01
6.329328838048576822e-01
6.355247650983932850e-01
6.379484982327591203e-01
6.424127420996640359e-01
6.471804435850814219e-01
6.531984575027307560e-01
6.573989646784936802e-01
6.564099715327439410e-01
