0.3444628300
0.3380444301
0.3388591824
0.3369281520
0.3321698661
0.3300715181
0.3278651180
0.3287039107
0.3325614065
0.3372419060
0.3446558975
0.3551676261
0.3622924962
0.3712862069
0.3750839642
0.3777296938
0.3813728547
0.3846337459
0.3876934249
0.3877178640
0.3891696706
0.3903200593
0.3990317949
0.4002593946
0.4134315050
0.4228486956
0.4308205207
0.4388131276
0.4468721950
0.4553996027
0.4650788521
0.4737088038
0.4792023239
0.4836596931
0.4863162754
0.4846529254
0.4805966451
0.4784894940
0.4769282784
0.4699978339
0.4625133352
0.4568084802
0.4482274545
0.4307550145
0.4130513171
0.4063332328
0.3888661144
0.3657987422
0.3412668548
0.3265494441
0.3130737622
0.3046618622
0.3011136930
0.2966690409
0.2970767741
0.3035980296
0.3061155910
0.2992037429
0.2928174568
0.2934796981
0.2900839015
0.2903521785
0.2976271463
0.2990491957
0.2957025029
0.2928846488
0.2864349710
0.2814587720
0.2745206000
0.2660623505
0.2589447359
0.2520386815
0.2419750182
0.2296902950
0.2127846685
0.2027889502
0.2050276107
0.1977528238
0.1898086657
0.1828923066
0.1763764809
0.1689241538
0.1632980081
0.1609209441
0.1552144891
0.1496454516
0.1435547072
0.1361677668
0.1290250388
0.1215420857
0.1146505141
0.1079770038
0.1016767443
0.0959343565
0.0905904969
0.0865490514
0.0838392085
0.0823910704
0.0822025292
0.0834682607
0.0857505451
0.0890366828
0.0928966406
0.0969542766
0.1014599658
0.1057103877
0.1100365211
0.1146397725
0.1197697085
0.1249292838
0.1292723722
0.1332946612
0.1369767913
0.1404693527
0.1437129224
0.1471589644
0.1503293434
0.1534270982
0.1559102828
0.1574123359
0.1582459150
0.1600229023
0.1617601374
0.1634982713
0.1618605865
0.1588532638
0.1581407506
0.1572530669
0.1568701694
0.1559005797
0.1541637845
0.1517609456
0.1505502363
0.1501742263
0.1508027185
0.1511566027
0.1506657181
0.1506855989
0.1514227345
0.1519877182
0.1528336844
0.1535107708
0.1539518341
0.1545014796
0.1560305885
0.1571944938
0.1579147971
0.1583815705
0.1588417934
0.1595314869
0.1608322323
0.1621952881
0.1634720518
0.1648710514
0.1653005548
0.1658245803
0.1667699589
0.1679911376
0.1694310093
0.1696798634
0.1694465271
0.1693328821
0.1684984268
0.1687718159
0.1697957656
0.1695923659
0.1687043079
0.1662358029
0.1658194023
0.1656398244
0.1657832023
0.1655065915
0.1644002553
0.1635165327
0.1639472428
0.1651142040
0.1654248447
0.1646539179
0.1633167492
0.1631947358
0.1640364118
0.1652443767
0.1661317679
0.1679535765
0.1694394262
0.1717400948
0.1724086068
0.1734271884
0.1627229400
0.1594439880
0.1605199297
0.1602826472
0.1596508156
0.1607216798
0.1647464680
0.1679921673
0.1668884110
0.1606812648
0.1575765700
0.1469302545
0.1441819917
0.1388100477
0.1351828051
0.1298104580
0.1286947139
0.1279039859
0.1276833144
0.1296439058
0.1320401590
0.1352043458
0.1388999036
0.1422843160
0.1472575309
0.1512363797
0.1597158243
0.1676340535
0.1715385267
0.1798239551
0.1856292152
0.1914742738
0.1918687185
0.1893042036
0.1857795632
0.1807274870
0.1713804174
0.1605722159
0.1563958443
0.1514475383
0.1476377732
0.1475607993
0.1494048352
0.1528631246
0.1557000899
0.1565433657
0.1605022859
0.1662396019
0.1699900864
0.1750221490
0.1774933209
0.1779222018
0.1726752097
0.1659453996
0.1618979903
0.1542596099
0.1441883747
0.1387501761
0.1350636823
0.1321582992
0.1292550154
0.1313451709
0.1288536248
0.1362032949
0.1435705118
0.1451453007
0.1492945281
0.1513717657
0.1505400298
0.1487036478
0.1450895810
0.1413824035
0.1380612611
0.1317595488
0.1279882407
0.1257031279
0.1239062732
0.1253383138
0.1308034718
0.1375099997
0.1441066905
0.1474278080
0.1519260132
0.1553176591
0.1596503311
0.1636989466
0.1635830186
0.1596276102
0.1656205105
0.1751255892
0.1846736715
0.1933846150
0.2002603084
0.2048157157
0.2142716734
0.2167968878
0.2183744953
0.2208292798
0.2254075180
0.2301641849
0.2361449274
0.2403913520
0.2481952447
0.2520995414
0.2549110341
0.2632695737
0.2712381428
0.2830772929
0.2928721944
0.2989746461
0.3056081271
0.3067759308
0.3097053918
0.3086024759
0.3028827868
0.3041991281
0.3083051914
0.3109746983
0.3144767003
0.3075154424
0.3047164147
0.3006212861
0.2950951336
0.2892415202
0.2879018768
0.2867390405
0.2867425083
0.2862186533
0.2884658347
0.2884217072
0.2861389122
0.2852226201
0.2872965884
0.2873484744
0.2866868702
0.2889375436
0.2874220952
0.2866357234
0.2313092370
0.2277041472
0.2253690091
0.2211634921
0.2204544842
0.2130307606
0.2149557219
0.2171372439
0.2137721077
0.2132372224
0.2052103083
0.2026917339
0.1987688005
0.1935833491
0.1905609982
0.1829359217
0.1784973243
0.1754730964
0.1649957152
0.1627939786
0.1541327747
0.1527599186
0.1429681789
0.1391451028
0.1274579257
0.1233547735
0.1147774553
0.1119387653
0.1029369871
0.0930371766
0.0876024732
0.0768895975
0.0722465631
0.0643659258
0.0607921240
0.0588416729
0.0545275328
0.0477970360
0.0478262621
0.0437296923
0.0413486281
0.0371022503
0.0412330384
0.0396422168
0.0387304651
0.0380054441
0.0353691265
0.0342181411
0.0379411919
0.0446583130
0.0498646587
0.0535392007
0.0561077328
0.0597976402
0.0669142146
0.0772550067
0.0860414303
0.0942788474
0.0964088161
0.0990592704
0.1065345143
0.1179297836
0.1297406170
0.1398459380
0.1475596649
0.1570178242
0.1647585345
0.1702891848
0.1753388203
0.1850205604
0.1937339838
0.2004927189
0.2124286814
0.2138344036
0.2134167602
0.2122193384
0.2100531859
0.2175744952
0.2243884581
0.2311321109
0.2364848529
0.2434745449
0.2420748802
0.2415714863
0.2449805462
0.2447995710
0.2406220771
0.2432136898
0.2487065022
0.2525829117
0.2557703465
0.2575892499
0.2618144423
0.2668752742
0.2719656085
0.2784935662
0.2858424650
0.2967645395
0.3198103375
0.3332244803
0.3538774894
0.3693825527
0.3813947146
0.3958849892
0.4100782832
0.4270579443
0.4452864080
0.4653859740
0.4661300621
0.4638262900
0.4663526942
0.4750096065
0.4706244148
0.4687450722
0.4599942581
0.4595162277
0.4705754202
0.4899333961
0.4993223157
0.4925648849
0.4860125423
0.4839126355
0.4863457695
0.4904262487
0.5044331207
0.5019738281
0.4830908262
0.4741921624
0.4655893593
0.4529290238
0.4465322728
0.4366534640
0.4321217283
0.4309568887
0.4316572559
0.4305811510
0.4276875137
0.4227268918
0.4194537855
0.4110897715
0.4109394636
0.4083132117
0.4118713613
0.4108729108
0.4108348431
0.4135488483
0.4111686384
0.4120143874
0.4115776590
0.4140946667
0.4150664300
0.4144349793
0.4160826870
0.4126241301
0.4135163266
0.4152293274
0.4111502572
0.4082196173
0.4047034104
0.3984215693
0.3952991542
0.3911957710
0.3888699862
0.3856880372
0.3801228259
0.3785740388
0.3748794961
0.3734842553
0.3725219937
0.3666760811
0.3640672145
0.3582042358
0.3544399059
0.3501090608
0.3466945444
0.3430091550
0.3402183072
0.3396260151
0.3370432958
0.3364733544
0.3310784687
0.3274722606
0.3266993960
0.3086794732
0.2973871470
0.2890719703
0.2923377558
0.2792897620
0.2688000721
0.2594472775
0.2583687701
0.2635161672
0.2693861664
0.2754769848
0.2797743732
0.2800994729
0.2831902164
0.2840549961
0.2994512035
0.3034006439
0.3055866087
0.3065325942
0.3095290524
0.3126379565
0.3165298440
0.3143397524
0.3173064630
0.3212118786
0.3210766226
0.3176917319
0.3157536901
0.3145345862
0.3061667473
0.3027870297
0.3099915395
0.3006806996
0.2973416463
0.2954977467
0.2898417712
0.2899509534
0.2847650524
0.2857509506
0.2828860040
0.2879676672
0.2932050625
0.2901319972
0.2950613851
0.2914538486
0.2957794174
0.2936726482
0.2923943270
0.2999303780
0.3015428041
0.3123854016
0.3161209893
0.3245409812
0.3274934035
0.3334874200
0.3362658246
0.3360827882
0.3537191062
0.3545959384
0.3623542268
0.3650802682
0.3727616609
0.3775675779
0.3881797068
0.3945814837
0.4094794219
0.4168870433
0.4223492577
0.4352546758
0.4396818879
0.4427218801
0.4465785704
0.4405624807
0.4426015460
0.4443540472
0.4468898966
0.4471604722
0.4501279775
0.4509683291
0.4533250709
0.4611059396
0.4630717758
0.4642388684
0.4670468445
0.4739699521
0.4727898459
0.4710300476
0.4777009482
0.4756810879
0.4721667371
0.4673269899
0.4772063646
0.4684154128
0.4641030866
0.4622424803
0.4706873360
0.4680775819
0.4665609936
0.4691621079
0.4646319192
0.4601333284
0.4606520386
0.4560957320
0.4593732534
0.4671089390
0.4761006520
0.4759617195
0.4715538551
0.4718970174
0.4674818750
0.4685790052
0.4644933922
0.4660146517
0.4596363127
0.4523430618
0.4394740301
0.4268341835
0.4168690720
0.4061648914
0.4023631624
0.3998281888
0.3923029680
0.3907553842
0.3905891002
0.3912935832
0.3949462126
0.4021092984
0.4139613043
0.4329175326
0.4466933823
0.4603030074
0.4573759810
0.4687290802
0.4738931285
0.4676509331
0.4656160849
0.4642992222
0.4638779638
0.4629776754
0.4614883772
0.4604166898
0.4585277993
0.4579971616
0.4529681263
0.4514441077
0.4516016463
0.4481875313
0.4450459902
0.4488137351
0.4429234522
0.4375662505
0.4335715163
0.4303804006
0.4301758803
0.4365169533
0.4362561866
0.4362732570
0.4448647015
0.4453449379
0.4449948654
0.4456310636
0.4517545964
0.4531033042
0.4590362741
0.4663595497
0.4716976710
0.4745034453
0.4842151294
0.4855691375
0.4929465849
0.4880944777
0.4841428354
0.4772332503
0.4673669622
0.4568270015
0.4496069671
0.4401384773
0.4430385575
0.4350954925
0.4346332331
0.4238364065
0.4136323230
0.4079682880
0.4007949983
0.3878710738
0.3849841791
0.3893637686
0.3842334938
0.3900489042
0.3941393267
0.3984443335
0.4091989594
0.4060728517
0.3959010711
0.3949613102
0.3946066746
0.3842591855
0.3585459798
0.3486735334
0.3368501061
0.3264324402
0.3176533318
0.3123183508
0.3048065464
0.2976861064
0.2702487374
0.2621017684
0.2503972498
0.2403919303
0.2187596860
0.1965099085
0.1937448437
0.1754926662
0.1657379120
0.1542369418
0.1443660590
0.1344740050
0.1240806553
0.1156185488
0.1075359188
0.1014451292
0.0956316668
0.0890304254
0.0815243583
0.0721333729
0.0565331588
0.0494666633
0.0438074211
0.0439790464
0.0482295619
0.0526675791
0.0596026317
0.0667407618
0.0739220483
0.0791368149
0.0793776423
0.0784438787
0.0776434441
0.0770179254
0.0834260450
0.0938715647
0.1055689523
0.1178004851
0.1323567382
0.1437764119
0.1538835282
0.1653709317
0.1774032302
0.1831212004
0.1910412525
0.2022859645
0.2185546536
0.2357135062
0.2500343907
0.2696530093
0.2788119105
0.2899545714
0.2960292224
0.2942760978
0.2969658471
0.3112666524
0.3259260769
0.3333503916
0.3382037873
0.3387490324
0.3354915727
0.3339529241
0.3272284234
0.3277901596
0.3329245400
0.3329192094
0.3246567759
0.3202110147
0.3118612479
0.3131777325
0.3072688675
0.3092576745
0.3129819317
0.3165007242
0.3195693668
0.3217918148
0.3235321656
0.3244748849
0.3239340281
0.3214994315
0.3201160487
0.3101908093
0.3056225694
