7.0537720321
7.0496089687
7.0515900044
7.0513058439
7.0521210621
7.0534367803
7.0538905083
7.0537416935
7.0552285035
7.0540116797
7.0609028726
7.0553732043
7.0506010172
7.0456331041
7.0437664894
7.0424425598
7.0437510868
7.1181775309
7.1189971470
7.1235848754
7.1249281627
7.1241045689
7.1233930850
7.1234819711
6.9995548161
7.0299996335
7.0314959417
7.0289938822
7.0303913451
7.0298809375
7.0300814978
7.0283547917
7.0282943539
7.0304189182
7.0307167844
7.0295380824
7.0312091914
7.0276177343
7.0180539367
7.0176088879
7.0271251337
7.0273632363
7.0221753711
7.0301852413
7.0294865710
7.0539984808
7.0457407474
7.0384217994
7.0394963941
7.0325943702
7.0317066427
7.0168616335
7.0183476043
7.0421261115
7.0254329357
7.0040154338
7.0009989790
7.0118995031
7.0252123156
7.0286757699
7.0180357284
7.0048314007
7.0233965082
7.0220626657
7.0179963580
7.0204257211
7.0267153026
7.0256917253
7.0208308983
7.0146634901
7.0167386712
7.0171576317
7.0066256346
7.0110934946
7.0096944146
6.9969296984
6.9953502621
6.9896174069
6.9855384794
6.9847705855
6.9841175549
6.9945696882
6.9986060448
7.0011362038
7.0045841331
7.0049233999
6.9946926582
6.9874358615
6.9827863145
6.9815789634
6.9736886434
6.9817155877
6.9829533785
6.9774308574
6.9827549659
6.9841758371
6.9806920230
6.9742749397
6.9733382733
6.9708176554
6.9676078324
6.9719627585
6.9706442883
6.9738126792
6.9729115713
6.9716457757
6.9720542392
6.9742944798
6.9716191546
6.9702661204
6.9700759655
6.9694933504
6.9678665360
6.9606486591
6.9572411817
6.9505081188
6.9517722445
6.9410898848
6.9402758079
6.9396429086
6.9375169825
6.9380779988
6.9338798612
6.9336226752
6.9327542655
6.9349481453
6.9373893409
6.9380475377
6.9350317861
6.9326174746
6.9358455555
6.9394534287
6.9312722597
6.9348466846
6.9297236854
6.9276072844
6.9220567697
6.9216206846
6.9140972914
6.9152371732
6.9167314145
6.9143553139
6.9188725996
6.9172955208
6.9098620005
6.9062195078
6.9119106417
6.9147667403
6.9135982570
6.9121162162
6.9187347267
6.9121221192
6.9158806986
6.9115814446
6.9120019409
6.9108796016
6.9102009244
6.9115815412
6.9125885725
6.9178931527
6.9157335800
6.9155899195
6.9174275174
6.9193608791
6.9206358095
6.9199685408
6.9198246361
6.9165645511
6.9158326535
6.9202852659
6.9227277774
6.9223698297
6.9252419974
6.9257094480
6.9293232677
6.9309548822
6.9314335383
6.9303516836
6.9314474101
6.9327076073
6.9330718075
6.9366971534
6.9370612064
6.9392189324
6.9416626009
6.9403796019
6.9488114639
6.9511254641
6.9538921650
6.9567510620
6.9552849718
6.9633004507
6.9516220584
6.9579736417
6.9578918971
6.9588713270
6.9598300463
6.9627584935
6.9554200782
6.9565922101
6.9620150766
6.9658909822
6.9622874771
6.9595054909
6.9666017686
6.9646899053
6.9623820031
6.9674210388
6.9713385911
6.9734525325
6.9801159016
6.9822908145
6.9855412499
6.9846744116
6.9898080127
6.9879953975
6.9853164217
6.9844405694
6.9867502348
6.9803547416
6.9820835627
6.9864747563
6.9818287530
6.9870501194
6.9864623958
6.9841924761
6.9805404148
6.9770408700
6.9781966411
6.9783499438
6.9773700479
6.9745936340
6.9749327275
6.9755097461
6.9777571861
6.9790276627
6.9765293071
6.9723021674
6.9680645342
6.9686305080
6.9697710221
6.9692909213
6.9676067991
6.9727276704
6.9750958534
6.9758208597
6.9692951274
6.9602218546
6.9519552358
6.9561699570
6.9545188692
6.9552115925
6.9520694356
6.9459346857
6.9419006734
6.9432304791
6.9503928676
6.9511117280
6.9518057797
6.9558519324
6.9566550889
6.9613703899
6.9532005297
6.9528275725
6.9520586466
6.9503836023
6.9548484383
6.9433277359
6.9488171094
6.9483837308
6.9506535662
6.9453745573
6.9411190385
6.9389283315
6.9316115621
6.9431777548
6.9382906430
6.9366414130
6.9478942334
6.9482957934
6.9432546140
6.9480002126
6.9469185214
6.9573080748
6.9611917869
6.9629743282
6.9654539085
6.9676697465
6.9717501523
6.9734481173
6.9774584207
6.9788808995
6.9751410246
6.9753224040
6.9751092963
6.9770618854
6.9763061477
6.9809695704
6.9854342982
6.9923192794
6.9978870593
6.9994958821
7.0050712369
7.0033187896
7.0026022571
7.0027160506
6.9986417338
6.9979739493
7.0023582672
6.9972145605
6.9956473566
6.9907305567
6.9919987593
6.9969568596
7.0004031168
7.0066946974
7.0062232868
7.0040295623
7.0032894191
7.0082871009
7.0131074104
7.0093828565
7.0067911919
7.0114821317
7.0164297707
7.0201412150
7.0177471948
7.0133471392
7.0166836562
7.0121564008
7.0133472793
7.0217890925
7.0188785914
7.0131689640
7.0153474254
7.0135963210
7.0289002363
7.0248203218
7.0263115691
7.0214337521
7.0289893792
7.0369284298
7.0367152975
7.0460570549
7.0401688562
7.0407651518
7.0432972493
7.0410789554
7.0421979471
7.0493911087
7.0458910349
7.0453707208
7.0389037368
7.0406205028
7.0235689426
7.0251451695
7.0303675147
7.0225461823
7.0283042712
7.0343359730
7.0266282247
7.0154505684
7.0102882557
6.9917915193
7.0030405538
7.0245218392
7.0001205643
7.0129670667
7.0020351737
7.0094289940
6.9941215212
6.9829397538
6.9781019063
6.9850841054
6.9800158122
6.9805099494
6.9841056865
6.9839110908
6.9798621693
6.9810592251
6.9732677000
6.9757934271
6.9737602307
6.9697234266
6.9671150799
6.9664755486
6.9640959301
6.9594451113
6.9604895940
6.9517855046
6.9515144171
6.9511779786
6.9496384210
6.9391269183
6.9378275285
6.9328294018
6.9330092751
6.9305234691
6.9300926249
6.9305506429
6.9297386364
6.9301170402
6.9250691607
6.9273910057
6.9265104750
6.9263071108
6.9303215099
6.9291006553
6.9271539120
6.9176626067
6.9141593577
6.9186942237
6.9206680705
6.9271327860
6.9211851342
6.9212357504
6.9152022011
6.9188543358
6.9216729771
6.9242930139
6.9231468450
6.9243532749
6.9209083314
6.9200430419
6.9208566774
6.9178811676
6.9208443737
6.9225021673
6.9229657516
6.9227068340
6.9251550414
6.9237651476
6.9269660962
6.9316457874
6.9309445710
6.9355631868
6.9356069070
6.9338492542
6.9321989562
6.9299691343
6.9281128171
6.9324754704
6.9282146400
6.9273560737
6.9284945720
6.9271812585
6.9342534156
6.9420704871
6.9367549437
6.9374795042
6.9341475230
6.9378868453
6.9464328061
6.9355978494
6.9363316113
6.9461737926
6.9482146685
6.9525414310
6.9534658210
6.9500938335
6.9497514333
6.9554565164
6.9595444225
6.9577868186
6.9594343871
6.9597431632
6.9629224860
6.9649161857
6.9654237744
6.9687914040
6.9718747939
6.9688415194
6.9691112415
6.9671284288
6.9728337389
6.9816436007
6.9885644517
6.9890093929
6.9940260535
6.9949509634
6.9931565640
6.9925808026
6.9883113877
6.9896425411
6.9873411711
6.9890307450
6.9881752729
6.9878101309
6.9931777075
6.9933724147
6.9932085482
6.9866984247
6.9864446057
6.9871153684
6.9855446267
6.9956746884
6.9952801059
6.9951439088
6.9994647816
6.9992472776
6.9995339503
6.9966439565
6.9951097652
6.9954469099
6.9907345744
6.9913773300
6.9911011867
6.9905266793
6.9936649872
6.9960116460
6.9979532180
6.9970061836
6.9999919729
7.0004870657
7.0058441180
7.0084751444
7.0113686248
7.0094903597
7.0191237568
7.0202370513
7.0115541006
7.0046852204
7.0072763597
7.0072964376
7.0126000277
7.0250847435
7.0128648954
7.0112336926
6.9945588800
6.9954249290
6.9968702937
6.9974858278
6.9965769920
6.9977707853
7.0049514437
7.0066475601
7.0096898241
7.0114469196
7.0104813735
7.0102737983
7.0086170033
7.0096831744
7.0130887842
7.0101102672
7.0040506912
7.0080414219
7.0104967345
7.0138324600
7.0096130506
7.0058044015
7.0062602349
7.0101287362
7.0101041905
7.0086155106
7.0094559256
7.0137823514
7.0258864588
7.0275874015
7.0319241282
7.0321544749
7.0444919967
7.0468256081
7.0482722992
7.0485578108
7.0516487607
7.0487906831
7.0497689703
7.0528345300
7.0538066437
7.0593784069
7.0610097634
7.0655850501
7.0612484784
7.0603467201
7.0593700222
7.0730645692
7.0605225079
7.0535209271
7.0564831574
7.0583315924
7.0581788353
7.0562969694
7.0541480250
7.0569569737
7.0560927497
7.0602530731
7.0675997883
7.0702682434
7.0736525730
7.0687055434
7.0699775026
7.0592582838
7.0489843645
7.0537344931
7.0537635513
7.0581926147
7.0615327118
7.0651952682
7.0650321603
7.0720377356
7.0754625046
7.0598655415
7.0713472661
7.0654715440
7.0696684237
7.0596261040
7.0547632653
7.0545758176
7.0611776388
7.0545262048
7.0593716872
7.0691593862
7.0943018081
7.0591125110
7.0571078333
7.0503289338
7.0529499264
7.0833077471
7.0288704266
7.0177072684
7.0202491654
7.0046841688
6.9976416898
7.0025087111
7.0047499843
6.9962890332
6.9941464544
6.9978048374
6.9950496490
6.9955218152
6.9944575143
6.9962800819
6.9917954322
6.9912593163
6.9939422560
6.9908728679
6.9963970066
6.9991681565
7.0002312582
7.0013493810
6.9973031078
6.9921549560
6.9894846408
6.9861559192
6.9827859753
6.9762723014
6.9698673948
6.9598726980
6.9550571040
6.9579519717
6.9600035511
6.9636009001
6.9610880897
6.9687616118
6.9662397517
6.9618362086
6.9670048976
6.9661792816
6.9672052891
6.9636361258
6.9755895671
6.9715470752
6.9738495008
6.9805274881
6.9808649082
6.9820184467
6.9859196549
6.9898437110
6.9953554587
7.0011693903
7.0001423273
6.9986075927
6.9960059246
6.9965158537
7.0007397513
7.0037133690
7.0067430773
7.0082630118
7.0100520750
7.0122105615
7.0169016620
7.0185914672
7.0214497734
7.0220427118
7.0266264502
7.0298903509
7.0318646143
7.0366960945
7.0414752292
7.0423469182
7.0436916471
7.0509859850
7.0477519791
7.0545444360
7.0619960998
7.0653172343
7.0738479861
7.0733985158
7.0735211331
7.0738392834
7.0751054934
7.0779855918
7.0775231901
7.0853088740
7.0855667775
7.0826976285
7.0881454672
7.0897194325
7.1039537714
7.1079047137
7.1004924509
7.0952383516
7.0950269657
7.0988454585
7.0944396349
7.0948074443
7.0953194015
7.0968563019
7.0933408966
7.0978206616
7.0854816678
7.0810464350
7.0789735716
7.0742250738
7.0709951636
7.0664699345
7.0656447858
7.0603347550
7.0580725657
7.0541658384
7.0515546117
7.0538929207
7.0588488501
7.0592134778
7.0613838262
7.0606812367
7.0657770630
7.0695240035
7.0712023193
7.0695483182
7.0683840783
7.0658645906
7.0622522425
7.0630865794
7.0687569414
7.0743922128
7.0732598860
7.0726002886
7.0754911374
7.0752267275
7.0707271884
7.0646408027
7.0552988589
7.0458127530
7.0446092880
7.0394092156
7.0295396708
7.0275657715
7.0236949709
7.0215245554
7.0193884132
7.0157859485
7.0175919688
7.0255564018
7.0299616586
7.0331339402
7.0360434063
7.0331382015
7.0309238674
7.0316676781
7.0284487915
7.0331633880
7.0314062367
7.0285795039
7.0330369046
7.0298117699
7.0304810117
7.0287481057
7.0222472492
7.0189612141
7.0134055814
7.0090606528
7.0070084553
7.0093432313
6.9996938713
6.9979671476
6.9981474250
6.9934698359
6.9907939425
6.9918868210
6.9973225597
7.0020041043
6.9933616816
6.9929798491
6.9936030101
6.9932796249
6.9978627193
6.9972999564
6.9971895572
6.9936069373
6.9962082491
7.0003130177
7.0036151526
7.0023104632
6.9983045579
6.9993544285
6.9964925857
6.9885669063
6.9843763971
6.9827986152
6.9866014130
6.9865256407
6.9844208855
6.9805776763
6.9816427176
6.9832547909
6.9841009598
6.9819452352
6.9831665741
6.9841447455
6.9868631060
6.9885948959
6.9927605445
6.9913256519
6.9906488422
6.9912688369
6.9933177698
6.9973582385
6.9994028590
7.0063684207
7.0010534840
7.0019080395
6.9999430346
7.0002233193
7.0015416607
7.0029045468
7.0110569399
7.0103999834
7.0124963630
7.0148706714
7.0165527853
7.0215309214
7.0283166457
7.0315854390
7.0283258877
7.0280784535
7.0312723358
7.0294919144
7.0318473972
7.0279522464
7.0271171047
7.0281248533
7.0304309476
7.0263751840
7.0265183450
7.0242999616
7.0208320726
7.0212832125
7.0135404610
7.0160261577
7.0183311201
7.0182517933
7.0211202813
7.0240901571
7.0215799485
7.0246631352
7.0255129100
7.0285734443
7.0294822441
7.0329705626
7.0353105756
7.0409515104
7.0385122391
7.0352427028
7.0353742741
7.0309382690
7.0302116347
7.0297320453
7.0292800018
7.0317175488
7.0301830280
7.0371613172
7.0356331770
7.0300754552
7.0267505135
7.0216823799
7.0240679968
7.0221921781
7.0250068172
7.0282318307
7.0321269461
7.0349285432
7.0347236214
7.0421477378
7.0437139545
7.0452472862
7.0434358061
7.0441928187
7.0411150025
7.0396281248
7.0405091146
7.0397162020
7.0368937179
7.0394871336
7.0404439753
7.0399402382
7.0412172262
7.0407674314
7.0407023917
7.0408108800
7.0397524052
7.0381192829
7.0366358425
7.0366141244
7.0359021784
7.0356621671
7.0363716420
7.0431804379
7.0424044921
7.0423765816
7.0417472966
7.0359864639
7.0418322428
7.0440210279
7.0445231889
7.0396322447
7.0387023992
7.0432543810
7.0465680280
7.0457239968
7.0418747182
7.0457018938
7.0456177510
7.0465098202
7.0509240815
7.0455999824
7.0489175305
7.0476946184
7.0511169490
7.0544939245
7.0494688970
7.0489348067
7.0532463396
7.0544986234
7.0551190525
7.0563854164
7.0581059532
7.0592952374
7.0639627779
7.0643067629
7.0653964828
7.0665936982
7.0606368172
7.0693228195
7.0645729954
7.0591501840
7.0538377557
7.0555750472
7.0593949148
7.0587140292
7.0527948008
7.0451776433
7.0320676950
7.0443574263
