0.1700531834
0.1683887068
0.1671449351
0.1654270160
0.1634912079
0.1625618235
0.1640766078
0.1639866015
0.1633889186
0.1615961348
0.1617901600
0.1601880207
0.1628279332
0.1622693171
0.1584998566
0.1578564372
0.1559619959
0.1560686978
0.1511439572
0.1496028633
0.1471030805
0.1419714751
0.1390217836
0.1341479795
0.1294969640
0.1266508479
0.1234023531
0.1239226527
0.1248443878
0.1243085933
0.1236589430
0.1234617837
0.1187432726
0.1189916462
0.1181580152
0.1187518328
0.1175222273
0.1252928566
0.1236559211
0.1266893966
0.1321556830
0.1333253984
0.1436283735
0.1455985061
0.1484579751
0.1522072404
0.1545068851
0.1629032975
0.1650199481
0.1637698777
0.1646259808
0.1696028409
0.1729775401
0.1789874426
0.1820482729
0.1850266742
0.1896203065
0.1950737566
0.2013268336
0.2075510022
0.2138199551
0.2192975939
0.2230196531
0.2248914825
0.2294187394
0.2305740383
0.2302227072
0.2354560997
0.2362012479
0.2360107063
0.2358459384
0.2361201586
0.2368656897
0.2374072767
0.2409748984
0.2411196906
0.2415340373
0.2410104603
0.2412597403
0.2415036032
0.2406594657
0.2390496477
0.2357506809
0.2319572170
0.2283383404
0.2235642806
0.2199360611
0.2161403142
0.2123792780
0.2085706618
0.2051508255
0.2021152924
0.1990601878
0.1962269903
0.1937477997
0.1911520760
0.1888464656
0.1865976449
0.1846637916
0.1828083553
0.1812061168
0.1796636764
0.1792673705
0.1781265368
0.1770589517
0.1767820562
0.1756941908
0.1748038565
0.1745467445
0.1737404140
0.1730620170
0.1723431669
0.1718017899
0.1717954802
0.1714620011
0.1711026988
0.1708077517
0.1705127000
0.1703484983
0.1699806061
0.1698940839
0.1698818796
0.1698823570
0.1697680172
0.1694305849
0.1692151086
0.1693229709
0.1692774849
0.1692786865
0.1690736169
0.1689416234
0.1687576161
0.1688015528
0.1688422884
0.1687389622
0.1687034357
0.1685760175
0.1684956051
0.1684538112
0.1683336074
0.1681298675
0.1679712046
0.1680101193
0.1680209673
0.1681000303
0.1679541537
0.1678808141
0.1679416557
0.1680860769
0.1680545587
0.1682630829
0.1681317918
0.1678565132
0.1678529971
0.1679328408
0.1676666907
0.1672868187
0.1669550354
0.1669282872
0.1670166891
0.1671670023
0.1685144035
0.1693032462
0.1694870166
0.1697109854
0.1722019333
0.1719256132
0.1712700024
0.1703343738
0.1689855300
0.1725996823
0.1714474930
0.1704429054
0.1694238511
0.1728413965
0.1757326954
0.1737409111
0.1714555286
0.1761175581
0.1738523648
0.1706249031
0.1754774548
0.1740040391
0.1781932303
0.1775429634
0.1780919100
0.1870096755
0.1890529849
0.1954516230
0.2023462900
0.2024002166
0.2033680582
0.2008920401
0.2017808045
0.2008262827
0.1988196226
0.1965854748
0.1915559152
0.1896705564
0.1794248672
0.1768670044
0.1614552286
0.1578927289
0.1453101825
0.1427472210
0.1389599743
0.1370005442
0.1388731003
0.1350268018
0.1343794311
0.1291856563
0.1124228023
0.1069987409
0.1055063988
0.0996499073
0.1043527063
0.1068154884
0.1027842275
0.0964272708
0.0941971541
0.0842951138
0.0712513725
0.0579150334
0.0499437389
0.0466154255
0.0462116231
0.0435573439
0.0409347687
0.0409126356
0.0418840531
0.0385019294
0.0342341735
0.0307719981
0.0308864006
0.0342834950
0.0410987313
0.0473090283
0.0541236734
0.0633383789
0.0730574274
0.0852897230
0.1004359964
0.1148808347
0.1292830572
0.1358068332
0.1475515912
0.1485724787
0.1577441695
0.1503032918
0.1516605673
0.1529795118
0.1512352563
0.1614722199
0.1667559705
0.1686048194
0.1679956922
0.1680524546
0.1714333971
0.1701510074
0.1695125076
0.1710267508
0.1762558899
0.1751467118
0.1705073153
0.1680767394
0.1609555927
0.1546432933
0.1490476889
0.1438641344
0.1419231533
0.1366276196
0.1349002703
0.1357423431
0.1361774267
0.1373078074
0.1416151402
0.1403942092
0.1399860632
0.1356578504
0.1309028049
0.1292625046
0.1295806270
0.1295432781
0.1305751809
0.1326780528
0.1374418562
0.1420741289
0.1452649889
0.1461752382
0.1472042458
0.1494730807
0.1503134487
0.1518123314
0.1521808573
0.1523367741
0.1515842120
0.1383833673
0.1341578442
0.1307971223
0.1292013970
0.1299794405
0.1313422237
0.1319911663
0.1369352141
0.1420472103
0.1457651421
0.1487142629
0.1514916273
0.1512447012
0.1522454790
0.1474360906
0.1514083908
0.1300546716
0.1304128708
0.1152055732
0.1072971455
0.1024935134
0.1054036719
0.1097573830
0.1088522494
0.1114990365
0.1164488562
0.1140797735
0.1117327446
0.1045313831
0.0948133538
0.0903597798
0.0856987046
0.0818224831
0.0783686875
0.0773028038
0.0730044389
0.0702732661
0.0606269945
0.0604952483
0.0540627864
0.0510642469
0.0473652123
0.0446623450
0.0420173083
0.0387031194
0.0375110032
0.0329360009
0.0358952372
0.0326841654
0.0338329034
0.0328045041
0.0312969911
0.0297091504
0.0294115774
0.0274097481
0.0307051344
0.0331395198
0.0407744697
0.0461682519
0.0557982826
0.0623639373
0.0741755380
0.0814031144
0.0931261193
0.1057860421
0.1102008572
0.1207762130
0.1237200077
0.1204910993
0.1249518879
0.1328323582
0.1357770040
0.1226202160
0.1230101758
0.1223120763
0.1211466035
0.1226759315
0.1202414193
0.1245376592
0.1192893303
0.1212638461
0.1120022480
0.1114596090
0.1101795243
0.0978636376
0.0965835509
0.0886666363
0.0871810465
0.0786919215
0.0760482590
0.0749437275
0.0702031086
0.0695307946
0.0685813830
0.0641481379
0.0617231330
0.0614863470
0.0640895502
0.0660367436
0.0654075239
0.0671710575
0.0679635194
0.0638179417
0.0628441141
0.0621555479
0.0529832811
0.0511840223
0.0494738560
0.0443508478
0.0473321223
0.0474962470
0.0487582106
0.0490602390
0.0495993465
0.0551598845
0.0567951143
0.0680652374
0.0778250707
0.0848485380
0.0908098706
0.0961589388
0.0946359548
0.0959462900
0.1048252538
0.1089916260
0.1123762517
0.1154121021
0.1225637955
0.1312952896
0.1433977570
0.1585389062
0.1739917801
0.1841368641
0.1984594004
0.2100867223
0.2221825861
0.2172198235
0.2256131225
0.2315584097
0.2331441835
0.2362445032
0.2401076141
0.2361771066
0.2352066686
0.2293869845
0.2253568625
0.2220352409
0.2215494739
0.2173846263
0.2147300842
0.2101439423
0.2100684417
0.2051241187
0.1979549715
0.1893322270
0.1802475119
0.1705036376
0.1616810488
0.1528300806
0.1459025657
0.1404684450
0.1373775006
0.1331607188
0.1317366047
0.1257770811
0.1269022782
0.1257381837
0.1316861541
0.1311988328
0.1374923568
0.1368017009
0.1364090543
0.1383095407
0.1355987832
0.1329847340
0.1293049130
0.1256903735
0.1305446247
0.1290077100
0.1265948603
0.1275749315
0.1275924487
0.1299497010
0.1324481152
0.1332511979
0.1329144595
0.1335646700
0.1331925661
0.1327284503
0.1325731776
0.1318785320
0.1300751242
0.1285742058
0.1265474248
0.1251924430
0.1231865112
0.1222195725
0.1180502259
0.1121839758
0.1078098412
0.1024236029
0.0963976000
0.0910831622
0.0855999965
0.0824336716
0.0785142284
0.0759444022
0.0766112873
0.0761521088
0.0777169515
0.0785214528
0.0797352899
0.0862058842
0.0907273178
0.0943212337
0.0970665564
0.1002736139
0.1045670134
0.1067587963
0.1140153972
0.1186818579
0.1243644565
0.1402775148
0.1482061274
0.1685978656
0.1785535851
0.1737255259
0.1300940576
0.1090950519
0.1091834618
0.1253396972
0.1503171105
0.1746871382
0.1984274872
0.2201134150
0.2456326127
0.2440024135
0.2498611825
0.2353837830
0.2186464880
0.1978059900
0.1705832152
0.1577786826
0.1484226844
0.1459458341
0.1497030952
0.1536487839
0.1559755729
0.1534103582
0.1489324611
0.1479231927
0.1485882341
0.1544053876
0.1562072102
0.1637897404
0.1729297657
0.1787337566
0.1858221436
0.1909580690
0.1998334958
0.2105211945
0.2185316370
0.2255294679
0.2346466898
0.2331423622
0.2449587853
0.2496363385
0.2589400714
0.2710184378
0.2858256123
0.2862646819
0.2918684107
0.2999252256
0.3009389736
0.3101475343
0.3143909120
0.3230341740
0.3304999442
0.3394073507
0.3470944742
0.3601966899
0.3755450077
0.3928256064
0.4018154977
0.4229115032
0.4321404728
0.4410229190
0.4336173033
0.4370752632
0.4249169282
0.4191998686
0.4036739949
0.3943078740
0.3755089932
0.3619529754
0.3509623828
0.3461562459
0.3436137352
0.3372781603
0.3363710918
0.3298058900
0.3306867405
0.3252320176
0.3257190054
0.3211831578
0.3162175175
0.3146381832
0.3122245171
0.3115793414
0.3094277577
0.3076606454
0.3077832875
0.3109517806
0.2906934084
0.2884209614
0.2859057069
0.2878969043
0.2902754785
0.2890872746
0.2818235265
0.2753458784
0.2721477449
0.2694450026
0.2665624981
0.2617318014
0.2600922785
0.2578837698
0.2565604697
0.2607394402
0.2660200187
0.2732866059
0.2814522671
0.2863438393
0.2839444911
0.2856568022
0.2799957975
0.2752208424
0.2663101517
0.2609809742
0.2519307540
0.2474958000
0.2397322560
0.2365578993
0.2286122624
0.2258063978
0.2195630713
0.2171988984
0.2117669416
0.2088088736
0.2065591049
0.2007623907
0.1953600883
0.1891800543
0.1835180536
0.1815556298
0.1782452754
0.1763463219
0.1753429107
0.1688136672
0.1684654594
0.1622710390
0.1579335026
0.1549652836
0.1531350716
0.1535890515
0.1520754315
0.1444384236
0.1464493791
0.1375836085
0.1345841035
0.1324873241
0.1293563478
0.1239141331
0.1291230597
0.1237338435
0.1249405696
0.1243837513
0.1232823207
0.1217706369
0.1190128499
0.1148479124
0.1155807311
0.1122847094
0.1107527545
0.1112049436
0.1092130754
0.1026663590
0.1110292655
0.1110463678
0.1118568743
0.1122220597
0.1135332806
0.1122293580
0.1096771212
0.1050450688
0.1015107752
0.1012014111
0.1017631354
0.1040637672
0.1066251720
0.1081120951
0.1094236263
0.1106145992
0.1121611028
0.1140990774
0.1145783278
0.1135815727
0.1117928800
0.1095335677
0.1074577842
0.1059901054
0.1048777647
0.1032669371
0.0995566193
0.0997460108
0.1009385932
0.1008616897
0.0989976685
0.0967408796
0.0956660960
0.0933895675
0.0931812644
0.0914782838
0.0925102326
0.0899468910
0.0867913173
0.0945646809
0.0924099150
0.0900548321
0.0884887351
0.0864211320
0.0849633553
0.0900167798
0.0872102325
0.0846900578
0.0827729559
0.0803978375
0.0781254791
0.0798643482
0.0784742253
0.0771112804
0.0774831108
0.0781537343
0.0749661416
0.0782674943
0.0757916225
0.0780642036
0.0805607755
0.0796044227
0.0789692968
0.0802820989
0.0863945831
0.0901289152
0.0947461057
0.1031619737
0.1189021783
0.1287934562
0.1322743327
0.1398709797
0.1477314328
0.1555155455
0.1536695707
0.1521699750
0.1521410774
0.1011535565
0.0946842223
0.1077456837
0.0968937293
0.0879772077
0.0872636168
0.0924500175
0.0974109437
0.0936860889
0.0909025118
0.0931445815
0.0897880165
0.0865155460
0.0825216340
0.0781292966
0.0760982879
0.0796720288
0.0797396532
0.0784539948
0.0772724551
0.0760502288
0.0750353559
0.0750617578
0.0734368470
0.0740144772
0.0727060527
0.0752172465
0.0758207571
0.0768234723
0.0802687724
0.0855234695
0.0929732270
0.0984144983
0.1102586792
0.1218941145
0.1300056076
0.1418035731
0.1450801274
0.1498711335
0.1539121841
0.1576956849
0.1575919346
0.1565864291
0.1524849761
0.1465343693
0.1455082089
0.1402281476
0.1371859613
0.1411172605
0.1197944956
0.1176337470
0.1106971914
0.1070881994
0.1033014537
0.1061402517
0.1071214227
0.1114885066
0.1164986050
0.1201599937
0.1181274789
0.1183353318
0.1167898601
0.1151237637
0.1109165535
0.1057396834
0.1009306037
0.0952337188
0.0928105269
0.0935157835
0.0982947966
0.1020656811
0.1065530839
0.1145843497
0.1149495121
0.1184654255
0.1193853715
0.1212008716
0.1165207224
0.1127414598
0.1151791985
0.1195946055
0.1235783503
0.1298124039
0.1329081003
0.1338373575
0.1343228680
0.1412249679
0.1461607175
0.1519001053
0.1579547852
0.1638246959
0.1659891913
0.1703138879
0.1726472764
0.1795845200
0.1865809207
0.1911111664
0.1929697446
0.1946270545
0.1971778770
0.1985758901
0.1998141274
0.2002082266
0.2029695125
0.2035076736
0.2054850088
0.2035761063
0.2022623287
0.2004621495
0.2010004167
0.2009382000
0.2023219549
0.2044999452
0.2069082331
0.2059089981
0.2047854504
0.2029085524
0.2016231211
0.2025617450
0.2031388973
0.2030976848
0.2048530042
0.2009219001
0.2042707918
0.2059073403
0.2015631651
0.1971445202
0.1941821116
0.1934527989
0.1919768488
0.1949504775
0.1993497023
0.2043822673
0.2077206432
0.2054970784
0.2100097252
0.2132681907
0.2134037226
0.2098398703
0.2031292637
0.1980585499
0.1920767392
0.1898847361
0.1864070918
0.1843802998
0.1828193278
0.1851870762
0.1848062137
0.1907776306
0.1942384745
0.1948404480
0.1949759736
0.2011255495
0.2022131023
0.2088243477
0.2133803310
0.2211941005
0.2321029475
0.2362815117
0.2410768574
0.2494709588
0.2528384015
0.2527517624
0.2533920016
0.2494715091
0.2465998034
0.2460018301
0.2489636180
0.2483291767
0.2486885509
0.2468264493
0.2478108960
0.2491787641
0.2431454124
0.2456143618
0.2520978528
0.2468250304
0.2470590288
0.2371567982
0.2261454387
0.2238682445
0.2204121942
0.2151792024
0.2175805602
0.2224811628
0.2263504611
0.2338153699
0.2349500591
0.2371866753
0.2351937004
0.2379935157
0.2421526029
0.2420230129
0.2380015277
0.2322249924
0.2272741499
0.2248635061
0.2186512063
0.2215564826
0.2179763586
0.2121570497
0.2065022595
0.2021562108
0.1973669046
0.1925363826
