1.1809527467
1.1803405996
1.1880785147
1.1952949414
1.1937740098
1.1912326788
1.1937799623
1.1857896778
1.1820950900
1.1802760041
1.1798832597
1.1746520170
1.1749084910
1.1760843948
1.1876538424
1.1959478787
1.2142745133
1.2201820708
1.2175284053
1.2498934751
1.2455556018
1.2631896056
1.2766560699
1.2930967238
1.3003194103
1.3029997889
1.3064589979
1.3045951473
1.3133700044
1.3176377732
1.3226148543
1.3416943143
1.3457174563
1.3591927855
1.3763342340
1.3879086404
1.3897351085
1.3985726036
1.3946699476
1.3877082689
1.3824807877
1.3899185510
1.3911220493
1.3780920153
1.3743066825
1.3640088131
1.3532206045
1.3542247487
1.3728789495
1.3784984633
1.3866108935
1.4032423058
1.4140427490
1.4152605001
1.4117454247
1.4068309181
1.4000059900
1.4077313663
1.3979552719
1.3924369391
1.3882939959
1.3882989955
1.3882716372
1.4050141142
1.4089380419
1.4136663983
1.4364181702
1.4410068144
1.4634400132
1.4638992944
1.4620253515
1.4697201034
1.4671724415
1.4651733337
1.4624486338
1.4605728646
1.4775580666
1.4763252265
1.4837906445
1.4821562805
1.4881912810
1.4925886054
1.4922542070
1.5123357956
1.5147886306
1.5113552320
1.5405847235
1.5470092367
1.5466894830
1.5546067264
1.5545357548
1.5549106615
1.5551374799
1.5588088289
1.5595391055
1.5803684635
1.5884273591
1.5969909418
1.5998590820
1.6041725376
1.6027162962
1.5954055122
1.5917005833
1.5771485481
1.5714286258
1.5638328362
1.5551039704
1.5480411656
1.5427231883
1.5271226748
1.5217299848
1.5082764155
1.5022203736
1.4769511067
1.4726330080
1.4396303587
1.4346475996
1.3995360295
1.3682238563
1.3652921675
1.3337471885
1.3026999286
1.2729266388
1.2721839331
1.2534222737
1.2353998474
1.2010976323
1.1855855870
1.1518279114
1.1154946057
1.0736192690
0.9941019429
0.9402271884
0.8845107096
0.7924966387
0.7369406925
0.6861608894
0.6017490538
0.5576218703
0.5189569195
0.4455045769
0.4174435318
0.4064956549
0.3975974485
0.3963672386
0.4264729916
0.4593927753
0.5140183374
0.5833636619
0.5982165016
0.6775672915
0.6887932200
0.7690822751
0.8606793341
0.8670899379
0.8735907399
0.8777937551
0.9657787803
0.9652613602
1.0549045002
1.0528045621
1.1506085762
1.1471123446
1.2496225409
1.2403960736
1.2330919196
1.3366468010
1.3314963402
1.3298549613
1.3313750629
1.4502540979
1.4591175654
1.4655479816
1.5885683483
1.5875081683
1.5833191102
1.5793602983
1.7042633369
1.7004620360
1.6981282430
1.6969749681
1.6962894239
1.6950678957
1.8236297693
1.8229258000
1.8226927315
1.8225855132
1.8202817474
1.8159497985
1.8121929993
1.8081001121
1.8073622615
1.8027271218
1.7988228485
1.7961702540
1.7936530813
1.7916934620
1.7899385379
1.7878382266
1.7861305575
1.7844565748
1.7826772167
1.7818023329
1.7804365629
1.7792262490
1.7781375422
1.7771536141
1.7759639383
1.7749418584
1.7739347623
1.7730661408
1.7723730897
1.7714359137
1.7705918627
1.7699199043
1.7692016169
1.7686825922
1.7679650590
1.7673366110
1.7668739359
1.7662601334
1.7655481071
1.7651152047
1.7646899575
1.7641989104
1.7637461619
1.7631708582
1.7626495418
1.7622268875
1.7618985088
1.7616522862
1.7614818414
1.7611382631
1.7606899068
1.7607597819
1.7608457266
1.7605087560
1.7602473318
1.7599454810
1.7597146552
1.7595985881
1.7596206546
1.7597650424
1.7599174715
1.7599818056
1.7602278034
1.7606051414
1.7610844725
1.7615512162
1.7619550643
1.7622943849
1.7625117540
1.7628395852
1.7629086681
1.7629907715
1.7631469410
1.7630334573
1.7631756160
1.7632696293
1.7633230740
1.7634513994
1.7636486459
1.7639317788
1.7642831832
1.7646057709
1.7651511622
1.7656497363
1.7660784147
1.7663889365
1.7667586488
1.7671639976
1.7674743540
1.7676803798
1.7679404971
1.7681934190
1.7686207644
1.7690124115
1.7693631881
1.7700408923
1.7704084289
1.7712125975
1.7719387952
1.7723985341
1.7727816688
1.7732748680
1.7737093106
1.7739299274
1.7745174514
1.7749267335
1.7754122582
1.7756500507
1.7831904779
1.8172174474
1.8462548196
1.8671396427
1.8813547585
1.8902005657
1.8958970582
1.8997316491
1.9020847436
1.9035960543
1.9038842227
1.9052110208
1.9047894015
1.9024974830
1.9035495662
1.9051497364
1.9063042946
1.9082539890
1.9096769400
1.9118435296
1.9136062016
1.9154345552
1.9170560305
1.9186801097
1.9199058024
1.9205992075
1.9216716325
1.9237937360
1.9255618695
1.9269262019
1.9282689073
1.9290851545
1.9296866846
1.9301721989
1.9304159875
1.9312506495
1.9323408595
1.9327623064
1.9329092152
1.9331098641
1.9328930147
1.9330417292
1.9331265996
1.9330141872
1.9327319177
1.9327816988
1.9330014789
1.9330777832
1.9332638254
1.9329204703
1.9329251569
1.9328072269
1.9329816451
1.9333066875
1.9334419098
1.9336999148
1.9341397621
1.9347134028
1.9349803021
1.9354473622
1.9358564647
1.9364393038
1.9373090398
1.9380177124
1.9381337518
1.9380849770
1.9384073504
1.9386996747
1.9388422320
1.9390937393
1.9395315384
1.9403550515
1.9409008247
1.9412381060
1.9417525377
1.9425717688
1.9436856465
1.9447309536
1.9457830949
1.9468844099
1.9479466455
1.9494106961
1.9494013919
1.9494715890
1.9519191890
1.9534282111
1.9529574715
1.9532383282
1.9539014936
1.9558872422
1.9583857457
1.9593564785
1.9611551333
1.9649160131
1.9679506310
1.9701781373
1.9691877022
1.9702250372
1.9714397040
1.9727240264
1.9739959699
1.9752813405
1.9761630711
1.9774629617
1.9786026187
1.9796838285
1.9804198326
1.9814146485
1.9817725842
1.9818732317
1.9825073456
1.9834472706
1.9842737680
1.9850914941
1.9860780614
1.9873859427
1.9887029725
1.9901643004
1.9914130586
1.9918357714
1.9924992994
1.9930734672
1.9952045931
1.9977578265
1.9983783449
1.9990261801
2.0006025216
2.0028533837
2.0040419356
2.0045813855
2.0052260960
2.0061239805
2.0069547561
2.0087221782
2.0094998519
2.0112997457
2.0133806301
2.0152842626
2.0170874968
2.0206307333
2.0246659342
2.0367890319
2.0505572951
2.0506566889
2.0377695759
2.0187272534
2.0111195452
2.1492529097
2.1477774204
2.1420300880
2.1399086168
2.1716608174
2.1785140303
2.1738796042
2.3082355509
2.2964788242
2.2797932208
2.2624747646
2.3919106549
2.3837261235
2.3800170250
2.3760084922
2.3708033936
2.5181902681
2.5125053075
2.5027850058
2.4965495688
2.4897451295
2.4804627702
2.4727172533
2.4665958632
2.4630623406
2.4577761824
2.6094897967
2.6056950777
2.6005430773
2.5993070736
2.6008895274
2.6022485519
2.6119900531
2.6243639229
2.6379511504
2.8090856517
2.8101508363
2.8209368102
2.8161676648
2.8162638907
2.8203003428
2.9823678360
2.9900112074
2.9942486812
3.0026811379
3.0134423225
3.0250407708
3.1904926234
3.2009189759
3.2095662537
3.2180583001
3.3745916723
3.3795633275
3.3844572135
3.5380504130
3.5422259520
3.5457092363
3.7243839745
3.7242649511
3.7206104609
3.8824152842
3.8725188146
4.0553729388
4.0521199809
4.0481544428
4.2417571751
4.2428850695
4.4318505548
4.4232786542
4.4134746110
4.6237856414
4.6265739856
4.6267950664
4.6286012425
4.8655359980
4.8638022775
4.8301623834
4.9850855434
4.9510488527
5.1404538064
5.1267750070
5.1047550642
5.2912633583
5.2569005536
5.2338456346
5.4368807111
5.4180840429
5.3987241281
5.3963468642
5.5923475591
5.5765691486
5.5976728394
5.8117744676
5.8582171659
5.8536085767
5.8974280473
5.9248212022
6.1916234658
6.1969025711
6.2362432629
6.2448844756
6.2739345872
6.2895464234
6.5406455923
6.5460013027
6.5700443800
6.5960156309
6.7733244388
6.7861011156
6.7276430163
6.9432358071
6.9545467189
6.9520214510
7.2068527566
7.2110117706
7.2183512700
7.4890707666
7.5049474698
7.5220669266
7.5312364156
7.5509443309
7.7965497682
7.8174814396
7.7964616685
7.8132802839
8.0339529746
8.0434458673
8.0526848457
8.0637722791
8.2471618851
8.2372019652
8.2219671515
8.2219208455
8.4950386661
8.4939314174
8.4907019953
8.4884674380
8.4856439936
8.7699306730
8.7709818532
8.7817045489
8.7835436691
9.0718394669
9.0694254942
9.0745649025
9.0829527230
9.3765707186
9.3847599861
9.3958039627
9.6810819540
9.6892857764
9.6969677458
9.7056976439
9.9903798712
10.0035719568
9.9915566704
10.0016017687
10.2810463213
10.2945503647
10.3051953228
10.2504659120
10.2454602582
10.5502372923
10.5516725756
10.5318068449
10.5311186977
10.5392785991
10.5487928883
10.5583960511
10.5654732031
10.5816810614
10.6044348898
10.9072222183
10.9328825311
10.9539121046
10.9868165253
11.0084339981
11.0408654755
11.0590158559
11.0840922005
11.1009167346
11.1143612678
11.1306816527
11.1439369972
11.3908771630
11.4020519037
11.4134770830
11.3899591041
11.3964848309
11.4022547662
11.3854551817
11.6137525294
11.6183215305
11.6196430589
11.6194330537
11.8196220455
11.8075241044
11.8147941186
11.8168183636
12.0741632186
12.0940233708
12.1118449872
12.1253533330
12.1406698695
12.4103469250
12.4215752808
12.4314260947
12.6495192022
12.6587821567
12.6647033950
12.9122048639
12.9251192472
12.9373968008
13.1991023759
13.2118693391
13.4491068990
13.4652651957
13.4862074093
13.5079037201
13.7975609456
13.8366590562
13.8483375105
14.1133229540
14.1227930567
14.1323144750
14.1426277892
14.1990343105
14.4994741583
14.5797900402
14.6062668326
14.6289285935
14.8692717890
14.8941128647
14.9157901793
14.9396384735
14.9592641704
15.2577035408
15.2800614955
15.2932340058
15.3117911125
15.3336165005
15.5846988599
15.5763020374
15.5713715115
15.7348613600
15.7225544169
15.7056818690
15.9571027972
15.9355314927
15.9255917811
15.9250034533
16.1279891153
16.1280948983
16.1459660434
16.1649154924
16.1888255988
16.2159569244
16.2327582696
16.4981276572
16.4881407915
16.4673233094
16.4466367605
16.4226976064
16.4035617978
16.5807933748
16.5421932010
16.4968989504
16.4521964925
16.5899275687
16.5420669083
16.5021591492
16.4368460243
16.5931288104
16.5335795702
16.4627060631
16.5590709357
16.5329100081
16.4740900077
16.4104697794
16.5964026693
16.5125708079
16.6760350531
16.5851236474
16.4807217101
16.6426104868
16.5248243467
16.6971537141
16.5850857773
16.7074082635
16.5699075319
16.7004544997
16.5723240206
16.6959876399
16.5654286958
16.6628879850
16.4924301026
16.5594787650
16.6222209966
16.4497400423
16.4725481229
16.6508490357
16.4640220649
16.5035369194
16.4342584820
16.4636263601
16.4073312654
16.3990025452
16.3811499251
16.4385935418
16.4982650201
16.4667614963
16.4020302001
16.4333649131
16.3753537492
16.3931990090
16.2874638310
16.3116435440
16.3595027767
16.5028941550
16.5025361038
16.2363596492
16.2830488278
16.2840262240
16.2233530091
16.2037996779
16.1528180337
16.0943175948
15.8039473241
15.7685029041
15.7059191972
15.6526781412
15.5245846196
15.5165664069
15.3699162474
15.0366220822
14.5491856029
13.9608013180
13.5523865254
13.1925828911
12.8396843823
12.4687641966
12.2009889708
11.9681488441
11.6624766765
11.4502014626
11.1380683392
10.8983927701
10.7410424004
10.5235195835
10.3816098592
10.1168098062
9.8648856240
9.6524863979
9.4345818072
9.1840365749
8.9166085588
8.6495388010
8.3639162412
8.0610987798
7.8020383544
7.5295232927
7.2462042471
6.9209689226
6.5940118285
6.3325652445
6.2229502196
5.9963292234
5.8375732517
5.7691343688
5.5905816048
5.4778368410
5.2985205540
5.1624958588
4.9594352089
4.7491237764
4.6020713690
4.4893397650
4.3468827945
4.2477626667
4.1326148330
4.0589213296
3.8998359497
3.6955689457
3.5955866505
3.4695820549
3.3186968741
3.1838275315
3.0785690929
3.0512719103
3.0005906933
3.0362213990
3.0491449336
3.0487878059
2.7072352525
2.3603357360
1.9508071863
1.7596808809
1.6049106255
1.4555218364
1.4463695358
1.6083868464
1.8161988142
1.9521062295
1.9805040132
2.0370898112
2.0510284808
2.1093061656
2.0868136525
2.1807536542
2.1699417360
2.3775559410
2.4086690814
2.4597438786
2.4511003290
2.4847187018
2.4844004188
2.5131744002
2.5086357214
2.5272254662
2.5219279379
2.5227811340
2.5388708632
2.5267538824
2.5253008282
2.5136608462
2.5044970680
2.5101258783
2.4975397700
2.4936774180
2.4838700670
2.4772317120
2.4825024843
2.4826834867
2.4830930824
2.4896499094
2.4843338645
2.4911047986
2.4643805010
2.4704277366
2.4807968200
2.4993169671
2.4938878542
2.4852106710
2.4543274966
2.4585616133
2.4319987116
2.4348464963
2.4175842582
2.4017834454
2.4105344419
2.3991075025
2.4090490372
2.4040422802
2.4074283680
2.4284909352
2.4326951452
2.4466820258
2.4696038370
2.5077037904
2.5371325370
2.5819516861
2.5984097089
2.6304131801
2.7050034939
2.7600121622
2.7459869005
2.7668737114
2.7805380814
2.7555318737
2.7387582293
2.7279529056
2.7202980692
2.7109896904
2.7157510781
2.7116867877
2.7168505471
2.7396944288
2.7592458887
2.7772606700
2.7850132426
2.8107080664
2.8145905986
2.8613456044
2.9057223634
2.9312222822
2.9390354893
2.9269577068
2.9239887092
2.8301311751
2.7257469291
2.6980362099
2.6848406954
2.6671306155
2.6615226064
2.6499593809
2.6198482304
2.6108570083
2.5895614779
2.5600003952
2.5343151090
2.4899248291
2.4590455518
2.4350059749
2.3987243462
2.3550791384
2.2839779268
2.2278092171
2.1381956691
2.0660717908
1.9579401252
1.8545636493
1.7312037266
1.5516915416
1.4226412399
1.2921927898
1.1384379013
1.0845065473
1.0468706958
1.0294417879
1.0247740392
1.0401921729
1.0381583570
1.0253076154
1.0348507761
0.9418850379
0.8487584624
0.8050438669
0.7827310683
0.7719715557
0.7626795713
0.7568926849
0.7500503917
0.7458309726
0.7531938206
0.7780209150
0.8080066361
0.8198442834
0.8604979370
0.8814453970
0.9027562679
0.9243461355
0.9587794196
1.0034341977
1.0669665592
1.1031550494
1.1548933999
1.2266187179
1.2840212661
1.3455254239
1.3935035278
1.4515557753
1.4913312186
1.5461950434
1.5920244040
1.6374084888
1.6630667382
1.7078038732
1.7506428846
1.7932929903
1.7887165424
1.7362497800
1.6741841519
1.5908528002
1.4823053334
1.4127301459
1.2842648423
1.2399957515
1.2344219903
1.2311569866
1.2149925401
1.2207293951
1.2062007895
1.2280562014
1.2335135038
1.2571338939
1.2911817045
1.3059860943
1.3039601799
1.3157563696
1.3071663691
1.3142781996
1.3161696186
1.3130155767
1.3148994235
1.3008665004
1.3053535485
1.2849304800
1.2711337784
1.2024243523
1.1952364249
1.1909306054
1.1431820485
1.1536326016
1.1209537176
1.1313437419
1.1195052800
1.1371467827
1.1089992967
1.1068250915
1.0781001500
1.0219905840
0.9737800651
0.9005105606
0.8569256939
0.8295385796
0.8110933843
0.7843539337
0.7808210130
0.7574324056
0.7538152384
0.7700283222
0.7718135999
0.7706975398
0.7991229170
0.7991578258
0.8143269949
0.7949239615
0.7608087221
0.7016764840
0.6831194975
0.6925623611
0.6974316173
0.7428935868
0.7396999650
0.8154095091
0.8190656538
0.8638668834
0.8673051138
0.9059298535
0.8864697165
0.8992470888
0.9212195499
0.9329795226
0.8995793570
0.9119191477
0.8930936550
0.8766831023
0.8767907552
0.8622984645
0.8679710576
0.8581744355
0.8477239645
0.8431795115
0.8352062996
0.8217675469
0.8164040650
0.7983368209
0.7949305500
0.7816690172
0.7839081567
0.7722723298
0.7678991968
0.7733857864
0.7728644726
0.7631170978
0.7627227863
0.7500460663
0.7459193710
0.7378787187
0.7410895039
0.7492139575
0.7606747751
0.7774430762
0.8247037677
0.8161503310
0.8047480728
0.7911506373
0.7441557158
0.7270967105
0.7049916101
0.6811743514
0.6646460144
0.6664626627
0.6617919828
0.6694531450
0.6685495513
0.6644642804
0.6680003185
0.6704727058
0.6663149115
0.6626244833
0.6596463669
0.6532257965
0.6517106196
0.6370891454
0.6347352531
0.6252527163
0.6233175845
0.6264373146
0.6281437241
0.6386496251
0.6575173122
0.6650273696
0.6424200009
0.6440349205
0.6160932069
0.6146765830
0.6136458177
0.6149659028
0.6184182829
0.6133675602
0.6120518258
0.6044800670
0.5998435360
0.6212522995
0.6893064121
0.7318105540
0.7345834529
0.7519064198
0.7533739758
0.7535388481
0.7610326670
0.7514575762
0.7645811905
0.7632695501
0.7679294557
0.7761672802
0.7767383289
0.7763522772
0.7763402390
0.7757562670
0.7759546824
0.7809979690
0.7784748302
0.7852986417
0.7866512639
0.7909916810
0.7780120945
0.7889354984
0.7826486210
0.7687212200
0.7517331963
0.7397284257
0.7380970447
0.7531179607
0.7451349388
0.7350909023
0.7429485175
0.7687208492
0.7924156362
0.8090968575
0.8118698782
0.8308403218
0.8408052400
0.8413102739
0.8324762910
0.8317040202
0.8477304248
0.8724926777
0.8959842269
0.9220029722
0.9501516173
0.9749509535
0.9774401044
1.0029864775
1.0373641027
1.0246053222
1.0239485091
1.0308703786
1.0381085473
1.0581711447
1.0758960294
1.0870367509
1.1077576179
1.1429133871
1.1552155198
1.1647415454
1.1668729782
1.1704364808
1.1922326867
1.2186888041
1.2486107247
1.2641257709
1.2645386282
1.2502944665
1.2650984133
1.2761534066
1.2762912670
1.2889847241
1.3001582651
1.3107086410
1.3112760778
1.3217927780
1.3182244208
1.3190938039
1.3252290090
1.3107075906
1.2982808720
1.2663887277
1.2653684636
1.2679730487
1.2750215360
1.2735428305
1.2803406262
1.3000473349
1.3382140279
1.3541835703
1.3645006559
1.4210151613
1.4312720374
1.4601007390
1.4754784374
1.4895118234
1.4899904858
1.4951218229
1.5096757849
1.5209900815
1.5288039728
1.5464246932
1.5516940769
1.5654042549
1.5628971608
1.5328939930
1.5049596791
1.5143368298
1.5783679814
1.6333043024
1.6731329157
1.7106828971
1.7429139866
1.7558008919
1.7758354219
1.7898127119
1.8243266497
1.8035681748
1.7757541117
1.6470361030
1.5181202701
1.3773029371
1.1996549400
1.0351011874
0.7885349030
0.6138508376
0.4154152023
0.2753426455
0.2059342762
0.1887037613
0.2551320245
0.3200378993
0.3134880553
0.4060087923
0.5198742605
0.5677212870
0.6206315069
0.7181762784
0.7780661353
0.7634848597
0.7629178011
0.7599072558
0.7510774636
0.7157291039
0.6892190518
0.6797324932
0.6572898127
0.6289410159
0.5957758228
0.5536105951
0.5149494385
0.4752923702
0.4407519598
0.4138647455
0.3954646760
0.3899981345
0.4090820247
0.4250810637
0.4312036184
0.4511679974
0.4562330712
0.4701006051
0.4873994832
0.4707311753
0.4534901184
0.4668559856
0.4810529291
0.5070922565
0.5241416360
0.5577512017
0.5947149249
0.6508603391
0.6916352277
0.7292253870
0.7539626177
0.7680782881
0.8109436239
0.8270052328
0.8867872227
0.9092714403
0.9373832635
0.9324611598
0.9747057334
0.9626225053
0.9862801707
1.0082719622
0.9521578043
0.9236767984
0.9326744447
0.8915005589
0.8978165445
0.9088157743
0.9247858993
0.9397215068
0.9423616685
0.9770202926
1.0242660676
1.0576762188
1.0961064454
1.1106568990
1.1289070249
1.1345742050
1.1477404860
1.1463468101
1.1540886103
1.1412444304
1.1432874116
1.1259969863
1.1199067036
1.1015865396
1.0978132803
1.1068919010
1.1304432439
1.1291564748
1.1326298508
1.1432418208
1.1483630914
1.1733973562
1.2002457157
1.2105688113
1.2418296120
1.2558123137
1.2602058273
1.2562618458
1.2331562586
1.2242832769
1.1765724479
1.1117209825
1.0740341159
1.0349837809
0.9914377761
0.9518572802
0.9358554211
0.9254338645
0.9217438293
0.9283523627
0.9297797625
0.9484240659
0.9711832261
0.9823152704
0.9844202250
0.9745156528
0.9801582380
0.9836395121
0.9892243344
0.9883468115
0.9970716512
0.9964418880
1.0019668555
1.0089440302
1.0116260407
1.0143616583
1.0200627825
1.0260601547
1.0277310939
1.0304512167
1.0206014745
1.0241100544
1.0308196788
1.0300730820
1.0380803450
1.0393357401
1.0452629265
1.0496163142
1.0623902962
1.0853859284
1.1038510520
1.1130633414
1.1351707624
1.1638556124
1.1818979600
1.1791105869
1.2230354824
1.2612612827
1.3014062619
1.2805233235
1.3190028079
1.3563094221
1.3934134195
1.4301197653
1.3883821200
1.3358655691
1.3523061175
1.3168172626
1.3411321694
1.3215979441
1.3043695678
1.3002046043
1.3052401846
1.3094554924
1.3303583278
1.3318407611
1.3436043730
1.3578076444
1.3655631022
1.3653575138
1.3721211899
1.3668713949
1.3757690360
1.3857918938
1.3921020690
1.4039585942
1.3587561972
1.3600040857
1.3577262551
1.3542002937
1.3490240486
1.3391663134
1.3264778574
1.3156995750
1.2556458111
1.2500964545
1.2403706189
1.2459148741
1.2406038249
1.2442943949
1.2506580903
1.2587081913
1.2548284069
1.2584007104
1.2644710244
1.2724646689
1.2851688464
1.2978273448
1.3022449066
1.3047918614
1.3083311479
1.3101211258
1.3131769747
1.3034205808
1.2960907165
1.2927063779
1.2767330286
1.2605324667
1.2480987102
1.2322071387
1.2237171550
1.2073507798
1.2025636574
1.1903737939
1.1815235667
1.1728448548
1.1750886312
1.1647133444
1.1782439861
1.1714157631
1.1653702256
1.1906804737
