0.6289087689
0.6264872646
0.6255029803
0.6288009548
0.6306185998
0.6279512918
0.6290722438
0.6238988886
0.6209085320
0.6198564751
0.6201512570
0.6197161911
0.6208977313
0.6190609330
0.6184741261
0.6185525664
0.6127832771
0.6142780501
0.6113061331
0.6137685596
0.6137838383
0.6148506234
0.6165897590
0.6147497801
0.6130492627
0.6050991715
0.6007169415
0.5956367372
0.5914807748
0.5901254822
0.5825289774
0.5705427953
0.5629668392
0.5549854888
0.5382360891
0.5266060374
0.5137496597
0.5034828494
0.4938816087
0.4830658942
0.4751643811
0.4690339592
0.4696692470
0.4750019234
0.4796554602
0.4833299259
0.4895140574
0.4949343728
0.5029107306
0.5078076834
0.5130765373
0.5199098703
0.5248658368
0.5225255069
0.5295422785
0.5450763732
0.5521559362
0.5591603128
0.5703179701
0.5742837465
0.5822247171
0.5897484584
0.5966965385
0.6015401058
0.6179658538
0.6323696422
0.6472677572
0.6728621000
0.6879367862
0.7013284492
0.7132848815
0.7306479922
0.7421332771
0.7462416012
0.7482251092
0.7496952924
0.7570015275
0.7579941952
0.7621701771
0.7662573952
0.7717398239
0.7792778540
0.7820288461
0.7866496899
0.7855248814
0.7789760827
0.7761736113
0.7633872321
0.7491245631
0.7402194377
0.7288378390
0.7156130235
0.7041897310
0.6964012289
0.6888774684
0.6748993328
0.6772741517
0.6615941848
0.6517146688
0.6408390900
0.6305475846
0.6229357310
0.6149511186
0.6063314293
0.5969182289
0.5846062144
0.5761995331
0.5637682541
0.5500061120
0.5325807383
0.5247340058
0.5151586515
0.5067621349
0.4987097231
0.4990917730
0.4884934934
0.4880877758
0.4868350859
0.4796274312
0.4688838433
0.4636826508
0.4669775983
0.4691603025
0.4739523719
0.4795555549
0.4837697366
0.4926175905
0.4955589125
0.4990528133
0.5090266508
0.5103585254
0.5144814493
0.5127264902
0.5117344182
0.5109805596
0.5097365620
0.5110571326
0.5085123736
0.5057658715
0.4997762240
0.5005058580
0.4959073603
0.5000599026
0.5066497150
0.5123493167
0.5091600101
0.5106103427
0.5130321294
0.5167191151
0.5222088276
0.5307580689
0.5381085655
0.5450006027
0.5504237716
0.5566924191
0.5626556763
0.5685402441
0.5709830047
0.5764236476
0.5796550374
0.5873601878
0.5965158353
0.6029447696
0.6037992259
0.6040707876
0.6019441159
0.5993968569
0.5987986580
0.5960958515
0.5967873934
0.5956802621
0.5951518359
0.5951550530
0.5943291085
0.5961878769
0.6008477147
0.5991740819
0.6042469320
0.6073540355
0.6098448533
0.6113382087
0.6099872109
0.6106885923
0.6157723000
0.6152442071
0.6190604604
0.6178679505
0.6195730465
0.6187826593
0.6124204989
0.6062452766
0.5975286310
0.5882335404
0.5831023462
0.5731686002
0.5635531184
0.5522987149
0.5506088772
0.5392572412
0.5391121444
0.5316093107
0.5248526559
0.5259527085
0.5201888598
0.5217079120
0.5118644213
0.5103648335
0.4996870950
0.4994707846
0.4913584378
0.4906398959
0.4821475379
0.4804987203
0.4783810241
0.4677148299
0.4636397136
0.4599584610
0.4494920242
0.4452577863
0.4412398192
0.4312645477
0.4261496260
0.4214142013
0.4130939742
0.4065159151
0.4011462148
0.4010695986
0.3956041882
0.3892723677
0.3871107067
0.3796684510
0.3711475664
0.3702311188
0.3619637966
0.3605445900
0.3523607675
0.3443659600
0.3410122505
0.3323181245
0.3236390025
0.3169529808
0.3070765231
0.2977675396
0.2903592419
0.2829676302
0.2757682818
0.2706536958
0.2663085261
0.2622727047
0.2572011129
0.2538812175
0.2481158385
0.2472614052
0.2445667241
0.2488613280
0.2480335840
0.2539503222
0.2540003396
0.2591859777
0.2657800078
0.2705476546
0.2768734785
0.2895249370
0.2947914954
0.2964767037
0.2957928912
0.2928974149
0.2900899216
0.2892817803
0.2866465367
0.2833162309
0.2817023586
0.2797733925
0.2796502902
0.2791112381
0.2777211553
0.2770098019
0.2771232459
0.2778677764
0.2790640166
0.2830704731
0.2836933999
0.2857937189
0.2864189656
0.2852576030
0.2855666019
0.2859702504
0.2883830582
0.2902334279
0.2928697729
0.2955949184
0.2993798038
0.2981505928
0.2965182526
0.2957887757
0.2950833775
0.2938797305
0.3008007119
0.2967772488
0.3012491885
0.3023845619
0.3065306871
0.3012130998
0.3069860147
0.3080405625
0.3118403024
0.3124453673
0.3109895316
0.3079292864
0.3117211391
0.3052604991
0.2852099610
0.2659416505
0.2511290289
0.2435448942
0.2296970385
0.2245156602
0.2220941786
0.2261492991
0.2257817348
0.2332080382
0.2293063336
0.2341545619
0.2417705918
0.2475140836
0.2639883758
0.2739570365
0.2954145200
0.2808512219
0.2891991783
0.3041486724
0.3101523020
0.3146312669
0.3307457839
0.3290400502
0.3291367863
0.3310606845
0.3283376508
0.3287943568
0.3085182103
0.2905935077
0.2886375014
0.2809220174
0.2792543516
0.2710785205
0.2632526071
0.2476893744
0.2402551351
0.2390959888
0.2382207983
0.2323391793
0.2320386777
0.2291650249
0.2237016843
0.2183415025
0.2261739800
0.2159766547
0.2160511045
0.2233852271
0.2192687536
0.2109169900
0.2276157944
0.2301481131
0.2347786686
0.2367160493
0.2448948398
0.2578542688
0.2628494790
0.2675908642
0.2795785070
0.2825097917
0.2866134500
0.2894845073
0.2928956047
0.2969337008
0.2931124692
0.2975227097
0.3020414581
0.3062893984
0.3044706310
0.3074040567
0.3077859379
0.3040115773
0.3024236646
0.2059875827
0.2046604085
0.2060869594
0.2064738056
0.2057451923
0.2056536259
0.2061231753
0.2040395976
0.2019457897
0.2008523445
0.2000018033
0.2001874799
0.1999025429
0.2000657077
0.2001500802
0.2004839195
0.1994388081
0.1979687383
0.2000147907
0.1996011682
0.1947565390
0.1962959657
0.1930830581
0.1909678327
0.1931194518
0.1896403234
0.1866822859
0.1807595797
0.1798731657
0.1786363479
0.1750286582
0.1689343037
0.1649470613
0.1620573323
0.1601908301
0.1599996237
0.1569705832
0.1539663416
0.1486107126
0.1429721467
0.1396011446
0.1329932674
0.1273072736
0.1246744944
0.1209990582
0.1196326751
0.1156450561
0.1152360654
0.1174804326
0.1137318986
0.1214312058
0.1202072499
0.1224590330
0.1216426806
0.1257468744
0.1301601946
0.1301517135
0.1290674459
0.1299877297
0.1425597037
0.1407535065
0.1366885175
0.1514580818
0.1540379375
0.1480057459
0.1439506780
0.1484305580
0.1693754038
0.1469781998
0.1468948011
0.1646856641
0.1513437852
0.1675397130
0.1580152641
0.1421425060
0.1425100656
0.1411331428
0.1416555769
0.1469776128
0.1456192627
0.1425619580
0.1399480622
0.1388780920
