13.2530711924
13.2729432067
13.2850625633
13.3036297691
13.3236677420
13.3432029278
13.3447354977
13.3501703725
13.3496806847
13.3608859110
13.3656939661
13.3709127624
13.3804974713
13.3851049875
13.3851325631
13.3851625030
13.4154615828
13.4336794648
13.4539818817
13.4569100819
13.4547182279
13.4657070070
13.4588374634
13.4658618302
13.5196353644
13.5167464154
13.5137420465
13.5132327586
13.5164834649
13.5474158113
13.5362811292
13.5368120626
13.5582078881
13.5162129665
13.5206914759
13.5212435726
13.5348593368
13.5274156294
13.4455004060
13.4521846905
13.4493571335
13.4457919107
13.4458374716
13.4065395123
13.4048987902
13.4087028406
13.3771130904
13.3813089900
13.3873383786
13.3889282433
13.3898701096
13.3897608729
13.3795096045
13.3798282554
13.3794415962
13.3786116018
13.3777693530
13.3762897648
13.3751551415
13.3752075476
13.3750181179
13.3747589755
13.3743695784
13.3739479699
13.3735685355
13.3731505871
13.3726571627
13.3722148960
13.3717649257
13.3712420921
13.3707643539
13.3703185938
13.3698606256
13.3693915346
13.3689410264
13.3684347693
13.3679928882
13.3676974772
13.3673468623
13.3670686715
13.3669090349
13.3667407661
13.3666504947
13.3665787647
13.3665234643
13.3664827581
13.3664799071
13.3664735426
13.3665403021
13.3666029337
13.3667359268
13.3670245029
13.3674214071
13.3678636180
13.3683542840
13.3689526883
13.3693263971
13.3696291992
13.3700662375
13.3703937352
13.3707049169
13.3710988347
13.3717359530
13.3723028838
13.3728660302
13.3734812923
13.3740808828
13.3746852138
13.3752453141
13.3758990045
13.3766481154
13.3773933712
13.3782625250
13.3791161041
13.3798805634
13.3807144462
13.3815844229
13.3825775905
13.3838215884
13.3848390681
13.3856839611
13.3864849127
13.3872935997
13.3881407305
13.3889587885
13.3898382861
13.3906798484
13.3915023898
13.3923073600
13.3930223932
13.3934842545
13.3941244019
13.3948730967
13.3955758096
13.3963132806
13.3972740738
13.3982249006
13.3991002148
13.4002113094
13.4013547058
13.4024176225
13.4033527879
13.4041510776
13.4045590871
13.4052396760
13.4064252972
13.4080873841
13.4096592214
13.4108620794
13.4123666100
13.4143055565
13.4169555103
13.4099766844
13.3987191435
13.4018560414
13.3889453810
13.3715595055
13.3514662432
13.3361242730
13.3261797094
13.3176030896
13.3158641002
13.3145602514
13.3140890992
13.3147930620
13.3177740954
13.3192741024
13.3227391637
13.3233693234
13.3316250319
13.3394481757
13.3402598253
13.3492950221
13.3447877330
13.3449979659
13.3463282270
13.3512695797
13.3573058398
13.3621927382
13.3665849011
13.3611541200
13.3633517027
13.3717851679
13.3799198718
13.3671267990
13.3717751584
13.3623677308
13.3748462157
13.3811671938
13.3749903640
13.3776806229
13.3810999665
13.3843864189
13.3877963285
13.3915481270
13.3927843646
13.3997421925
13.4128252701
13.4140897570
13.4304237813
13.4266229618
13.4111658559
13.4076456919
13.4114581813
13.3858137331
13.3592738252
13.3538994277
13.3202329283
13.2827621294
13.2765929424
13.2471173322
13.2246952880
13.2391026951
13.2157965147
13.1889987988
13.1895634715
13.1548399555
13.1156188216
13.1043710579
13.0506886844
12.9822641512
12.9282772232
12.8245991233
12.7148006472
12.6333701977
12.5369348834
12.4447796187
12.3741507747
12.2746099213
12.1660442778
12.0819364730
11.9674713388
11.8665396177
11.7778185900
11.6589249455
11.5635905679
11.4696706395
11.3641429180
11.2491125365
11.1647941063
11.0325941119
10.8580789287
10.7231900210
10.5622205873
10.4137577986
10.2795071657
10.1101348391
9.9379561495
9.7941701626
9.5938858972
9.4368421901
9.2444708100
9.0641663958
8.8612450161
8.6896469797
8.5258201283
8.3395527527
8.1424473001
7.9455540224
7.7265441208
7.5335131742
7.3054576745
7.0949205189
6.8775410851
6.6430640665
6.3988675948
6.1606584640
5.9337727610
5.6571941226
5.4116817379
5.1754962122
4.9579249934
4.6945550328
4.4594554506
4.1893065616
3.9410146477
3.7049357477
3.4940784864
3.2643770006
3.0809499396
2.8471563564
2.7021167055
2.5317219650
2.3468010873
2.1643189220
1.9573921799
1.7560226291
1.5709724119
1.3891398591
1.2189858732
1.0275226261
0.8548029762
0.7097769769
0.6344595007
0.6807026033
0.7741359862
0.8987524385
1.0163288811
1.1139150124
1.1664225322
1.1473435708
1.0002967404
1.1136126640
0.8437103940
0.5871328685
0.4634704646
0.4149685072
0.4038329348
0.3824882923
0.3665870515
0.3489404199
0.3458887566
0.3341436698
0.3227905629
0.3132133518
0.3016409496
0.3095690571
0.3555022434
0.3524950123
0.3324722640
0.3334768723
0.3423480358
0.3339964293
0.3753110378
0.4080021906
0.4243641690
0.4196662586
0.4277115479
0.4352919557
0.4428917880
0.4434528907
0.4610121809
0.4761419403
0.4888477502
0.5184588161
0.5431094790
0.5600074843
0.6524947934
0.6925188566
0.7215544344
0.7760847183
0.8189502018
0.8721190715
0.9055895985
0.9478314043
0.9722013366
1.0214005035
1.0563175654
1.0916112439
1.1219571333
1.1561822477
1.1889880523
1.2204223881
1.2594218754
1.3047697879
1.3486867834
1.3891623605
1.4262422877
1.4582438719
1.4820396951
1.5098946526
1.5396700716
1.5711272303
1.6037870809
1.6416010509
1.6755156923
1.7119477500
1.7527574393
1.7882338165
1.8190199900
1.8476886460
1.8521843319
1.7961959339
1.7707762437
1.7428478706
1.7058034275
1.6637956762
1.6264892095
1.6152413244
1.5949153267
1.6006408189
1.6191333796
1.6488572670
1.6651831851
1.6731628379
1.6612444104
1.6511142058
1.6261416582
1.6089274561
1.5765440083
1.5478672421
1.5120568342
1.4741714037
1.4274933884
1.3868639271
1.3490044396
1.3152865933
1.2825076400
1.2512256123
1.2153178680
1.1936950243
1.1765228402
1.1713424341
1.1537175630
1.1351428176
1.1248048054
1.1024906959
1.0789431811
1.0521311348
1.0276986940
1.0046370417
0.9639552545
0.9373889224
0.8871886462
0.8357023479
0.8186578552
0.7714936393
0.7618173732
0.7218603342
0.6887333137
0.6571689362
0.6473399050
0.6203911384
0.5959387582
0.5756061711
0.5575339860
0.5475556877
0.5488758108
0.5637786818
0.5946401703
0.6557940068
0.6973000981
0.7369880575
0.7733114729
0.7663044847
0.7822630701
0.7692906993
0.7481119196
0.7589891262
0.7777367464
0.8403933678
0.9209188533
0.9330429806
0.9291876818
0.9054130627
0.8954487427
0.8427416264
0.8081430425
0.7641172421
0.7270382004
0.7199476468
0.7793725474
0.7313275836
0.8036466169
0.8823632713
0.8843404054
0.8507654393
0.8231930891
0.7627324001
0.7160374836
0.7308248112
0.7943273107
0.8400387328
0.8317520342
0.8203253581
0.8069214125
0.7912461640
0.7760819121
0.7618623951
0.7518081382
0.7415816626
0.7266813211
0.7116467632
0.6903470502
0.6680982592
0.6448479096
0.6337998647
0.6212545428
0.6132193205
0.6113598672
0.6128164094
0.6286926409
0.6355987822
0.6428722043
0.6470562186
0.6508755251
0.6576295809
0.6688144261
0.6765505542
0.6851781169
0.6912304149
0.7086684433
0.7147410795
0.7309136142
0.7382880916
0.7539886379
0.7848698003
0.8061262542
0.8199808983
0.8551630711
0.8742741748
0.8940381965
0.9268799624
0.9370041532
0.9402921827
0.9416951859
0.9458370666
0.9438954777
0.9388651868
0.9432726748
0.9449105052
0.9584840589
0.9783671370
0.9999216469
1.0043034926
1.0287101257
1.0515162891
1.0529422751
1.0781931384
1.0780442852
1.1062006322
1.1286814269
1.1345543933
1.1547779965
1.1832720691
1.1759135531
1.2049275957
1.2287931541
1.2551598832
1.2720115134
1.2843973917
1.3075587857
1.3073902712
1.3127950029
1.3063044279
1.3038463310
1.2771353892
1.2474334907
1.2526188008
1.2759304882
1.2904207708
1.3285342974
1.3464442972
1.3557063536
1.3672998249
1.3786399698
1.3791285068
1.3880173171
1.3744142860
1.3736776921
1.3752109024
1.3843790586
1.3796533007
1.3923629864
1.3945196696
1.4097574742
1.4488574412
1.4656824068
1.4690326632
1.5151610731
1.5201859342
1.5670952100
1.5758901237
1.6128684761
1.6234132233
1.6368596555
1.6554498577
1.6603603653
1.6650315783
1.6783178741
1.6726921296
1.6931367101
1.6515439985
1.6343300432
1.6559162571
1.6492322525
1.6422751510
1.6389092680
1.6490008053
1.6813783254
1.6913390041
1.6912505757
1.7002864307
1.7345669628
1.7407520401
1.7695781352
1.8040857942
1.8094285896
1.8140416042
1.8403049956
1.8377327922
1.8728425198
1.8613619705
1.9047773362
1.8920766543
1.9349380367
1.9132520657
1.9342792086
1.9320200585
1.9497193638
1.9465562725
1.9583044148
1.9974945189
1.9842571806
2.0241322471
2.0713851235
2.0828183629
2.1217235774
2.1463402703
2.1476410115
2.1709790241
2.2072120740
2.2397664648
2.2625886908
2.2585648103
2.2534863118
2.2544508684
2.2375431378
2.2359959940
2.2064748019
2.2057215396
2.1300213291
2.0463526910
1.9608167617
1.8783424524
1.7766122002
1.7495879886
1.6544037172
1.5980950789
1.5467009852
1.5170586683
1.5202879542
1.5482121351
1.5890669328
1.6704348938
1.7090850937
1.8293235499
1.8713663553
1.9189733964
1.9463258953
1.8986707870
1.8799707585
1.9108907565
1.8619806188
1.8080833379
1.7294890365
1.5207118979
1.2231204287
0.9610105401
0.8170225185
1.0737585014
1.5536026740
1.9966550688
2.3487568770
2.5781510214
2.8066081195
3.0395531208
3.1685420894
3.3097203426
3.4410596676
3.4728587569
3.6118412712
3.7647983687
3.8159840652
3.9788868631
3.9786647000
4.1128606396
4.1199843958
4.2269813319
4.3178686519
4.2776252419
4.3529666299
4.3183946116
4.4058950321
4.3982086535
4.3910406446
4.4928181889
4.5107646113
4.5055654852
4.6050162571
4.5949202057
4.5776738291
4.5664198302
4.5558031535
4.6439951910
4.6327695715
4.6117103428
4.6025869498
4.5833298974
4.5634941066
4.6635602111
4.6456129429
4.6285275518
4.6459411655
4.6311754500
4.6161950928
4.7024740608
4.7535785816
4.7465678266
4.7397571582
4.7334109501
4.7299490486
4.8673070640
4.8586478728
4.8539971557
4.8611748746
4.8575425884
4.8647532709
4.8654354918
4.8625908652
4.8571530903
4.8906302167
4.8971836189
5.0181510567
5.0243828634
5.0301454796
5.0360024388
5.0405172355
5.0466163676
5.0499756568
5.0508245464
5.0500661443
5.0487821946
5.0480745612
5.0469607082
5.0442745131
5.0327096130
5.1250956582
5.1211879646
5.1161269411
5.1101323315
5.1067145343
5.1023592625
5.0925222184
5.0859801357
5.0811277764
5.0772250966
5.1650251451
5.1602239347
5.1572128019
5.1525156644
5.1459864843
5.1407024894
5.1361116423
5.1391360189
5.1325983761
5.1325026711
5.2265787509
5.2368671320
5.2475467344
5.2558537716
5.2700914936
5.2876140631
5.2971012123
5.3037770502
5.3833509563
5.3895183081
5.4040730245
5.4219543661
5.4962174610
5.5122624901
5.5245258833
5.5907732857
5.6028178824
5.6683039274
5.7342548715
5.7529077736
5.8260118672
5.8435156681
5.9094376428
5.9709317959
5.9813517948
6.0358420097
6.0413605009
6.0635042144
6.1201109413
6.1228527786
6.1767439093
6.2074256927
6.2196324641
6.2516607944
6.2944739733
6.3019034553
6.3313232274
6.3458770748
6.3795222278
6.3707299534
6.4153779286
6.4592246404
6.5266341761
6.6074805365
6.6917520628
6.7720448177
6.8559918182
6.9432188220
7.0379483464
7.2046445143
7.3036701249
7.4006423058
7.4501592797
7.5182624084
7.5117489762
7.5631451538
7.6125211377
7.5908015504
7.6168540270
7.6367897263
7.6161332918
7.6522068074
7.6052989556
7.6329764166
7.6725951783
7.6442877652
7.6905077428
7.6585962896
7.7033754839
7.7498611219
7.7195552106
7.7657435357
7.8147517989
7.7899570338
7.8473465305
7.8257113474
7.8846605326
7.8749134225
7.9089081018
7.9813050436
7.9991308318
8.1023653877
8.1827107460
8.2118230890
8.2346150338
8.2146674519
8.2033672851
8.1789379313
8.1509587319
8.1181793572
8.0937924470
8.0500571999
7.9715319957
7.8981635549
7.7801603735
7.6584279840
7.5884599841
7.4834647527
7.3747695172
7.2649814780
7.1764061289
7.1384087942
6.9615312914
6.7920374667
6.6712101784
6.4899378864
6.2848398124
6.0874493788
5.9429568296
5.8500626774
5.7999823363
5.7121035626
5.6651770136
5.6281669331
5.5742845901
5.5661551732
5.5685259089
5.5693428166
5.5815958482
5.5959119929
5.6102010477
5.6130179635
5.6258776434
5.6194771606
5.6440661897
5.7003077551
5.7031384516
5.7747329124
5.7699563501
5.8121879961
5.7894891228
5.7813694065
5.7615289256
5.7473962824
5.7390591268
5.7303109767
5.7277363384
5.7317862102
5.7161576554
5.7085349456
5.7147891938
5.7163908087
5.7282910516
5.7271780112
5.7207254818
5.7250952172
5.7358918268
5.7530585667
5.7685592273
5.7788127156
5.7712861921
5.7741364427
5.7742984495
5.7889509210
5.7968414060
5.8292175160
5.8558717937
5.8532890017
5.8749249668
5.8570709797
5.8771069126
5.8635340104
5.8539581104
5.8932118556
5.8682576749
5.8725906768
5.8539284778
5.8580204930
5.8554063562
5.8975947958
5.8775249476
5.8899830323
5.8882002919
5.9081005770
5.7249579026
5.6873126382
5.5984401604
5.6101732723
5.6346075730
5.6584463805
5.2771256209
4.9192303579
4.9299722428
4.9279777412
4.9397889796
4.9394865482
4.9441511049
4.9456971974
4.9720324166
4.9740690908
4.9982413568
5.0009637324
5.0053067862
5.0076974497
5.0227989049
5.0255875131
5.0388941889
5.0377683052
5.0349621480
5.0358919502
5.0498541558
5.0386443094
5.0567081169
5.0679439592
5.0751087057
5.0738232493
5.0849415977
5.0867496522
5.1011279526
5.1263753969
5.1259117384
5.1558977199
5.2088504672
5.1839641423
5.1575150796
5.1509882242
5.1591730354
5.1696006014
5.1682844294
5.1674967499
5.1616875740
5.1521836198
5.1408037802
5.1306285504
5.0985843149
5.0617861738
5.0057618401
4.9489066617
4.8923147826
4.8303250056
4.7622493821
4.6853449809
4.5871885669
4.4897626355
4.3632112523
4.2278887614
4.1177882719
4.0280471696
3.9416177413
3.8579730798
3.7801173251
3.7076675687
3.6269097211
3.5710765555
3.5296059445
3.4970638844
3.4739622152
3.4600017803
3.4438832134
3.4262822329
3.4023857044
3.3694118832
3.3349795196
3.3045498155
3.2772928993
3.2501758565
3.2202255616
3.1910322430
3.1624699412
