1.9393369172
1.9393369172
1.8314964489
1.8314964489
1.8212514871
1.8212514871
1.7297739047
1.7297739047
1.7409869214
1.7409869214
1.7587746753
1.7587746753
1.7226270911
1.7226270911
1.8050588366
1.8050588366
1.6424033957
1.6424033957
1.6702982258
1.6702982258
1.8410563356
1.8410563356
1.9534222363
1.9534222363
1.4302568425
1.4302568425
1.3712990478
1.3712990478
1.3006275615
1.3006275615
1.3089943362
1.3089943362
1.2725945139
1.2725945139
1.3081883009
1.3081883009
1.2882509901
1.2882509901
0.3267235590
0.3267235590
0.2986774336
0.2986774336
2.0124002922
2.0124002922
1.8949045851
1.8949045851
2.0432157845
2.0432157845
1.3916053521
1.3916053521
1.9411926340
1.9411926340
1.9274453836
1.9274453836
1.7930063755
1.7930063755
1.6418528606
1.6418528606
1.6342147005
1.6342147005
1.5093756188
1.5093756188
1.5190036987
1.5190036987
1.4290748461
1.4290748461
1.3611839168
1.3611839168
1.5436961112
1.5436961112
1.5177330134
1.5177330134
1.4303610026
1.4303610026
1.0330191068
1.0330191068
0.9179291419
0.9179291419
0.8491015056
0.8491015056
0.7478326711
0.7478326711
0.7367113304
0.7367113304
0.6749661669
0.6749661669
0.9481161569
0.9481161569
0.9142344330
0.9142344330
0.9411675893
0.9411675893
0.6390887715
0.6390887715
0.8193367549
0.8193367549
0.9918629806
0.9918629806
1.1313132087
1.1313132087
1.4474717459
1.4474717459
1.3212906756
1.3212906756
1.3076439828
1.3076439828
1.2814124683
1.2814124683
1.4096465607
1.4096465607
1.1866193621
1.1866193621
1.0837887521
1.0837887521
1.0898912033
1.0898912033
0.9835141482
0.9835141482
1.1592904822
1.1592904822
1.0664043847
1.0664043847
1.1350170764
1.1350170764
1.1276005436
1.1276005436
0.9428188107
0.9428188107
0.7889555127
0.7889555127
0.8170140602
0.8170140602
0.7438677095
0.7438677095
0.7656141415
0.7656141415
0.6960445525
0.6960445525
0.8173942618
0.8173942618
0.9193258453
0.9193258453
0.9289726018
0.9289726018
1.0241521907
1.0241521907
1.0448929564
1.0448929564
0.9983917978
0.9983917978
0.8810946361
0.8810946361
1.0656339738
1.0656339738
0.9202596698
0.9202596698
0.5450882549
0.5450882549
0.6083987216
0.6083987216
0.8226706420
0.8226706420
0.8967580149
0.8967580149
0.8193626958
0.8193626958
0.5570227876
0.5570227876
0.5385933642
0.5385933642
0.6676477736
0.6676477736
0.7705017524
0.7705017524
0.7749798166
0.7749798166
0.7188875349
0.7188875349
0.8070211593
0.8070211593
0.7095199659
0.7095199659
1.0066676474
1.0066676474
0.6026745169
0.6026745169
0.8417487921
0.8417487921
0.8064304624
0.8064304624
0.7697205253
0.7697205253
0.7067509478
0.7067509478
0.6104237317
0.6104237317
0.4225522901
0.4225522901
0.3987378455
0.3987378455
0.4756152339
0.4756152339
0.4723878320
0.4723878320
0.2602543064
0.2602543064
0.3418413976
0.3418413976
0.3772020536
0.3772020536
0.3844513055
0.3844513055
0.5664785877
0.5664785877
0.7057793406
0.7057793406
0.8164986744
0.8164986744
0.4398291520
0.4398291520
0.3999192065
0.3999192065
0.4492826074
0.4492826074
0.8122810607
0.8122810607
0.5963745805
0.5963745805
0.6187507654
0.6187507654
0.6951362737
0.6951362737
0.5440504146
0.5440504146
0.4026530596
0.4026530596
0.4216377761
0.4216377761
0.7378031097
0.7378031097
0.9257592544
0.9257592544
0.7456088421
0.7456088421
1.0527751061
1.0527751061
1.4322049043
1.4322049043
1.8678852746
1.8678852746
1.8575048825
1.8575048825
2.0413908495
2.0413908495
2.0431996419
2.0431996419
1.7730448388
1.7730448388
1.7005244285
1.7005244285
1.3614095790
1.3614095790
1.2802277808
1.2802277808
1.1749547652
1.1749547652
0.8439282218
0.8439282218
0.5905131777
0.5905131777
0.3701188160
0.3701188160
0.6529603004
0.6529603004
0.9022524804
0.9022524804
0.8314478057
0.8314478057
0.8458794762
0.8458794762
0.8874059980
0.8874059980
1.1118247708
1.1118247708
0.9577309129
0.9577309129
0.7924146439
0.7924146439
1.1297330072
1.1297330072
0.4194254622
0.4194254622
1.7695684289
1.7695684289
1.4059089937
1.4059089937
1.1415229351
1.1415229351
0.9681924452
0.9681924452
0.8532100502
0.8532100502
0.3217600174
0.3217600174
1.6024872973
1.6024872973
2.0859839158
2.0859839158
1.7631398751
1.7631398751
1.7661393632
1.7661393632
1.4915161557
1.4915161557
1.0831943060
1.0831943060
0.7086251947
0.7086251947
0.9763364248
0.9763364248
1.3664310935
1.3664310935
1.2877044061
1.2877044061
1.3041218488
1.3041218488
1.3405341544
1.3405341544
0.6725777725
0.6725777725
1.5746777041
1.5746777041
0.9116691746
0.9116691746
1.0184916162
1.0184916162
0.6046877924
0.6046877924
0.7166138716
0.7166138716
1.5915526847
1.5915526847
1.7381613689
1.7381613689
1.7711884129
1.7711884129
1.7923137961
1.7923137961
1.6296979720
1.6296979720
1.5324254189
1.5324254189
1.3193338068
1.3193338068
1.4408464337
1.4408464337
1.4753766996
1.4753766996
1.2255518933
1.2255518933
0.8869162100
0.8869162100
1.0360643037
1.0360643037
0.8580069112
0.8580069112
0.9654460129
0.9654460129
1.3842203927
1.3842203927
1.9387767230
1.9387767230
2.0101225929
2.0101225929
2.0894382675
2.0894382675
2.0284901014
2.0284901014
2.0502924671
2.0502924671
1.9864621567
1.9864621567
1.5305202616
1.5305202616
3.4669345572
3.4669345572
3.5087454528
3.5087454528
3.2158810255
3.2158810255
2.7987443915
2.7987443915
2.5745115277
2.5745115277
2.5999937525
2.5999937525
2.5349579723
2.5349579723
1.1165376359
1.1165376359
1.1350167802
1.1350167802
1.1304156130
1.1304156130
1.5863376019
1.5863376019
1.8626496424
1.8626496424
1.8538994975
1.8538994975
1.9136184805
1.9136184805
1.7472283301
1.7472283301
1.6547452398
1.6547452398
1.2032760693
1.2032760693
1.5246966907
1.5246966907
1.6779544678
1.6779544678
1.7949321662
1.7949321662
1.8055830558
1.8055830558
1.5326482366
1.5326482366
1.3929483355
1.3929483355
1.3952634558
1.3952634558
1.4828657073
1.4828657073
2.2814573960
2.2814573960
0.8492985029
0.8492985029
0.7797691980
0.7797691980
1.7036397249
1.7036397249
2.0217590357
2.0217590357
2.5465072535
2.5465072535
2.8110853226
2.8110853226
2.5919958563
2.5919958563
2.8670572458
2.8670572458
1.3641507572
1.3641507572
1.4302485698
1.4302485698
1.4072611151
1.4072611151
1.7956911016
1.7956911016
2.3029771021
2.3029771021
1.8046340302
1.8046340302
3.9439638853
3.9439638853
4.0607669659
4.0607669659
4.1495635790
4.1495635790
4.0908372626
4.0908372626
3.5244502541
3.5244502541
3.6264302911
3.6264302911
3.7771449636
3.7771449636
3.9481323504
3.9481323504
3.5845561061
3.5845561061
2.3895625777
2.3895625777
2.2528337891
2.2528337891
2.5246853144
2.5246853144
2.6111354654
2.6111354654
2.9183994584
2.9183994584
3.0453661900
3.0453661900
1.8782383197
1.8782383197
2.1576140800
2.1576140800
2.0126518076
2.0126518076
3.1922432736
3.1922432736
3.0482277479
3.0482277479
2.7455231815
2.7455231815
2.6185036839
2.6185036839
2.2878213418
2.2878213418
2.1642268397
2.1642268397
1.9726299197
1.9726299197
2.1930001905
2.1930001905
2.2805950533
2.2805950533
1.9332992471
1.9332992471
1.5821499680
1.5821499680
1.1159518339
1.1159518339
0.9041749327
0.9041749327
1.2173419843
1.2173419843
1.1903738607
1.1903738607
1.1248712026
1.1248712026
1.0690939459
1.0690939459
1.0210831012
1.0210831012
1.5474964778
1.5474964778
1.3534000715
1.3534000715
1.1941578118
1.1941578118
1.2160943700
1.2160943700
0.9267706575
0.9267706575
0.8045447988
0.8045447988
0.7026588413
0.7026588413
0.8209021380
0.8209021380
0.6754865026
0.6754865026
0.5915303417
0.5915303417
0.7136368665
0.7136368665
0.6582245997
0.6582245997
0.5022657685
0.5022657685
0.5662858682
0.5662858682
0.5611687191
0.5611687191
0.4567490322
0.4567490322
0.4849869785
0.4849869785
0.3663660660
0.3663660660
0.3194609790
0.3194609790
0.3937326442
0.3937326442
0.6603480899
0.6603480899
0.6571856340
0.6571856340
0.6084661637
0.6084661637
0.5723335628
0.5723335628
0.6317665346
0.6317665346
0.5991483101
0.5991483101
0.9506597550
0.9506597550
0.8543718883
0.8543718883
0.9108716067
0.9108716067
0.8532665649
0.8532665649
0.7222456725
0.7222456725
0.6471348105
0.6471348105
0.6947654104
0.6947654104
0.8496937346
0.8496937346
0.8824627681
0.8824627681
0.6990013260
0.6990013260
0.8139269272
0.8139269272
0.7282802320
0.7282802320
0.8791252862
0.8791252862
0.9170154402
0.9170154402
1.0386570359
1.0386570359
1.1073271560
1.1073271560
1.1125596728
1.1125596728
1.0678713969
1.0678713969
1.0719262852
1.0719262852
1.0679549502
1.0679549502
0.8560867472
0.8560867472
0.7106566938
0.7106566938
0.8002132112
0.8002132112
0.7824337865
0.7824337865
0.7524298537
0.7524298537
0.7335775291
0.7335775291
0.8137454134
0.8137454134
0.8983856374
0.8983856374
0.9703916807
0.9703916807
1.1961713396
1.1961713396
0.8661525186
0.8661525186
0.7340599560
0.7340599560
0.8967267073
0.8967267073
0.8839465547
0.8839465547
0.9578975058
0.9578975058
1.1259207958
1.1259207958
1.1097138908
1.1097138908
1.1249192925
1.1249192925
0.9348586731
0.9348586731
1.0633515122
1.0633515122
1.0667849649
1.0667849649
0.8400931578
0.8400931578
0.5866516303
0.5866516303
0.7533837917
0.7533837917
1.0151031033
1.0151031033
1.2014128063
1.2014128063
1.1320940523
1.1320940523
1.0004950778
1.0004950778
0.7502252317
0.7502252317
1.0472789959
1.0472789959
0.8788914064
0.8788914064
1.0166604580
1.0166604580
0.8164483516
0.8164483516
0.9728055727
0.9728055727
0.5581274985
0.5581274985
0.5928707729
0.5928707729
0.7384658081
0.7384658081
1.3211282592
1.3211282592
1.2965492731
1.2965492731
1.2503187640
1.2503187640
1.2858834753
1.2858834753
1.2299586758
1.2299586758
1.3464506204
1.3464506204
1.4871727285
1.4871727285
1.0628175391
1.0628175391
1.3916124125
1.3916124125
1.1319267839
1.1319267839
1.0022832896
1.0022832896
0.8523359053
0.8523359053
0.6659066378
0.6659066378
0.7298321738
0.7298321738
0.9018435520
0.9018435520
0.9342628956
0.9342628956
1.0104268651
1.0104268651
1.2323401701
1.2323401701
0.9798189695
0.9798189695
1.0095031032
1.0095031032
1.0289905861
1.0289905861
1.3128455791
1.3128455791
1.0804863957
1.0804863957
0.9316355788
0.9316355788
1.0512855928
1.0512855928
1.0575558598
1.0575558598
1.0207883038
1.0207883038
1.0935794486
1.0935794486
1.0875128850
1.0875128850
1.4162933968
1.4162933968
1.2884684257
1.2884684257
1.1832145398
1.1832145398
1.1632860023
1.1632860023
1.0257490074
1.0257490074
1.1401583485
1.1401583485
1.1963470794
1.1963470794
1.1020208693
1.1020208693
1.0739742692
1.0739742692
0.7120202395
0.7120202395
0.6046570341
0.6046570341
0.4795964870
0.4795964870
0.6257711866
0.6257711866
0.6437797016
0.6437797016
0.6149201175
0.6149201175
0.6112999350
0.6112999350
0.6557421127
0.6557421127
0.6656886293
0.6656886293
0.6665689520
0.6665689520
0.7102640334
0.7102640334
0.5732356787
0.5732356787
0.6585366629
0.6585366629
0.6427901372
0.6427901372
0.9174616713
0.9174616713
0.9482854455
0.9482854455
0.8549546864
0.8549546864
0.9027772537
0.9027772537
0.8840983563
0.8840983563
0.9806581325
0.9806581325
0.9989243815
0.9989243815
0.7295973901
0.7295973901
0.6947799592
0.6947799592
0.6337417400
0.6337417400
0.6517301173
0.6517301173
0.6519892123
0.6519892123
0.6278563472
0.6278563472
0.6974850447
0.6974850447
0.6481523948
0.6481523948
0.8057176943
0.8057176943
0.7370813208
0.7370813208
0.7179690724
0.7179690724
0.9794898057
0.9794898057
1.0097379524
1.0097379524
1.1819858121
1.1819858121
1.0568995938
1.0568995938
1.1480628610
1.1480628610
1.1156400579
1.1156400579
1.0150330062
1.0150330062
0.8592567109
0.8592567109
0.8035928459
0.8035928459
0.7596692552
0.7596692552
0.8393608213
0.8393608213
0.7689227276
0.7689227276
0.7914313472
0.7914313472
1.3960717125
1.3960717125
1.0785364206
1.0785364206
0.6136308251
0.6136308251
0.9289271373
0.9289271373
0.6213954874
0.6213954874
0.5074308996
0.5074308996
1.0423928417
1.0423928417
0.6547086859
0.6547086859
0.7426003834
0.7426003834
1.7917104720
1.7917104720
1.4188955488
1.4188955488
0.4771520675
0.4771520675
0.7055434308
0.7055434308
1.4644273803
1.4644273803
5.1104251617
5.1104251617
0.7433039240
0.7433039240
0.9236967457
0.9236967457
1.5337433743
1.5337433743
0.9186207238
0.9186207238
0.5473473330
0.5473473330
1.0014492661
1.0014492661
0.5140097799
0.5140097799
0.3655790167
0.3655790167
0.7246750126
0.7246750126
0.6126932663
0.6126932663
0.6624615879
0.6624615879
0.5946686532
0.5946686532
0.8784046843
0.8784046843
0.6436994115
0.6436994115
0.6063163395
0.6063163395
0.3687490435
0.3687490435
0.5273310566
0.5273310566
0.6263812042
0.6263812042
0.4460203529
0.4460203529
0.4848430548
0.4848430548
0.4631617270
0.4631617270
0.2227602931
0.2227602931
0.3306858272
0.3306858272
0.4237820827
0.4237820827
0.5860051235
0.5860051235
0.6650910483
0.6650910483
0.9123502938
0.9123502938
1.0120248879
1.0120248879
0.9898114379
0.9898114379
0.9336878879
0.9336878879
1.2033611945
1.2033611945
1.3086221876
1.3086221876
1.3987311821
1.3987311821
1.6859576632
1.6859576632
1.7895888168
1.7895888168
1.8374613580
1.8374613580
1.8730654680
1.8730654680
1.9441826764
1.9441826764
2.0555681824
2.0555681824
1.9912719181
1.9912719181
2.0036297401
2.0036297401
2.1099253764
2.1099253764
2.2261592106
2.2261592106
2.1561555551
2.1561555551
2.1855943734
2.1855943734
2.1895405488
2.1895405488
2.0715533247
2.0715533247
1.9387606026
1.9387606026
1.8726767514
1.8726767514
1.7044757951
1.7044757951
1.6338759858
1.6338759858
1.3682702647
1.3682702647
1.2976107537
1.2976107537
1.2077535463
1.2077535463
1.2626162969
1.2626162969
1.3127420107
1.3127420107
1.2204165881
1.2204165881
1.0754756818
1.0754756818
0.9376874441
0.9376874441
0.8556298062
0.8556298062
0.6175466504
0.6175466504
0.6716779965
0.6716779965
0.8132091221
0.8132091221
1.0913078273
1.0913078273
0.8581466214
0.8581466214
0.7077214354
0.7077214354
0.7554934647
0.7554934647
0.6989768309
0.6989768309
0.7039171349
0.7039171349
0.8467823920
0.8467823920
1.0513507691
1.0513507691
0.7824767274
0.7824767274
0.7551312971
0.7551312971
0.9691396314
0.9691396314
0.9652149303
0.9652149303
0.8378245474
0.8378245474
0.8108754927
0.8108754927
0.9561431338
0.9561431338
0.5210287451
0.5210287451
0.6782236792
0.6782236792
0.7952603487
0.7952603487
0.6526513543
0.6526513543
0.7157680526
0.7157680526
0.1428254878
0.1428254878
0.6330862885
0.6330862885
0.7393969613
0.7393969613
0.7128513771
0.7128513771
0.4781711807
0.4781711807
0.3835165555
0.3835165555
0.5696048085
0.5696048085
0.5409435947
0.5409435947
0.7603365907
0.7603365907
0.7013976079
0.7013976079
1.0659083274
1.0659083274
0.9358949118
0.9358949118
0.7902835661
0.7902835661
0.6979579990
0.6979579990
0.8223656424
0.8223656424
0.8673055520
0.8673055520
1.1461189017
1.1461189017
1.3297926306
1.3297926306
1.2279014447
1.2279014447
1.3467581369
1.3467581369
1.4374872523
1.4374872523
1.1134242787
1.1134242787
1.3638874830
1.3638874830
1.2923170692
1.2923170692
1.3242212205
1.3242212205
1.8653075716
1.8653075716
3.2181349750
3.2181349750
1.8748894754
1.8748894754
1.9340845208
1.9340845208
1.9013649856
1.9013649856
1.8305726263
1.8305726263
1.9784784665
1.9784784665
1.7912618299
1.7912618299
1.9169035870
1.9169035870
1.9292623201
1.9292623201
1.7193191743
1.7193191743
1.5137848800
1.5137848800
1.6467855240
1.6467855240
1.5520995865
1.5520995865
1.4878243471
1.4878243471
1.5629625581
1.5629625581
1.5601211343
1.5601211343
1.3888577111
1.3888577111
1.6430022974
1.6430022974
1.7924891301
1.7924891301
2.0656110090
2.0656110090
2.2408207008
2.2408207008
1.5653283698
1.5653283698
1.0673245121
1.0673245121
1.4323602348
1.4323602348
1.6046284370
1.6046284370
1.0493438871
1.0493438871
0.8674179598
0.8674179598
1.0090086965
1.0090086965
1.0498985593
1.0498985593
0.6517793857
0.6517793857
0.8117496085
0.8117496085
0.6572544515
0.6572544515
0.5516338347
0.5516338347
0.7984290293
0.7984290293
0.7483006969
0.7483006969
0.7522245763
0.7522245763
0.8381677508
0.8381677508
0.8949664647
0.8949664647
0.8527805642
0.8527805642
0.8413517282
0.8413517282
0.9927931870
0.9927931870
1.3060107888
1.3060107888
1.5606230178
1.5606230178
1.6350736094
1.6350736094
1.7563502508
1.7563502508
1.6167537933
1.6167537933
2.0300399564
2.0300399564
1.8673311045
1.8673311045
1.9335821553
1.9335821553
1.6887558423
1.6887558423
1.8369458697
1.8369458697
1.7671981400
1.7671981400
1.9638316505
1.9638316505
1.9505615596
1.9505615596
1.6671186641
1.6671186641
1.3903582684
1.3903582684
1.1468820848
1.1468820848
0.9669616847
0.9669616847
0.8486261222
0.8486261222
0.6657674364
0.6657674364
0.6438582164
0.6438582164
0.6690148790
0.6690148790
0.3878311888
0.3878311888
0.6484446085
0.6484446085
0.6654711372
0.6654711372
1.5042312774
1.5042312774
1.3243848154
1.3243848154
1.3162754274
1.3162754274
1.3927784908
1.3927784908
1.1691890377
1.1691890377
1.1454578894
1.1454578894
1.0586991407
1.0586991407
1.0240661544
1.0240661544
0.9017293121
0.9017293121
1.3823238279
1.3823238279
1.6817655754
1.6817655754
1.9837382699
1.9837382699
2.4415867313
2.4415867313
2.4759826441
2.4759826441
1.9189504578
1.9189504578
1.0338013235
1.0338013235
1.7564018071
1.7564018071
2.7744942611
2.7744942611
3.7071770498
3.7071770498
3.3759455107
3.3759455107
3.2783082666
3.2783082666
3.1583155937
3.1583155937
1.8451417223
1.8451417223
1.2485688929
1.2485688929
2.6555340228
2.6555340228
2.9898748644
2.9898748644
2.9932886312
2.9932886312
2.2808277344
2.2808277344
1.2806653518
1.2806653518
1.6874956390
1.6874956390
2.0620658136
2.0620658136
2.1604776079
2.1604776079
1.6907341940
1.6907341940
1.4815844906
1.4815844906
1.3445808413
1.3445808413
1.3694297268
1.3694297268
0.4597813231
0.4597813231
2.1361197348
2.1361197348
2.2346508171
2.2346508171
2.4292965287
2.4292965287
2.5900753862
2.5900753862
2.4799358447
2.4799358447
2.3140379518
2.3140379518
1.3650990324
1.3650990324
1.0244295022
1.0244295022
2.0018426341
2.0018426341
2.6876559340
2.6876559340
2.9868306343
2.9868306343
3.3306348609
3.3306348609
2.9822588297
2.9822588297
2.9364845068
2.9364845068
2.5360375686
2.5360375686
2.0440848607
2.0440848607
3.7139990111
3.7139990111
3.5837412242
3.5837412242
2.8003480277
2.8003480277
2.6485487237
2.6485487237
2.0186087901
2.0186087901
0.6615175804
0.6615175804
1.7104065615
1.7104065615
2.0090652928
2.0090652928
1.6674677382
1.6674677382
1.5865070001
1.5865070001
1.7751544228
1.7751544228
2.0364693040
2.0364693040
2.5236808912
2.5236808912
2.5174844818
2.5174844818
3.3566864028
3.3566864028
3.1007931418
3.1007931418
2.7350797519
2.7350797519
2.0662723765
2.0662723765
1.7141553189
1.7141553189
1.4475574913
1.4475574913
1.2484359757
1.2484359757
1.7480058661
1.7480058661
2.1059964672
2.1059964672
2.5379612080
2.5379612080
2.0343310972
2.0343310972
2.0546304923
2.0546304923
2.7181841361
2.7181841361
2.7272987203
2.7272987203
1.9252671678
1.9252671678
1.0664549889
1.0664549889
1.4984946926
1.4984946926
2.5674561755
2.5674561755
2.7922945663
2.7922945663
2.7715909736
2.7715909736
2.6157913565
2.6157913565
2.3887306750
2.3887306750
2.5130734159
2.5130734159
2.5741797324
2.5741797324
2.8150035384
2.8150035384
2.9194595711
2.9194595711
2.1994212046
2.1994212046
1.9881324994
1.9881324994
1.2344348032
1.2344348032
0.7766530780
0.7766530780
1.9276621671
1.9276621671
3.0575542380
3.0575542380
3.5976171768
3.5976171768
3.7388006666
3.7388006666
4.2555116313
4.2555116313
3.9336462252
3.9336462252
4.5265342570
4.5265342570
4.0166697332
4.0166697332
3.8549329297
3.8549329297
3.6971417609
3.6971417609
3.2123844565
3.2123844565
2.4312411512
2.4312411512
2.1301856578
2.1301856578
2.0080246221
2.0080246221
1.3270758326
1.3270758326
1.4941558797
1.4941558797
2.5654007622
2.5654007622
2.6211851095
2.6211851095
2.4262995013
2.4262995013
2.6678318786
2.6678318786
3.2762001630
3.2762001630
3.2994365972
3.2994365972
3.3228477347
3.3228477347
3.2841769953
3.2841769953
2.7944923518
2.7944923518
2.9594110276
2.9594110276
2.6275549881
2.6275549881
1.7625888273
1.7625888273
1.3296919715
1.3296919715
1.1099240400
1.1099240400
1.5477384080
1.5477384080
1.8911470494
1.8911470494
2.1761565806
2.1761565806
2.4999623532
2.4999623532
3.0676902524
3.0676902524
2.4887676748
2.4887676748
2.3137497470
2.3137497470
1.8674417930
1.8674417930
1.9744703269
1.9744703269
1.9040765197
1.9040765197
1.3370682730
1.3370682730
2.6255051080
2.6255051080
2.4814933809
2.4814933809
2.3759586157
2.3759586157
1.6690623278
1.6690623278
2.3736142534
2.3736142534
3.0981740790
3.0981740790
3.0255581747
3.0255581747
3.3808119407
3.3808119407
3.5574716950
3.5574716950
3.2861606529
3.2861606529
2.9304578195
2.9304578195
2.6831601477
2.6831601477
2.4350850896
2.4350850896
2.6107951186
2.6107951186
2.6130097349
2.6130097349
2.3991101839
2.3991101839
2.1804832394
2.1804832394
2.5284007555
2.5284007555
2.6601924777
2.6601924777
2.7041993931
2.7041993931
3.0347825649
3.0347825649
2.8980098039
2.8980098039
2.9090352594
2.9090352594
2.9055408363
2.9055408363
2.9811968675
2.9811968675
2.9216952631
2.9216952631
2.9149463965
2.9149463965
2.8046167914
2.8046167914
2.6762285638
2.6762285638
2.6121562020
2.6121562020
2.6672649984
2.6672649984
2.4503786762
2.4503786762
2.3460201249
2.3460201249
2.3115658694
2.3115658694
2.3139464273
2.3139464273
2.0726313456
2.0726313456
2.0926895613
2.0926895613
1.8869034623
1.8869034623
2.0185278797
2.0185278797
1.9482111124
1.9482111124
1.9356250971
1.9356250971
2.1989255064
2.1989255064
2.0940739742
2.0940739742
1.9365136192
1.9365136192
1.8522507864
1.8522507864
1.6683467147
1.6683467147
1.6463823163
1.6463823163
1.5784736324
1.5784736324
1.4114553937
1.4114553937
1.3977171748
1.3977171748
1.7622062702
1.7622062702
2.1793571592
2.1793571592
2.5185336438
2.5185336438
2.3861607087
2.3861607087
2.4041499766
2.4041499766
1.9639829413
1.9639829413
1.7947367622
1.7947367622
3.4305986346
3.4305986346
3.0644548177
3.0644548177
3.0274508570
3.0274508570
2.9928286654
2.9928286654
2.9977791222
2.9977791222
2.8938887858
2.8938887858
3.0039532575
3.0039532575
3.2818813867
3.2818813867
3.1671983575
3.1671983575
3.1465568144
3.1465568144
2.9236913709
2.9236913709
2.8368737037
2.8368737037
2.5404511499
2.5404511499
2.4297716081
2.4297716081
2.7798329374
2.7798329374
2.7636459600
2.7636459600
2.6437011607
2.6437011607
2.6709038753
2.6709038753
2.4240952781
2.4240952781
2.4922969427
2.4922969427
2.3170537201
2.3170537201
2.0548236569
2.0548236569
1.8594190603
1.8594190603
1.7142788448
1.7142788448
1.7427164453
1.7427164453
1.6502653500
1.6502653500
1.4848605078
1.4848605078
1.3270090954
1.3270090954
1.4503537053
1.4503537053
1.5422348073
1.5422348073
1.5093073768
1.5093073768
1.7696905729
1.7696905729
1.7712628586
1.7712628586
2.0723934733
2.0723934733
1.6449833124
1.6449833124
1.3194954769
1.3194954769
1.5184518311
1.5184518311
1.7160803560
1.7160803560
1.8881772994
1.8881772994
2.0650039881
2.0650039881
1.9584850288
1.9584850288
1.9146208003
1.9146208003
1.8799968498
1.8799968498
2.2565928916
2.2565928916
2.1203475627
2.1203475627
2.6051068212
2.6051068212
3.1004565845
3.1004565845
2.9780389247
2.9780389247
3.3393693016
3.3393693016
3.2005985518
3.2005985518
3.2155367695
3.2155367695
3.3388298986
3.3388298986
3.1798525196
3.1798525196
3.1311654744
3.1311654744
3.3038324361
3.3038324361
3.2816508424
3.2816508424
3.1955912914
3.1955912914
2.8923449576
2.8923449576
2.3860043078
2.3860043078
2.2974064245
2.2974064245
2.2262146753
2.2262146753
2.2214014196
2.2214014196
2.1555103281
2.1555103281
2.3739207940
2.3739207940
2.4674641961
2.4674641961
2.7144191025
2.7144191025
2.8828498800
2.8828498800
3.1289870358
3.1289870358
3.0864977796
3.0864977796
3.0016433299
3.0016433299
3.1012606499
3.1012606499
2.9921583413
2.9921583413
3.0136391630
3.0136391630
3.0283312903
3.0283312903
2.9794840887
2.9794840887
2.7552932625
2.7552932625
2.8155670454
2.8155670454
2.8257811011
2.8257811011
2.7022653212
2.7022653212
2.4987410210
2.4987410210
2.1577300327
2.1577300327
1.9992419807
1.9992419807
1.8141036978
1.8141036978
1.7086798544
1.7086798544
1.5866239743
1.5866239743
1.5499691617
1.5499691617
1.5374939884
1.5374939884
1.4293951269
1.4293951269
1.3251260409
1.3251260409
1.4591988620
1.4591988620
1.7220570174
1.7220570174
1.7529808671
1.7529808671
1.8573459992
1.8573459992
1.8000046775
1.8000046775
1.9341354489
1.9341354489
1.7965205123
1.7965205123
1.7599379281
1.7599379281
1.9003691705
1.9003691705
1.8287401122
1.8287401122
1.9604018533
1.9604018533
2.2293113271
2.2293113271
2.2851093261
2.2851093261
2.2336132865
2.2336132865
2.2038249046
2.2038249046
2.2206079087
2.2206079087
2.3450506766
2.3450506766
2.5118232045
2.5118232045
2.7122510133
2.7122510133
2.6095239944
2.6095239944
2.7173315051
2.7173315051
2.7966041384
2.7966041384
2.8812139345
2.8812139345
2.7991237093
2.7991237093
3.0114930776
3.0114930776
3.0052989056
3.0052989056
2.7564821043
2.7564821043
2.9367062711
2.9367062711
2.8636897880
2.8636897880
2.8239414806
2.8239414806
2.9074449768
2.9074449768
2.9025994107
2.9025994107
2.9971291350
2.9971291350
3.0111158069
3.0111158069
3.0398351009
3.0398351009
3.0625727052
3.0625727052
3.1092580874
3.1092580874
3.1199999583
3.1199999583
3.1727038561
3.1727038561
3.2064901147
3.2064901147
