0.4655928599
0.5281651429
0.6568555192
0.8215266394
0.9037983374
0.9824597553
1.1200753219
1.1046284710
1.0871836419
1.0200568745
0.9797395083
0.7826638177
0.7294179778
0.6379373510
0.5687974582
0.4782118769
0.3262216283
0.3456553703
0.2718900643
0.2571874644
0.2765483353
0.2187118995
0.2595454091
0.2151389799
0.2276436091
0.1907384329
0.1318671905
0.2032676103
0.2594278276
0.3061176506
0.2970623430
0.4201003920
0.4101798947
0.4031875267
0.3661766129
0.3096760501
0.2886404137
0.2699162700
0.2437744972
0.2407505590
0.3317617592
0.3316501777
0.3112352448
0.2880610608
0.6849724419
0.5325668684
0.6234623682
0.2107119802
1.1411273771
0.6233950463
0.5583082340
0.9843742396
0.9852558868
1.0397717220
0.9062496008
0.9130351933
0.9360082812
0.9624164226
0.9470619647
0.9304441845
0.9524779856
0.8283778487
0.8399848736
0.8682431958
0.5068262654
0.5139262060
0.6042204352
0.5229765597
0.5736456922
0.4617135966
0.4839054440
0.4452174354
0.2359729181
0.2026144069
0.3884640842
0.2267293763
0.2008938460
0.2521872213
0.3660869780
0.6204959155
0.6599191354
0.4286658894
0.4365349140
0.4239141952
0.3690240296
0.2375001101
0.2838341418
0.3574821754
0.2828413471
0.3893528696
0.3350032135
0.3144216022
0.2181130217
0.2534401000
0.2569091500
0.2608290229
0.2823844075
0.1638843036
0.1668985435
0.0928027218
0.1976004714
0.3674039576
0.5373374868
0.4832793919
0.3720507815
0.3361877412
0.2708591103
0.2873783678
0.3230322721
0.4133544872
0.3202923669
0.4238886014
0.2101766877
0.3303749906
0.2367260104
0.1364829074
0.2232646839
0.2210544898
0.1733630531
0.2425266627
0.3070824852
0.3993323833
0.3630632412
0.3575890885
0.3287507009
0.1721584203
0.1703400984
0.2983288577
0.3162043669
0.4382934979
0.4797006447
0.5703589422
0.6507931117
0.2238913101
0.2380898320
0.3071648572
0.3686711255
0.4923695017
0.5186187500
0.4238163607
0.4666551152
0.5384530560
0.3593879322
0.5210178883
1.1489367511
0.8762135968
0.2377422763
1.0973111838
0.5102936222
0.8537415647
0.7474592291
0.7203653372
0.4396336823
0.4179903173
2.5603750042
0.1449082439
0.5571904635
0.5624262912
0.7048665287
0.3721658739
0.3842640470
0.4569042224
0.3702585802
0.2897234659
0.4159865406
0.3475547416
0.3855599948
0.5383183053
0.4279151419
0.3542349292
0.3310318822
0.3725187257
0.3165327070
0.2093161008
0.2213238948
0.2774548022
0.2026438074
0.4350457031
0.1084623510
0.1047099516
0.1889579315
0.1364817403
0.2331043329
0.1284145168
0.0701501576
0.1486506601
0.1501777795
0.2343461713
0.3095263675
0.3662035698
0.3517277043
0.3180793205
0.1902603854
0.3282992950
0.1508043868
0.1046242638
0.1595632032
0.1701099568
0.1667708522
0.3375705053
0.3447891828
0.5092085577
0.5108411804
0.6380366923
0.4953106114
0.4639841198
0.5887316496
0.4012057446
0.3692428952
0.3574485831
0.3188989569
0.3104029222
0.3441025388
0.3216328234
0.1813214475
0.2188522752
0.2498603988
0.2530763035
0.2792928674
0.2396884614
0.2250100890
0.0811975791
0.1817216741
0.2271087197
0.4027795065
0.5968138611
0.2309226468
0.1844669275
0.4993859745
0.3776138028
0.5716534352
0.4283083855
0.5812057147
0.5016432627
0.1902655210
0.3796235574
0.6267155476
0.6478870913
0.6550429789
0.6364663444
2.1092611466
0.7140904669
0.6425537035
0.3273522588
0.1960969725
0.2935211564
0.3175936355
0.4438718911
0.4246227335
0.4312950658
0.4978644103
0.3517281212
0.3823253745
0.3996268905
0.3053800517
0.3326784158
0.2966751397
0.3341410322
0.2522755343
0.6324410174
0.4233689967
0.2962547929
0.6585280667
0.5746298696
0.5196966650
0.6722206204
0.5896021258
0.6273257206
0.5626077172
0.7286559020
0.4629050475
0.3769678082
0.3648485093
0.4067708880
0.3560026074
0.3680543703
0.2966452196
0.2686982262
0.3022594230
0.2506458956
0.3037118446
0.3482403058
0.4804542652
0.3482387556
0.3815411975
0.4698218838
0.5709956794
0.5234555785
0.6254600206
0.7657690334
0.7304035930
0.5091046645
0.3541420568
0.3054834687
0.2072762430
0.2777457841
0.2109642380
0.2089904203
0.3140499854
0.4057561491
0.6215182413
0.6406777887
0.4974171255
0.6943837769
0.6527601270
0.5582995944
0.4781509424
0.4610664968
0.4272693568
0.3632649620
0.4814204515
0.4642239854
0.4018055619
0.5481386998
0.6174926599
0.5158647780
0.6520398734
0.5421650386
0.4016377379
0.1819249843
0.1039429949
0.0973624348
0.1114711300
0.1284352635
0.1907067280
0.1824995536
0.4002799713
0.3613170864
0.4233490477
0.4117827165
0.3087182510
0.2868661653
0.1101135040
0.1897137302
0.2220852555
0.3083069797
0.2529853443
0.6643368632
0.6812717361
0.6868537041
0.7075445858
0.6925628233
0.7404330912
0.8476938137
0.8345268598
0.9007696026
0.8872900967
0.7791378499
0.8736043930
0.8005519531
0.7731523538
0.8586369193
0.7830719480
0.6255959684
0.4931174114
0.5048448405
0.4851238241
0.4867415703
0.5691856197
0.7191550102
0.6589985707
0.6000375985
0.5454764721
0.4957771739
0.5359604997
0.2389727302
0.0924553458
1.7338159807
1.7202924446
1.7095134194
1.6419635125
1.7055133784
1.1217719872
1.1116534903
2.6656926541
0.1796918386
0.0745339268
0.7551259703
0.6888215155
0.3531722914
0.2636773251
0.3241764682
0.3636408776
0.3109298496
0.3800106591
0.3154983051
0.2504510826
0.3342302691
0.4353180324
0.4608436296
0.4936618872
0.5890761836
0.5797034449
0.3950676538
0.3016996693
0.3011939866
0.2883067869
0.3095258932
0.3186854213
0.2682079437
0.2672415831
0.2917685688
0.2717610539
0.3324896876
0.0812159581
0.1885646782
0.4289104103
0.2342414416
0.5626094026
0.7106845343
0.5742927911
0.7043151185
0.5713985919
0.3800334880
0.4383417753
0.4664058725
0.3747809087
0.3951216584
0.3648757693
0.3950556656
0.3327407175
0.4397820135
0.4395377205
0.2912463225
0.6285160162
0.2600245809
0.1562176415
0.4430404745
1.1808297760
2.3746273381
1.9078355217
3.7400458097
0.9669621437
0.8017065492
0.5531849571
0.3478016425
0.3921086366
0.3747877299
0.6523918373
0.4993404597
0.2518197538
0.4700827137
1.1158361299
1.1684410466
0.2866401969
2.0282182644
0.6363455085
0.5104043992
0.2095225581
0.1167886815
0.2392534837
0.1734614761
0.1655264513
0.3617999295
0.0849643729
0.1515492396
0.1696081725
0.2397067813
0.1567681757
0.0494912624
0.1310625458
0.1391472042
0.1692593103
0.1743055122
0.3395554881
0.1446737139
0.1396048734
0.0669671032
0.1885352968
0.2158681246
0.3651138898
0.2958300336
0.4654702244
0.2487219226
0.1100256238
0.2523070139
0.1657853719
0.2155474692
0.1438986944
0.3126667903
0.2680554274
0.3388356835
0.3512931826
0.7551612830
1.8882924992
1.5203298278
2.3813595183
1.9358902209
4.0942318932
3.8839061408
0.6685133172
0.8679751061
0.6752426639
0.5210703072
0.3087899140
0.3466301391
0.4174210273
0.1817657253
0.0496725445
0.1567741995
0.2721116923
0.2685450481
0.1423473892
0.2543727882
0.3740439143
0.4184757129
0.3533439597
0.3238532214
0.4387314399
0.1837556466
0.2889801948
0.2264134881
0.2386462279
0.2187297073
0.1544747320
0.2033241262
0.2898825761
0.1780909127
0.1893303733
0.2205009906
0.2069363856
0.3037991290
0.2630620861
0.2544181636
0.4027632295
0.4065658629
0.2835335649
0.2253720535
0.1373993613
0.2221921513
0.1859832730
0.1311791701
0.1994422278
0.3264841110
0.1346579697
0.2046591510
0.2492443695
0.2355365505
0.1987394528
0.2064767433
0.1844359640
0.2606995341
0.2706460325
0.1947700843
0.2286553836
0.3727164443
0.4440752011
0.3882375811
0.2906091642
0.3606490755
0.3583656887
0.3984626870
0.3512701340
0.4145474390
0.4405544270
0.1891628078
0.3310517823
0.2269551693
0.1346885620
0.2658560827
0.2121366712
0.1890069545
0.3720731513
0.1883833976
0.2238536164
0.5408988635
0.2580687800
0.3458806479
0.6148968068
0.5612038772
0.3825532568
0.3160370825
0.2598455043
0.2040242540
0.1135532290
0.1985209588
0.2312009850
0.3319851591
0.2984950557
0.2640720919
0.1729375733
0.2314079554
0.2532670862
0.2064389568
0.1595051336
0.2914529282
0.1939241455
0.2500437754
0.5262964030
0.5696363662
0.3378817899
0.1873993893
0.3529395485
0.4164686858
0.3793835097
0.2753095005
0.1417856124
0.1503080334
0.2774857878
0.4833780402
0.3755127874
0.3318819694
0.1755021135
0.0945779591
0.4331259321
0.1662883769
0.2600123419
0.2426033126
0.3083989920
0.3587360831
0.4163928788
0.2393685611
0.1742676605
0.2141793233
0.1501653957
0.1816070709
0.2030343871
0.3950957458
0.4454435648
0.3916991492
0.4244532662
0.3346700814
0.3613519956
0.3591344264
0.2953906775
0.3118171386
0.2416671302
0.4259490611
0.5118091745
0.4668965910
0.4961409673
0.4285182064
0.2731895061
0.2646460690
0.2545090466
0.2183949367
0.1815827531
0.2241282272
0.2817976051
