0.2280062676
0.2280995189
0.2327260211
0.2310396966
0.2362790244
0.2338848100
0.2285345831
0.2281640591
0.2261405644
0.2230933354
0.2241785496
0.2208075382
0.2179705669
0.2154359046
0.2177675440
0.2187910715
0.2238661859
0.2249244154
0.2306740893
0.2281616036
0.2301046519
0.2338455086
0.2372232220
0.2388649450
0.2382312033
0.2369721896
0.2387332172
0.2290848356
0.2275850394
0.2285139355
0.2293199827
0.2202960877
0.2085974760
0.2005724149
0.1943022504
0.1923255979
0.1936308028
0.1956303246
0.1982418104
0.2017246409
0.2050568646
0.2085096463
0.2128309225
0.2168521649
0.2207158019
0.2234586982
0.2255078291
0.2277569136
0.2309286219
0.2323444141
0.2293366448
0.2288767327
0.2282244483
0.2258910412
0.2189138036
0.2118846541
0.2038557968
0.2003517487
0.1950762358
0.1934626391
0.1932806901
0.1912276936
0.1920059084
0.1925146052
0.1905952260
0.1832533335
0.1687569357
0.1474253306
0.1230603215
0.0989925173
0.0825131666
0.0730327890
0.0709289346
0.0671378358
0.0685740925
0.0695280724
0.0657188481
0.0664184391
0.0639656667
0.0659509224
0.0648473925
0.0631569453
0.0594458621
0.0568157754
0.0496165179
0.0489490615
0.0487381568
0.0445556601
0.0444399303
0.0452726805
0.0438454121
0.0504901111
0.0497592297
0.0513261435
0.0533041441
0.0511801490
0.0535462511
0.0512526074
0.0482411434
0.0467353734
0.0437213034
0.0399913181
0.0445711929
0.0896274919
0.0853633484
0.0887485051
0.0911775982
0.0968539820
0.1145386084
0.1226459203
0.1297185125
0.1353397841
0.1399688148
0.1417253990
0.1399069149
0.1303332453
0.1149046268
0.0983497584
0.0983074164
0.0981851069
0.0954315661
0.0995627346
0.1019738658
0.1016198956
0.1004495562
0.0979525294
0.0939443993
0.0857992243
0.0767895373
0.0752366475
0.0721995074
0.0757903183
0.0773649843
0.0800646073
0.0840136113
0.0852487957
0.0891058846
0.0922473894
0.0931125453
0.0934922926
0.0940502085
0.0933006818
0.0930219386
0.0931672014
0.0925324014
0.0906724462
0.0892311823
0.0882023039
0.0877879196
0.0884231494
0.0891198515
0.0935164419
0.0951244049
0.1012333022
0.1033898992
0.1046363535
0.1064057259
0.1088704291
0.1105378120
0.1145233738
0.1209594986
0.1266571592
0.1326500504
0.1372399972
0.1387046122
0.1390036949
0.1450766288
0.1536707142
0.1600476637
0.1684529755
0.1717302173
0.1763685763
0.1765583398
0.1778556385
0.1762851873
0.1725624523
0.1690782899
0.1677461327
0.1648716416
0.1638862213
0.1610917136
0.1547877929
0.1487896775
0.1448839797
0.1422721932
0.1384225331
0.1374287104
0.1349141156
0.1327348695
0.1300739768
0.1248740482
0.1173209576
0.1121954822
0.1121712165
0.1074729953
0.1079525443
0.1036309925
0.1003945792
0.0982904714
0.0938954585
0.0918855055
0.0926856544
0.1022972127
0.1222306643
0.1298989441
0.1293175925
0.1263232910
0.1241290399
0.1300359554
0.1353377951
0.1368233747
0.1221469294
0.1032020060
0.1014864544
0.1037685921
0.1039167415
0.1008415060
0.0964451890
0.0903095643
0.0899924162
0.0897619285
0.0929730196
0.0829921696
0.0785721202
0.0719865906
0.0699503380
0.0750257104
0.0819787652
0.0869807648
0.0880949581
0.0871460219
0.0852306457
0.0845065472
0.0783574517
0.0783866020
0.0751777219
0.0795004022
0.0859017189
0.0907223945
0.0878068820
0.0870719682
0.0826087732
0.0813038385
0.0772111405
0.0746494655
0.0761077097
0.0760199912
0.0748703529
0.0773018056
0.0815647751
0.0890149187
0.0973120237
0.0901979387
0.0870212132
0.0813466020
0.0732368898
0.0683329129
0.0737833737
0.0764818826
0.0757149003
0.0755588505
0.0735172046
0.0769500790
0.0792842413
0.0805045546
0.0807837706
0.0785977013
0.0792684790
0.0799752435
0.0776444041
0.0773000021
0.0775134233
0.0788021488
0.0826199519
0.0864005847
0.0902516228
0.0955097393
0.0985533893
0.0990606543
0.0996818765
0.1022200044
0.1018103287
0.1027167753
0.1025427906
0.1000604770
0.0961250004
0.0931066811
0.0930856271
0.0904472799
0.0888743952
0.0851074156
0.0808267264
0.0788119802
0.0750611211
0.0741057471
0.0721222858
0.0731290685
0.0730188162
0.0766762504
0.0853665661
0.0958220781
0.1033854900
0.1103586396
0.1201660553
0.1256575047
0.1274883691
0.1282740015
0.1311963043
0.1351197169
0.1368644150
0.1366124221
0.1366134928
0.1359350941
0.1379208914
0.1414442977
0.1462594905
0.1500120596
0.1495568189
0.1527295301
0.1569674073
0.1589755843
0.1612324137
0.1643551383
0.1631202964
0.1610490871
0.1583594240
0.1565573324
0.1539155223
0.1508191189
0.1486190629
0.1472657918
0.1468115736
0.1462785362
0.1452583792
0.1432658555
0.1414198810
0.1379614513
0.1399488517
0.1465543339
0.1600161170
0.1735423160
0.1893201396
0.2010097736
0.2097306448
0.2147895522
0.2270656172
0.2331639495
0.2420570505
0.2401451758
0.2387601049
0.2298528970
0.2226083946
0.2184399031
0.2179586241
0.2149660566
0.2104224585
0.2151989532
0.2247036475
0.2225328360
0.2342352051
0.2378444986
0.2474834663
0.2544345590
0.2537378912
0.2598088212
0.2588092836
0.2561685257
0.2519466136
0.2438872683
0.2411866174
0.2349009086
0.2306567952
0.2302146629
0.2266603075
0.2235084770
0.2212342294
0.2177223404
0.2172956150
0.2154847550
0.2132587960
0.2107699995
0.2088345365
0.2063505494
0.2056247748
0.2056616631
0.2048945148
0.2081938560
0.2110573757
0.2099042645
0.2087424582
0.2115898050
0.2124552580
0.2119202827
0.2081956830
0.1926008857
0.1884603606
0.1863017579
0.1823705830
0.1817033704
0.1780887137
0.1762241304
0.1749499785
0.1744962755
0.1734632880
0.1705105419
0.1662394054
0.1601208137
0.1555189348
0.1506790796
0.1480106291
0.1477322519
0.1464041429
0.1460368477
0.1449574097
0.1474095553
0.1506050247
0.1545928628
0.1583041374
0.1616311423
0.1606620859
0.1602651231
0.1625812543
0.1687351864
0.1708303612
0.1748069720
0.1810212429
0.1859515043
0.1890335488
0.1901524639
0.1917678207
0.1910406728
0.1882751039
0.1835019718
0.1841656388
0.1852100531
0.1879832684
0.1909682595
0.1913179025
0.1918110567
0.1925827667
0.1925200237
0.1922767890
0.1911050604
0.1933438681
0.1919936433
0.1910843281
0.1916290782
0.1955076185
0.1969168725
0.1996904405
0.2031787837
0.2116703214
0.2166691488
0.2206782915
0.2251705794
0.2260213563
0.2241338853
0.2218495602
0.2179754395
0.2149000307
0.2118725583
0.2090078492
0.2052214039
0.2020070881
0.1988478328
0.1962448512
0.1933370926
0.1912844929
0.1894058264
0.1867292304
0.1831737669
0.1823714780
0.1804231288
0.1795552497
0.1788533862
0.1802447616
0.1822566010
0.1841385546
0.1853863272
0.1835178597
0.1808681182
0.1773961053
0.1739876410
0.1727422220
0.1704451227
0.1699385800
0.1670683973
0.1672453324
0.1670053663
0.1690230238
0.1689789178
0.1673776880
0.1657939341
0.1625908738
0.1590872790
0.1585477696
0.1583226301
0.1583046963
0.1575899895
0.1579777576
0.1562845073
0.1566912361
0.1538405063
0.1551308964
0.1530029845
0.1515232064
0.1492638920
0.1503514829
0.1495305553
0.1547884981
0.1563079373
0.1577562193
0.1578654687
0.1572665586
0.1536263877
0.1582271013
0.1634999885
0.1677852728
0.1708346783
0.1737867767
0.1765376886
0.1782917328
0.1753186801
0.1673416147
0.1644909208
0.1624908752
0.1604310853
0.1591558636
0.1608529736
0.1589011512
0.1555786627
0.1550105470
0.1515923507
0.1497546693
0.1482089295
0.1495856538
0.1515307130
0.1530283030
0.1533890541
0.1535200516
0.1521684725
0.1529042444
0.1533450861
0.1558157714
0.1564122435
0.1569092872
0.1610968524
0.1625520827
0.1645138536
0.1699147840
0.1707879791
0.1728685735
0.1732039009
0.1729667894
0.1720662127
0.1733417608
0.1732995416
0.1730524332
0.1722260762
0.1704944030
0.1683277486
0.1663000315
0.1641345179
0.1629292939
0.1626436844
0.1640523084
0.1666207318
0.1698425696
0.1730408733
0.1748142278
0.1763015998
0.1768247364
0.1763822245
0.1726692356
0.1730689403
0.1719403888
0.1740578877
0.1730045973
0.1742990584
0.1742324592
0.1706442723
0.1695647235
0.1694403444
0.1693272672
0.1691753123
0.1663475045
0.1658573078
0.1654291886
0.1651738790
0.1659278498
0.1664160404
0.1671771841
0.1677323747
0.1694064028
0.1695241677
0.1711147145
0.1798801989
0.1852037841
0.1966306291
0.2062447708
0.2138762592
0.2221102057
0.2303171798
0.2393921771
0.2469915079
0.2527256601
0.2594247093
0.2644364631
0.2668847881
0.2663412157
0.2654272459
0.2624579181
0.2629092340
0.2657347639
0.2637984477
0.2619191688
0.2618029542
0.2637773451
0.2660910635
0.2679906995
0.2680557806
0.2693758272
0.2689774038
0.2695552697
0.2694722323
0.2692858332
0.2695687925
0.2717507726
0.2727879047
0.2749388980
0.2756491421
0.2778785463
0.2811896127
0.2808507057
0.2828007282
0.2825379706
0.2811167181
0.2798083049
0.2787543465
0.2775595376
0.2775203068
0.2768982572
0.2777152129
0.2797197641
0.2818898377
0.2823647530
0.2834307093
0.2824281818
0.2825226119
0.2805838463
0.2787723110
0.2782183588
0.2781238078
0.2787756728
0.2800102898
0.2806133698
0.2808785880
0.2781485420
0.2738104299
0.2687891963
0.2624779873
0.2550189009
0.2470880306
0.2392492046
0.2357491715
0.2341894955
0.2516603744
0.2612439504
0.2694012522
0.2727926548
0.2800507015
0.2834620957
0.2825271689
0.2866961123
0.2862286293
0.2885810072
0.2899770348
0.2943316206
0.3019766079
0.3052813415
0.3123654093
0.3130619116
0.3154664523
0.3156831825
0.3229037748
0.3200936419
0.3318561513
0.3390483410
0.3342779807
0.3395405693
0.3387894282
0.3451842459
0.3447151949
0.3495751049
0.3483348410
0.3484369629
0.3478429999
0.3523357610
0.3529279649
0.3517783301
0.3510786444
0.3514178563
0.3526640094
0.3538279049
0.3517228173
0.3516786387
0.3453220984
0.3432689857
0.3370879713
0.3370179222
0.3394622822
0.3358421792
0.3361088416
0.3367752666
0.3393025086
0.3390210759
0.3408675905
0.3438915545
0.3452676279
0.3475259832
0.3552643139
0.3503995669
0.3505625647
0.3485004102
0.3457935227
0.3426209691
0.3360429028
0.3345116516
0.3343009919
0.3284304564
0.3277139726
0.3235559550
0.3184441633
0.3104741720
0.3029853211
0.2933884652
0.2843496129
0.2735721252
0.2584288733
0.2443096407
0.2579042342
0.2591204458
0.2612654511
0.2589354703
0.2552998310
0.2518385240
0.2472755180
0.2442987166
0.2400091054
0.2354411708
0.2316203032
0.2246140548
0.2256545278
0.2328029606
0.2416270468
0.2522297113
0.2588317846
0.2580249974
0.2585800287
0.2609996806
0.2606770797
0.2582418082
0.2571461977
0.2546227835
0.2529815914
0.2516264390
0.2524309352
0.2524040980
0.2526107987
0.2519252929
0.2512460971
0.2511061983
0.2512826943
0.2519471877
0.2528625205
0.2507453330
0.2481905307
0.2445417184
0.2419165237
0.2395317386
0.2377242420
0.2367372097
0.2365412485
0.2358587333
0.2335653325
0.2331314731
