3.4347082901
3.3708899129
3.3434901090
3.2914270486
3.2657140194
3.2114340904
3.1397207997
3.0765947830
3.0217299008
2.9621392571
2.8935530597
2.8479104789
2.7910720009
2.7562605426
2.6707493295
2.6142424253
2.5330634021
2.4787820804
2.3993046960
2.3785659966
2.4526937695
2.4754072292
2.4827943899
2.4763079694
2.3674010686
2.1976411152
2.2445687307
2.0686826154
2.0142522327
1.9785163125
1.9596362380
1.9618274212
1.9285564664
1.8735812837
1.8229219820
1.7838640456
1.7548283865
1.7411686802
1.7258955776
1.7207983451
1.7156136505
1.7282200644
1.7376112078
1.7453130908
1.7511758629
1.7684040497
1.7778530183
1.7743614241
1.7626376281
1.7541231768
1.7485952718
1.7421207620
1.7415840452
1.7410375967
1.7338565814
1.7216484241
1.6944150499
1.6971508223
1.7052906872
1.7129804754
1.7172039640
1.7259697253
1.7239235910
1.7091938512
1.6651953856
1.5589425190
1.3822549828
1.1437715261
0.8666086886
0.6254581606
0.5172118670
0.5364961908
0.5506563987
0.5772128920
0.5722242372
0.5800167270
0.6080580108
0.6183807711
0.6245615943
0.6138041664
0.5921447427
0.5513896038
0.5292125237
0.5016297078
0.4989966368
0.4852569899
0.4808365275
0.4931841703
0.4925458886
0.4903801403
0.5201303700
0.5644285858
0.6459082022
0.6264356736
0.6099694913
0.6395733626
0.6311854411
0.6746677356
0.7117576052
0.7572974260
0.8046490102
0.8493804641
0.9542749818
1.4799390191
1.3872922343
1.4612735500
1.4820745968
1.4532642148
1.4657785202
1.4876394996
1.5022114046
1.5203851138
1.5466506210
1.5437656011
1.5368941428
1.4732890586
1.3435882411
1.1599606542
1.1942870050
1.2258341312
1.2122485101
1.2187680709
1.2214097725
1.2174498593
1.2148158197
1.2007850430
1.1850379908
1.1583184286
1.0961168527
1.0705944494
1.0104988817
0.9436046098
0.9077881739
0.8848437385
0.8735010465
0.8748918313
0.8818066657
0.8942907871
0.9251763499
0.9354019076
0.9752970891
1.0049420122
1.0307105602
1.0637243679
1.0937072409
1.1213616015
1.1665800424
1.2105388525
1.2595753144
1.2865126206
1.3362311334
1.3673228663
1.4037050298
1.4162314016
1.4413647303
1.4587820349
1.4785883767
1.4863235617
1.4991903499
1.5140462223
1.5244701307
1.5478611674
1.5713705592
1.6116488425
1.6524685419
1.6841708355
1.7009786503
1.7034663132
1.7110507853
1.6999430495
1.7166839193
1.7223818207
1.7414686282
1.7742072644
1.8140775720
1.8469520247
1.8777075690
1.9114350235
1.9373124397
1.9544094039
1.9675762742
2.0085079038
2.0483680738
2.0500158871
2.0610205949
2.0732060266
2.0669536355
2.0839374595
2.1019625229
2.1384089523
2.1985582520
2.2825759000
2.3144390011
2.3219365368
2.3228831104
2.2954576616
2.2724369271
2.2388147994
2.2061358505
2.1975419089
2.1908106932
2.1764392968
2.1430803911
2.0737609406
2.0579079333
2.0841140778
2.1247021743
2.1669034782
2.1979271263
2.1866841346
2.1710839921
2.2261922212
2.2245355810
2.1577643161
2.1202222144
2.0684059969
2.0341842296
2.0109352682
1.9981407731
1.9749566131
1.9511606824
1.8653748998
1.6945076375
1.6501870860
1.5980663316
1.5852167640
1.6135519605
1.6628398441
1.7001945473
1.7115230199
1.6788374829
1.6597306406
1.6918712681
1.7557298743
1.8235437578
1.9247856352
1.9801412556
2.0347070829
2.0776932894
2.1595774488
2.2504706806
2.3421531577
2.3744991014
2.4797318606
2.5750832744
2.5842794121
2.5787531187
2.5929293838
2.5964921730
2.6474352166
2.7798018433
2.8401839604
2.9517461052
3.0198575209
3.0449420409
3.0235898512
3.0573582850
3.0759759563
3.0836655509
3.0265783184
3.0201030628
3.0500735428
3.1141232673
3.1350391968
3.1594765176
3.1987699631
3.2467037605
3.2762943947
3.2663418436
3.2549572183
3.2764321406
3.2504311548
3.2428909002
3.2399277418
3.2386512532
3.2189945515
3.2229981232
3.2223063789
3.2021773765
3.1788335559
3.1513830409
3.1138301632
3.1037247854
3.0899469837
3.0729486535
3.0514630735
3.0360855658
3.0149626930
3.0086537254
2.9978150934
2.9739130648
2.9511049390
2.9299456437
2.9036815524
2.8738843561
2.8308564676
2.8252962695
2.8361586412
2.8556323950
2.8445491729
2.8477717997
2.8250247975
2.7574385278
2.6798671616
2.6169286879
2.5593557567
2.5330971204
2.5453973841
2.5665061684
2.6013018580
2.6404525415
2.6715620520
2.6889845347
2.6864700373
2.6682033942
2.6464042766
2.6360061549
2.6148737916
2.5798042128
2.5451325959
2.5015012596
2.5034026748
2.5059466785
2.5204038208
2.5079881798
2.5086577643
2.5021068223
2.5070090522
2.5245882699
2.5419643855
2.5659800616
2.5781099117
2.5799740487
2.5690528567
2.5550927542
2.5475356836
2.5617725055
2.5724940855
2.5900936929
2.6362576641
2.6720628068
2.7298795528
2.8023553788
2.8584456773
2.8809019779
2.9372266827
2.9808142080
3.0459898999
3.1048487521
3.2735502350
3.4635979810
3.5170362177
3.6015060499
3.7277771409
3.7642778147
3.8464777420
3.8205804315
3.8188840032
3.8309692067
3.8430127154
3.8481580458
3.8306359416
3.8364293364
3.7946162379
3.7731953212
3.7494538164
3.7187733483
3.6895230545
3.6454185823
3.5971892366
3.5430494703
3.4828032539
3.4369184420
3.4101321368
3.3822281131
3.3491290969
3.3034144264
3.2939469430
3.2454019069
3.1944911425
3.1378592853
3.1144430101
3.0801048527
3.0568712508
3.0355937958
3.0353618391
3.0130071936
2.9889396640
3.0009912525
2.9771015935
2.9921304808
2.9761320425
2.9601666920
2.9305867580
2.9079581162
2.9108762026
2.8981399892
2.8706776963
2.8317403216
2.7775203570
2.7372318969
2.7156583727
2.6936186039
2.6739390532
2.6540124092
2.6178311903
2.5787380934
2.5497872421
2.5035363523
2.4881384486
2.4713618465
2.4438349078
2.4378890293
2.4287839873
2.4480605668
2.4572177146
2.4643550829
2.4620048956
2.4533063484
2.4227228402
2.4167787160
2.4329062450
2.5076695077
2.5260762050
2.5204114418
2.5112939327
2.4939419276
2.4038095319
2.3541037893
2.3135097038
2.2761551970
2.2554250976
2.2856167900
2.3006365782
2.2866573748
2.2852197828
2.3023591087
2.3071036632
2.3263985676
2.3577060868
2.3666598577
2.3739606348
2.3654520378
2.3430932606
2.3094113893
2.2463463480
2.1874017879
2.0920513515
1.9636320616
1.8980041197
1.8565996437
1.8356722955
1.8277083991
1.8176585551
1.8272644183
1.8271035798
1.8240920399
1.8611629898
1.8853057449
1.9113316165
1.9651990726
1.9872445021
2.0210906970
2.0283419380
2.0461742683
2.0639006130
2.0689674149
2.0893550039
2.0829278627
2.1072863945
2.1490666187
2.1387290577
2.1668683141
2.1759001595
2.1776403858
2.1995460468
2.2183319503
2.2428211160
2.2934865701
2.3319141905
2.3433880361
2.3712596754
2.3986002701
2.4509147508
2.4652072034
2.5102140509
2.5228061285
2.5396404976
2.5434200124
2.5510784812
2.5422507437
2.5283321524
2.5090109784
2.4968843715
2.4828635577
2.4762859988
2.4754134463
2.4673864194
2.4693912579
2.4701410681
2.4793331380
2.4772453651
2.4774221885
2.4804199237
2.4742837911
2.4655046518
2.4573562249
2.4471066428
2.4293053764
2.3729502835
2.2977585644
2.2676977979
2.2197835901
2.2465361049
2.3515513894
2.3196759674
2.3836622213
2.4499288201
2.4452590839
2.4356341230
2.4101410424
2.3563430073
2.3782319286
2.4768152253
2.5144075788
2.5340837576
2.5487563267
2.5568499321
2.5697254387
2.5773623674
2.5625411257
2.5332603329
2.4874833575
2.4746916628
2.4651129752
2.4625838656
2.4538147250
2.4374701812
2.4110801382
2.3926018558
2.3634228949
2.3233392069
2.3111256931
2.2732323204
2.2821001669
2.2905902058
2.2719709716
2.2825412320
2.2992251125
2.2925072114
2.2972650486
2.2896230571
2.2829271215
2.2817257182
2.3022064218
2.3153374876
2.3285043034
2.3431892164
2.3584222754
2.3623700983
2.3633116364
2.3784271699
2.4079115631
2.4381373537
2.4794653063
2.5045441220
2.5233456420
2.5401232207
2.5521878189
2.5634480767
2.5743651946
2.5813358784
2.5880867446
2.5981255545
2.6060448941
2.6042011014
2.6022576750
2.5810700850
2.5835032886
2.5961463492
2.6004756790
2.5878957940
2.5694137558
2.5619552832
2.5557442174
2.5265164619
2.5191412719
2.5119052985
2.4603765122
2.4436477889
2.4374812123
2.4388210565
2.4394326443
2.4028627233
2.3778512103
2.3564096926
2.2954691839
2.2785245909
2.2340104156
2.2010510641
2.1803827895
2.1654001531
2.1724602358
2.1779152285
2.1708746866
2.1654357668
2.1476299443
2.1398101703
2.1416564877
2.1553335339
2.1699694291
2.1922439691
2.1903460436
2.1877359974
2.1857305415
2.1932407711
2.1976203150
2.1926218703
2.1990407595
2.2060001962
2.2000835367
2.1850086047
2.1720137401
2.1580591792
2.1390599408
2.1336060104
2.1158316748
2.1049119137
2.0926348578
2.0879549082
2.0811719692
2.0796172220
2.0849190495
2.0893606107
2.1058282437
2.1224766966
2.1423443731
2.1668164028
2.1754426712
2.1741215111
2.1606175709
2.1560316605
2.1494446833
2.1323847291
2.1257306287
2.1269149133
2.1161224119
2.1043713097
2.0963669976
2.0646512038
2.0320636586
1.9930605031
1.9620901005
1.9314136292
1.8957502736
1.8754511397
1.8648225753
1.8567155136
1.8720620560
1.8981058071
1.8976940812
1.8877249847
1.8657658150
1.8286300433
1.7731797941
1.7433423330
1.7130900229
1.6942840280
1.7058609613
1.7335692599
1.7881721645
1.8146642520
1.8364836902
1.8391877585
1.8500967231
1.8644595234
1.8729180273
1.8799609921
1.8823371762
1.8600977071
1.8653669962
1.8448281842
1.8296683768
1.8725371489
1.8504483172
1.8515241910
1.8386683430
1.8635528988
1.8662434998
1.8911065147
1.8937816464
1.8958862053
1.8874995066
1.8844264088
1.8815302183
1.8782930734
1.8808433293
1.8829958146
1.8839006281
1.8885374088
1.8946173937
1.9011309500
1.9093371632
1.9187085219
1.9466884941
1.9490639286
1.9790872415
1.9835296657
2.0208032884
2.0329910839
2.0308425299
2.0267021135
2.0417834474
2.0391863883
2.0469924762
2.0454464075
2.0606745940
2.0626433363
2.0589486689
2.0335419196
2.0204981925
2.0566315781
2.0307383123
2.0131638226
1.9986907537
1.9609730075
1.8781463386
1.8605873194
1.8319327953
1.8658586124
1.8480129874
1.8173290256
1.7837256626
1.7713842486
1.7461209665
1.7425967587
1.7448019868
1.7572087667
1.7814350569
1.7848288706
1.8540129844
1.8546714713
1.8451926637
1.8464174972
1.8442142527
1.8544904499
1.8619163143
1.8946674577
1.9088665553
1.9298038344
1.9669126124
1.9687679107
1.9879014495
1.9429050175
1.9292053895
1.9603265739
1.9541718244
2.0540824597
2.0377348127
2.0213795790
2.0068966205
1.9905686742
1.9656401924
1.9408203152
1.9131086910
1.8812133615
1.8531100300
1.8312867357
1.8174341832
1.8066742151
1.7942740327
1.7844745247
1.7745496617
1.7652915346
1.7538470874
1.7420879188
1.7291635761
1.7194881511
1.7145634721
1.7059897670
1.6950665139
1.6709033611
1.6417995244
1.6167467959
1.6001676817
1.5830653327
