0.2993147820
0.2991433213
0.3049491441
0.3037910234
0.3017152515
0.3068800896
0.3011869909
0.2965002435
0.2943973970
0.2976719667
0.2944018926
0.2894100472
0.2930192559
0.2892035700
0.2870065166
0.2952315735
0.3045188162
0.3148697108
0.3365002592
0.3458841927
0.3591865606
0.3721429552
0.3776938868
0.3824964136
0.3800144194
0.3747452554
0.3803455912
0.3826304445
0.3902022459
0.3955304741
0.4024699259
0.3926035074
0.3772533609
0.3637647518
0.3543443699
0.3489115329
0.3461839320
0.3443716093
0.3432914904
0.3433006355
0.3426470670
0.3413624962
0.3388314137
0.3321734245
0.3257111634
0.3196081686
0.3218768052
0.3301665072
0.3327403618
0.3398015537
0.3451058544
0.3453050617
0.3464943567
0.3528944720
0.3532206194
0.3559557128
0.3531206761
0.3525702963
0.3412033335
0.3366703509
0.3335117368
0.3276396707
0.3271094801
0.3263076447
0.3291790374
0.3233774332
0.3078800911
0.2873163379
0.2636913626
0.2386568451
0.2155271457
0.1993479488
0.1930356423
0.1887687093
0.1852861073
0.1810826141
0.1755801435
0.1722575471
0.1666406208
0.1582535921
0.1580733061
0.1622703179
0.1680477945
0.1816814178
0.1930495735
0.1972825020
0.2103915781
0.2137770091
0.2254287420
0.2280861790
0.2304114668
0.2383250045
0.2429920356
0.2434813808
0.2381619917
0.2407674061
0.2448975968
0.2497668734
0.2564026506
0.2591126478
0.2584940342
0.2562428989
0.2587876991
0.2794658618
0.2731290694
0.2692863179
0.2657457977
0.2696773926
0.2863960425
0.2924788500
0.2988862339
0.3047694103
0.3084531227
0.3109899751
0.3109892035
0.3028920172
0.2891231850
0.2734179953
0.2720258402
0.2690894737
0.2671799282
0.2691769871
0.2699584113
0.2681926719
0.2688901555
0.2681408774
0.2639743463
0.2609436282
0.2580121912
0.2557236071
0.2556512123
0.2562869432
0.2489799678
0.2376857028
0.2265744513
0.2269079864
0.2279179476
0.2288764753
0.2281144064
0.2268884910
0.2276519798
0.2263454093
0.2281587758
0.2287197309
0.2308745216
0.2292785884
0.2304761055
0.2259547554
0.2209520284
0.2211614298
0.2151170818
0.2106023836
0.2069109119
0.2097310714
0.2061839578
0.2021921387
0.2042127933
0.2015692166
0.1995884180
0.2040805196
0.2080675504
0.2118420683
0.2152332668
0.2164898068
0.2151698676
0.2140743025
0.2145652613
0.2155074601
0.2162912659
0.2182942528
0.2169001785
0.2174226201
0.2143901974
0.2124710579
0.2118325971
0.2112274985
0.2118350252
0.2122834142
0.2113516770
0.2124138680
0.2111480697
0.2060435742
0.2003565365
0.1952803123
0.1920048726
0.1921622139
0.1944659281
0.2000712243
0.2044411486
0.2006037592
0.1946500549
0.1844390273
0.1812812832
0.1800937188
0.1740061816
0.1702426780
0.1621861654
0.1588132618
0.1514721250
0.1417770272
0.1393391535
0.1408401174
0.1436664316
0.1628115148
0.1615092098
0.1564751707
0.1504762533
0.1473468873
0.1437410588
0.1430692699
0.1455131339
0.1438238823
0.1368292579
0.1293468661
0.1172667898
0.1085040310
0.1013933753
0.0898136102
0.0779918010
0.0701808998
0.0717803429
0.0793123103
0.0883933337
0.0948908726
0.0995968243
0.1101383461
0.1119511068
0.1123881404
0.1121628048
0.1129506786
0.1211881129
0.1240325713
0.1297368970
0.1415400318
0.1524686654
0.1611051905
0.1638142714
0.1671298549
0.1839343291
0.1883769170
0.1925837380
0.1929920556
0.1948135665
0.1977495571
0.1949711418
0.1936556683
0.1911646547
0.1842511276
0.1826183665
0.1806295796
0.1787815335
0.1781478803
0.1777297780
0.1787512795
0.1798616197
0.1856745876
0.1850718374
0.1852542042
0.1825747032
0.1847735910
0.1848615147
0.1864635913
0.1871262936
0.1903226899
0.1923708440
0.1955203861
0.1943554702
0.1952770166
0.1947788216
0.1957696055
0.1956184199
0.1989187830
0.1997841463
0.2021639581
0.2102575016
0.2143200502
0.2194601932
0.2241264831
0.2277287662
0.2311687422
0.2341329644
0.2431253180
0.2462684244
0.2494715469
0.2602106322
0.2603825771
0.2701548665
0.2703940518
0.2770412722
0.2814453875
0.2845539464
0.2829132666
0.2858143653
0.2903821261
0.2905658682
0.2950693238
0.3022405028
0.3018899566
0.3063963236
0.3098607535
0.3169714179
0.3272211016
0.3330283129
0.3383320023
0.3425450591
0.3452261029
0.3475262602
0.3503435469
0.3513552434
0.3531523788
0.3526948344
0.3498541295
0.3500908805
0.3490453201
0.3518540024
0.3529398639
0.3557272194
0.3524235585
0.3545408487
0.3563080351
0.3539259186
0.3543656435
0.3500076767
0.3498623382
0.3494758369
0.3436141648
0.3420933576
0.3329506871
0.3288994442
0.3213077666
0.3161599576
0.3143196427
0.3136878370
0.3140022169
0.3142056752
0.3139012905
0.3127789902
0.3058486397
0.3018581180
0.2925515790
0.2896749004
0.3045699243
0.3436962830
0.3567615511
0.3676470063
0.3794099128
0.3821217787
0.3945762965
0.4012253241
0.4135635023
0.4219452535
0.4355239461
0.4429676289
0.4361349247
0.4374639270
0.4516328797
0.4577133400
0.4614870635
0.4546124665
0.4446790305
0.4418859874
0.4417801125
0.4318987107
0.4267496080
0.4222894419
0.4176118363
0.4139524563
0.4134695748
0.4132463098
0.4129128546
0.4116456293
0.4091467877
0.4052105580
0.3974616617
0.3895814303
0.3740526009
0.3944331471
0.4007892250
0.4058227419
0.4049261136
0.4018083731
0.3954262812
0.3907754073
0.3864174021
0.3792669667
0.3769692246
0.3753420067
0.3722910925
0.3692654838
0.3617070879
0.3550280774
0.3411041423
0.3340743832
0.3320365569
0.3271418794
0.3233467083
0.3201809721
0.3193038544
0.3201110903
0.3217271256
0.3233633853
0.3243898750
0.3265714140
0.3275960752
0.3291033833
0.3307722719
0.3326238937
0.3337443409
0.3380827516
0.3394261536
0.3427397280
0.3451843498
0.3459868863
0.3463227489
0.3460685087
0.3462998693
0.3467678689
0.3475697239
0.3479875018
0.3483538400
0.3483037257
0.3484233279
0.3477782582
0.3464306802
0.3459691234
0.3460726398
0.3462969153
0.3471084650
0.3484245611
0.3507199740
0.3522310153
0.3530086264
0.3540257992
0.3564913106
0.3594371329
0.3613104236
0.3621660329
0.3617224367
0.3601713348
0.3570722039
0.3534711789
0.3503439321
0.3481343403
0.3474600941
0.3476977410
0.3509595143
0.3551777730
0.3612512830
0.3648065209
0.3670567683
0.3684543251
0.3700351674
