0.0456084300
0.0456084300
0.0463515868
0.0463515868
0.0463515868
0.0471628898
0.0471628898
0.0471628898
0.0478926982
0.0478926982
0.0478926982
0.0470040989
0.0470040989
0.0470040989
0.0474981360
0.0474981360
0.0474981360
0.0476337900
0.0476337900
0.0476337900
0.0477336549
0.0477336549
0.0477336549
0.0475972945
0.0475972945
0.0475972945
0.0454379694
0.0454379694
0.0454379694
0.0442941473
0.0442941473
0.0442941473
0.0387102814
0.0387102814
0.0387102814
0.0486483491
0.0486483491
0.0486483491
0.0859787217
0.0859787217
0.0859787217
0.0857350697
0.0857350697
0.0857350697
0.0862833726
0.0862833726
0.0862833726
0.0871057277
0.0871057277
0.0871057277
0.0877323529
0.0877323529
0.0877323529
0.0880233933
0.0880233933
0.0880233933
0.0889197038
0.0889197038
0.0889197038
0.0887408970
0.0887408970
0.0887408970
0.0891403883
0.0891403883
0.0891403883
0.0764846579
0.0764846579
0.0764846579
0.0528451832
0.0528451832
0.0528451832
0.0376127227
0.0376127227
0.0376127227
0.0368289293
0.0368289293
0.0368289293
0.0369886095
0.0369886095
0.0369886095
0.0376357097
0.0376357097
0.0369632512
0.0369632512
0.0369632512
0.0351940040
0.0351940040
0.0351940040
0.0347730600
0.0347730600
0.0347730600
0.0359417929
0.0359417929
0.0359417929
0.0350438254
0.0350438254
0.0350438254
0.0343954892
0.0343954892
0.0343954892
0.0344306314
0.0344306314
0.0344306314
0.0337381287
0.0337381287
0.0337381287
0.0328341833
0.0328341833
0.0328341833
0.0336429036
0.0336429036
0.0336429036
0.0335977649
0.0335977649
0.0335977649
0.0342306130
0.0342306130
0.0342306130
0.0325625634
0.0325625634
0.0325625634
0.0350584771
0.0350584771
0.0350584771
0.0358914212
0.0358914212
0.0358914212
0.0373981458
0.0373981458
0.0373981458
0.0370693073
0.0370693073
0.0370693073
0.0331081819
0.0331081819
0.0331081819
0.0343284305
0.0343284305
0.0343284305
0.0353043700
0.0353043700
0.0353043700
0.0361484931
0.0361484931
0.0361484931
0.0383694675
0.0383694675
0.0383694675
0.0397556983
0.0397556983
0.0397556983
0.0369944325
0.0369944325
0.0369944325
0.0316266232
0.0316266232
0.0316266232
0.0312725867
0.0312725867
0.0312725867
0.0316169630
0.0316169630
0.0316169630
0.0310144318
0.0310144318
0.0310144318
0.0310178362
0.0310178362
0.0310178362
0.0316152436
0.0316152436
0.0316152436
0.0325970251
0.0325970251
0.0325970251
0.0323017171
0.0323017171
0.0320212438
0.0320212438
0.0320212438
0.0330895661
0.0330895661
0.0330895661
0.0352259798
0.0352259798
0.0352259798
0.0358252400
0.0358252400
0.0358252400
0.0364827879
0.0364827879
0.0364827879
0.0384499365
0.0384499365
0.0392412188
0.0392412188
0.0388785476
0.0388785476
0.0401349074
0.0401349074
0.0392162731
0.0392162731
0.0401615309
0.0401615309
0.0420796005
0.0420796005
0.0443284539
0.0443284539
0.0419196527
0.0419196527
0.0306635019
0.0306635019
0.0298515058
0.0298515058
0.0286554246
0.0286554246
0.0305974375
0.0305974375
0.0286521187
0.0286521187
0.0275063205
0.0275063205
0.0298058473
0.0298058473
0.0308253497
0.0308253497
0.0304173627
0.0304173627
0.0294066847
0.0294066847
0.0315855089
0.0315855089
0.0397203181
0.0397203181
0.0295660372
0.0295660372
0.0273982143
0.0273982143
0.0248954304
0.0248954304
0.0467214149
0.0467214149
0.0444195099
0.0444195099
0.0348550209
0.0348550209
0.0290063179
0.0290063179
0.0231493848
0.0231493848
0.0281087952
0.0281087952
0.0291113364
0.0291113364
0.0214708310
0.0214708310
0.0196049051
0.0196049051
0.0241002422
0.0241002422
0.0270947396
0.0270947396
0.0279293884
0.0279293884
0.0259674195
0.0259674195
0.0265447698
0.0265447698
0.0258009341
0.0258009341
0.0266928197
0.0266928197
0.0304017470
0.0304017470
0.0268577647
0.0268577647
0.0276757844
0.0276757844
0.0239732613
0.0239732613
0.0240942021
0.0240942021
0.0220514955
0.0220514955
0.0191764718
0.0191764718
0.0181451095
0.0181451095
0.0224149132
0.0224149132
0.0269360488
0.0269360488
0.0273493340
0.0273493340
0.0273482941
0.0273482941
0.0269366891
0.0269366891
0.0291667374
0.0291667374
0.0269855893
0.0269855893
0.0236889396
0.0236889396
0.0218115649
0.0218115649
0.0249882154
0.0249882154
0.0249882154
0.0215086855
0.0215086855
0.0215086855
0.0213958310
0.0213958310
0.0213958310
0.0206730429
0.0206730429
0.0206730429
0.0273121828
0.0273121828
0.0273121828
0.0304522065
0.0304522065
0.0304522065
0.0318938582
0.0318938582
0.0318938582
0.0291365338
0.0291365338
0.0291365338
0.0289382285
0.0289382285
0.0289382285
0.0290180971
0.0290180971
0.0295554501
0.0295554501
0.0297252950
0.0297252950
0.0303565561
0.0303565561
0.0317993109
0.0317993109
0.0327401927
0.0327401927
0.0372670611
0.0372670611
0.0361275946
0.0361275946
0.0347619976
0.0347619976
0.0363046534
0.0363046534
0.0355406939
0.0355406939
0.0308064965
0.0308064965
0.0359267788
0.0359267788
0.0402592858
0.0402592858
0.0361993064
0.0361993064
0.0361781657
0.0361781657
0.0340723371
0.0340723371
0.0387725690
0.0387725690
0.0351928328
0.0351928328
0.0343570612
0.0343570612
0.0402061022
0.0402061022
0.0433560930
0.0433560930
0.0362211015
0.0362211015
0.0335219243
0.0335219243
0.0299558736
0.0299558736
0.0313269880
0.0313269880
0.0332763042
0.0332763042
0.0376780764
0.0376780764
0.0406316262
0.0406316262
0.0434722135
0.0434722135
0.0418844128
0.0418844128
0.0394020696
0.0394020696
0.0388643824
0.0388643824
0.0463777728
0.0463777728
0.0552861625
0.0552861625
0.0574258614
0.0574258614
0.0492570804
0.0492570804
0.0511086677
0.0511086677
0.0481144861
0.0481144861
0.0548497494
0.0548497494
0.0551016144
0.0551016144
0.0557934374
0.0557934374
0.0580925286
0.0580925286
0.0522458743
0.0522458743
0.0535502788
0.0535502788
0.0588240907
0.0588240907
0.0640110104
0.0640110104
0.0588067985
0.0588067985
0.0582642800
0.0582642800
0.0602901232
0.0602901232
0.0634553292
0.0634553292
0.0641747410
0.0641747410
0.0680164962
0.0680164962
0.0673830252
0.0673830252
0.0621160098
0.0621160098
0.0622696839
0.0622696839
0.0646827067
0.0646827067
0.0652722983
0.0652722983
0.0678642098
0.0678642098
0.0656523624
0.0656523624
0.0674909884
0.0674909884
0.0686792687
0.0686792687
0.0675673231
0.0675673231
0.0732468376
0.0732468376
0.0722128850
0.0722128850
0.0796998196
0.0796998196
0.0754047912
0.0754047912
0.0706906484
0.0706906484
0.0757614442
0.0757614442
0.0769863974
0.0769863974
0.0732239957
0.0732239957
0.0744377018
0.0744377018
0.0773056722
0.0773056722
0.0721938909
0.0721938909
1.4135968739
1.4135968739
1.4099817052
1.4099817052
1.4204293560
1.4204293560
1.4066230746
1.4066230746
1.4096617223
1.4096617223
1.4091701497
1.4091701497
1.4068516389
1.4068516389
1.4270719224
1.4270719224
1.4295521674
1.4295521674
1.4247109040
1.4247109040
1.4162289564
1.4162289564
1.4219753691
1.4219753691
1.4145627589
1.4145627589
1.4247916016
1.4247916016
1.4245133284
1.4245133284
1.4255832284
1.4255832284
1.4189215542
1.4189215542
1.4248864429
1.4248864429
1.4225836528
1.4225836528
1.4260010355
1.4260010355
1.4274675891
1.4274675891
1.4199272521
1.4199272521
1.4172810685
1.4172810685
1.4182031619
1.4182031619
1.4239882393
1.4239882393
1.4232170334
1.4232170334
1.4263967802
1.4263967802
1.4279942667
1.4279942667
1.4264264341
1.4264264341
1.4317657425
1.4317657425
1.4351733164
1.4351733164
1.4359246020
1.4359246020
1.4363145253
1.4363145253
1.4472949207
1.4472949207
1.4482256397
1.4482256397
1.4546091386
1.4546091386
1.4594121296
1.4594121296
1.4593271732
1.4593271732
1.4612278551
1.4612278551
1.4618831031
1.4618831031
1.4641169729
1.4641169729
1.4662995747
1.4662995747
1.4664022778
1.4664022778
1.4650306723
1.4650306723
1.4555689257
1.4555689257
1.4555861095
1.4555861095
1.4573484692
1.4573484692
1.4616328416
1.4616328416
1.4628473896
1.4628473896
1.4609443300
1.4609443300
1.4642081068
1.4642081068
1.4671922565
1.4671922565
1.4858753532
1.4858753532
1.4928770904
1.4928770904
1.4890908986
1.4890908986
1.4846944268
1.4846944268
1.4812097070
1.4812097070
1.4820843164
1.4820843164
1.4882358717
1.4882358717
1.4905583537
1.4905583537
1.4964856852
1.4964856852
1.4983767664
1.4983767664
1.5000920176
1.5000920176
1.5113321925
1.5113321925
1.5112655283
1.5112655283
1.5148598846
1.5148598846
1.5136230732
1.5136230732
1.5040983073
1.5040983073
1.5037316210
1.5037316210
1.5053270913
1.5053270913
1.5043279323
1.5043279323
1.5039599069
1.5039599069
1.5044450153
1.5044450153
1.5046999034
1.5046999034
1.5049323281
1.5049323281
1.5049676812
1.5049676812
1.5125451884
1.5125451884
1.5119566346
1.5119566346
1.5263265311
1.5263265311
1.5271676668
1.5271676668
1.5277008206
1.5277008206
1.5239655986
1.5239655986
1.5167847052
1.5167847052
1.5167282707
1.5167282707
1.5173955766
1.5173955766
1.5190430286
1.5190430286
1.5210695648
1.5210695648
1.5222301557
1.5222301557
1.5220303548
1.5220303548
1.5265246482
1.5265246482
1.5288446748
1.5288446748
1.5310753109
1.5310753109
1.5353838013
1.5353838013
1.5308111036
1.5308111036
1.5339846413
1.5339846413
1.5387503377
1.5387503377
1.5412622887
1.5412622887
1.5402636050
1.5402636050
1.5422164373
1.5422164373
1.5475132977
1.5475132977
1.5482322620
1.5482322620
1.5515642746
1.5515642746
1.5570433624
1.5570433624
1.5666052284
1.5666052284
1.5664735711
1.5664735711
1.5640004551
1.5640004551
1.5751662299
1.5751662299
1.5836722238
1.5836722238
1.5848543087
1.5848543087
1.5913667525
1.5913667525
1.5860255572
1.5860255572
1.5841729354
1.5841729354
1.5822265948
1.5822265948
1.5809569205
1.5809569205
1.5803840818
1.5803840818
1.5828441444
1.5828441444
1.5811894282
1.5811894282
1.5830984603
1.5830984603
1.5843046978
1.5843046978
1.5821210105
1.5821210105
1.5821671278
1.5821671278
1.5821427858
1.5821427858
1.5838288840
1.5838288840
1.5846479273
1.5846479273
1.5845387753
1.5845387753
1.5852048129
1.5852048129
1.5858717358
1.5858717358
1.5855954775
1.5855954775
1.5839213176
1.5839213176
1.5854300038
1.5854300038
1.5871151801
1.5871151801
1.4804834119
1.4804834119
1.4815038435
1.4815038435
1.4874430546
1.4874430546
1.4763484567
1.4763484567
1.4761085051
1.4761085051
1.4759933118
1.4759933118
1.4737669706
1.4737669706
1.4792406799
1.4792406799
1.4775722786
1.4775722786
1.4819382570
1.4819382570
1.4811003281
1.4811003281
1.4796349757
1.4796349757
1.4848891988
1.4848891988
1.4704445259
1.4704445259
1.4749501265
1.4749501265
1.4728839044
1.4728839044
1.4696998705
1.4696998705
1.4726246412
1.4726246412
1.4724641295
1.4724641295
1.4692316832
1.4692316832
1.4680877839
1.4680877839
1.4672570318
1.4672570318
1.4694354143
1.4694354143
1.4702898142
1.4702898142
1.4675465863
1.4675465863
1.4674367297
1.4674367297
1.4708533223
1.4708533223
1.4677034659
1.4677034659
1.4513017110
1.4513017110
1.4657609892
1.4657609892
1.4627105404
1.4627105404
1.4572765195
1.4572765195
1.4619048274
1.4619048274
1.4614399070
1.4614399070
1.4648455502
1.4648455502
1.4662374815
1.4662374815
1.4665946851
1.4665946851
1.4694096884
1.4694096884
1.4690771295
1.4690771295
1.4691399740
1.4691399740
1.4663306144
1.4663306144
1.4676876555
1.4676876555
1.4666876750
1.4666876750
1.4694063966
1.4694063966
1.4650463531
1.4650463531
1.4686943093
1.4686943093
1.4647241533
1.4647241533
1.4632274708
1.4632274708
1.4635519209
1.4635519209
1.4655844557
1.4655844557
1.4628235710
1.4628235710
1.4652089287
1.4652089287
1.4593780664
1.4593780664
1.4637982433
1.4637982433
1.4630733224
1.4630733224
1.4723092012
1.4723092012
1.4668612380
1.4668612380
1.4677883640
1.4677883640
1.4698412046
1.4698412046
1.4711979610
1.4711979610
1.4719695783
1.4719695783
1.4718693689
1.4718693689
1.4735047541
1.4735047541
1.4736022094
1.4736022094
1.4723448692
1.4723448692
1.4703390798
1.4703390798
1.4705761866
1.4705761866
1.4706847119
1.4706847119
