3.7780263197
3.8260040512
3.8214912013
3.3648401327
3.2439181325
3.0888254858
3.0402593671
3.1375828470
3.6343691972
4.5318656295
5.6642698897
6.7069818090
7.7181774639
8.3706992454
8.7800941558
9.0610862486
9.2074416913
9.2347151872
9.3448990736
9.3115114845
9.4142803032
9.4137455167
9.6287550632
9.6176622426
9.6496337378
9.6741830220
9.6346351957
9.5890503967
9.6240524230
9.6188327554
9.6845540395
9.7417051285
9.8368140091
9.8110853455
9.8616502868
9.8527087181
9.7898824071
9.7752237993
9.7654916197
9.7822041704
9.6146995994
9.6446395989
9.5330590160
9.2228120001
9.3525243967
9.4087937708
9.2023039025
9.1403236579
9.2316075462
9.0894985198
9.1998175499
9.1207486244
8.5951530067
7.7335792174
6.9981879510
6.4384987984
6.5313003074
6.1606168568
5.4273533158
5.2122528083
5.0905040418
4.9217056537
4.5925665994
4.4911354474
4.4910926792
4.4463329507
4.5068203579
4.4436460048
4.5009605096
4.2752333054
4.2575531227
4.4713689507
4.3591476338
4.3810536699
4.2539328369
4.3364127935
4.2236574963
4.0993455747
3.9564254513
3.9640562170
3.8944044782
3.7672933262
3.8439435622
3.7574530537
3.6311585614
3.5650300537
3.4520461808
3.3524117832
3.1671463880
3.1106005547
3.0451435879
2.9117624663
2.8615377563
2.7056918296
2.6167877978
2.5124876018
2.4505596828
2.3108757075
2.3586072926
2.3592643034
2.6126737285
2.4048731467
2.4447617748
2.4619623241
2.5335870468
2.5885398794
2.3348849554
2.5970338507
2.8644240115
2.8734188237
3.0876167025
3.2092533649
3.0087193650
3.2656467839
2.9106828740
2.9462811551
2.8702263154
2.5374650775
2.5137910135
2.5344939764
2.3074760332
2.5130402674
2.4633952363
2.4956396841
2.2054714988
2.5545538995
2.4270168858
2.7105075580
2.5830647446
2.6188982845
2.8581708332
2.6383255678
2.5620617743
2.4832326138
2.7069801437
2.8835582363
2.9631469535
2.8448620812
2.8309828936
2.9089752528
2.7062501972
2.8108703166
3.1255109614
2.8498504647
2.6184258593
2.6277847689
2.5524281983
3.0338253938
2.8540531525
2.7726453584
2.6469337513
2.6473656292
2.5663436987
2.3777374830
2.4430100010
2.4496302930
2.4960394340
2.4498147890
2.4800535633
2.4589714997
2.5985903501
2.5525893850
2.5270900637
2.4636632055
2.5064761541
2.4578727568
2.4614183119
2.4251007564
2.5360481769
2.3511756324
2.5086182503
2.5154124273
2.2796546715
2.2443541943
2.3470354755
2.5012608639
2.4441558038
2.5724365944
2.4985416667
2.7137087287
2.7213643573
2.6477828905
2.6557321472
2.8960918551
2.4861422181
2.8875796961
2.8404194287
2.5250110870
2.4112626661
2.3258372210
2.1564251345
2.1234640236
2.1328355561
1.9509300137
1.6649862227
1.7752465157
1.8794464100
1.8740892618
1.9523763387
1.8455735505
1.9035610611
2.0890234892
2.0834338703
1.8446805094
2.0450309636
2.1632238442
2.0679418943
1.8736619745
2.0029424733
1.8005084975
1.5523867358
1.5547058501
1.6721816974
1.8642859743
1.5813332030
1.7576142672
1.9076413028
2.0288335549
1.7563006755
1.8685339733
1.5354575447
1.5663217864
1.4286367685
1.3356273879
1.3519650999
1.4821052928
1.4893817794
1.5933367178
1.3190739903
1.4977875664
1.3544660111
1.5187999717
1.4717194679
1.5837283701
1.3637511277
1.3140494472
1.6215985005
1.7885238862
1.8847445435
1.9413917734
1.8610639233
1.5859478352
1.4285000300
1.3946011481
1.3717795776
1.3916394625
1.6014046763
1.6738474317
1.6347897786
1.9141314983
1.8309483991
1.9002025271
1.9747789735
1.8392866826
1.6563378767
1.5646164042
1.5822950785
1.5984113439
1.5663410729
1.4443749854
1.5534928150
1.5144913356
1.7221838921
1.7009609807
1.8873783934
1.7102084157
1.9027796746
1.9337720251
2.0977542783
2.1078972314
2.1761405900
1.9227688638
2.2220924014
2.2139380401
2.1144573254
2.0993583407
2.1724773357
2.1070199907
1.8983719787
2.0292189119
1.9992408492
1.9746329369
2.0931064351
1.7219925881
2.0670796552
1.9232985883
1.9701547227
1.8630701087
1.8882795773
1.8796366338
1.8127131154
1.8551689687
1.7959979070
1.8019262390
1.6616591621
1.2922322173
2.0320560638
1.8160684421
1.8848265876
2.0612639282
1.9482258847
2.1885920197
2.2612363477
2.1838662719
4.1469749999
1.9525754734
1.3068819049
1.6329958873
1.9305829489
2.0163436388
2.0835540955
1.9867240635
1.8217777197
2.5623391158
2.5622594804
2.5029487523
2.5290319158
2.5107254550
2.5683632763
2.6010897636
2.5299850136
2.6628812669
2.6037836384
2.6663916936
2.6765954809
2.6634754579
3.1616814328
3.1283726366
3.1837185366
2.3616904891
2.2492368030
2.1124984787
2.0837088861
2.1258510065
2.3359308999
2.1806649027
1.9868885350
2.8396983800
3.0846316628
2.1568074001
2.3357518986
2.2066033840
1.9475097096
2.8582560825
2.6830523281
2.1999153611
1.6673385016
1.6052443572
1.9203827371
2.0232119296
2.0250517832
1.7048766089
1.3477186803
1.2309140894
1.3914661715
1.0476755602
1.2114758339
0.7972621430
0.9443269103
1.5711136858
1.7945083242
1.5921991040
1.3988655731
1.2214327039
1.1842162249
1.1709462893
1.2724993440
1.1608005644
1.5058945577
1.5691159426
1.4343682484
1.4637116685
1.4933459018
1.3599383388
1.2105370918
1.2172152514
1.0120277914
1.1485844305
1.4458895383
1.5880915425
1.3897392035
1.3233868547
1.1997317923
0.9931912831
1.0809478236
6.2450419078
1.1813179950
2.0202559225
2.0561208464
2.8407348048
0.8447955251
1.5311356526
1.2925846394
1.5560767571
1.2823888959
1.6725635160
1.4679793795
1.0563482364
2.2185561065
2.2071651126
1.4981284466
1.5521792919
1.7282880732
1.7185756017
1.8045976859
1.2431714029
1.0474155541
1.1940278531
1.2777085411
1.4811416815
1.3646844846
1.2369933400
1.6670520396
1.1937887316
0.9100347152
1.1905556431
1.5619003217
2.0042712553
1.8667334279
1.5499386566
1.0499232106
1.1015187953
1.2090529779
0.8479362016
0.9556103481
1.3086380550
1.4891340208
0.8401078304
1.1870001738
1.2841588906
1.2529311082
1.3847699506
1.1675252732
0.9978157773
1.1125454691
1.2239578502
1.5624217514
1.4932537160
1.2099063322
1.3961085409
1.4874515680
1.3683235170
1.2471163575
1.2053341542
1.2592532149
1.1484105659
1.0017981748
0.9831984338
1.0188400226
1.2842240650
1.1522609642
0.9448742206
1.4975140765
1.0063776942
1.2419243233
1.3083353719
1.2814339234
1.8499720700
0.7035625955
1.7188217708
1.1856173405
1.3514593375
1.3779798923
1.8549634700
1.2957866314
1.3777790434
1.6220882456
1.6046764380
1.3245643339
2.0823513294
1.5596534070
0.8140046999
0.8139990256
0.8203101027
1.1781092967
1.2591151459
1.7108166380
1.1003057874
1.2212257866
1.5687624384
1.7194488493
2.2105141001
1.6187907792
1.5105819145
1.3952118292
1.5018762188
1.9209238606
1.6044271983
1.5819775684
1.4424973657
1.9339509944
1.6480343533
1.3648154254
1.2225979511
1.0835924579
1.0103376074
1.2277326515
1.3139870706
1.2461961018
1.5181480610
2.1791960177
2.0867703839
1.8742167662
1.7365291195
1.5627580381
1.5047567494
1.7153274188
1.7499947753
2.0446900004
2.0478482091
2.0583695043
1.8387380743
1.6093473607
1.3761840995
1.5469938454
1.3816543544
1.2520605567
1.1732401305
1.0496829168
1.2289729628
1.3473291398
1.3646136811
1.4984562251
1.4340221121
1.5053579128
1.5394602356
1.5489231803
1.8208018259
1.6484538969
1.6909811587
1.6259973511
1.7946022866
1.4196033910
1.7652110274
2.2591126542
2.5592758501
2.3299745628
3.5966347582
1.7531733324
1.9284956821
2.0698916317
1.9304710554
1.8494699576
1.6798324277
1.8136462279
1.8904115438
1.8706113611
2.0384604999
2.0167020855
1.6383031441
1.5360436739
1.5895371644
1.4108119871
1.7179948532
1.9900236911
1.5913610199
1.3161399689
1.8404132639
1.9289182722
2.5501166902
2.6008175966
2.2762391966
2.2773623203
2.0327464554
2.0974519236
2.1948681781
1.9454257880
1.3137942542
1.4931785447
1.7720528736
1.9653239796
2.2191857969
2.2236850026
2.2020232655
2.2585773894
1.9194897177
1.9575340599
1.6267801164
1.8852648218
2.0700322183
2.1255927204
1.8482541217
2.5888981921
2.7524237171
2.7349446889
2.4572471329
2.4683982555
2.2574042208
1.9301335791
2.1553118961
2.3412587425
2.1946256909
2.0967427358
2.1544977202
2.0386494344
1.8494758400
1.7886550973
1.8625846139
1.5897522152
1.5755557221
1.4850092152
1.4063469399
1.4451888243
2.1709611789
2.1758955036
2.2670927942
2.2098779106
2.3816517211
2.4742463491
2.3123657081
2.2372141454
2.2666735686
2.5145380900
2.5197941787
2.3898838036
2.4127893474
2.4281599528
2.2132277859
2.2733560125
2.0035706513
1.7458011344
1.5518684046
2.3308061031
1.6633376908
1.7578814592
1.6678173269
1.4313988601
1.9058200566
2.0163988295
2.5668810044
2.2650249437
2.1816355084
1.5439154565
1.4071428963
1.8050661427
1.7982682038
2.2602210643
2.1712804503
2.2493276749
1.9876713347
1.8761374497
1.9897738930
2.1945725736
1.8823856507
1.7767462134
1.6503349752
1.5246295757
1.5082887800
1.2157215613
1.5913583210
1.5161435847
1.6731026878
1.7981698380
1.2519898428
1.0626510297
1.1260182841
1.2907413825
1.4688881064
1.5259558581
1.6368035367
1.7395523064
0.8906109051
0.5954230121
0.8587729292
0.9562748622
1.0308093329
1.1359878151
1.1591989299
1.4885950321
1.4402767909
1.7439828314
1.4495418840
1.6791268955
1.5487376308
0.9346402336
1.0507799331
1.1263581918
1.2592188097
1.2133973042
1.0290147779
1.1438284765
0.9859630920
1.0419451786
0.9050439087
1.1828545537
1.4429226722
1.3065977229
1.5328834120
1.3675752477
1.4410609991
0.7331108347
0.9516295817
1.1671710235
1.0819854409
0.8532364189
1.2229654746
1.2524825337
1.2348627055
1.3642029788
1.4426903580
1.4411186032
1.5689318344
1.2581448153
1.1100419321
1.3423527854
1.1382001016
1.3054336619
0.9491386575
1.2155098088
0.9168222993
0.4649564739
0.4952488813
0.4503492273
0.5240494963
0.4598967718
0.6243994213
0.5591309102
0.4890583298
0.3425505787
0.3790890481
0.4872544744
0.5170290563
0.4243429735
0.2927751419
0.6192077367
0.7750011529
1.1058417331
1.0985394584
1.1593868686
1.4629094590
1.4488998834
1.6334975451
1.1959239383
1.1639688745
0.8173238998
0.6973911992
0.8565012066
0.7174913374
0.6741248365
1.1331153257
1.3623977983
1.3475975470
1.3858853397
1.6521393631
1.0885666282
1.1951542012
1.2763417177
1.1378362949
1.2864037431
0.9654607725
0.9657441279
0.8708787400
0.6747123675
1.0973356253
1.2335352071
1.1138719398
0.9776542734
0.7257561332
0.8855552192
1.6120160554
1.4998599885
1.5767971275
1.5503490992
0.9706424338
0.9451823538
1.3834657063
1.8638248424
1.8828663798
1.0718712457
1.0158102709
0.9839320849
0.7774418273
0.7153903123
0.7549889922
0.6682676154
0.8030971601
0.6073550565
0.5342487693
0.7001999478
1.7532667120
1.0665390100
1.7386400358
1.1167386414
1.1724279121
1.2842467796
1.7556889785
1.4583344867
1.4929451109
1.6866547054
1.3223148732
1.1292840221
0.9529692439
0.7684078594
0.8060981978
0.9003578493
1.1276428133
1.0480884846
0.9002519034
1.4680965599
1.2168484243
0.6941745464
0.5607988090
0.6247322571
0.2866174703
0.6252945743
1.0667570387
1.1844125240
0.6882650583
0.7080809969
0.8138273727
0.5845209554
0.5038969919
0.6886273053
0.6348071665
0.8657939544
1.0569560926
0.8782770032
1.2220366061
1.1828833478
1.0978175654
1.0290603456
1.2600755785
1.3162543321
1.6859831262
1.5606422966
1.2283402426
1.4139540776
1.2593505978
1.2824606414
1.3374906976
1.2082029842
0.9649335327
0.6541794527
1.1392648010
1.0378953767
1.0063401688
1.0416945880
0.7954682150
0.6830931985
0.6235538069
0.8070600586
0.9065809421
0.7395141997
0.6289422176
0.5324351270
0.4399167763
0.5540186542
0.4269609489
0.3776898908
0.5103886207
0.2387714579
0.3018329603
0.4050717841
0.4618944403
0.4419650576
0.2802137909
0.2558101179
0.2614208105
0.3137967061
0.1924500420
0.2391173442
0.4285260759
0.4872356253
0.6270768121
0.6495444133
0.7232709954
0.8763014389
0.6167800340
0.8738981145
1.1218354694
0.9150897587
0.6860826672
0.7800745632
0.7590148607
0.7336954263
0.6790938162
0.6788343170
0.4803691395
0.5872861774
0.6837672950
0.2790674439
0.2991211104
0.2622631236
0.2657601077
0.3892526689
0.6215117727
0.4816728418
0.2301201050
0.1550278051
0.5624373962
0.5723497279
0.7089575601
0.6238014621
0.5299881066
0.7213811888
0.7503707907
1.0729335974
2.0984060186
1.1632794692
1.5228547487
1.2263349944
1.1350732676
1.2006276307
1.0046927405
1.0058989029
1.6749622871
1.5931101113
1.5000499774
1.5684398194
1.5606478543
1.6575180407
1.7885832866
1.7308841333
1.6730196469
1.4778634934
1.2779096447
1.4241534498
1.5255987137
1.3623310750
1.3661094603
1.1259440600
1.0219804500
0.7592696183
0.6966970554
0.6632270229
0.4335319308
0.4571389326
0.6450154264
0.5513209603
0.5841547689
0.5803905488
0.9165203979
0.8733860360
1.1754421627
0.8766306369
1.0180645391
0.7565875880
1.2403517936
1.3092298316
1.4968317188
1.3617349418
1.3795374462
1.4709098015
1.3463689080
1.4438073310
1.5823744948
1.3875831667
1.1078283368
1.2790657843
1.2519745737
1.5192469979
1.8298645879
0.4652216538
0.3477831780
0.3903910714
0.5512588734
0.1391183480
0.2748884321
0.4948572208
0.6130031425
0.6999411533
0.7562869466
0.7259149382
0.6554570825
0.6962118109
0.9827050174
0.8953073498
1.2001540623
1.2921746160
1.3444415263
1.1638941443
1.5289441778
1.3751805133
1.2259611862
0.9522684326
1.1064078980
1.1232043804
1.2660926107
1.3342868218
1.1233337543
1.2723904892
1.1072461997
1.0617203263
1.0034351770
1.0830201651
1.0713633687
1.2123157209
1.3668864908
1.1776071326
0.9842182032
1.4028909407
1.3750710226
1.7043673628
1.1124871862
0.6039950386
0.8689663591
0.7894431253
0.7847283644
0.8414733820
0.9638579933
1.0253859872
0.7967272473
1.1375524068
1.1349977391
1.2151484827
1.2882416977
1.2745556837
1.3118480288
1.3044299975
1.3744562710
1.2047779381
1.0166397878
1.0192789156
0.9514592299
0.9125533443
0.9387337184
1.3030601770
1.2798198441
1.0424415425
1.1619110456
1.0908898044
0.8021777509
0.7034067751
0.8543455768
0.7341963270
0.8537985363
0.7853284608
0.8991524632
0.9670695962
0.5501485288
0.5823664618
0.6200346235
0.6484603097
0.3572387410
0.5639689536
0.7658505902
0.7679532741
0.5551022755
0.8342950279
0.5821080890
0.6496709396
0.8249889570
1.2862502784
1.2894972408
1.1063164293
1.0916626639
0.7828463196
0.9082666848
1.5855610987
1.1364508716
1.2704475720
1.3653040713
1.1892415960
1.2358011443
0.7374780933
0.8981113687
0.7819266268
0.7244778247
0.7361770019
0.8287696023
0.9566196452
0.9993244895
1.1723621370
0.6431748114
0.4546583045
0.8805442055
1.1016782628
1.2863323644
1.3189612982
0.9072968952
1.0763308218
1.0124512020
1.1780562013
1.0098476397
0.8272681942
1.0241186223
1.3633198046
1.1446640410
1.0731861108
1.2303022512
1.2027024484
1.4350837697
1.5056212774
1.4575475027
1.3098498997
1.8732447576
1.8676187546
1.7699713730
1.5824558798
2.1064616027
2.6199199573
2.2045198490
2.1566502473
2.2739574578
2.1457899418
1.8648763426
1.9649912749
1.8224725999
1.6085037486
1.5284878396
1.6847052262
1.5745502137
1.4669767960
1.5326623946
1.7806242599
1.9138692541
1.9878960407
1.9411545246
1.9317938307
2.0968002178
2.0112804173
1.9586531122
1.9825613562
1.9951128217
1.9746472029
2.1649168079
2.1739100839
1.9488131467
1.9288380813
2.0629875382
2.0406716791
1.9820864520
1.9576952258
2.0999292464
2.0774514175
2.2779842633
2.2239077528
2.3251028578
2.3116034204
2.3731964556
2.3080667297
2.5155695105
2.7368994318
2.8131942410
2.5204832437
2.4522407692
2.2930062933
2.1963538767
2.2917682604
2.2051201155
2.1958409533
2.2139414059
2.2630228588
2.8451350434
2.5351592442
2.6414481484
2.4281664747
2.4296085865
2.4948322444
2.5223736882
2.4992836074
2.4158983973
2.3176002412
2.5064104230
2.1130174819
2.0887119902
2.1931581557
2.1995217573
2.2951043365
2.2419384770
2.0903515603
2.2754998814
2.2731743190
2.0387797386
2.2594920393
2.2855444166
1.7807308827
2.0071700870
2.4062998142
1.9832865739
2.0399418240
1.9476684627
1.8866309527
2.2711547072
2.1601266632
2.0775533824
1.9382047241
1.6602200678
1.9002643167
1.9173154847
1.5717374556
1.5283985125
1.6304629013
1.6792601367
1.8750201839
1.8483199465
1.7278979939
1.8202690387
1.6170365158
1.5870314447
1.6680889456
1.7017994896
1.7225205916
1.7765194348
1.7232668501
1.8459943625
1.7736333305
1.8056878194
1.7859083133
1.6627542031
1.8828233740
1.8318447930
1.8543428459
1.8131667077
1.8894363580
1.6022337942
1.7960297666
1.8031306238
1.8283968724
1.8908154257
1.9269582036
2.0800463479
1.9418541308
1.8950539751
1.9470677801
1.8635734558
1.7871950970
1.4182883085
1.6935067118
1.7543906344
1.8125209901
1.8429523180
1.6157395439
2.1765040811
1.8273159955
1.4170753344
1.5913233185
1.4078967259
1.5581066474
1.6429658916
1.6557673696
1.4020038425
1.5548694239
1.4518932770
1.4877722672
1.5349964678
1.3701363304
1.5199163652
1.4779475573
1.7028558743
1.7359808955
1.5038628799
1.4335341103
1.2918345521
2.1526510829
1.8527282941
1.7321528482
1.4351387647
1.6657413228
1.6821280542
1.6055526045
1.5762893820
1.6502428506
1.5948115490
1.6533003454
1.5353475073
1.6191430412
1.6587589387
1.3597063239
1.3526865434
1.4537007209
1.4328839292
1.6090781838
1.5217698449
1.6373384434
1.5730959994
1.6180114297
1.6128158962
1.5171822405
1.6169194669
1.5328457167
1.5274234982
1.4494670007
1.4511144861
1.3836938896
1.4091474110
1.2908704239
1.2356662485
1.4071242741
