0.0322945079
0.0322945079
0.0288669833
0.0288669833
0.0256348851
0.0256348851
0.0234500836
0.0234500836
0.0224282597
0.0224282597
0.0179347983
0.0179347983
0.0172252097
0.0172252097
0.0232709656
0.0232709656
0.0331584801
0.0331584801
0.0334573850
0.0334573850
0.0336094898
0.0336094898
0.0473183549
0.0473183549
0.0450889510
0.0450889510
0.0582359135
0.0582359135
0.0616031174
0.0616031174
0.0659846074
0.0659846074
0.0710644759
0.0710644759
0.1065165487
0.1065165487
0.0721871464
0.0721871464
0.0544978385
0.0544978385
0.0709624974
0.0709624974
0.0625336891
0.0625336891
0.0640123052
0.0640123052
0.0376666410
0.0376666410
0.0313184681
0.0313184681
0.0194076641
0.0194076641
0.0203275224
0.0203275224
0.0309760450
0.0309760450
0.0319505748
0.0319505748
0.0139014762
0.0139014762
0.0122927676
0.0122927676
0.0389261062
0.0389261062
0.0874345454
0.0874345454
0.0734605995
0.0734605995
0.0563022175
0.0563022175
0.0179869755
0.0179869755
0.0084731820
0.0084731820
0.0725615912
0.0725615912
0.0775125717
0.0775125717
0.0164187300
0.0164187300
0.0172927752
0.0172927752
0.1055389937
0.1055389937
0.1271819053
0.1271819053
0.0364639373
0.0364639373
0.0560745848
0.0560745848
0.0133803203
0.0133803203
0.0080588420
0.0080588420
0.0770444829
0.0770444829
0.0831007904
0.0831007904
0.0719966976
0.0719966976
0.0619896403
0.0619896403
0.0149005672
0.0149005672
0.0423634943
0.0423634943
0.0531092664
0.0531092664
0.0583941515
0.0583941515
0.0201654006
0.0201654006
0.0206319745
0.0206319745
0.0523782091
0.0523782091
0.0513301085
0.0513301085
0.0350203768
0.0350203768
0.0181429687
0.0181429687
0.0327724628
0.0327724628
0.0434357095
0.0434357095
0.0397179687
0.0397179687
0.0491033176
0.0491033176
0.0547462272
0.0547462272
0.0409984861
0.0409984861
0.0442325584
0.0442325584
0.0408202698
0.0408202698
0.0337276548
0.0337276548
0.0289450851
0.0289450851
0.0225854286
0.0225854286
0.0180711185
0.0180711185
0.0167338281
0.0167338281
0.0367228583
0.0367228583
0.0268091375
0.0268091375
0.0113318128
0.0113318128
0.0225373560
0.0225373560
0.0284295064
0.0284295064
0.0200557111
0.0200557111
0.0197636669
0.0197636669
0.0192840805
0.0192840805
0.0239612659
0.0239612659
0.0204283033
0.0204283033
0.0273584553
0.0273584553
0.0332420288
0.0332420288
0.0123550704
0.0123550704
0.0176533649
0.0176533649
0.0169818659
0.0169818659
0.0142917634
0.0142917634
0.0153919236
0.0153919236
0.0106953772
0.0106953772
0.0139469397
0.0139469397
0.0114529535
0.0114529535
0.0478143591
0.0478143591
0.0331920487
0.0331920487
0.0316454829
0.0316454829
0.0193636143
0.0193636143
0.0401644333
0.0401644333
0.0237213766
0.0237213766
0.0227871520
0.0227871520
0.0248916640
0.0248916640
0.0237355615
0.0237355615
0.0201183154
0.0201183154
0.0195347818
0.0195347818
0.0190449519
0.0190449519
0.0176905323
0.0176905323
0.0150474059
0.0150474059
0.0190506978
0.0190506978
0.0305318100
0.0305318100
0.0287312660
0.0287312660
0.0246296373
0.0246296373
0.0195152649
0.0195152649
0.0194084021
0.0194084021
0.0216969495
0.0216969495
0.0200808384
0.0200808384
0.0206608862
0.0206608862
0.0231445697
0.0231445697
0.0248952439
0.0248952439
0.0203888808
0.0203888808
0.0190005431
0.0190005431
0.0204651045
0.0204651045
0.0200367784
0.0200367784
0.0174889284
0.0174889284
0.0222105855
0.0222105855
0.0180117026
0.0180117026
0.0168844971
0.0168844971
0.0192303841
0.0192303841
0.0197645944
0.0197645944
0.0203397866
0.0203397866
0.0146536447
0.0146536447
0.0183508725
0.0183508725
0.0228581068
0.0228581068
0.0207247359
0.0207247359
0.0154948520
0.0154948520
0.0169818531
0.0169818531
0.0252361582
0.0252361582
0.0211350138
0.0211350138
0.0223887115
0.0223887115
0.0278259705
0.0278259705
0.0161183529
0.0161183529
0.0118111184
0.0118111184
0.0242342799
0.0242342799
0.0290583183
0.0290583183
0.0298803454
0.0298803454
0.0336634362
0.0336634362
0.0304751221
0.0304751221
0.0314706291
0.0314706291
0.0301786170
0.0301786170
0.0294049812
0.0294049812
0.0185753243
0.0185753243
0.0137506391
0.0137506391
0.0221061707
0.0221061707
0.0355752853
0.0355752853
0.0254741568
0.0254741568
0.0293387640
0.0293387640
0.0346802302
0.0346802302
0.0342691774
0.0342691774
0.0377024112
0.0377024112
0.0381120790
0.0381120790
0.0355969235
0.0355969235
0.0250553329
0.0250553329
0.0277309554
0.0277309554
0.0316885102
0.0316885102
0.0291082156
0.0291082156
0.0296476281
0.0296476281
0.0383808349
0.0383808349
0.0336169946
0.0336169946
0.0241956540
0.0241956540
0.0262397537
0.0262397537
0.0244989414
0.0244989414
0.0309520357
0.0309520357
0.0315016619
0.0315016619
0.0338878330
0.0338878330
0.0339963562
0.0339963562
0.0376269387
0.0376269387
0.0419660716
0.0419660716
0.0431968535
0.0431968535
0.0487513676
0.0487513676
0.0487897710
0.0487897710
0.0459490166
0.0459490166
0.0461839025
0.0461839025
0.0430320142
0.0430320142
0.0426991833
0.0426991833
0.0447963841
0.0447963841
0.0444584058
0.0444584058
0.0480259780
0.0480259780
0.0429514133
0.0429514133
0.0400108936
0.0400108936
0.0421761240
0.0421761240
0.0391115673
0.0391115673
0.0349232646
0.0349232646
0.0322953553
0.0322953553
0.0324831362
0.0324831362
0.0307494303
0.0307494303
0.0364918580
0.0364918580
0.0387843657
0.0387843657
0.0386848455
0.0386848455
0.0377079121
0.0377079121
0.0360516810
0.0360516810
0.0366069133
0.0366069133
0.0373745245
0.0373745245
0.0324625260
0.0324625260
0.0342133224
0.0342133224
0.0314038015
0.0314038015
0.0326304258
0.0326304258
0.0335547500
0.0335547500
0.0323927393
0.0323927393
0.0283113540
0.0283113540
0.0271160019
0.0271160019
0.0325550537
0.0325550537
0.0325043294
0.0325043294
0.0372058430
0.0372058430
0.0363400412
0.0363400412
0.0324342926
0.0324342926
0.0336412072
0.0336412072
0.0328084767
0.0328084767
0.0288511123
0.0288511123
0.0251960996
0.0251960996
0.0088242819
0.0088242819
0.0073938286
0.0073938286
0.0059103729
0.0059103729
0.0168855921
0.0168855921
0.0164750987
0.0164750987
0.0180438125
0.0180438125
0.0095461704
0.0095461704
0.0128037681
0.0128037681
0.0157023962
0.0157023962
0.0197128823
0.0197128823
0.0110933917
0.0110933917
0.0156255564
0.0156255564
0.0066725376
0.0066725376
0.0074193136
0.0074193136
0.0077414661
0.0077414661
0.0089247241
0.0089247241
0.0130122095
0.0130122095
0.0163699011
0.0163699011
0.0248904007
0.0248904007
0.0264378304
0.0264378304
0.0258606427
0.0258606427
0.0312828643
0.0312828643
0.0356183749
0.0356183749
0.0272490344
0.0272490344
0.0298768613
0.0298768613
0.0272138615
0.0272138615
0.0267589953
0.0267589953
0.0325661819
0.0325661819
0.0322359882
0.0322359882
0.0284981004
0.0284981004
0.0177571618
0.0177571618
0.0102469505
0.0102469505
0.0067598350
0.0067598350
0.0104072529
0.0104072529
0.0080080360
0.0080080360
0.0088660313
0.0088660313
0.0127995994
0.0127995994
0.0134580794
0.0134580794
0.0184600994
0.0184600994
0.0155531423
0.0155531423
0.0124809271
0.0124809271
0.0089800382
0.0089800382
0.0123190401
0.0123190401
0.0123238076
0.0123238076
0.0115389181
0.0115389181
0.0119526598
0.0119526598
0.0106175717
0.0106175717
0.0110334243
0.0110334243
0.0080885927
0.0080885927
0.0087807421
0.0087807421
0.0067588544
0.0067588544
0.0078007960
0.0078007960
0.0050669612
0.0050669612
0.0070907907
0.0070907907
0.0055522476
0.0055522476
0.0032900698
0.0032900698
0.0034268466
0.0034268466
0.0019984528
0.0019984528
0.0047063195
0.0047063195
0.0067876151
0.0067876151
0.0089741826
0.0089741826
0.0065927973
0.0065927973
0.0146887205
0.0146887205
0.0097764373
0.0097764373
0.0160892124
0.0160892124
0.0185150659
0.0185150659
0.0175047308
0.0175047308
0.0063045526
0.0063045526
0.0060797455
0.0060797455
0.0052665765
0.0052665765
0.0181113797
0.0181113797
0.0212427788
0.0212427788
0.0317030654
0.0317030654
0.0231158749
0.0231158749
0.0143043756
0.0143043756
0.0198811578
0.0198811578
0.0155215008
0.0155215008
0.0194201036
0.0194201036
0.0195520760
0.0195520760
0.0143675672
0.0143675672
0.0069332845
0.0069332845
0.0075397597
0.0075397597
0.0089313336
0.0089313336
0.0078127011
0.0078127011
0.0110045119
0.0110045119
0.0116439112
0.0116439112
0.0124257764
0.0124257764
0.0132750719
0.0132750719
0.0137054312
0.0137054312
0.0171529893
0.0171529893
0.0088728381
0.0088728381
0.0070202056
0.0070202056
0.0073768848
0.0073768848
0.0054162701
0.0054162701
0.0073069117
0.0073069117
0.0041465832
0.0041465832
0.0046878850
0.0046878850
0.0060026697
0.0060026697
0.0106847947
0.0106847947
0.0110027782
0.0110027782
0.0132378461
0.0132378461
0.0171667663
0.0171667663
0.0123922208
0.0123922208
0.0084905174
0.0084905174
0.0115619757
0.0115619757
0.0078361043
0.0078361043
0.0082606140
0.0082606140
0.0087055262
0.0087055262
0.0113462141
0.0113462141
0.0119488452
0.0119488452
0.0111144305
0.0111144305
0.0099118962
0.0099118962
0.0112557250
0.0112557250
0.0154542551
0.0154542551
0.0166851419
0.0166851419
0.0149280611
0.0149280611
0.0136590434
0.0136590434
0.0205926014
0.0205926014
0.0170145464
0.0170145464
0.0151204410
0.0151204410
0.0201056224
0.0201056224
0.0211827301
0.0211827301
0.0214655135
0.0214655135
0.0188752551
0.0188752551
0.0172664452
0.0172664452
0.0192282690
0.0192282690
0.0136681623
0.0136681623
0.0137457904
0.0137457904
0.0081770485
0.0081770485
0.0140216834
0.0140216834
0.0156421103
0.0156421103
0.0191642864
0.0191642864
0.0177811418
0.0177811418
0.0184399698
0.0184399698
0.0204430168
0.0204430168
0.0211654292
0.0211654292
0.0285063139
0.0285063139
0.0287903822
0.0287903822
0.0286600284
0.0286600284
0.0290108448
0.0290108448
0.0266756893
0.0266756893
0.0270958027
0.0270958027
0.0341622440
0.0341622440
0.0350479908
0.0350479908
0.0309867997
0.0309867997
0.0350483456
0.0350483456
0.0378362823
0.0378362823
0.0364030851
0.0364030851
0.0326888988
0.0326888988
0.0342721347
0.0342721347
0.0347023328
0.0347023328
0.0353400422
0.0353400422
0.0354279170
0.0354279170
0.0356916255
0.0356916255
0.0321743903
0.0321743903
0.0348033018
0.0348033018
0.0337355227
0.0337355227
0.0440714181
0.0440714181
0.0407266545
0.0407266545
0.0379045733
0.0379045733
0.0335977237
0.0335977237
0.0348764698
0.0348764698
0.0338643423
0.0338643423
0.0313654232
0.0313654232
0.0273885950
0.0273885950
0.0263516769
0.0263516769
0.0286792888
0.0286792888
0.0241246932
0.0241246932
0.0247324389
0.0247324389
0.0246340130
0.0246340130
0.0218097236
0.0218097236
0.0204170254
0.0204170254
0.0209001869
0.0209001869
0.0221157962
0.0221157962
0.0267230017
0.0267230017
0.0282351752
0.0282351752
0.0305867738
0.0305867738
0.0295769597
0.0295769597
0.0270852502
0.0270852502
0.0282657680
0.0282657680
0.0290550961
0.0290550961
0.0264964754
0.0264964754
0.0213707716
0.0213707716
0.0217867274
0.0217867274
0.0198648388
0.0198648388
0.0210326667
0.0210326667
0.0206121678
0.0206121678
0.0203256553
0.0203256553
0.0195798530
0.0195798530
0.0192785459
0.0192785459
0.0229817370
0.0229817370
0.0278486718
0.0278486718
0.0301041829
0.0301041829
0.0296468952
0.0296468952
0.0295598869
0.0295598869
0.0289953329
0.0289953329
0.0258880711
0.0258880711
0.0259735342
0.0259735342
0.0306697939
0.0306697939
0.0327336902
0.0327336902
0.0280516211
0.0280516211
0.0253422136
0.0253422136
0.0205215794
0.0205215794
0.0223424812
0.0223424812
0.0139320168
0.0139320168
0.0185224547
0.0185224547
0.0196592992
0.0196592992
0.0240962233
0.0240962233
0.0114161511
0.0114161511
0.0125361592
0.0125361592
0.0103620511
0.0103620511
0.0130245345
0.0130245345
0.0146694026
0.0146694026
0.0120210534
0.0120210534
0.0113770728
0.0113770728
0.0145523745
0.0145523745
0.0127763085
0.0127763085
0.0216198641
0.0216198641
0.0213274331
0.0213274331
0.0205973038
0.0205973038
0.0223695381
0.0223695381
0.0215928401
0.0215928401
0.0195434624
0.0195434624
0.0217297613
0.0217297613
0.0197827722
0.0197827722
0.0212804946
0.0212804946
0.0212429969
0.0212429969
0.0172499169
0.0172499169
0.0150875272
0.0150875272
0.0184794675
0.0184794675
0.0166937920
0.0166937920
0.0223730583
0.0223730583
0.0202242278
0.0202242278
0.0154208260
0.0154208260
0.0159509384
0.0159509384
0.0171551897
0.0171551897
0.0168903130
0.0168903130
0.0154232492
0.0154232492
0.0196238424
0.0196238424
0.0246651280
0.0246651280
0.0316732447
0.0316732447
0.0250902276
0.0250902276
0.0184661991
0.0184661991
0.0174181612
0.0174181612
0.0139680790
0.0139680790
0.0187866909
0.0187866909
0.0231487118
0.0231487118
0.0272012362
0.0272012362
0.0268542432
0.0268542432
0.0233130029
0.0233130029
0.0252477452
0.0252477452
0.0273227082
0.0273227082
0.0274803889
0.0274803889
0.0267789879
0.0267789879
0.0260582790
0.0260582790
0.0323146045
0.0323146045
0.0259208422
0.0259208422
0.0254991820
0.0254991820
0.0221042467
0.0221042467
0.0208105989
0.0208105989
0.0178799246
0.0178799246
0.0146971279
0.0146971279
0.0168920047
0.0168920047
0.0069294916
0.0069294916
0.0063451826
0.0063451826
0.0096241963
0.0096241963
0.0119874759
0.0119874759
0.0130447748
0.0130447748
0.0147789331
0.0147789331
0.0159574527
0.0159574527
0.0155101418
0.0155101418
0.0143862898
0.0143862898
0.0146313787
0.0146313787
0.0140636741
0.0140636741
0.0120206957
0.0120206957
0.0159399591
0.0159399591
0.0220452947
0.0220452947
0.0198381285
0.0198381285
0.0155216972
0.0155216972
0.0125939633
0.0125939633
0.0131861546
0.0131861546
0.0135017826
0.0135017826
0.0110829706
0.0110829706
0.0124433878
0.0124433878
0.0112822939
0.0112822939
0.0124567242
0.0124567242
0.0147752900
0.0147752900
0.0193284701
0.0193284701
0.0174969174
0.0174969174
0.0170349540
0.0170349540
0.0175265422
0.0175265422
0.0173380570
0.0173380570
0.0201226998
0.0201226998
0.0194756874
0.0194756874
0.0221429616
0.0221429616
0.0156487324
0.0156487324
0.0164193998
0.0164193998
0.0158895787
0.0158895787
0.0200783644
0.0200783644
0.0167816541
0.0167816541
0.0195546989
0.0195546989
0.0197014958
0.0197014958
0.0153646065
0.0153646065
0.0149398897
0.0149398897
0.0197395135
0.0197395135
0.0170477199
0.0170477199
0.0209757411
0.0209757411
0.0192224843
0.0192224843
0.0174138076
0.0174138076
0.0202466223
0.0202466223
0.0188701805
0.0188701805
0.0173644626
0.0173644626
0.0181302438
0.0181302438
0.0124829923
0.0124829923
0.0200529747
0.0200529747
0.0255105392
0.0255105392
0.0243172653
0.0243172653
0.0222614015
0.0222614015
0.0248417831
0.0248417831
0.0225922840
0.0225922840
0.0172586915
0.0172586915
0.0179968410
0.0179968410
0.0169095060
0.0169095060
0.0140015888
0.0140015888
0.0146136466
0.0146136466
0.0111048448
0.0111048448
0.0125978634
0.0125978634
0.0127886115
0.0127886115
0.0100785920
0.0100785920
0.0133647739
0.0133647739
0.0101330985
0.0101330985
0.0143766837
0.0143766837
0.0160179970
0.0160179970
0.0135966575
0.0135966575
0.0155374601
0.0155374601
0.0033799061
0.0033799061
0.0106872200
0.0106872200
0.0091565260
0.0091565260
0.0030384097
0.0030384097
0.0111213770
0.0111213770
0.0139778227
0.0139778227
0.0168029675
0.0168029675
0.0234215978
0.0234215978
0.0226668313
0.0226668313
0.0255974166
0.0255974166
0.0267518501
0.0267518501
0.0266896957
0.0266896957
0.0263557152
0.0263557152
0.0208870963
0.0208870963
0.0192460841
0.0192460841
0.0179060055
0.0179060055
0.0193544352
0.0193544352
0.0225626086
0.0225626086
0.0231073896
0.0231073896
0.0183086416
0.0183086416
0.0167715808
0.0167715808
0.0161954036
0.0161954036
0.0192551198
0.0192551198
0.0230575958
0.0230575958
0.0219672657
0.0219672657
0.0190168805
0.0190168805
0.0134554392
0.0134554392
0.0176337938
0.0176337938
0.0172944027
0.0172944027
0.0119347219
0.0119347219
0.0072967905
0.0072967905
0.0071283339
0.0071283339
0.0094055869
0.0094055869
0.0091368740
0.0091368740
0.0097752596
0.0097752596
0.0124623148
0.0124623148
0.0102299637
0.0102299637
0.0121912637
0.0121912637
0.0218338969
0.0218338969
0.0308729742
0.0308729742
0.0414131082
0.0414131082
0.0402955055
0.0402955055
0.0364939584
0.0364939584
0.0440538179
0.0440538179
0.0411679352
0.0411679352
0.0447077193
0.0447077193
0.0408309459
0.0408309459
0.0366126281
0.0366126281
0.0275728542
0.0275728542
0.0249216664
0.0249216664
0.0265941475
0.0265941475
0.0282374881
0.0282374881
0.0292437167
0.0292437167
0.0297526571
0.0297526571
0.0242040998
0.0242040998
0.0224156419
0.0224156419
0.0234215473
0.0234215473
0.0207509751
0.0207509751
0.0177630338
0.0177630338
0.0225461789
0.0225461789
0.0259202752
0.0259202752
0.0247249189
0.0247249189
0.0208328718
0.0208328718
0.0215154191
0.0215154191
0.0206151496
0.0206151496
0.0220604495
0.0220604495
0.0226755076
0.0226755076
0.0223237915
0.0223237915
0.0217628368
0.0217628368
0.0227805931
0.0227805931
0.0209045146
0.0209045146
0.0157291476
0.0157291476
0.0069411855
0.0069411855
0.0090640001
0.0090640001
0.0077548036
0.0077548036
0.0111733043
0.0111733043
0.0107250925
0.0107250925
0.0129997373
0.0129997373
0.0128372974
0.0128372974
0.0158483892
0.0158483892
0.0167714891
0.0167714891
0.0146231715
0.0146231715
0.0129418751
0.0129418751
0.0225660332
0.0225660332
0.0130039765
0.0130039765
0.0159894659
0.0159894659
0.0180362770
0.0180362770
0.0182562150
0.0182562150
0.0157150478
0.0157150478
0.0228579526
0.0228579526
0.0282223575
0.0282223575
0.0295617687
0.0295617687
0.0254301045
0.0254301045
0.0219095443
0.0219095443
0.0199603607
0.0199603607
0.0207821842
0.0207821842
0.0234349931
0.0234349931
0.0252559245
0.0252559245
0.0178515914
0.0178515914
0.0270601657
0.0270601657
0.0227761079
0.0227761079
0.0225059592
0.0225059592
0.0237157625
0.0237157625
0.0259492868
0.0259492868
0.0202163943
0.0202163943
0.0146916375
0.0146916375
0.0158838654
0.0158838654
0.0168776015
0.0168776015
0.0146462449
0.0146462449
0.0148081319
0.0148081319
0.0077721147
0.0077721147
0.0108906267
0.0108906267
0.0189416956
0.0189416956
0.0195807057
0.0195807057
0.0145337530
0.0145337530
0.0208064701
0.0208064701
0.0325717546
0.0325717546
0.0191869671
0.0191869671
0.0215800114
0.0215800114
0.0226095298
0.0226095298
0.0256837898
0.0256837898
0.0327260087
0.0327260087
0.0336435439
0.0336435439
0.0377276282
0.0377276282
0.0414987140
0.0414987140
0.0447279476
0.0447279476
0.0439579627
0.0439579627
0.0498202206
0.0498202206
0.0513852914
0.0513852914
0.0500585046
0.0500585046
0.0503175948
0.0503175948
0.0587965246
0.0587965246
0.0645989488
0.0645989488
0.0664569727
0.0664569727
0.0685776093
0.0685776093
0.0721946358
0.0721946358
0.0707703813
0.0707703813
0.0659162388
0.0659162388
0.0696548625
0.0696548625
0.0791126686
0.0791126686
0.0818034947
0.0818034947
0.0794045237
0.0794045237
0.0762480945
0.0762480945
0.0808145515
0.0808145515
0.0818923325
0.0818923325
0.0790933392
0.0790933392
0.0673970224
0.0673970224
0.0553408202
0.0553408202
0.0510067311
0.0510067311
0.0541807041
0.0541807041
0.0563132373
0.0563132373
0.0533798532
0.0533798532
0.0618959668
0.0618959668
0.0706579108
0.0706579108
0.0679005553
0.0679005553
0.0705284279
0.0705284279
0.0668938979
0.0668938979
0.0676522108
0.0676522108
0.0658476907
0.0658476907
0.0719712719
0.0719712719
0.0747256864
0.0747256864
0.0688327800
0.0688327800
0.0684539128
0.0684539128
0.0724086201
0.0724086201
0.0780336724
0.0780336724
0.0773404691
0.0773404691
0.0755023000
0.0755023000
0.0729666060
0.0729666060
0.0688736474
0.0688736474
0.0703812907
0.0703812907
0.0740171022
0.0740171022
0.0745160657
0.0745160657
0.0760487342
0.0760487342
0.0758189797
0.0758189797
0.0766086723
0.0766086723
0.0718075272
0.0718075272
0.0707580498
0.0707580498
0.0701258079
0.0701258079
0.0711141275
0.0711141275
0.0718112970
0.0718112970
0.0727567126
0.0727567126
0.0715395838
0.0715395838
0.0702007266
0.0702007266
0.0732882503
0.0732882503
0.0834457371
0.0834457371
0.0853677060
0.0853677060
0.0851440203
0.0851440203
0.0773460915
0.0773460915
0.0792276531
0.0792276531
0.0753934093
0.0753934093
0.0716842767
0.0716842767
0.0720064370
0.0720064370
0.0769106211
0.0769106211
0.0685477469
0.0685477469
0.0760706020
0.0760706020
0.0687272845
0.0687272845
0.0581424043
0.0581424043
0.0375673757
0.0375673757
0.0231518154
0.0231518154
0.0279492014
0.0279492014
0.0309906557
0.0309906557
0.0386418604
0.0386418604
0.0437465288
0.0437465288
0.0501696422
0.0501696422
0.0502131360
0.0502131360
0.0512056062
0.0512056062
0.0507157085
0.0507157085
0.0478036645
0.0478036645
0.0478691693
0.0478691693
0.0540134149
0.0540134149
0.0534427043
0.0534427043
0.0485585239
0.0485585239
0.0554942214
0.0554942214
0.0613770658
0.0613770658
0.0730290127
0.0730290127
0.0854791270
0.0854791270
0.0970779593
0.0970779593
0.1030754550
0.1030754550
0.0998890257
0.0998890257
0.1037328407
0.1037328407
0.1003130407
0.1003130407
0.0922789758
0.0922789758
0.0977640810
0.0977640810
0.0852213762
0.0852213762
0.0914649792
0.0914649792
0.1053231789
0.1053231789
0.1003930727
0.1003930727
0.1093244727
0.1093244727
0.1032868985
0.1032868985
0.0952111245
0.0952111245
0.0957731844
0.0957731844
0.0885539927
0.0885539927
0.0734158239
0.0734158239
0.0545324808
0.0545324808
0.0350206908
0.0350206908
0.0240809774
0.0240809774
0.0277157486
0.0277157486
0.0360214144
0.0360214144
0.0309395952
0.0309395952
0.0341508653
0.0341508653
0.0372895540
0.0372895540
0.0354906894
0.0354906894
0.0298538567
0.0298538567
0.0403952278
0.0403952278
0.0288035025
0.0288035025
0.0332556542
0.0332556542
0.0358238249
0.0358238249
0.0375828828
0.0375828828
0.0408078849
0.0408078849
0.0454839067
0.0454839067
0.0555699143
0.0555699143
0.0593865527
0.0593865527
0.0718943289
0.0718943289
0.0980285984
0.0980285984
0.1078617494
0.1078617494
0.1132032469
0.1132032469
0.1152000936
0.1152000936
0.1159625485
0.1159625485
0.1113544559
0.1113544559
0.1104746555
0.1104746555
0.0998739140
0.0998739140
0.1001591324
0.1001591324
0.1007324230
0.1007324230
0.0995625096
0.0995625096
0.0964252817
0.0964252817
0.0989751948
0.0989751948
0.0948944175
0.0948944175
0.0802536765
0.0802536765
0.0587118126
0.0587118126
0.0365214678
0.0365214678
0.0246409160
0.0246409160
0.0129763413
0.0129763413
0.0213526544
0.0213526544
0.0257611846
0.0257611846
0.0306382796
0.0306382796
0.0375326435
0.0375326435
0.0355887016
0.0355887016
0.0252540692
0.0252540692
0.0307249596
0.0307249596
0.0287832213
0.0287832213
0.0259871331
0.0259871331
0.0229784534
0.0229784534
0.0276733626
0.0276733626
0.0285777836
0.0285777836
0.0344051913
0.0344051913
0.0412775392
0.0412775392
0.0557306278
0.0557306278
0.0778195466
0.0778195466
0.0902291904
0.0902291904
0.1103437703
0.1103437703
0.1048713525
0.1048713525
0.1006997200
0.1006997200
0.1120195896
0.1120195896
0.1236780857
0.1236780857
0.1089439340
0.1089439340
0.1078327907
0.1078327907
0.1048170559
0.1048170559
0.1072958051
0.1072958051
0.1054372121
0.1054372121
0.1115490221
0.1115490221
0.1146037356
0.1146037356
0.0937325318
0.0937325318
0.0835810001
0.0835810001
0.0634627057
0.0634627057
0.0451215586
0.0451215586
0.0295229399
0.0295229399
0.0287281510
0.0287281510
0.0207784082
0.0207784082
0.0214522084
0.0214522084
0.0238239805
0.0238239805
0.0252913225
0.0252913225
0.0250484953
0.0250484953
0.0261498471
0.0261498471
0.0240230352
0.0240230352
0.0265864046
0.0265864046
0.0274257633
0.0274257633
0.0388081799
0.0388081799
0.0515118220
0.0515118220
0.0642148413
0.0642148413
0.0701952477
0.0701952477
0.0668906375
0.0668906375
0.0662153804
0.0662153804
0.0653521906
0.0653521906
0.0691607230
0.0691607230
0.0843095217
0.0843095217
0.0945517430
0.0945517430
0.1034955823
0.1034955823
0.0915015936
0.0915015936
0.0940977904
0.0940977904
0.0877899342
0.0877899342
0.0746573838
0.0746573838
0.0678814866
0.0678814866
0.0678304933
0.0678304933
0.0684682709
0.0684682709
0.0764737434
0.0764737434
0.0702756812
0.0702756812
0.1144432418
0.1144432418
0.1099717707
0.1099717707
0.1071463704
0.1071463704
0.1121676532
0.1121676532
0.1249199607
0.1249199607
0.1107222792
0.1107222792
0.1252522760
0.1252522760
0.1141570986
0.1141570986
0.1205848710
0.1205848710
0.1314771854
0.1314771854
0.1324133439
0.1324133439
0.1691467854
0.1691467854
0.1212177482
0.1212177482
0.1312414469
0.1312414469
0.1400060575
0.1400060575
0.2957939018
0.2957939018
0.1244213129
0.1244213129
0.1250288111
0.1250288111
0.1348546596
0.1348546596
0.1068821811
0.1068821811
0.1043161422
0.1043161422
0.1080018444
0.1080018444
0.1068800523
0.1068800523
0.1012483156
0.1012483156
0.1016090273
0.1016090273
0.1028123701
0.1028123701
0.0976929012
0.0976929012
0.0922360995
0.0922360995
0.0697941943
0.0697941943
0.0646001152
0.0646001152
0.0596199321
0.0596199321
0.0606685446
0.0606685446
0.0574983117
0.0574983117
0.0579420842
0.0579420842
0.0504598042
0.0504598042
0.0475459780
0.0475459780
0.0469972601
0.0469972601
0.0546725947
0.0546725947
0.0510433127
0.0510433127
0.0510675126
0.0510675126
0.0527662253
0.0527662253
0.0523691152
0.0523691152
0.0476307530
0.0476307530
0.0509788086
0.0509788086
0.0490682742
0.0490682742
0.0422759479
0.0422759479
0.0417125002
0.0417125002
0.0435569125
0.0435569125
0.0455827000
0.0455827000
0.0719800614
0.0719800614
0.0682932833
0.0682932833
0.0644951891
0.0644951891
0.0564328603
0.0564328603
0.0635285653
0.0635285653
0.0753196509
0.0753196509
0.0688627448
0.0688627448
0.0701816244
0.0701816244
0.0610938617
0.0610938617
0.0469111551
0.0469111551
0.0436720861
0.0436720861
0.0670700800
0.0670700800
0.0516757907
0.0516757907
0.0494011860
0.0494011860
0.0407725698
0.0407725698
0.0529897266
0.0529897266
0.0506334112
0.0506334112
0.0411627149
0.0411627149
0.0244072028
0.0244072028
0.0238280563
0.0238280563
0.0219294552
0.0219294552
0.0266709206
0.0266709206
0.0292585592
0.0292585592
0.0314202996
0.0314202996
0.0286876014
0.0286876014
0.0309188548
0.0309188548
0.0384544634
0.0384544634
0.0426599571
0.0426599571
0.0383311344
0.0383311344
0.0341326809
0.0341326809
0.0361188736
0.0361188736
0.0430724192
0.0430724192
0.0456496962
0.0456496962
0.0489296814
0.0489296814
0.0483161048
0.0483161048
0.0466609420
0.0466609420
0.0450728091
0.0450728091
0.0455221948
0.0455221948
0.0466526458
0.0466526458
0.0480482906
0.0480482906
0.0411187649
0.0411187649
0.0338273959
0.0338273959
0.0281851830
0.0281851830
0.0263542736
0.0263542736
0.0252682193
0.0252682193
0.0224396159
0.0224396159
0.0280209483
0.0280209483
0.0270195490
0.0270195490
0.0294161086
0.0294161086
0.0386315324
0.0386315324
0.0326133940
0.0326133940
0.0369295257
0.0369295257
0.0345966876
0.0345966876
0.0329985736
0.0329985736
0.0364856621
0.0364856621
0.0345669806
0.0345669806
0.0414842660
0.0414842660
0.0396887461
0.0396887461
0.0323134419
0.0323134419
0.0310444169
0.0310444169
0.0295985443
0.0295985443
0.0274879774
0.0274879774
0.0364846430
0.0364846430
0.0284110673
0.0284110673
0.0233389801
0.0233389801
0.0236085270
0.0236085270
0.0256085431
0.0256085431
0.0319201312
0.0319201312
0.0260677348
0.0260677348
0.0204696585
0.0204696585
0.0304099602
0.0304099602
0.0254937724
0.0254937724
0.0375214728
0.0375214728
0.0348543952
0.0348543952
0.0338014467
0.0338014467
0.0399505794
0.0399505794
0.0945019837
0.0945019837
0.0467187622
0.0467187622
0.0478159991
0.0478159991
0.0414100784
0.0414100784
0.0421152189
0.0421152189
0.0435392138
0.0435392138
0.0361296128
0.0361296128
0.0410425637
0.0410425637
0.0404165334
0.0404165334
0.0289399551
0.0289399551
0.0243970579
0.0243970579
0.0299104526
0.0299104526
0.0292598592
0.0292598592
0.0337551565
0.0337551565
0.0376908604
0.0376908604
0.0482804444
0.0482804444
0.0564303540
0.0564303540
0.0696843346
0.0696843346
0.0787626661
0.0787626661
0.0844339490
0.0844339490
0.0875141024
0.0875141024
0.0757821836
0.0757821836
0.0739718141
0.0739718141
0.0766685017
0.0766685017
0.0728417545
0.0728417545
0.0617236167
0.0617236167
0.0672792175
0.0672792175
0.0615997687
0.0615997687
0.0612355267
0.0612355267
0.0533193202
0.0533193202
0.0533236986
0.0533236986
0.0449654469
0.0449654469
0.0421959696
0.0421959696
0.0367066213
0.0367066213
0.0359850157
0.0359850157
0.0297859213
0.0297859213
0.0234886868
0.0234886868
0.0191925249
0.0191925249
0.0169269019
0.0169269019
0.0123112290
0.0123112290
0.0103685250
0.0103685250
0.0073062100
0.0073062100
0.0072699195
0.0072699195
0.0048953389
0.0048953389
0.0126438226
0.0126438226
0.0119309050
0.0119309050
0.0263237022
0.0263237022
0.0357515601
0.0357515601
0.0436025890
0.0436025890
0.0482232131
0.0482232131
0.0572576829
0.0572576829
0.0575300910
0.0575300910
0.0575624007
0.0575624007
0.0627228302
0.0627228302
0.0623668043
0.0623668043
0.0632023639
0.0632023639
0.0602994329
0.0602994329
0.0591112701
0.0591112701
0.0525960149
0.0525960149
0.0512928533
0.0512928533
0.0424990765
0.0424990765
0.0376026707
0.0376026707
0.0339455495
0.0339455495
0.0274432197
0.0274432197
0.0230008826
0.0230008826
0.0147864336
0.0147864336
0.0183559555
0.0183559555
0.0217336742
0.0217336742
0.0240782188
0.0240782188
0.0265094796
0.0265094796
0.0228665768
0.0228665768
0.0254098318
0.0254098318
0.0305785423
0.0305785423
0.0319866118
0.0319866118
0.0390914201
0.0390914201
0.0427474279
0.0427474279
0.0462445096
0.0462445096
0.0507582451
0.0507582451
0.0535434707
0.0535434707
0.0573342619
0.0573342619
0.0569214277
0.0569214277
0.0570107621
0.0570107621
0.0549356821
0.0549356821
0.0545185008
0.0545185008
0.0564401343
0.0564401343
0.0430088317
0.0430088317
0.0457550843
0.0457550843
0.0457380988
0.0457380988
0.0443713906
0.0443713906
0.0463916140
0.0463916140
0.0434819973
0.0434819973
0.0448979034
0.0448979034
0.0441995130
0.0441995130
0.0412488527
0.0412488527
0.0390625864
0.0390625864
0.0376332773
0.0376332773
0.0384779145
0.0384779145
0.0393634720
0.0393634720
0.0442228367
0.0442228367
0.0538878626
0.0538878626
0.0576828552
0.0576828552
0.0472592191
0.0472592191
0.0521067590
0.0521067590
0.0541248458
0.0541248458
0.0545158465
0.0545158465
0.0522350794
0.0522350794
0.0513190129
0.0513190129
0.0529209389
0.0529209389
0.0556159486
0.0556159486
0.0543659251
0.0543659251
0.0544521989
0.0544521989
0.0543813883
0.0543813883
0.0507995414
0.0507995414
0.0529441174
0.0529441174
0.0538510589
0.0538510589
0.0499298460
0.0499298460
0.0558110435
0.0558110435
0.0531437662
0.0531437662
0.0511158264
0.0511158264
0.0474523327
0.0474523327
0.0477036093
0.0477036093
0.0457311359
0.0457311359
0.0527756552
0.0527756552
0.0485598987
0.0485598987
0.0503613952
0.0503613952
0.0494359037
0.0494359037
0.0473360676
0.0473360676
0.0446463729
0.0446463729
0.0432417143
0.0432417143
0.0440097380
0.0440097380
0.0463897358
0.0463897358
0.0458712605
0.0458712605
0.0455451127
0.0455451127
0.0523425462
0.0523425462
0.0568181387
0.0568181387
0.0531478175
0.0531478175
0.0553836513
0.0553836513
0.0576479983
0.0576479983
0.0528936880
0.0528936880
0.0459093719
0.0459093719
0.0453614096
0.0453614096
0.0476885207
0.0476885207
0.0540280973
0.0540280973
0.0490653550
0.0490653550
0.0443164366
0.0443164366
0.0448679359
0.0448679359
0.0523278462
0.0523278462
0.0554730721
0.0554730721
0.0525273239
0.0525273239
0.0793124999
0.0793124999
0.0781076517
0.0781076517
0.0837352490
0.0837352490
0.0825152213
0.0825152213
0.0775273191
0.0775273191
0.0742909153
0.0742909153
0.0702882604
0.0702882604
0.0667017937
0.0667017937
0.0653692141
0.0653692141
0.0659112798
0.0659112798
0.0565041589
0.0565041589
0.0539758762
0.0539758762
0.0461081695
0.0461081695
0.0445753455
0.0445753455
0.0338447335
0.0338447335
0.0276209751
0.0276209751
0.0249742569
0.0249742569
0.0206008976
0.0206008976
0.0169248248
0.0169248248
0.0115949888
0.0115949888
0.0083847794
0.0083847794
0.0115812828
0.0115812828
0.0160495097
0.0160495097
0.0189383064
0.0189383064
0.0240987406
0.0240987406
0.0301009092
0.0301009092
0.0329376588
0.0329376588
0.0297817670
0.0297817670
0.0287437733
0.0287437733
0.0282854478
0.0282854478
0.0279591063
0.0279591063
0.0336728676
0.0336728676
0.0344182005
0.0344182005
0.0440716706
0.0440716706
0.0483743420
0.0483743420
0.0504451933
0.0504451933
0.0493935095
0.0493935095
0.0481551378
0.0481551378
0.0418465490
0.0418465490
0.0379386359
0.0379386359
0.0347481525
0.0347481525
0.0310932511
0.0310932511
0.0254181140
0.0254181140
0.0217482425
0.0217482425
0.0134608880
0.0134608880
0.0125262015
0.0125262015
0.0106617576
0.0106617576
0.0142806128
0.0142806128
0.0186698656
0.0186698656
0.0186237358
0.0186237358
0.0240662650
0.0240662650
0.0211737998
0.0211737998
0.0185791715
0.0185791715
0.0239942202
0.0239942202
0.0239071706
0.0239071706
0.0303756895
0.0303756895
0.0384402815
0.0384402815
0.0387483013
0.0387483013
0.0402055344
0.0402055344
0.0405379730
0.0405379730
0.0430410266
0.0430410266
0.0359856110
0.0359856110
0.0334811430
0.0334811430
0.0295636313
0.0295636313
0.0290712535
0.0290712535
0.0283133812
0.0283133812
0.0251421377
0.0251421377
0.0296717665
0.0296717665
0.0246249305
0.0246249305
0.0244877427
0.0244877427
0.0191161968
0.0191161968
0.0182279030
0.0182279030
0.0122401750
0.0122401750
0.0145177438
0.0145177438
0.0199640740
0.0199640740
0.0175241277
0.0175241277
0.0179949719
0.0179949719
0.0136410792
0.0136410792
0.0199322832
0.0199322832
0.0217065954
0.0217065954
0.0224319098
0.0224319098
0.0179602368
0.0179602368
0.0233494366
0.0233494366
0.0270861489
0.0270861489
0.0359349119
0.0359349119
0.0412678272
0.0412678272
0.0398718262
0.0398718262
0.0367262342
0.0367262342
0.0440718952
0.0440718952
0.0510139070
0.0510139070
0.0545174834
0.0545174834
0.0540843995
0.0540843995
0.0575458870
0.0575458870
0.0563856748
0.0563856748
0.0480069826
0.0480069826
0.0491041639
0.0491041639
0.0463321368
0.0463321368
0.0427193512
0.0427193512
0.0378748648
0.0378748648
0.0328449748
0.0328449748
0.0268173672
0.0268173672
0.0170789141
0.0170789141
0.0220381772
0.0220381772
0.0131223866
0.0131223866
0.0135855012
0.0135855012
0.0071999265
0.0071999265
0.0094952717
0.0094952717
0.0137076591
0.0137076591
0.0257234338
0.0257234338
0.0208820500
0.0208820500
0.0219737963
0.0219737963
0.0451731079
0.0451731079
0.0324460994
0.0324460994
0.0340920797
0.0340920797
0.0226205143
0.0226205143
0.0266288657
0.0266288657
0.0240246583
0.0240246583
0.0209042689
0.0209042689
0.0362794691
0.0362794691
0.0344814856
0.0344814856
0.0361916440
0.0361916440
0.0314068355
0.0314068355
0.0316800267
0.0316800267
0.0300626707
0.0300626707
0.0323460405
0.0323460405
0.0370910544
0.0370910544
0.0407234684
0.0407234684
0.0476249491
0.0476249491
0.0547640001
0.0547640001
0.0552508044
0.0552508044
0.0531588926
0.0531588926
0.0556460139
0.0556460139
0.0562273983
0.0562273983
0.0536347683
0.0536347683
0.0371068406
0.0371068406
0.0255740791
0.0255740791
0.0239165838
0.0239165838
0.0226087142
0.0226087142
0.0243890661
0.0243890661
0.0261257642
0.0261257642
0.0234834077
0.0234834077
0.0204611909
0.0204611909
0.0149416843
0.0149416843
0.0133806324
0.0133806324
0.0134320886
0.0134320886
0.0153619215
0.0153619215
0.0093727748
0.0093727748
0.0188042138
0.0188042138
0.0255305939
0.0255305939
0.0180138331
0.0180138331
0.0170361801
0.0170361801
0.0197073267
0.0197073267
0.0162440306
0.0162440306
0.0246006929
0.0246006929
0.0265248017
0.0265248017
0.0292169566
0.0292169566
0.0309813425
0.0309813425
0.0278370439
0.0278370439
0.0291749407
0.0291749407
0.0262505396
0.0262505396
0.0302905555
0.0302905555
0.0267352286
0.0267352286
0.0298707797
0.0298707797
0.0300195418
0.0300195418
0.0305259618
0.0305259618
0.0311641784
0.0311641784
0.0309087124
0.0309087124
0.0283734944
0.0283734944
0.0349168250
0.0349168250
0.0414053641
0.0414053641
0.0294704251
0.0294704251
0.0226964311
0.0226964311
0.0161035989
0.0161035989
0.0246266839
0.0246266839
0.0302410513
0.0302410513
0.0311770845
0.0311770845
0.0345794768
0.0345794768
0.0308208097
0.0308208097
0.0347581844
0.0347581844
0.0359272408
0.0359272408
0.0337541446
0.0337541446
0.0321205172
0.0321205172
0.0329013271
0.0329013271
0.0380028253
0.0380028253
0.0380332103
0.0380332103
0.0335085794
0.0335085794
0.0331075626
0.0331075626
0.0339839876
0.0339839876
0.0400663013
0.0400663013
0.0393849345
0.0393849345
0.0371880077
0.0371880077
0.0323207621
0.0323207621
0.0253132101
0.0253132101
0.0249800785
0.0249800785
0.0171583179
0.0171583179
0.0131493480
0.0131493480
0.0133059945
0.0133059945
0.0169088450
0.0169088450
0.0143882683
0.0143882683
0.0149451129
0.0149451129
0.0176557175
0.0176557175
0.0194101412
0.0194101412
0.0282436074
0.0282436074
0.0323385242
0.0323385242
0.0290388464
0.0290388464
0.0299823082
0.0299823082
0.0345542794
0.0345542794
0.0387654602
0.0387654602
0.0399539728
0.0399539728
0.0403185967
0.0403185967
0.0361468443
0.0361468443
0.0368512829
0.0368512829
0.0361682078
0.0361682078
0.0345395786
0.0345395786
0.0348303810
0.0348303810
0.0363215323
0.0363215323
0.0342613609
0.0342613609
0.0291561620
0.0291561620
0.0332244449
0.0332244449
0.0317198109
0.0317198109
0.0278445502
0.0278445502
0.0253653815
0.0253653815
0.0184489337
0.0184489337
0.0201651519
0.0201651519
0.0228427698
0.0228427698
0.0251729288
0.0251729288
0.0305821068
0.0305821068
0.0306928447
0.0306928447
0.0361040333
0.0361040333
0.0402096760
0.0402096760
0.0377139325
0.0377139325
0.0350129212
0.0350129212
0.0328709324
0.0328709324
0.0330187285
0.0330187285
0.0293787910
0.0293787910
0.0271238256
0.0271238256
0.0258441527
0.0258441527
0.0291245203
0.0291245203
0.0303867680
0.0303867680
0.0357068059
0.0357068059
0.0351782463
0.0351782463
0.0341118351
0.0341118351
0.0306532530
0.0306532530
0.0327394507
0.0327394507
0.0377107761
0.0377107761
0.0431093833
0.0431093833
0.0434148037
0.0434148037
0.0435079655
0.0435079655
0.0434803369
0.0434803369
0.0425061265
0.0425061265
0.0433325552
0.0433325552
0.0403109496
0.0403109496
0.0394664416
0.0394664416
0.0386207087
0.0386207087
0.0385287290
0.0385287290
0.0366256454
0.0366256454
0.0364718687
0.0364718687
0.0361713077
0.0361713077
0.0370135966
0.0370135966
0.0300042547
0.0300042547
0.0207399536
0.0207399536
0.0181375148
0.0181375148
0.0100101473
0.0100101473
0.0151801014
0.0151801014
0.0167044783
0.0167044783
0.0222959535
0.0222959535
0.0277791803
0.0277791803
0.0281826804
0.0281826804
0.0297015137
0.0297015137
0.0245967869
0.0245967869
0.0236453888
0.0236453888
0.0218188674
0.0218188674
0.0259104922
0.0259104922
0.0226670535
0.0226670535
0.0193389903
0.0193389903
0.0179906045
0.0179906045
0.0157619838
0.0157619838
0.0151022646
0.0151022646
0.0149110872
0.0149110872
0.0078295587
0.0078295587
0.0062138102
0.0062138102
0.0118488919
0.0118488919
0.0193739878
0.0193739878
0.0239843868
0.0239843868
0.0221619834
0.0221619834
0.0181459301
0.0181459301
0.0110594427
0.0110594427
0.0095809539
0.0095809539
0.0065980523
0.0065980523
0.0056752736
0.0056752736
0.0143585166
0.0143585166
0.0176191947
0.0176191947
0.0159543922
0.0159543922
0.0237368678
0.0237368678
0.0252643005
0.0252643005
0.0394227292
0.0394227292
0.0387346023
0.0387346023
0.0316528589
0.0316528589
0.0273884965
0.0273884965
0.0199670859
0.0199670859
0.0170998859
0.0170998859
0.0174105783
0.0174105783
0.0250173681
0.0250173681
0.0234161513
0.0234161513
0.0152253627
0.0152253627
0.0236867470
0.0236867470
0.0224839206
0.0224839206
0.0279963969
0.0279963969
0.0148123725
0.0148123725
0.0235996725
0.0235996725
0.0163298237
0.0163298237
0.0254956144
0.0254956144
0.0304910808
0.0304910808
0.0253424476
0.0253424476
0.0305541305
0.0305541305
0.0224880520
0.0224880520
0.0167715303
0.0167715303
0.0217864445
0.0217864445
0.0328506851
0.0328506851
0.0282211256
0.0282211256
0.0256805471
0.0256805471
0.0439238611
0.0439238611
0.0573557323
0.0573557323
0.0635220889
0.0635220889
0.0320586479
0.0320586479
0.0500485652
0.0500485652
0.0243843347
0.0243843347
0.0097818520
0.0097818520
0.0193388841
0.0193388841
0.0239846942
0.0239846942
0.0342144103
0.0342144103
0.0389676554
0.0389676554
0.0409728421
0.0409728421
0.0360738239
0.0360738239
0.0296247984
0.0296247984
0.0313654700
0.0313654700
0.0348996993
0.0348996993
0.0337086863
0.0337086863
0.0320955384
0.0320955384
0.0320163273
0.0320163273
0.0339047596
0.0339047596
0.0454324607
0.0454324607
0.0440400541
0.0440400541
0.0407095192
0.0407095192
0.0534141469
0.0534141469
0.0531272711
0.0531272711
0.0519966007
0.0519966007
0.0430818145
0.0430818145
0.0412163828
0.0412163828
0.0403775805
0.0403775805
0.0499220133
0.0499220133
0.0505922173
0.0505922173
0.0603104196
0.0603104196
0.0573750984
0.0573750984
0.0660520056
0.0660520056
0.0702995336
0.0702995336
0.0751784312
0.0751784312
0.0722072207
0.0722072207
0.0720504240
0.0720504240
0.0750514598
0.0750514598
0.0880699917
0.0880699917
0.1074702508
0.1074702508
0.1011124114
0.1011124114
0.1252998854
0.1252998854
0.1135277576
0.1135277576
0.1094720955
0.1094720955
0.1294097217
0.1294097217
0.1371362908
0.1371362908
0.1475307208
0.1475307208
0.1567808987
0.1567808987
0.1543791678
0.1543791678
0.1573358576
0.1573358576
0.1589619142
0.1589619142
0.1718261745
0.1718261745
0.1664459225
0.1664459225
0.1587824307
0.1587824307
0.1551097962
0.1551097962
0.1547184639
0.1547184639
0.1550585246
0.1550585246
0.1534209682
0.1534209682
0.1523126164
0.1523126164
0.1669886829
0.1669886829
0.1705946835
0.1705946835
0.1673910656
0.1673910656
0.1705406752
0.1705406752
0.1285782318
0.1285782318
0.1311439678
0.1311439678
0.1450740681
0.1450740681
0.1559082478
0.1559082478
0.1577227598
0.1577227598
0.1620571748
0.1620571748
0.1651555906
0.1651555906
0.1650841844
0.1650841844
0.1679440019
0.1679440019
0.1704807786
0.1704807786
0.1853676927
0.1853676927
0.1943979818
0.1943979818
0.2043452059
0.2043452059
0.2119849434
0.2119849434
0.2249894690
0.2249894690
0.2325298978
0.2325298978
0.2206631571
0.2206631571
0.2068452978
0.2068452978
0.2096664523
0.2096664523
0.2140476098
0.2140476098
0.2099389138
0.2099389138
0.2132367420
0.2132367420
0.2067229658
0.2067229658
0.2078259810
0.2078259810
0.2045148368
0.2045148368
0.2016970843
0.2016970843
0.2009581280
0.2009581280
0.2010449489
0.2010449489
0.2032167089
0.2032167089
0.1994059423
0.1994059423
0.1895618194
0.1895618194
0.1910016737
0.1910016737
0.1888862352
0.1888862352
0.1939249600
0.1939249600
0.2048685588
0.2048685588
0.2234134044
0.2234134044
0.2480289277
0.2480289277
0.2470759966
0.2470759966
0.2363295386
0.2363295386
0.2282660777
0.2282660777
0.2193754786
0.2193754786
0.2114360091
0.2114360091
0.2002150727
0.2002150727
0.1881299264
0.1881299264
0.1838599131
0.1838599131
0.1678253772
0.1678253772
0.1620423264
0.1620423264
0.1600334442
0.1600334442
0.1576615481
0.1576615481
0.1582456583
0.1582456583
0.1513747563
0.1513747563
0.1504890591
0.1504890591
0.1477349338
0.1477349338
0.1431427407
0.1431427407
0.1406876113
0.1406876113
0.1480881266
0.1480881266
0.1467847741
0.1467847741
0.1365109770
0.1365109770
0.1306474655
0.1306474655
0.1356345016
0.1356345016
0.1355129059
0.1355129059
0.1296756518
0.1296756518
0.1286734189
0.1286734189
0.1255786115
0.1255786115
0.1140412376
0.1140412376
0.1086915956
0.1086915956
0.1051958171
0.1051958171
0.1037383219
0.1037383219
0.1023221599
0.1023221599
0.1084116191
0.1084116191
0.0957285019
0.0957285019
0.0907029499
0.0907029499
0.0629716450
0.0629716450
0.0567648926
0.0567648926
0.0486812259
0.0486812259
0.0527019023
0.0527019023
0.0597776409
0.0597776409
0.0704789690
0.0704789690
0.0727774628
0.0727774628
0.0698742075
0.0698742075
0.0634349669
0.0634349669
0.0615426670
0.0615426670
0.0604195262
0.0604195262
0.0599197642
0.0599197642
0.0597288199
0.0597288199
0.0559120685
0.0559120685
0.0564313723
0.0564313723
0.0610836196
0.0610836196
0.0519138875
0.0519138875
0.0603494767
0.0603494767
0.0651103741
0.0651103741
0.0566178854
0.0566178854
0.0651926116
0.0651926116
0.0694706470
0.0694706470
0.0723197735
0.0723197735
0.0766664999
0.0766664999
0.0796129485
0.0796129485
0.0868479209
0.0868479209
0.0899983716
0.0899983716
0.0794068905
0.0794068905
0.0821648467
0.0821648467
0.0662706434
0.0662706434
0.0519207325
0.0519207325
0.0498088425
0.0498088425
0.0357708655
0.0357708655
0.0364847231
0.0364847231
0.0423618177
0.0423618177
0.0307879392
0.0307879392
0.0412510348
0.0412510348
0.0457967456
0.0457967456
0.0302201321
0.0302201321
0.0376776992
0.0376776992
0.0593087331
0.0593087331
0.0619703797
0.0619703797
0.0721062152
0.0721062152
0.0919176389
0.0919176389
0.1069007312
0.1069007312
0.1234823842
0.1234823842
0.1420063116
0.1420063116
0.1431935969
0.1431935969
0.1468419692
0.1468419692
0.1448727075
0.1448727075
0.1448633536
0.1448633536
0.1408732128
0.1408732128
0.1267273938
0.1267273938
0.1180614494
0.1180614494
0.1074358106
0.1074358106
0.0978709045
0.0978709045
0.0856477096
0.0856477096
0.0763234648
0.0763234648
0.0976401642
0.0976401642
0.0832455909
0.0832455909
0.0899049133
0.0899049133
0.0919504475
0.0919504475
0.0970612279
0.0970612279
0.0903841812
0.0903841812
0.1070531194
0.1070531194
0.1212103604
0.1212103604
0.1246285858
0.1246285858
0.1446207701
0.1446207701
0.1598549149
0.1598549149
0.1511229606
0.1511229606
0.1567932661
0.1567932661
0.1307591234
0.1307591234
0.1305468741
0.1305468741
0.1200763675
0.1200763675
0.1316487333
0.1316487333
0.1308131624
0.1308131624
0.1210444662
0.1210444662
0.1055900345
0.1055900345
0.1017118627
0.1017118627
0.0797864902
0.0797864902
0.0687297297
0.0687297297
0.0606136877
0.0606136877
0.0636202561
0.0636202561
0.0606562963
0.0606562963
0.0833641898
0.0833641898
0.1067124749
0.1067124749
0.0899082354
0.0899082354
0.0808069373
0.0808069373
0.0768087328
0.0768087328
0.0693535014
0.0693535014
0.0657756130
0.0657756130
0.0798795805
0.0798795805
0.0701286634
0.0701286634
0.0666911244
0.0666911244
0.0652771672
0.0652771672
0.0597656012
0.0597656012
0.0598725635
0.0598725635
0.0670410957
0.0670410957
0.0667572681
0.0667572681
0.0582116282
0.0582116282
0.0493983127
0.0493983127
0.0379683075
0.0379683075
0.0122693308
0.0122693308
0.0134916705
0.0134916705
0.0199995708
0.0199995708
0.0160262530
0.0160262530
0.0337141342
0.0337141342
0.0423920182
0.0423920182
0.0449719443
0.0449719443
0.0378172341
0.0378172341
0.0388086462
0.0388086462
0.0344217740
0.0344217740
0.0381422840
0.0381422840
0.0398877530
0.0398877530
0.0526584409
0.0526584409
0.0637096770
0.0637096770
0.0676119037
0.0676119037
0.0548842550
0.0548842550
0.0584802162
0.0584802162
0.0510961579
0.0510961579
0.0573012909
0.0573012909
0.0426980407
0.0426980407
0.0422430188
0.0422430188
0.0439879375
0.0439879375
0.0367736050
0.0367736050
0.0403054434
0.0403054434
0.0458404779
0.0458404779
0.0504568503
0.0504568503
0.0565190354
0.0565190354
0.0633539495
0.0633539495
0.0891161155
0.0891161155
0.0862801949
0.0862801949
0.0944489117
0.0944489117
0.0945602507
0.0945602507
0.0888392340
0.0888392340
0.0654088901
0.0654088901
0.0588781990
0.0588781990
0.0493354210
0.0493354210
0.0391640920
0.0391640920
0.0360375984
0.0360375984
0.0440055794
0.0440055794
0.0745603715
0.0745603715
0.0691883407
0.0691883407
0.0440479488
0.0440479488
0.0443623950
0.0443623950
0.0265198741
0.0265198741
0.0233344296
0.0233344296
0.0256353522
0.0256353522
0.0311621135
0.0311621135
0.0377439273
0.0377439273
0.0430864170
0.0430864170
0.0516903422
0.0516903422
0.0634022142
0.0634022142
0.0605575306
0.0605575306
0.0590162798
0.0590162798
0.0624367687
0.0624367687
0.0645975515
0.0645975515
0.0698857014
0.0698857014
0.0775090997
0.0775090997
0.0735276456
0.0735276456
0.0709591124
0.0709591124
0.0684828691
0.0684828691
0.0686397098
0.0686397098
0.0673203329
0.0673203329
0.0695702113
0.0695702113
0.0750212325
0.0750212325
0.0768175355
0.0768175355
0.0858597727
0.0858597727
0.0873670130
0.0873670130
0.0967751395
0.0967751395
0.1047143164
0.1047143164
0.1086674408
0.1086674408
0.1214572944
0.1214572944
0.1269557576
0.1269557576
0.1342391826
0.1342391826
0.1390231683
0.1390231683
0.1376250903
0.1376250903
0.1279085368
0.1279085368
0.1300143312
0.1300143312
0.1247031629
0.1247031629
0.1264742644
0.1264742644
0.1243476392
0.1243476392
0.1246720058
0.1246720058
0.1268348348
0.1268348348
0.1276814871
0.1276814871
0.1292718741
0.1292718741
0.1293473207
0.1293473207
0.1304023645
0.1304023645
0.1324394888
0.1324394888
0.1333753833
0.1333753833
0.1339506426
0.1339506426
0.1306465975
0.1306465975
0.1313400702
0.1313400702
0.1293992261
0.1293992261
0.1289881362
0.1289881362
0.1288612070
0.1288612070
0.1244434649
0.1244434649
0.1214388967
0.1214388967
0.1171856146
0.1171856146
0.1134751261
0.1134751261
0.1059004988
0.1059004988
0.1010580557
0.1010580557
0.0924821194
0.0924821194
0.0917004041
0.0917004041
0.0841609625
0.0841609625
0.0822690020
0.0822690020
0.1004564894
0.1004564894
0.1070621545
0.1070621545
0.1051110651
0.1051110651
0.0985093114
0.0985093114
0.0875779465
0.0875779465
0.0809632948
0.0809632948
0.0625412963
0.0625412963
0.0583446363
0.0583446363
0.0479363293
0.0479363293
0.0386869213
0.0386869213
0.0326746907
0.0326746907
0.0318398070
0.0318398070
0.0302424028
0.0302424028
0.0278569304
0.0278569304
0.0261821937
0.0261821937
0.0303956091
0.0303956091
0.0330356600
0.0330356600
0.0327799432
0.0327799432
0.0358773234
0.0358773234
0.0380525049
0.0380525049
0.0395345117
0.0395345117
0.0384528682
0.0384528682
0.0403105641
0.0403105641
0.0417128703
0.0417128703
0.0439927186
0.0439927186
0.0402117043
0.0402117043
0.0329886320
0.0329886320
0.0239219830
0.0239219830
0.0191678861
0.0191678861
0.0176027721
0.0176027721
0.0170785142
0.0170785142
0.0147442608
0.0147442608
0.0112955622
0.0112955622
0.0066714619
0.0066714619
0.0146019152
0.0146019152
0.0269195314
0.0269195314
0.0295018763
0.0295018763
0.0460322613
0.0460322613
0.0580086820
0.0580086820
0.0718444333
0.0718444333
0.0848052681
0.0848052681
0.0818229471
0.0818229471
0.0759266451
0.0759266451
0.0680028376
0.0680028376
0.0661265904
0.0661265904
0.0716500854
0.0716500854
0.0751173326
0.0751173326
0.0777701777
0.0777701777
0.0736915864
0.0736915864
0.0639393207
0.0639393207
0.0577065867
0.0577065867
0.0452410881
0.0452410881
0.0359631499
0.0359631499
0.0243250357
0.0243250357
0.0345769474
0.0345769474
0.0510728543
0.0510728543
0.0380719083
0.0380719083
0.0390768579
0.0390768579
0.0453862327
0.0453862327
0.0528759795
0.0528759795
0.0625214533
0.0625214533
0.0603025125
0.0603025125
0.0579303204
0.0579303204
0.0611971861
0.0611971861
0.0628654931
0.0628654931
0.0796010084
0.0796010084
0.0718844135
0.0718844135
0.0669704508
0.0669704508
0.0493317974
0.0493317974
0.0593220539
0.0593220539
0.0402900597
0.0402900597
0.0500321502
0.0500321502
0.0395312227
0.0395312227
0.0310672047
0.0310672047
0.0315748113
0.0315748113
0.0453236952
0.0453236952
0.0412682529
0.0412682529
0.0210944249
0.0210944249
0.0189816935
0.0189816935
0.0217117910
0.0217117910
0.0175256898
0.0175256898
0.0258262445
0.0258262445
0.0304829893
0.0304829893
0.0494204628
0.0494204628
0.0451794282
0.0451794282
0.0358947302
0.0358947302
0.0325675483
0.0325675483
0.0409700305
0.0409700305
0.0357873784
0.0357873784
0.0290587493
0.0290587493
0.0288653307
0.0288653307
0.0332364566
0.0332364566
0.0339293476
0.0339293476
0.0332683595
0.0332683595
0.0236284842
0.0236284842
0.0139812497
0.0139812497
