5.729977098964622151e+00
5.782334584228522978e+00
5.805612548606742251e+00
5.847003636921272118e+00
5.858900673579050533e+00
5.888468316356772370e+00
5.911263255151347096e+00
5.970156208034953060e+00
5.994267354682869531e+00
6.010429470870824353e+00
6.046954783405266376e+00
6.036178644507924851e+00
6.031658204915317789e+00
6.046875697543367068e+00
6.037448098078581182e+00
6.034235497887268096e+00
6.033979115271949745e+00
6.088716443804070622e+00
6.121460791296577497e+00
6.206570936892502388e+00
6.245089574521422549e+00
6.267694637869744234e+00
6.273793644259910707e+00
6.291508630105212774e+00
6.296813912002511948e+00
6.291925600901654647e+00
6.302077882508636542e+00
6.308491320342263009e+00
6.301800474626158888e+00
6.284593919229787495e+00
6.306957749220289067e+00
6.317729082373367611e+00
6.340069869033754024e+00
6.368769226884408496e+00
6.385578870495104198e+00
6.392875698392858297e+00
6.405198849859867316e+00
6.404991357942056318e+00
6.413669105497945111e+00
6.428633456940958446e+00
6.437387657817398967e+00
6.450546766954905920e+00
6.466663873838351506e+00
6.468679448070768778e+00
6.488904901400658787e+00
6.495907792862888108e+00
6.492674695301576371e+00
6.492437017516563103e+00
6.483438182084702461e+00
6.485172634602271557e+00
6.498685682047208090e+00
6.519743452132538586e+00
6.495412866680157826e+00
6.510871156179065089e+00
6.520230928321173458e+00
6.539296204151947123e+00
6.534411010632797279e+00
6.583265500342588616e+00
6.637345202122412857e+00
6.673598158572511707e+00
6.744120785290078857e+00
6.785585472417709596e+00
6.844394497966451496e+00
6.894525697421358679e+00
6.966463679527824304e+00
7.023170537515429857e+00
7.062108337359545907e+00
7.116872616953264341e+00
7.163361258665041476e+00
7.163376581654003594e+00
7.171315971877130657e+00
7.145444868186558551e+00
7.056762587777752671e+00
6.982083753562210227e+00
6.927031076363392437e+00
6.814844910312159776e+00
6.675199565403412194e+00
6.505381280011591549e+00
6.294486241874758470e+00
6.038722572176328462e+00
5.821929277736921371e+00
5.478530411149320045e+00
5.129909553746127671e+00
4.741082121173617381e+00
4.320199103694048581e+00
3.950184722621018274e+00
3.651366900895779199e+00
3.448373419201537615e+00
3.349142768418396088e+00
3.289548362014637739e+00
3.298865345953454931e+00
3.326829189001371034e+00
3.395594301424308181e+00
3.476950548654989426e+00
3.535790865102494074e+00
3.580809929342580133e+00
3.600972659725126146e+00
3.599436621315973195e+00
3.578785547511101228e+00
3.554280287186159626e+00
3.529043203223422243e+00
3.483634065321743911e+00
3.450132827632016230e+00
3.413610045848382679e+00
3.379879086992417125e+00
3.359918316971143959e+00
3.348720579467703740e+00
3.321212416097313547e+00
3.299942033453174606e+00
3.279949959457826747e+00
3.241708496932596439e+00
3.220569786898427544e+00
3.219671550816043393e+00
3.207613262616178851e+00
3.175282542930606855e+00
3.140473200075866167e+00
3.098060868957963176e+00
3.071327214367618907e+00
3.070313365277597129e+00
3.074015629603997546e+00
3.085746378088907171e+00
3.096994318862790863e+00
3.102796652212222117e+00
3.102785677311847401e+00
3.068267731139241228e+00
3.087662936049018203e+00
3.118018446101026964e+00
3.105085161975127850e+00
3.103920769459016515e+00
3.134405713534179405e+00
3.178828701471122731e+00
3.204111030249784609e+00
3.210128529941291831e+00
3.194364278716828931e+00
3.186797316287526716e+00
3.186180143526301745e+00
3.131190047362978124e+00
3.106978355901869548e+00
3.121678737154766736e+00
3.121045415358785213e+00
3.119580832092290645e+00
3.109376216313319841e+00
3.104509719816213043e+00
3.111392622221954340e+00
3.121462197770155100e+00
3.126498283239116827e+00
3.117157075908447261e+00
3.119111983971822433e+00
3.102783360281510028e+00
3.091361346911305930e+00
3.109565232533187729e+00
3.126864651824579067e+00
3.160225785658242970e+00
3.185423619141956930e+00
3.206413076920487271e+00
3.232173246118781318e+00
3.255568515086725068e+00
3.327750909904561016e+00
3.383476841569817317e+00
3.420756779350908161e+00
3.452846370301827061e+00
3.458518969323484349e+00
3.461165814909786143e+00
3.465157816508111832e+00
3.463978284938857399e+00
3.488902449843930942e+00
3.527048452852745708e+00
3.572428489050346379e+00
3.636135836580112635e+00
3.696836272413476898e+00
3.738894572914950754e+00
3.784695047553781944e+00
3.838875902736180290e+00
3.884889153481829727e+00
3.917832556348421758e+00
3.931877931821825545e+00
3.950693249754420933e+00
3.956583678069129473e+00
3.951542868888971771e+00
3.927255271913205004e+00
3.908277772127124905e+00
3.902456009713481500e+00
3.902562416782822563e+00
3.896711749551389659e+00
3.890436431327910949e+00
3.867381823099091509e+00
3.816471997955444895e+00
3.779112192685852634e+00
3.741028678045934530e+00
3.691568437911139533e+00
3.646176956100321664e+00
3.583275737353184720e+00
3.534442823975558312e+00
3.528933700055474798e+00
3.517611178196747623e+00
3.519386505380257546e+00
3.505946018837941214e+00
3.480582257624659892e+00
3.483065650858007345e+00
3.479633608839456382e+00
3.502241077978081485e+00
3.527213953882914588e+00
3.537627679154166316e+00
3.537548593815805997e+00
3.540033705447287460e+00
3.549989409933629769e+00
3.578037452120628625e+00
3.579476334823198602e+00
3.590515223729728866e+00
3.594821486912302966e+00
3.614141375453094440e+00
3.616280946508755978e+00
3.613428785927131237e+00
3.611677192602326780e+00
3.608457139796901192e+00
3.588343544702365051e+00
3.565572593094700427e+00
3.553140376075406781e+00
3.547364941860495335e+00
3.556318516511219219e+00
3.476958464407754690e+00
3.439446433876869325e+00
3.438255807510282480e+00
3.485475558592159739e+00
3.502696198355429669e+00
3.483018433407353509e+00
3.444365021836242935e+00
3.437521014262116648e+00
3.448901044131681637e+00
3.460483175899802699e+00
3.467488213819303944e+00
3.467709246882917373e+00
3.469767684221388926e+00
3.454146166828020004e+00
3.422122882690967316e+00
3.409013343000904861e+00
3.413787689592897134e+00
3.394663196769763136e+00
3.379216867875365349e+00
3.364488118497339197e+00
3.353059154995491120e+00
3.331685426130122973e+00
3.317576369220119670e+00
3.313327309726863401e+00
3.304012561980949059e+00
3.301807862350167433e+00
3.297376568720016277e+00
3.298221665410317804e+00
3.297201989774595443e+00
3.278158125740803452e+00
3.286605143779164795e+00
3.289359410516274895e+00
3.263726615210732263e+00
3.261623595310929602e+00
3.246068252704959800e+00
3.232509611059261267e+00
3.209232632552677877e+00
3.186049720003324204e+00
3.173441294379977684e+00
3.162265161803574642e+00
3.163401584886341489e+00
3.165532036306637487e+00
3.167689318996540049e+00
3.171487783895859280e+00
3.174618920125895194e+00
3.184017081401601335e+00
3.177222823336783186e+00
3.183532526742947955e+00
3.186282502671110350e+00
3.202323645650769102e+00
3.197632935374565832e+00
3.194856113101838258e+00
3.194279442647964817e+00
3.189288601502714204e+00
3.176084482346872573e+00
3.176332586498044730e+00
3.167747103796040076e+00
3.161492730228439463e+00
3.151318508701812071e+00
3.146578339014565184e+00
3.128514762236826563e+00
3.114573453696323213e+00
3.113863266907335614e+00
3.089116748648694344e+00
3.064278426838688674e+00
3.037603713368603131e+00
3.010322133956785606e+00
3.003052566886562857e+00
2.990347625390009423e+00
2.976676507323764653e+00
2.990926588824090349e+00
2.998811834172900870e+00
3.016362821133198313e+00
3.029833350479257170e+00
3.032070327429459589e+00
3.043194585449316314e+00
3.046404735231832639e+00
3.051936082663860184e+00
3.036965850274020884e+00
3.028175404875100174e+00
3.044601448726479642e+00
3.066609460358842743e+00
3.055680062980619560e+00
3.032328092819228882e+00
3.033223772546194574e+00
3.041119015945726645e+00
3.048668166174396177e+00
3.084746759817253103e+00
3.128814154004021741e+00
3.197612324439011555e+00
3.310490011174808345e+00
3.329317287313905194e+00
3.310159655550735547e+00
3.270477038364239419e+00
3.233206882732364118e+00
3.207788418824831567e+00
3.167552187344473857e+00
3.365058221043375042e+00
3.325411317916780796e+00
3.305056505820285651e+00
3.288749214326174730e+00
3.269177922660026159e+00
3.260278531419033676e+00
3.263645997475653537e+00
3.275630774455923877e+00
3.287298187658588944e+00
3.301792991908424568e+00
3.328744103510431707e+00
3.355359007622924050e+00
3.389958528329432230e+00
3.421490237773596288e+00
3.447384316420209149e+00
3.469602062487185279e+00
3.485017712626090169e+00
3.501891104539188060e+00
3.519955731064309479e+00
3.534685372691599436e+00
3.545852861418179902e+00
3.553860312564107726e+00
3.560215529034841619e+00
3.565894237494595664e+00
3.576710628012389925e+00
3.580809844883236615e+00
3.580746677602358652e+00
3.571033518328229128e+00
3.564077279682367205e+00
3.562586132460361821e+00
3.566392898515821308e+00
3.568871487444145618e+00
3.571769868904358880e+00
3.575625994618912618e+00
3.575773116375538851e+00
3.569525033477749965e+00
3.567042342489586293e+00
3.576605246930104176e+00
3.580914719992449591e+00
3.587499657513625539e+00
3.597774258326035923e+00
3.609204527902201143e+00
3.619145018333916219e+00
3.628537245939980949e+00
3.633859545149754844e+00
3.645985947368265201e+00
3.654464796492727707e+00
3.658467499724153082e+00
3.667519681077427318e+00
3.677969174117215356e+00
3.685870421321156165e+00
3.695268935212090877e+00
3.700451323719425645e+00
3.703965077763525571e+00
3.710583338395165409e+00
3.720090919974712307e+00
3.729377053798417219e+00
3.745503750518063946e+00
3.762049367892362550e+00
3.780774043488759784e+00
3.799446690725990727e+00
3.817828112996759504e+00
3.827801191931536895e+00
3.841151948886092349e+00
3.848426672407709859e+00
3.852098089457845376e+00
3.850959640323345479e+00
3.852416499383629400e+00
3.853891176854700173e+00
3.850470932884582975e+00
3.849996414681397194e+00
3.849049774722744122e+00
3.847148359009598728e+00
3.845295506475821412e+00
3.843761933234437933e+00
3.847302828916858708e+00
3.848584291357448617e+00
3.842222631469385696e+00
3.839264925558899311e+00
3.830873281101372374e+00
