0.3755654427
0.3782931123
0.3773410350
0.3808394750
0.3794768136
0.3817391621
0.3834542146
0.3832365864
0.3854835350
0.3855299293
0.3854091089
0.3844549336
0.3829158763
0.3798313066
0.3778777652
0.3755818647
0.3735660953
0.3714073441
0.3680289162
0.3641054917
0.3469431266
0.3423092617
0.3277406649
0.3215145913
0.3179067626
0.3292859419
0.3400086462
0.3508852018
0.3634716303
0.3729730221
0.3756344966
0.3828213552
0.3789089906
0.3562857068
0.3255887286
0.2882985572
0.2489871711
0.2152217772
0.1914400195
0.1780078392
0.1785960812
0.1874661255
0.2067257736
0.2149111390
0.2625729773
0.2785225783
0.2958252714
0.3019981600
0.3064552667
0.3165325228
0.3317667506
0.3531925115
0.3725873493
0.3902755979
0.4177580306
0.4347312629
0.4704546188
0.4985036283
0.5347712999
0.5343563190
0.5297597726
0.5198514700
0.5116866721
0.4984129755
0.4726612832
0.4454399508
0.4296660243
0.4177800464
0.4081924985
0.3983982578
0.3828064600
0.3724674156
0.3640370549
0.3557046555
0.3536432018
0.3410569140
0.3301728096
0.3182426102
0.3060380784
0.2924000902
0.2782556641
0.2654974596
0.2525705905
0.2499575087
0.2437634144
0.2433101319
0.2563759256
0.2627943784
0.2729121169
0.2819746953
0.2759090131
0.2776612049
0.2734812235
0.2646889724
0.2649352161
0.2580055450
0.2488708306
0.2507123841
0.2441819180
0.2394646221
0.2403467502
0.2419499884
0.2481710126
0.2565295087
0.2631422640
0.2634176119
0.2737567058
0.2764238858
0.2818324136
0.2789898299
0.2870753224
0.2869654696
0.2946972390
0.2839107709
0.2808471014
0.2732050900
0.2670517866
0.2613565232
0.2617765255
0.2587881656
0.2479593558
0.2392002951
0.2428354321
0.2369905457
0.2360518864
0.2331293830
0.2399050725
0.2432446879
0.2449505144
0.2410475315
0.2384970634
0.2323820660
0.2275013420
0.2303350582
0.2306326932
0.2297564125
0.2369259442
0.2457096081
0.2434952955
0.2602788415
0.2585414307
0.2536868375
0.2525060073
0.2619752579
0.2601370670
0.2553693699
0.2508481201
0.2570210271
0.2549030423
0.2500701613
0.2501014781
0.2489338820
0.2456737118
0.2542916746
0.2472817972
0.2459180685
0.2380953024
0.2353797878
0.2333501898
0.2374148069
0.2418876708
0.2364180065
0.2342021898
0.2337010086
0.2313535019
0.2281065971
0.2278302176
0.2433297542
0.2437311872
0.2432330235
0.2567041630
0.2571623067
0.2567547684
0.2680964657
0.2694304283
0.2699828458
0.2917330302
0.2903264112
0.3057887959
0.3058355492
0.3038050536
0.3012540868
0.3037410034
0.3025340584
0.3243714639
0.3238138440
0.3209610189
0.3193100329
0.3184508835
0.3128304484
0.3292100353
0.3280914964
0.3303769257
0.3286534207
0.3209216386
0.3199927590
0.3202660739
0.3230754289
0.3282857507
0.3546429728
0.3587484876
0.3525405913
0.3428506368
0.3368276912
0.3311924007
0.3304652991
0.3311537252
0.3392190628
0.3470602561
0.3423390442
0.3443357815
0.3428278810
0.3556824884
0.3556223036
0.3590935349
0.3615657619
0.3626494926
0.3610437455
0.3588488399
0.3584848448
0.3625528324
0.3748135801
0.3739382342
0.3679811195
0.3684323583
0.3679812711
0.3678985560
0.3669806000
0.3658403118
0.3643724899
0.3627092136
0.3615656966
0.3605617116
0.3627710803
0.3646388246
0.3663893887
0.3715265373
0.3752390270
0.3754141082
0.3778632167
0.3791542153
0.3813072906
0.3861749734
0.3870760590
0.3918786245
0.5177165860
0.5191028079
0.5198360772
0.5194530501
0.5208128177
0.5227631719
0.5238887512
0.5261748244
0.5295775793
0.5392030326
0.5287305723
0.5169104568
0.4937638639
0.4965934224
0.4803232997
0.4769886801
0.4741548564
0.4701824533
0.4649660988
0.4650998408
0.4584213176
0.4486287180
0.4397199065
0.4325939897
0.4230690781
0.4220473792
0.4114973620
0.3989164478
0.3853191539
0.3731661594
0.3590762369
0.3478276696
0.3264286660
0.3103372453
0.2929157630
0.2797983161
0.2799597256
0.2651784990
0.2440844311
0.2250069790
0.2098476672
0.1919338501
0.1804326219
0.1650598270
0.1522652447
0.1457241859
0.1487888919
0.1565141981
0.1666756592
0.1765928689
0.1710177318
0.1807797225
0.1874427497
0.1952771839
0.1970825875
0.2121313136
0.2070532775
0.2082282660
0.2332223410
0.2394823803
0.2114941261
0.1921868877
0.1628240029
0.1413168768
0.1429982543
0.1432308746
0.1163929640
0.1256790805
0.1233726656
0.1360088567
0.1297406745
0.1367141877
0.1361598797
0.1430740236
0.1484239472
0.1529128476
0.1572596360
0.1590234753
0.1614976989
0.1692529264
0.1751212834
0.1752435093
0.1733884413
0.1746741215
0.1792938116
0.1801731233
0.1840573698
0.1874351116
0.1898273062
0.1947987014
0.1989040695
0.2019692981
0.2039026961
0.1952061463
0.1807844954
0.1528549586
0.1268024685
0.1153664880
0.1100160179
0.0984194307
0.0920234968
0.0827749236
0.0780975425
0.0754547259
0.0812920104
0.0820146748
0.0793213762
0.0779669034
0.0832645585
0.0863838759
0.0930214825
0.1016180592
0.1114753585
0.1188391256
0.1273064242
0.1220937624
0.1262149477
0.1407293631
0.1508586890
0.1526993351
0.1410825494
0.1291063665
0.1185952232
0.1282130368
0.1253862684
0.1186746070
0.1218441228
0.1141069591
0.1144864504
0.1149699159
0.0844809602
0.0909172001
0.1006473357
0.1073782839
0.1137547508
0.1175405965
0.1182727953
0.1168706155
0.1176615074
0.1186754525
0.1126850685
0.1130644894
0.1094629404
0.1105912247
0.1133071433
0.1146920656
0.1146967283
0.1140850471
0.1142795947
0.1109932412
0.1057961202
0.1009162551
0.0962771360
0.0936701039
0.0834859029
0.0807436489
0.0788896286
0.0785405100
0.0779737108
0.0776272669
0.0788413517
0.0802789999
0.0825105658
0.0843782232
0.0863453030
0.0882876112
0.0896726599
0.0927869776
0.0956722309
0.0945880036
0.0960434546
0.0998814537
0.1023427253
0.1073352969
0.1102473579
0.1149532020
0.1189767545
0.1200868690
0.1242756467
0.1335882475
0.1298524016
0.1318416243
0.1295209369
0.0986984947
0.0939129573
0.0954635519
0.0933320491
0.0805427308
0.0871881512
0.0902250040
0.0958699736
0.0954527289
0.0991717181
0.0900858374
0.0864348277
0.0898742328
0.0891267671
0.0873935571
0.0903855673
0.0910634952
0.0963440773
0.0980273905
0.0983790765
0.1006636110
0.1038455030
0.1082775527
0.1109972948
0.1129153440
0.1142564313
0.1115564574
0.1043383724
0.0982560207
0.0953852848
0.0887996376
0.0839822623
0.0754026695
0.0714785543
0.0613162144
0.0559682599
0.0442093453
0.0331940436
0.0213935428
0.0136362077
0.0104740759
0.0138524063
0.0174525538
0.0198495390
0.0220628354
0.0189703050
0.0201979609
0.0220785716
0.0212664168
0.0248367416
0.0235814250
0.0206349601
0.0225567468
0.0302290042
0.0339266636
0.0446483256
0.0595383640
0.0523582764
0.0669121613
0.0781548918
0.0931008275
0.0779092166
0.0999808377
0.0780423293
0.0761541860
0.1194172799
0.1611111467
0.1315301386
0.1397843045
0.1759556946
0.1739632890
0.1751894983
0.1568978278
0.1744281622
0.1721741478
0.1683891615
0.1663401434
0.1727181082
0.1718294932
0.1705327501
0.1703348807
0.1688060846
0.1677099121
0.1624798670
0.1610278296
0.1586684164
0.1570356941
0.1543341902
0.1518037806
0.1467206555
0.1416470857
0.1380973630
0.1313333859
0.1274889439
0.1209862582
0.1113464558
0.1023785984
0.0960916112
0.0882880798
0.0824813027
0.0773979677
0.0801817292
0.0782277049
0.0808544943
0.0820014720
0.0803729362
0.0779250224
0.0737974320
0.0721316730
0.0684439635
0.0658160162
0.0643901080
0.0634567518
0.0634955609
0.0624459490
0.0639637403
0.0622538111
0.0627478211
0.0624787675
0.0636207503
0.0653286911
0.0688993422
0.0730035262
0.0748792552
0.0737745535
0.0743930062
0.0759577380
0.0740987848
0.0729855824
0.0747207718
0.0782132263
0.0773825790
0.0752146785
0.0735819564
0.0724674515
0.0699711930
0.0662427641
0.0576574568
0.0493080665
0.0545373532
0.0638677188
0.0831957955
0.0392948821
0.0331710595
0.0307100303
0.0728651622
0.0277195247
0.0372912906
0.0497662090
0.0231302064
0.0360015966
0.0362726899
0.0387861777
0.0472440456
0.0638334886
0.0733121965
0.0866562522
0.0939548605
0.1173761634
0.1206369198
0.1235721552
0.1192080831
0.1174507982
0.1034101292
0.1035443765
0.1056324920
0.1019007872
0.1025628387
0.0997576678
0.0917365795
0.0821623153
0.0781036738
0.0776347948
0.0832969973
0.0802004168
0.0813139544
0.0747053867
0.0739310097
0.0680701847
0.0654757591
0.0555750871
0.0544700135
0.0475395960
0.0428129630
0.0402185007
0.0391156846
0.0402295614
0.0383120206
0.0394739761
0.0449769844
0.0472459024
0.0486511965
0.0558250319
0.0564148236
0.0646769460
0.0700272589
0.0865627717
0.0921076313
0.0963499458
0.0956767667
0.1053162165
0.1055291499
0.1117777227
0.1160586235
0.1202782070
0.1201243713
0.1219318516
0.1236389033
0.1238182807
0.1184046569
0.1143991460
0.1084849982
0.1162101549
0.1103498204
0.1026136489
0.1027961825
0.1050620202
0.1080333674
0.1098764652
0.1099690382
0.1089326484
0.1115882925
0.1133458783
0.1187265671
0.1262052187
0.1199964268
0.0799426255
0.0855395745
0.0951237207
0.0911528166
0.0926794778
0.0947217375
0.0977504667
0.0931206470
0.0849806650
0.0790361148
0.0778112496
0.0788856009
0.0736241491
0.0693283642
0.0643973174
0.0609311489
0.0586219894
0.0526406614
0.0483670135
0.0487724381
0.0460786842
0.0436068433
0.0458962394
0.0450600036
0.0471830813
0.0479185593
0.0431148424
0.0466044507
0.0416466714
0.0421360428
0.0453848004
0.0517459405
0.0501382169
0.0574770786
0.0630541709
0.0697619081
0.0714572435
0.0703114109
0.0717918745
0.0760607056
0.0774451732
0.0735287377
0.0737469767
0.0721916979
0.0704124496
0.0726847245
0.0741059817
0.0755503767
0.0763218011
0.0654329129
0.0611760201
0.0529037370
0.0589727714
0.0630258316
0.0516158035
0.0597470157
0.0462322097
0.0227387705
0.0286013959
0.0101577239
0.0572056895
0.0508223304
0.0381156833
0.0628451489
0.0358692033
0.0360110237
0.0311994273
0.0463588215
0.0446370537
0.0421299461
0.0527591368
0.0555603646
0.0539354908
0.0559164256
0.0601490593
0.0588449353
0.0574390140
0.0574506981
0.0591981741
0.0550928817
0.0511693162
0.0477310534
0.0462087453
0.0487546055
0.0491077609
0.0468232506
0.0428454405
0.0458386934
0.0430029052
0.0423797856
0.0445849130
0.0434603171
0.0445385589
0.0454095554
0.0479102741
0.0495131995
0.0478298902
0.0487170790
0.0558733624
0.0571143228
0.0611711823
0.0587420164
0.0647761723
0.0633770381
0.0698450662
0.0803284540
0.0771028078
0.0749326302
0.0784270660
0.0821437929
0.0852819804
0.0845131629
0.0851009030
0.0818986492
0.0788891956
0.0913680379
0.1060690377
0.0983987898
0.0600007133
0.0709427346
0.0698514823
0.0559138769
0.0554501472
0.0686249395
0.0532580158
0.0609797749
0.0516734645
0.1118783019
0.0856553560
0.0716180278
0.0656749429
0.0612403699
0.0661610776
0.0631939146
0.0450474154
0.0461130233
0.0534377533
0.0527127260
0.0519222712
0.0501595057
0.0497653208
0.0467479055
0.0442638322
0.0433364094
0.0437114111
0.0435704387
0.0444127613
0.0453677996
0.0498071243
0.0469004643
0.0429679769
0.0519578572
0.0501052887
0.0522669380
0.0539501228
0.0562268861
0.0562265693
0.0563209519
0.0576672363
0.0567459016
0.0554884455
0.0552239932
0.0556518340
0.0474819774
0.0475844490
0.0491936774
0.0511530104
0.0528412188
0.0564442994
0.0503698507
0.0527607692
0.0538204166
0.0533119612
0.0534460705
0.0565014838
0.0551115853
0.0493582612
0.0460231810
0.0383705227
0.0471464456
0.0416360748
0.0519117759
0.0543856872
0.0408300864
0.0191249271
0.0214196263
0.0233191267
0.0346219487
0.0677272956
0.0771491937
0.0518175848
0.0539735738
0.1074284307
0.1075855051
0.0935721506
0.0930691210
0.0989823867
0.1005020531
0.0981483643
0.0967588101
0.0965084063
0.0979207544
0.0934136073
0.0789861344
0.0759971117
0.0686853820
0.0602317008
0.0584149684
0.0561081032
0.0525977449
0.0470591651
0.0447107086
0.0413886182
0.0394615890
0.0400910275
0.0428051265
0.0452451657
0.0462137360
0.0470577515
0.0451429338
0.0490535932
0.0542799142
0.0599299550
0.0600483479
0.0686994196
0.0704629198
0.0726234727
0.0764762262
0.0810896141
0.0831446067
0.0872078986
0.0906507982
0.0947528562
0.0954624657
0.0913693215
0.0885093976
0.0871953080
0.0854077730
0.0832804543
0.0750549017
0.0667040305
0.0592840438
0.0564980013
0.0549496227
0.0486480586
0.0532364183
0.0404377290
0.0423493604
0.0369982279
0.0442391382
0.0301119827
0.0302747217
0.0381617871
0.0545974283
0.0397139770
0.0695721071
0.0618278985
0.0688869157
0.0707977177
0.0865301029
0.0963408184
0.0692571785
0.0913599240
0.0782867835
0.0773769196
0.0867940635
0.0892347676
0.0929496070
0.0850315875
0.0842162114
0.0896453028
0.0954803906
0.0896544785
0.0914925857
0.0903520385
0.0913785535
0.0892293056
0.0877416521
0.0837022427
0.0822691103
0.0795512819
0.0788836909
0.0766162065
0.0683540984
0.0668787143
0.0607298631
0.0600771909
0.0504844362
0.0510732786
0.0536490603
0.0537301844
0.0575479859
0.0559182368
0.0469453120
0.0487045638
0.0512570048
0.0578672426
0.0568446606
0.0610888403
0.0607393738
0.0636776284
0.0618377965
0.0670235819
0.0641437653
0.0636056425
0.0611660158
0.0599822160
0.0583096721
0.0595920417
0.0634901983
0.0621159237
0.0562236444
0.0591707342
0.0430929440
0.0420162568
0.0436554650
0.0445366277
0.0441993553
0.0444265023
0.0506805455
0.0316713059
0.0326132283
0.0530294121
0.0904923210
0.0376579180
0.0253357405
0.0289021027
0.1101856754
0.1109711526
0.0773589221
0.0488530535
0.0457478634
0.0528276103
0.0650982571
0.0625649089
0.0660706541
0.0686459343
0.0707232740
0.0707874935
0.0697630710
0.0680681092
0.0655305877
0.0688918143
0.0668720107
0.0620632609
0.0574548267
0.0570214998
0.0578480196
0.0620941028
0.0687666073
0.0713076945
0.0721987906
0.0729678002
0.0751305448
0.0771936429
0.0848365447
0.0791310886
0.0832665857
0.0848017665
0.0865478856
0.0905690023
0.0985439921
0.1026917779
0.0939669891
0.1071391262
0.1057875323
0.1074773791
0.1042098378
0.1046941701
0.1077382583
0.1011505199
0.1109778094
0.1066589995
0.1111280378
0.1146846664
0.1166043746
0.1135081638
0.1188704188
0.1247385460
0.1246214563
0.1415308862
0.1536342882
0.1575418703
0.1683414437
0.1662204357
0.1744902845
0.1948532603
0.2076251244
0.1985424737
0.1967428016
0.2081963760
0.2005880564
0.1963834074
0.1937631069
0.2020068776
0.2234621145
0.2389882003
0.2602252039
0.2825676522
0.3012559318
0.3101585333
0.3358580447
0.3398060732
0.3302299161
0.3320489960
0.3254174342
0.3203947485
0.3315649703
0.3364756297
0.3436899120
0.3506296219
0.3555020433
0.3705194492
0.3651357733
0.3555672939
0.3480016114
0.3401498139
0.3340586818
0.3243801092
0.3190405962
0.3271659064
0.3260042887
0.3224927076
0.3200596331
0.3167410987
0.3146420888
