9.1465651946
8.9994547369
9.1316299267
8.9709720518
9.0464045156
9.2063256428
9.2131690335
9.3619218373
9.3974755128
9.5629551867
9.7554694972
9.7940108561
9.9854119713
10.3536489374
10.5405201994
10.7672129148
11.2201282905
11.3668147951
11.5954934484
11.7788456099
11.9333002078
12.1061714209
12.1452911060
12.2312874485
12.5638751541
12.7988763384
12.7122204566
12.6003663563
12.2904728886
12.3398578510
12.5961514154
13.3518332697
14.0941154661
14.4794857727
14.3565243454
13.9069475324
13.3296738873
12.4331456062
11.4996277239
10.5152382017
10.0887092152
9.6447578147
9.3821121004
9.4172696581
9.0999293045
8.7807733259
9.6257352896
9.3793598114
9.2395364525
9.1978129549
9.3776344658
9.1819657598
9.3295841768
9.6214236795
9.5922385735
8.9227842892
8.6636583552
9.3701129336
9.6663846358
9.8119663194
9.5754407518
9.8015121791
9.5508984106
9.6060480519
9.4864946685
9.4004644814
9.3152643024
9.3095302902
9.1361234762
9.2190596960
9.2662385851
9.3997403456
9.1487095254
9.1228852283
9.0701555014
9.2497390138
9.3096747533
9.2930893590
9.5148312811
9.5063888585
9.7444779963
9.5882233476
9.6250759363
9.5095586700
9.6405830994
9.7107244423
9.0834877219
8.8777567623
8.6331314237
8.3331399908
8.2964178726
8.1935084006
7.9478326534
7.8627585325
7.7911746604
7.9459407166
8.1759880431
8.2473403617
8.3214362840
8.5818863722
8.7663133573
8.6140505023
8.7610172125
8.8545796313
8.7133317691
8.6725183150
8.5020510893
8.3526188761
8.0073750803
8.0092069496
7.9417571949
7.7972494589
7.1956299658
7.5484799574
7.6670649246
7.7677505438
7.7088663904
7.7819627753
8.2718770225
8.1395110742
8.4200661886
8.4583976336
7.9439216770
7.7605656678
7.7824722815
8.5311668366
8.2507374724
8.0793900393
7.7397174792
7.6704714191
7.4482083910
7.4489595579
7.6042553458
7.6495171664
6.8604492673
7.0182982483
6.9259763963
8.1720535342
8.2878524461
7.9482083932
8.0036864687
8.2547521553
8.1689254194
8.1848246431
7.4718904976
7.6509415554
8.6170689211
8.5147869537
8.4060608145
8.5151632410
8.3587337424
8.2260471217
8.0199306723
8.3037067633
8.4309950511
8.1454787375
8.3338343480
8.3534264628
8.3378377899
8.1077135531
7.9351086376
8.1811469717
8.2381294107
8.1192407741
8.1212139690
8.1989770889
7.9509055191
7.9176061989
7.9138394968
7.9594413117
8.0901212472
8.0213961494
7.9895132622
7.9481953255
7.8418792427
7.7958278889
7.6608444787
7.8104637051
7.8145830209
7.7567222712
7.8392578298
7.9919426304
7.9770411939
8.1469197365
7.9992539896
8.0436205070
8.0365849282
8.3601901006
8.2470443313
8.2472098683
8.3810505290
8.1693621611
7.9353841639
7.9242296793
8.1675777345
8.3025952845
8.1528491205
7.9176886608
7.6239393667
7.4671236175
7.3803640362
7.7134387488
8.1837549983
8.4016719104
8.5641140195
8.4036346420
8.1935584965
7.5908870421
7.0117287086
7.2723371499
7.2289720341
7.3659616024
7.5136672432
7.6497094446
7.6343627769
7.5957585656
7.5377130315
7.5769839201
7.3883735214
7.3231008812
7.0083770368
6.9875228333
7.0410559540
7.2173266315
7.3450607104
7.3587593601
7.2635350784
7.2050276398
7.1919221289
7.2365851011
7.3540359177
7.4142718563
7.6199966459
7.5434898494
7.5113581717
7.5611989129
7.6222243309
7.5323455663
7.3941804469
7.3462415087
7.3186659808
7.3915050688
7.2443190182
7.3215267894
7.1621579127
7.0137531976
6.9407483493
7.0038019501
7.0865607380
7.1332738655
7.0467863453
6.9418784904
7.0133970989
6.9187494332
6.7967995475
6.9224209742
6.7427206838
6.6268118406
6.6683806089
6.8489481016
6.8991944456
6.4666212523
6.5319832060
6.5287373748
6.5093702655
6.4031517759
6.3577389136
6.3357918166
6.2695847194
6.1801926361
6.4343552077
6.1697039587
6.5390338811
6.5797507517
6.3394243620
6.2488937851
6.2158643645
6.2577966967
6.3511880510
6.2490066333
6.2903938877
6.1199576558
6.6659112691
6.6815440784
6.7457365489
6.5282305952
6.4011008594
6.4753650829
6.3795473451
6.3439500687
5.8562680331
7.4537889992
6.1085641627
7.5593432863
6.2751450619
7.5249377087
6.6881747659
6.5419664722
6.5135510723
5.8093559419
6.1909561324
5.7358292872
5.6892362554
5.4078823328
6.6515478339
6.7086604235
6.1210576883
6.1990805029
6.0077708982
6.3022887088
6.3029816976
6.3877273505
6.5492786233
5.7980193692
6.2376612752
6.2309114448
6.1898960229
6.1933644809
6.1948343980
6.1787293193
6.0627674054
6.0400901228
5.9620952924
5.7047760778
5.9791578556
5.9800683069
5.4956350527
5.8193814927
5.5766153695
5.4842490991
5.7169096649
5.8447295792
5.7017876601
5.5742532541
5.5730641542
5.6310744592
5.5744209819
5.9504461143
5.5854988289
5.4892916630
5.7344261716
5.6188408808
5.4693389637
5.5350702657
5.4372338069
5.3222219624
5.4619909165
5.4645768977
5.5065868987
5.5304935421
5.8587434241
6.3202027869
5.9539392125
5.0261915361
4.6875593040
5.2927433005
5.6216943288
5.8613425347
5.7957292193
5.4200185270
5.3303868270
4.7365683428
4.4146326538
5.3415887655
5.1279404359
4.7058501285
5.1643790670
4.9550250184
6.0126961828
5.7977877452
5.3220645187
5.4660346826
5.1692611666
5.3683592047
5.4421250064
5.5758065361
5.7262545046
5.5262966750
5.2486741744
5.4291589050
5.3488567654
5.5488523517
5.4475386913
5.3546477881
5.1862482066
5.1794270812
4.9989521084
5.1937529267
5.3727883775
4.9679680580
4.8923604844
4.6116773799
4.8204264041
5.0377691284
5.0986508236
5.0771288385
5.0230752864
5.0189220649
4.8983173887
4.9653908460
4.8280851683
4.9567677418
4.7364466212
4.7501165981
4.7293702282
4.6389120065
4.5289190050
4.4412589109
4.9148565852
4.9610539526
4.9657161787
4.0069197885
4.0783414784
3.8193983310
4.6943444256
4.6255218086
4.9641974756
4.9374342447
4.8633626386
5.0980620464
4.9265684550
4.7219705129
5.2884587922
4.7177440648
5.3336859421
5.3533620743
4.3626070919
4.4579661174
4.0381381019
2.9243444915
4.0291223194
4.5681233036
4.8297137815
4.7982052268
5.0026407934
4.5959364626
4.3474307507
4.4575378257
4.2856671663
4.5254334974
4.4153208780
4.8906854189
4.2119942533
4.3284613486
4.5960422034
4.4821983174
4.1510414182
4.1642153392
3.7923935453
4.3332988884
4.1130339572
4.0183026410
3.9085739917
4.0437293080
4.1403355511
3.9976855008
4.0589049956
3.9513463631
3.8603762988
4.1229534819
4.0840111260
4.2092774885
4.4153512144
4.0685824289
3.9229865517
4.0915372237
4.0708791211
3.8560186765
3.7758682998
3.6005012518
3.8045036137
4.0536667627
4.0275799161
4.5150987044
5.5853001833
4.2960196275
3.4918342907
4.0450285533
4.0628845645
3.7410356100
3.7109523887
4.9437623722
4.8234922740
4.3452175225
3.9768251648
3.9140678798
4.3050378633
4.1762189909
4.0860649780
4.3026539198
4.1616360595
4.1174851411
3.9664918292
4.3084302559
3.9821865933
4.6819028491
5.0074514331
4.2661108352
4.5311570156
4.8770551948
4.7784881821
3.3640278887
3.6837849192
3.7217396556
3.9104034179
3.3301582436
3.4718047542
3.4708817254
3.6801020185
3.6136338487
3.7854935196
3.7442201563
3.6483628149
3.5904831865
3.5679464010
3.4316923437
3.1251670862
3.2532152633
3.3838805683
3.4324652465
3.7025724247
3.5275963569
3.3605676886
3.1090537507
3.3496337742
3.3259362687
3.1555349073
3.1219146690
3.2807983730
3.3075258050
3.3323945639
3.3242566581
3.5915038889
3.3673287892
3.4131833555
3.2843644232
3.3663364031
3.3455489246
3.3231588922
3.3789384426
3.3747040716
3.3828921225
3.2110955177
3.4038247055
3.4324181438
3.5063228092
3.5861996272
3.5520400133
3.4824538242
3.6797207745
2.9421186384
3.4244334979
3.2016559941
2.7258504744
3.3897865924
3.2429733061
3.4471273063
3.4299924492
2.7154879325
2.8710058122
3.0135599772
2.7746180748
3.6585968353
3.4222747480
3.6764332671
3.4467960392
3.6825240095
3.6820603138
3.8531232070
3.9236789935
4.1031046260
3.8284635535
3.1628838097
3.8923683158
2.8891514988
4.7605681483
3.7766417654
4.2379947428
4.8996198517
3.2595948622
4.6599308633
4.2634731229
4.4987254649
3.9086778500
3.2231950321
3.2656280878
2.7963200186
4.1395364296
3.6976485277
3.1678315149
3.8775238019
4.0406400880
3.7887499757
3.7244777276
3.4910941976
3.5063714850
3.3384903935
3.6678330847
3.4673926161
3.3977315748
3.6102015820
3.5851481943
3.5508091367
3.4058322326
3.5942989537
3.6169394456
3.7262289052
3.6938957659
3.5300202952
3.7014255678
3.7153915545
3.9933047990
3.8218089534
3.6717478984
3.5069689762
3.6468330145
3.4031075073
3.3617166656
3.4023137722
3.1792100972
3.0967959307
3.7588409522
4.2278188900
3.6659269329
3.3209705302
3.5929337821
3.0198642195
3.1261549454
2.8086568944
2.8653976409
3.4942177780
3.7359960549
4.3849016073
4.9237453508
5.0050349353
4.1343597866
3.5572244024
4.0744995941
3.9583567431
3.2974410383
3.0171826953
2.7001975940
3.4581932772
2.7308926320
2.3390172751
3.5153919868
4.5123874297
4.9692142871
4.2397497560
3.9204154331
3.5349033365
3.5979599238
3.9657067975
3.9231659326
3.9735723901
4.5995336892
4.5772019693
5.3089949912
3.9172460362
3.8651613523
4.2299135134
4.2414999690
4.2476605763
4.2125020495
4.1299862884
3.8938454189
3.8192124452
3.9001626996
3.8452122056
4.0653157722
3.8953021789
3.9033716724
3.8820490153
3.8233387194
3.9836179231
3.7863586063
3.7921852027
3.9949825955
3.9924086227
3.7210915092
3.9781962331
3.8193211266
3.8737832052
3.6884499297
3.9849476697
4.2990247357
4.4722512364
4.0904147285
4.2199911686
3.9536136227
4.1280674288
4.1624817552
3.7291869124
3.9277246242
4.0964651027
3.8110555439
3.8381133586
3.9026674802
3.6958844868
3.3134321575
3.1679382657
3.9726606821
3.8029292067
3.7160427141
4.1205671696
4.3391218808
4.6836349202
4.7399442987
3.9268239678
4.1777614362
3.8830405954
3.9258194042
4.3309846164
5.2484458072
3.8216931208
3.2888630627
4.4735775955
4.7526615795
4.8884462876
4.7098171412
4.3453399506
5.2283433880
4.7506241228
4.6473912418
4.5150006956
5.0491758690
4.7733860710
4.5543360089
4.6126741463
4.5371166877
4.4597077323
4.0973663389
4.2715613375
4.2956812352
4.6344074931
4.4572961290
4.3628203240
4.3226184650
4.1540540982
4.2903079022
4.2210605232
4.0797255495
4.3408254744
4.3821185964
4.3156287523
4.5111134849
4.4809058934
4.1590589087
4.2855242721
4.2495440557
4.2522361367
4.2166990853
4.3613783972
4.3343692097
4.5152026558
4.4620058189
4.5457963987
4.3219518803
4.4823231784
4.3862072624
4.5104604241
4.5100830942
4.7878699302
4.2040527885
4.0640669982
4.2898767280
3.9019168011
4.1602214566
4.5747384217
4.6730795863
4.6942303509
4.2388278471
5.1567975786
4.4503523543
4.3705542181
4.3169008759
4.2594847542
3.3019182867
4.5130135124
5.4863423472
5.0518118616
5.1606231450
5.0329979273
4.8580427312
3.7200018896
4.3067895845
4.6029594159
5.3148893753
5.5561844753
4.3597692408
4.5574047846
4.4776995831
4.5576360273
5.2222862643
5.1001293257
4.8026249454
4.8306191512
4.7320692252
4.5123675147
4.6041623641
4.5421649749
4.2864891305
3.9845702083
4.0403170728
4.1029208070
4.0862994435
4.1581940766
4.1839561699
4.3158331889
4.5200629147
4.6787044161
4.9570120989
4.9013362921
5.2026693087
5.2625065533
5.1042362772
4.8976603165
4.9265554212
4.8736815191
4.6416762308
4.7208837472
4.3818407163
4.4706398120
4.3329710921
4.4379997561
4.5217830538
4.4483745842
4.5867190399
4.8889625916
4.8899411570
4.6929498872
4.9365382060
4.7120811000
4.8228321896
4.8904232556
5.3257856579
5.5333951054
5.4495839076
6.1354204554
6.0168757725
6.0462131335
6.0573739818
6.8128630029
6.1060363586
6.3275275933
6.1528061060
6.1606544159
6.7145406025
7.0271331919
7.0677062988
7.3387907802
7.0664396514
6.0914336797
5.9100067196
6.1914916385
6.2011601845
7.2758518870
5.8943263697
5.8361494482
6.1524936756
6.1383602026
6.0382866644
5.7238484059
5.8362460645
5.8671611865
5.9335527838
5.9178607707
5.8820135707
5.8062332925
5.7476556000
