0.0421566951
0.0413299504
0.0420585755
0.0425802636
0.0428572917
0.0430338224
0.0435300082
0.0433570036
0.0429157751
0.0424327827
0.0422773465
0.0420640525
0.0416987265
0.0417243187
0.0415790624
0.0415401049
0.0393877108
0.0387874225
0.0375439799
0.0363997274
0.0351754032
0.0335513819
0.0304780138
0.0283376522
0.0278209074
0.0287604309
0.0301277546
0.0316237195
0.0296537798
0.0294844624
0.0259747646
0.0244992148
0.0201332397
0.0222739988
0.0218099678
0.0179480434
0.0193345468
0.0197011680
0.0206123271
0.0167236387
0.0155485244
0.0166500108
0.0150001835
0.0201853306
0.0194817701
0.0220481801
0.0212277364
0.0199613933
0.0185011762
0.0225850559
0.0202361260
0.0270477849
0.0241930433
0.0240076760
0.0205091207
0.0217305057
0.0215652135
0.0195121215
0.0195123130
0.0188851205
0.0189178700
0.0198695096
0.0202465360
0.0195750487
0.0183846675
0.0184666462
0.0182760440
0.0181772575
0.0179972692
0.0174040448
0.0171297338
0.0169973529
0.0165882658
0.0176106693
0.0177074309
0.0168604263
0.0164624956
0.0168653320
0.0186200936
0.0175390147
0.0189251638
0.0189272164
0.0203028182
0.0205994459
0.0206415366
0.0225704650
0.0231265558
0.0227233420
0.0220224707
0.0206982545
0.0186800199
0.0174116015
0.0165401511
0.0165537744
0.0162074757
0.0150484645
0.0152738019
0.0133046264
0.0135572388
0.0116584713
0.0110078305
0.0102379241
0.0094867633
0.0086514055
0.0087652078
0.0080517156
0.0089047113
0.0083180966
0.0083535437
0.0085308640
0.0089441551
0.0088529551
0.0109198990
0.0105975814
0.0111053069
0.0089302623
0.0088839080
0.0076335216
0.0078547790
0.0073324179
0.0063437121
0.0053999592
0.0060518576
0.0062656444
0.0065418036
0.0074947229
0.0085138757
0.0075298074
0.0085019130
0.0097552307
0.0102534302
0.0103876288
0.0100403335
0.0106276913
0.0109664954
0.0085915509
0.0104051066
0.0083151822
0.0094391419
0.0116944932
0.0071676910
0.0082966920
0.0107793057
0.0109465810
0.0119841693
0.0152223072
0.0091547939
0.0144474666
0.0101932751
0.0148084745
0.0167202471
0.0136473388
0.0171377338
0.0164496844
0.0169756377
0.0183938946
0.0200761043
0.0224348636
0.0218450774
0.0232593610
0.0238494022
0.0235034981
0.0261314336
0.0254349529
0.0268626788
0.0274231344
0.0286154507
0.0301114484
0.0320496447
0.0320667513
0.0330657650
0.0341091769
0.0337735913
0.0361694055
0.0354050929
0.0357545097
0.0350965259
0.0327621480
0.0334381462
0.0354523609
0.0360912623
0.0369365824
0.0373769583
0.0363059317
0.0364286134
0.0380150377
0.0351505906
0.0328939175
0.0328383588
0.0299607635
0.0276845409
0.0251782771
0.0211065888
0.0232434252
0.0173065848
0.0145350821
0.0177920928
0.0170192253
0.0172344984
0.0247255782
0.0306397113
0.0384124368
0.0477228699
0.0587386954
0.0609788987
0.0680868310
0.0764608752
0.0755566830
0.0761195325
0.0757222039
0.0786539621
0.0817319897
0.0854796001
0.0925954062
0.0982785011
0.1023312546
0.1002833247
0.1028472175
0.1066203638
0.1099187247
0.1108191528
0.1140275053
0.1131456920
0.1146828331
0.1163640930
0.1166526361
0.1174784516
0.1158736660
0.1132482130
0.1156179494
0.1173992287
0.1201541338
0.1245577066
0.1277969831
0.1344638485
0.1378375921
0.1551425554
0.1618200616
0.1675128714
0.1682491282
0.1708822447
0.1846997847
0.1946340759
0.2066082472
0.2313066735
0.2443053362
0.2459232835
0.2515617448
0.2656432199
0.2701753257
0.2835800536
0.2907161389
0.3074958276
0.3235463199
0.3350330844
0.3528626428
0.3668311247
0.3718487438
0.3825411409
0.3892645934
0.4014075042
0.4172061448
0.4073008113
0.4115120104
0.4273918555
0.4098798691
0.4073606417
0.4071595829
0.4071855808
0.4040893386
0.4033461046
0.4048947516
0.4079513158
0.4129978739
0.4149224370
0.4153457528
0.4223352714
0.4272683458
0.4306095802
0.4394212685
0.4421885579
0.4410881337
0.4443334945
0.4495903591
0.4533341553
0.4582001454
0.4598755625
0.4512409812
0.4487834799
0.4491032526
0.4525524332
0.4492047049
0.4508610921
0.4497900357
0.4476364026
0.4496368006
0.4481316770
0.4501343261
0.4541981964
0.4510871611
0.4504594720
0.4490236105
0.4509827551
0.4482483460
0.4405630479
0.4347667419
0.4343955718
0.4350712427
0.4279898689
0.4270118256
0.4357391276
0.4307030797
0.4325839602
0.4318930339
0.4314268571
0.4219991904
0.4207193326
0.4298308096
0.4302800535
0.4320614633
0.4356126726
0.4386044639
0.4457976639
0.4396312666
0.4392493126
0.4501863570
0.4536153271
0.4527351328
0.4516743046
0.4450136791
0.4385958248
0.4391300275
0.4398400984
0.4354350657
0.3902108029
0.3971350275
0.3977499774
0.4240461475
0.4977492720
0.4078583668
0.3514226223
0.4328080155
0.4804559985
0.4755445802
0.4669704182
0.4681297999
0.4760062658
0.4815581108
0.4964891728
0.5145980252
0.5359393908
0.5303234456
0.5511952170
0.5412406766
0.4983538219
0.4774985732
0.4522415325
0.4403377648
0.4433016910
0.4502434398
0.4704387464
0.4621327491
0.4772081980
0.5107132621
0.5091058603
0.5021093008
0.4958120439
0.4847416594
0.4611279950
0.4350636408
0.4189917375
0.4006545110
0.3877427730
0.3766764928
0.3717439482
0.3638200699
0.3496620758
0.3449350114
0.3417416078
0.3430495414
0.3405054497
0.3471434752
0.3482451404
0.3461506036
0.3332309982
0.3153522468
0.2973656014
0.2801639218
0.2793183589
0.2725084118
0.2591479417
0.2611938372
0.2388618043
0.2431851434
0.2511029778
0.2534203106
0.2518202036
0.2581258531
0.2528196431
0.2566351855
0.2380275820
0.1988843071
0.1712735332
0.1433955892
0.1197465263
0.1162481597
0.1143542893
0.1340370811
0.1244405144
0.1573997747
0.1508113557
0.1309466007
0.1340203875
0.1108564636
0.1167242333
0.1343132669
0.1221388591
0.1320683619
0.1113455775
0.1101403150
0.1147123152
0.1148134434
0.1138173726
0.0624008391
0.1018670017
0.1193652077
0.1244845159
0.1274558614
0.1260658173
0.1341889000
0.1452612068
0.1481585024
0.1556470350
0.1651709338
0.1713279003
0.1843968800
0.1778292289
0.1553744874
0.1374999189
0.1294684506
0.1209683405
0.1105762392
0.1315795827
0.1373129947
0.1338835873
0.1306305557
0.1245065682
0.1193079510
0.1379746347
0.1468603919
0.1487624503
0.1515520797
0.1381986141
0.1232360064
0.1119687499
0.1016021996
0.0885729392
0.0901329523
0.1119436280
0.1163190909
0.1215246094
0.1297222056
0.1462867676
0.1448016211
0.1308210541
0.1186640655
0.1100092520
0.1065983486
0.1094979606
0.1145165783
0.1225598071
0.1250547655
0.1299347885
0.1317352580
0.1450430883
0.1494228199
0.1472011724
0.1445509573
0.1373593675
0.1269341114
0.1128322452
0.0986230376
0.0895541967
0.0856684734
0.0787113305
0.0789530962
0.0826614498
0.0897251563
