5.7057410086
5.6707217834
5.6601975086
5.6512386400
5.6343726895
5.6227430498
5.6136590973
5.5957576384
5.5857274103
5.5770996719
5.5544073050
5.5414008858
5.5120824223
5.4957742475
5.4549163676
5.4422250024
5.4113908208
5.3759243256
5.3417602647
5.3061686855
5.2946439958
5.2540532023
5.2074320529
5.1801639365
5.1242287306
5.0918271655
5.0291828026
5.0040134284
4.9406490511
4.9075720070
4.8408598536
4.7594388663
4.7080715248
4.6207404382
4.5706341884
4.4754567292
4.4066287898
4.3654233015
4.2900248604
4.2330417910
4.1940806423
4.1158949859
4.0432978155
3.9747955359
3.9269000562
3.8531787139
3.7667159693
3.6983704112
3.6068864286
3.5086919334
3.4457942771
3.3594433488
3.2658904769
3.1681921170
3.1105568582
3.0118987260
2.9157257596
2.8250201723
2.7424494114
2.6572048943
2.5614144877
2.4680821159
2.4084777640
2.3290451877
2.2786584312
2.1981249307
2.0747503489
1.9524585767
1.8347567011
1.6582238432
1.5799335065
1.4733259061
1.3873900009
1.3221213994
1.2634030851
1.1950092472
1.1531735278
1.0781952794
1.0281530990
0.9732558868
0.9369436076
0.8854361789
0.8386611655
0.7932320621
0.7735192809
0.7774035474
0.8021572163
0.8159243198
0.8533646694
0.8590047687
0.8909321733
0.9002529407
0.9200889232
0.9331099105
0.9747458693
1.0026768118
1.0378909842
1.0523557211
1.0744013525
1.0633973283
1.0575227083
1.0637765915
1.0545790701
1.0604239441
1.0669004647
1.1011555160
1.1462153598
1.1873746377
1.2301000866
1.2471565193
1.2897320927
1.3353694726
1.3573616741
1.3946658654
1.3874229430
1.3953034971
1.4149300793
1.4294412673
1.4522516037
1.4656578368
1.4883009818
1.5053544517
1.5296750292
1.5262252099
1.5539196767
1.5860582987
1.6132156301
1.6416910861
1.6819275537
1.7071884112
1.7259567570
1.7445513691
1.7578029395
1.7639578428
1.7948406677
1.7967070087
1.7926992019
1.8239380369
1.8238082461
1.8709895342
1.8681247520
1.8971523919
1.8993151606
1.8724927703
1.8500681444
1.8328380544
1.8183790661
1.8096079565
1.8019736753
1.7903238074
1.7811557530
1.7781481218
1.7719363674
1.7508669925
1.7447400269
1.7183249184
1.7225541066
1.7296982829
1.7325546805
1.7165157919
1.7208747953
1.7303627939
1.7302684816
1.7502691875
1.7551400648
1.7671221672
1.7895676741
1.8005927247
1.8145933360
1.8252969387
1.8356273413
1.8656259552
1.8815193882
1.8956571296
1.9140905137
1.9327779324
1.9626891621
2.0129407970
2.0520660690
2.0844922315
2.1192625551
2.1723547532
2.2230463329
2.2790614227
2.3264948860
2.3811937438
2.4495193366
2.5229865358
2.5782315724
2.6033665310
2.6307619596
2.6480152201
2.6293649355
2.6015236709
2.6085716589
2.5682333023
2.5209646918
2.5125731040
2.5722279652
2.5967804249
2.6666457604
2.6793773557
2.6979805946
2.7616338575
2.7931982240
2.8371919197
2.9094615966
2.9533534953
2.9965832867
3.0359077602
3.0720252686
3.1052849292
3.1438217561
3.2066248124
3.2437898416
3.2863417660
3.3266288160
3.3827784077
3.4127280250
3.4620672879
3.5009510796
3.5132284098
3.5371740403
3.5592212362
3.5842027503
3.5911185742
3.6217494473
3.6327615095
3.6613106798
3.6629566096
3.6709316278
3.7072744054
3.7233889485
3.7401954280
3.7569598795
3.7884563025
3.8050906210
3.8092033516
3.8219645804
3.8501499058
3.8507652889
3.8715281842
3.8623612172
3.8798475051
3.8944764537
3.8754114505
3.8868422126
3.8942671074
3.8673017370
3.8750246848
3.8525836333
3.8624814035
3.8378638757
3.8502715911
3.8658246154
3.8757186226
3.8502250488
3.8611959081
3.8637282034
3.8303403502
3.8299715962
3.8299110710
3.8277604081
3.8225151210
3.8191739251
3.7811295723
3.7757854378
3.7650771058
3.7162866124
3.7062351155
3.6557764192
3.6427469324
3.5910999862
3.5802066904
3.5715493496
3.5184998347
3.5064867316
3.4479412196
3.4252737825
3.3550559266
3.3202469611
3.2404698738
3.1486363071
3.0470300816
2.9439694526
2.8425213988
2.7913772204
2.6936047292
2.5999506239
2.5054039897
2.4255116618
2.3404906501
2.3076524888
2.2285955166
2.1570200948
2.1216878977
2.0476386573
2.0069898654
1.9595477106
1.9177803191
1.8401931133
1.7958213914
1.7263235272
1.6817912951
1.6215306698
1.5911246118
1.5465464145
1.4974703723
1.4690815493
1.4214008934
1.3687500136
1.3164530430
1.2708307867
1.2191983134
1.1613722936
1.1009231565
1.0408025057
0.9876984983
0.9359596317
0.8853437125
0.8512130953
0.8216515123
0.8183535860
0.8037429375
0.7943939861
0.7970556583
0.7958552689
0.7893760738
0.7898899093
0.7994642984
0.8196425620
0.8457587660
0.8984394261
0.9361523226
0.9896337206
1.0169444800
1.0477145639
1.0929806178
1.1253690659
1.1298042889
1.1525192182
1.1810101265
1.1898387481
1.2223499050
1.2435130996
1.2857928789
1.3097680420
1.3303372094
1.3786362167
1.4014603827
1.4301500566
1.4844651163
1.5178715152
1.5429760085
1.5810044001
1.6521695600
1.6909916081
1.7226259172
1.7831354404
1.8177313719
1.8507646972
1.9303059554
1.9720228764
2.0583406887
2.1347292486
2.1745885749
2.2489415194
2.3193122338
2.3546733182
2.4237126325
2.4874312101
2.5102251386
2.5647583358
2.6275159839
2.6634841040
2.7228435049
2.7968889118
2.8626252357
2.9342335705
3.0301147532
3.0916331977
3.1586080253
3.2379777018
3.3067046508
3.3948830378
3.4763041249
3.5494202701
3.6005389849
3.6553349495
3.7132996398
3.7603174955
3.8063386295
3.8465307798
3.8851313185
3.9197787275
3.9627169818
4.0109379447
4.0576737810
4.1112109096
4.1610218507
4.2188356627
4.2738937947
4.3278978484
4.4049652731
4.4605841907
4.5006652553
4.5386667590
4.5734658356
4.6007180026
4.6384974620
4.6806207189
4.7240222774
4.7603906545
4.7977821966
4.8260620876
4.8558098478
4.8806701953
4.8988388471
4.9168906760
4.9245840638
4.9355984427
4.9568574832
4.9828622179
4.9985328696
5.0213728902
5.0455663170
5.0672255315
5.0843909220
5.0951229931
5.1046528742
5.0949727434
5.1006060913
5.0918965934
5.0770255988
5.0602281208
5.0424247029
5.0459767141
5.0372084645
5.0241476973
4.9927956473
4.9757922840
4.9347640592
4.9292961488
4.9121313704
4.9012451601
4.8553041506
4.8121692514
4.7731277525
4.7483368048
4.7301780509
4.7241909453
4.7212845064
4.7164244882
4.7219800674
4.7072105024
4.7158863985
4.7193483450
4.7175363160
4.7223364733
4.7316813797
4.7375398199
4.7224570431
4.7113323748
4.6932136100
4.6699611445
4.6479196413
4.6303204075
4.6065162603
4.5587178564
4.5373905665
4.5080776865
4.4804828184
4.4457862203
4.4132227558
4.3485050566
4.3035929096
4.2477354489
4.1889724227
4.1367774905
4.0797298981
4.0297412311
4.0006103886
3.9418800586
3.8675889421
3.8244714368
3.7748117933
3.7117592337
3.6563890281
3.6404406133
3.6064748308
3.5933708076
3.5538311845
3.5174552651
3.4852370819
3.4625229575
3.4310723420
3.4100747251
3.3769765017
3.3536658598
3.3240603018
3.2850582416
3.2497529514
3.2137011313
3.1752268572
3.1429068725
3.1115488512
3.0820874622
3.0526303139
3.0277458192
3.0055979097
2.9767414343
2.9471171145
2.9150618037
2.8826653552
2.8529142971
2.8113908784
2.7687792805
2.7255672485
2.6847234340
2.6445954003
2.6045722013
2.5734261845
2.5477391597
2.5269050055
2.5120985687
2.4959054670
2.4718500504
2.4370418788
2.4107205007
2.3824762384
2.3564614958
2.3313621388
2.3033732922
2.2783175052
2.2502906959
2.2354126112
2.2060837448
2.1988077055
2.1759009677
2.1661921306
2.1422784183
2.1369897133
2.1290988614
2.1218597431
2.0997924755
2.1021648913
2.1048859688
2.0832114279
2.0847860172
2.0823162196
2.0635442308
2.0659843941
2.0653222628
2.0640539786
2.0385197768
2.0367298709
2.0356142951
2.0311487777
2.0320815914
2.0373651370
2.0394204375
2.0450989840
2.0505598571
2.0668960495
2.0736085606
2.0574653586
2.0718986340
2.0798119167
2.0822488392
2.0841492153
2.0587634607
2.0620766678
2.0628773787
2.0331485745
2.0364562852
2.0378754017
2.0124789628
2.0229543151
1.9974253917
2.0066688651
1.9925002087
1.9954242653
1.9763292031
1.9621568676
1.9738430869
1.9583320587
1.9667683056
1.9416610949
1.9440216349
1.9264068166
1.9340626615
1.9438124772
1.9203932274
1.9313261495
1.9065671866
1.9197891838
1.9269136650
1.9128452891
1.9193528279
1.9277950489
1.9078396017
1.9124384239
1.9263441695
1.9351265354
1.9151488166
1.9140337725
1.9108799860
1.8801648152
1.8809491295
1.8870613239
1.8901170567
1.8723351843
1.8747177988
1.8536321792
1.8590988976
1.8638142071
1.8713893721
1.8555376048
1.8661993298
1.8760598013
1.8946037465
1.9025737793
1.8963229959
1.9055771106
1.8864647239
1.8659189729
1.8432121328
1.8035008716
1.7793858927
1.7518488115
1.7153505694
1.6790923935
1.6410783842
1.6006619545
1.5602345057
1.5116218032
1.4689761270
1.4346870368
1.4036293985
1.3722489040
1.3540457543
1.3339342326
1.3076504507
1.2836814228
1.2673197219
1.2408450705
1.2223123959
1.2016669812
1.1768609250
1.1384801137
1.1031625701
1.0700536551
1.0358359579
0.9967541500
0.9538526595
0.9199760649
0.8864656014
0.8539281673
0.8330916593
0.8052995528
0.7780170320
0.7502864259
0.7316898998
0.7112352996
0.7092034893
0.7001010648
0.6799835968
0.6609191134
0.6378080061
0.6215871315
0.6245049109
0.6093826849
0.5804893722
0.5425464448
0.5110707692
0.4846306037
0.4808482120
0.4906975912
0.5129774857
0.5364602835
0.5308867146
0.5642195383
0.5955608938
0.6236179996
0.6306654176
0.6577457962
0.6845995567
0.7025596772
0.7304498543
0.7655012315
0.7890898048
0.8194631584
0.8321529492
0.8736594772
0.9315523238
0.9625241076
0.9965175251
1.0722240128
1.1272365356
1.2266422080
1.3220767915
1.3739636653
1.4596924146
1.5042219910
1.5888048267
1.6630598287
1.6997029048
1.7711356365
1.8005718856
1.8665626039
1.9235835244
1.9424995511
2.0140578970
2.0780588619
2.1233090016
2.2150848399
2.2658247559
2.3488513022
2.3749013980
2.4385052450
2.4621063748
2.5302367344
2.5557518706
2.6193843511
2.6793402207
2.7385998172
2.7935129954
2.8510468866
2.9566030461
3.0658757804
3.1616092608
3.2612768890
3.3311454376
3.3972358641
3.4433139451
3.5034237112
3.5517555694
3.6085325976
3.6513147606
3.6989057872
3.7365874541
3.7706225580
3.7919383314
3.8140774465
3.8361671688
3.8652476803
3.8860187929
3.9193351305
3.9393856742
3.9591127854
3.9794268139
3.9950522034
4.0088545311
4.0132130487
4.0235011085
4.0392286396
4.0499196152
4.0684660420
4.0821957620
4.0958021931
4.0977201022
4.1005117666
4.1044256560
4.1133867523
4.1120108676
4.1180768225
4.1250537901
4.1318221137
4.1390552544
4.1479395355
4.1497793622
4.1590376189
4.1767692069
4.1968104020
4.2182234502
4.2436539850
4.2619721571
4.2653356840
4.2685738695
4.2734908471
4.2714209816
4.2714463498
4.2749316292
4.2886556604
4.2932815137
4.3064128436
4.3142723774
4.3180831969
4.3284451729
4.3347963024
4.3514624335
4.3733368489
4.3898571586
4.4007145449
4.4007590434
4.3966303096
4.3859768358
4.3724963176
4.3394294136
4.3169686921
4.2911686745
4.2642049695
4.2298482679
4.1979591265
4.1679177404
4.1376669895
4.1014159409
4.0658386335
4.0192542128
4.0003253195
3.9549912251
3.9063943248
3.8522502105
3.7955354893
3.7424384823
3.7117601156
3.6449042356
3.6024003196
3.5325338866
3.4833838119
3.4280418900
3.3698339028
3.3094086936
3.2501586564
3.1610125918
3.1013189115
3.0359095092
2.9709577515
2.9099171052
2.8164664235
2.7536211225
2.6888190283
2.5976156988
2.5426441030
2.4602807929
2.4171339333
2.3660334260
2.2735327047
2.1827129894
2.1252084502
2.0394064396
1.9939102797
1.9368347868
1.9088254309
1.8826498278
1.8409330971
1.7954322810
1.7324449232
1.7019866593
1.6807116702
1.6508053248
1.6176653237
1.6018859874
1.5794106667
1.5590318053
1.5491191084
1.5293541444
1.5059790901
1.5325535247
1.5228391362
1.5261208818
1.5636639148
1.5827560149
1.6556463118
1.6987461335
1.7466866312
1.8323634333
1.8766994195
1.9188974226
1.9601020726
2.0366019029
2.0640192188
2.0856173310
2.1544973549
2.1685909588
2.2361929291
2.3028674527
2.2994028725
2.3566891300
2.4241779849
2.4913176230
2.5696032585
2.7390256999
2.9216945147
3.2728788657
3.7052783358
3.8137701265
3.9846418705
4.0929222460
4.1420303128
4.2563137198
4.3484795214
4.4394059950
4.5165107782
4.5810964112
4.6195537219
4.6477578644
4.6742171976
4.6888976012
4.7069683365
4.7098439293
4.7176594037
4.7090052342
4.7053206470
4.7114720175
4.7136675130
4.7254102176
4.7383756710
4.7465312484
4.7207164996
4.6945577786
4.6609895513
4.6429714049
4.6366041916
4.6057493839
4.5941041838
4.5793018742
4.5529968068
4.5509755300
4.5195220487
4.4848055649
4.4545425402
4.4480385003
4.4098030878
4.3635140635
4.3074383070
4.2582668650
4.2202577836
4.1024947160
4.0194723611
3.9432508583
3.8709377552
3.7991551432
3.7289475722
3.6568038395
3.5825208479
3.5113352848
3.4334188232
3.3031705561
3.2223661064
3.1503035775
3.0262329729
2.9600190290
2.8801627229
2.8105723441
2.6994050707
2.6407335403
2.5334828301
2.4679542202
2.4041313691
2.3348955453
2.2603822326
2.1852942767
2.1081858985
2.0876795252
2.0176865259
1.9457274592
1.9296544665
1.8734969844
1.8655286588
1.8152175481
1.8134975538
1.7682861890
1.7277438900
1.7244634045
1.6815940560
1.6410710994
1.6350924747
1.6062524719
1.5804612238
1.5517375030
1.5222866679
1.5016865022
1.4856312626
1.4718279010
1.4629652949
1.4571854815
1.4612200800
1.4626700641
1.4535132358
1.4398252988
1.4429266132
1.4293019045
1.4117158860
1.4031495188
1.4110905272
1.4298690601
1.4701292741
1.4907117589
1.5400026032
1.5779443311
1.6368815188
1.6709284270
1.7061019055
1.7324209895
1.7440532442
1.7490241822
1.7602858213
1.7451070313
1.7216892861
1.7151734716
1.6962553677
1.6812785137
1.6664810560
1.6436690309
1.6269711112
1.6027873984
1.5860068975
1.5687396190
1.5470011454
1.5109206017
1.4665403916
1.4161683592
1.3547736186
1.3445655756
1.3513442417
1.3808240850
1.4202904004
1.4128569692
1.3854601575
1.3669475756
1.3092087914
1.2890561741
1.2731869039
1.2749308111
1.2880000831
1.2743863057
1.2611662122
1.3759515780
1.3753323442
1.3812439363
1.3820838490
1.3760838063
1.3546548856
1.3427905977
1.3256617192
1.3137299151
1.2996922554
1.2852106277
1.2750637869
1.2618046928
1.2503768529
1.2369039095
1.2204601762
1.2126809255
1.1959428840
1.1920636647
1.1840605160
1.1801792548
1.1884563553
1.2008616948
1.2208164406
1.2371064026
