0.4273536852
0.3934856739
0.4512352812
0.3575565726
0.4638443584
0.3337407577
0.3067834851
0.2774430496
0.2971254623
0.3020528735
0.3069115058
0.1288257664
0.3032636318
0.4390582693
0.7277939723
0.8832755880
0.9308910687
1.0949973136
0.8051365766
0.7211526370
0.4950748822
0.3729255270
0.4430132102
0.3833137904
0.4068149501
0.3608821641
0.4677711380
0.5479323011
0.4661378586
0.6805174374
0.1953560415
0.1830312842
0.1258732911
0.3151290225
0.2866400413
0.2687164021
0.2582040001
0.3583572499
0.3196273057
0.3095133442
0.3471048347
0.2352749786
0.2934869988
0.3558073773
0.2893744703
0.2449780996
0.3308507817
0.4365734317
0.3868551896
0.3731145592
0.4372793328
0.2548158929
0.1312197945
0.1456709181
0.3201991408
0.2783775212
0.2235333843
0.2490785972
0.6169809753
0.4906701723
0.1677382133
0.2113079378
0.2012096973
0.2519789413
0.2122860047
0.1049853124
0.4756605105
0.5682249589
0.2790323213
0.4500738542
0.2652019269
0.4340675014
0.7685158067
0.9926485619
0.9420011558
1.0177845305
0.7334520577
0.5218636743
0.1572029060
0.3212830509
0.7300830586
1.5735560006
0.6143251904
0.1866471758
0.4619267144
0.3852622679
0.7335833451
0.4432468614
0.5560514608
0.3093880365
0.4163922735
0.3542039394
0.3937171019
0.4996602973
0.5327619718
0.6916207470
0.7034893508
0.3601370439
0.6248169736
0.4618971705
0.5602203084
0.3017907416
0.5425807988
0.6076562702
0.4958191264
0.5464964566
0.8214467865
1.2515050027
1.2857322621
1.3933109985
1.8647931211
3.0769150131
1.0062276635
0.5454723589
0.4834755422
0.7894404486
1.7463158633
1.7884384756
0.3168682859
0.3285626371
0.1691858493
0.2368512690
0.2392453667
0.2113811586
0.3613837150
0.6298720489
0.9724790011
0.7132425469
0.5066892414
0.8223976110
0.8252439466
0.8201258800
0.7900795137
0.6524310574
0.6578656926
1.1984100030
1.1403457692
0.5851761498
0.6075247493
0.4688441744
0.9077705181
0.8663645743
0.8404228130
0.3186835487
0.7082455506
0.3461469145
0.5889106770
0.2099746484
0.4196102807
0.1776417104
0.4184663864
0.3708181153
0.4229125948
0.4258544257
0.2686890841
0.9799953905
0.8867040149
0.9004072636
0.7770897383
0.7931702744
0.7198192499
0.3095579936
0.2008075442
0.2529122893
0.1943727465
0.3596232889
0.2495969744
0.3163356414
0.2499562598
0.2846712145
0.1756159847
0.2806712263
0.2882903279
0.2923394844
0.4527778973
0.5096977231
0.2791430825
0.7352676622
0.6003899786
0.6156628857
0.7106919358
0.6433794715
0.6625466427
0.5952600217
0.6462293822
0.5837960989
0.1777326771
0.2686112752
0.5863093585
0.4981816345
0.2402428271
0.2808891129
0.2213264593
0.2211880087
0.2818914600
0.3146624904
0.3808697655
0.5228241930
0.1566474040
0.4347374120
0.2884893519
0.5586681596
0.5510355628
0.5752292328
0.4706734461
0.5676503134
0.2251521761
0.6883237140
0.6638489394
0.6959734037
0.9013451818
0.5409607774
0.6964636138
0.6320884284
0.6276998076
0.6687710405
0.6474991595
0.5450429245
0.5583216534
0.6428661200
0.7420950915
0.7549114147
0.7767857025
0.8500333595
0.7561049780
0.7968328936
0.5218652696
0.4907876979
0.4624269183
0.6151013352
0.4696613731
0.6499710312
0.7910084146
0.6642641973
0.7192659026
0.8654499369
0.7394570924
0.7961175729
0.8091300627
0.8347264788
0.8102646421
0.7247199416
0.6490762533
0.7202498185
0.7422687098
0.7421172725
0.7927001306
0.7319647817
0.9112800727
0.8051511976
0.7374794354
0.7809006048
0.7624452036
0.6894295631
0.6790294719
0.6604584097
0.7789059245
0.8412864183
0.7861726601
0.9677848459
0.7896839013
0.6970250713
0.6417041647
0.6286216665
0.6343276470
0.6119309471
0.5896173422
0.6147583508
0.5297001796
0.5111865377
0.3073515725
0.5365853657
0.3632257440
0.3547132873
0.5573221557
0.4088924841
0.2109256846
0.1980170613
0.3082675416
0.5679022451
0.4320219022
0.4673450198
0.3797585577
0.6285623683
0.6936594633
0.4111872358
0.4503723060
0.2918877197
0.4295730408
0.6117364145
0.4465982369
0.3904432495
0.6090842411
0.6099246154
0.6082716334
0.7292605144
0.7223204192
0.8797559956
0.8045127310
1.1041394997
1.0436354860
0.9618455276
0.9313519850
1.4721663472
1.0259003040
1.0826839209
0.9660054396
1.0094038795
0.8313443209
0.9050190075
0.8235957422
0.8175481130
0.7558799513
0.8953972396
0.8005043596
0.7206149755
0.5483809167
0.3755246134
0.3530629179
0.5444629368
0.2904486338
0.3857926585
0.3432099368
0.6313840187
0.6489900829
0.5251270913
0.6399390492
0.7972621096
0.9345978072
0.8310908525
1.0309171434
1.2777372398
1.3384210628
1.3409274585
1.2626751833
1.2013035059
1.1088367404
1.1357454739
1.0358384866
0.7912760605
0.7892286599
0.8470207368
0.8775346899
0.8764154670
1.0121766288
0.9539290927
0.6215123719
0.8107520701
0.4060895903
0.8329684162
0.7922143147
0.6604840624
0.8681660984
0.9851339791
0.7246298330
1.1648326722
1.0337920922
1.1097808087
1.3820943680
1.7905745329
1.7950576149
1.9390867184
1.7731036007
1.5411350392
1.5485213147
1.7189899063
1.2350958813
1.3955210955
1.8014598271
2.1517697980
1.2204618131
1.1100756723
0.8843377932
1.3575227291
1.3618446386
3.9995740350
0.8211993753
1.5445850984
1.4806342869
1.8321570179
0.9358829499
0.9710695025
0.9314122951
0.9547578355
1.2836653661
1.6902616014
1.2425279681
1.3257111354
1.4873494966
2.0543908252
1.5940607561
1.5247168058
1.4680748310
1.4365808644
1.1576976302
1.1060594997
0.7326957186
0.7672735637
0.3768226135
0.7963181266
0.4101718399
0.3501650105
0.5623684613
0.7207444997
0.8058012832
0.9613699624
0.9687832786
1.1186135474
1.1326564673
1.2539173112
1.2786257592
1.3356761785
1.1790444291
1.1854517114
1.1841373798
1.2152339827
1.2662770815
1.1622095585
1.1399169207
1.0866950646
0.8792327697
0.7989206954
0.9158566056
0.8759318526
0.9748977290
0.9116875706
0.9260943475
0.9779632406
1.0296850395
1.2548578492
1.5929910527
1.4032130870
1.6360027034
1.5568201297
1.6497883091
1.4289951327
1.3704544429
1.2764294393
1.1992656024
0.9669223871
0.9397999090
0.5893175745
0.6157432439
0.5397910005
0.7791830685
1.0302253423
1.1831850887
1.1477297413
1.3619434529
0.8666724290
1.1702635774
1.5864527653
1.9938606173
1.9491949304
1.4817096223
1.6751387486
1.8547286441
1.5573689355
1.0439484442
0.8823009191
1.6148889927
0.8249734574
0.8136650917
0.7660395455
0.8940301015
1.5323972047
1.0044463052
1.1358856006
0.9488821908
1.0413348269
1.2883260098
0.9636743487
0.6400262414
0.5601542474
0.8342583009
0.9980114977
1.1960099544
1.2323831203
1.0587229271
1.2540067510
1.4969099501
1.8168074602
1.6791055328
1.6945909957
1.8413828961
1.4539051815
1.2568119799
1.4064265590
1.6447367397
1.4513155595
0.9361188320
1.6709411549
1.6205042888
2.4696529204
3.4926894086
1.1135681729
1.3426528863
0.9675964948
2.3249330681
1.1526734216
1.1666295388
0.9583888077
0.8701633092
1.0785686046
1.2944755819
1.4855563614
1.5262893751
1.5035161377
1.4892002242
1.8160336064
1.8962699683
1.5801529273
2.2753933162
1.4932991359
1.4706584892
1.5387674449
1.5088425963
1.4904070707
1.8557705239
1.5596161709
1.4273490235
1.3242264978
1.1638136346
1.2818054217
1.2077348957
1.2413097640
1.0913558792
1.0485049103
0.8745416850
0.7809564350
0.7871462073
0.5031832785
0.6988300881
0.6289894684
0.7414547320
0.7397843428
1.1310894678
0.9750092927
1.0858541985
1.3962046539
1.5505873521
1.6439950576
1.8853298630
1.9125442238
1.9527310015
2.1758419171
2.0415077590
1.8547761684
1.6492931922
1.7117613280
1.4323193772
1.3331037918
1.2183339453
1.2387683103
1.2674719990
1.2964806728
1.0794117139
1.3244156935
1.4906497445
1.2729743457
1.0532098845
1.3650096309
1.5821163855
1.3509139403
1.0526101170
0.9819989595
1.0218236881
1.1952501006
1.1648477843
0.8256610659
0.3608834358
0.2660642338
0.4679419712
0.5928977490
1.1102002731
1.1497430702
1.6128199313
1.9302187376
1.9729112041
1.8443282684
1.8018861999
0.8054182834
1.0520741780
1.6381847355
2.2899682687
1.5014345264
1.7011028302
2.2723705497
1.7044998014
1.5854483225
0.9914695440
0.5983217038
0.7030561157
0.6831603887
0.7689801876
1.0436053815
1.3774369410
1.5889733070
1.5900230799
1.9157993787
2.2260135289
5.6577140406
3.6866104905
1.7333480174
1.3672618928
1.9632752653
2.1284620187
1.8285074252
1.5560923190
0.9321889410
0.8953574498
0.6304761379
0.8767879705
0.5435404006
0.9590461553
0.7144344230
0.9211518601
1.6157172357
1.3899348470
1.8883970681
1.3188008789
1.7003984618
1.6757289092
1.4231853988
1.3360093152
1.3490843207
1.0812699555
1.1729073586
1.0711921329
1.1836963552
1.2570680119
1.2627210903
1.1232988397
1.2130013610
1.2396206057
1.2999007182
1.3748441244
1.4562472737
1.5022111532
1.7387374363
1.9356340119
1.8313343703
1.9576309615
2.0325087482
2.0434559457
1.8732195991
1.7360581830
1.8486187820
1.2010212083
1.1420127212
1.1081073580
1.1893700379
1.0381290010
1.0649012281
1.0394033376
0.7121507063
1.0250300357
1.4150239810
1.0782289796
1.2934270453
1.0036657985
0.8301905195
0.8995103041
1.1120892046
1.0307007016
1.3196526821
1.3179322501
1.2563122709
1.5126398081
1.1417433708
0.7692046152
0.5099571822
0.7282462075
1.0106023972
0.9627593290
1.1712166531
1.3921123669
1.6606333846
1.5044572477
1.2708066779
1.0125843732
0.7970835420
1.0641602753
1.1338183498
0.7574705498
0.7211412729
0.7677815533
1.4761486991
1.6941585961
1.5287242506
1.7738547164
1.4963840847
1.5224391416
1.3679988450
1.1326568102
1.3532715664
1.7319730985
1.7525134054
1.0617122296
1.1975718255
1.5391014435
1.1117929537
0.9958290457
1.0455905782
0.7305030776
0.8106357675
0.6273821130
0.5278507212
0.4285126265
0.3123118002
0.3428684611
0.1183624003
0.5861385768
0.6316560693
0.6330092133
0.7837310348
0.5782560461
0.5653865799
1.1149676068
1.0729026902
1.1376320633
1.4929038526
1.6451998926
1.2923781124
1.1276062940
0.9380553747
1.0898882203
1.1454383088
1.0484255408
0.9997122456
1.2627500893
1.2998934205
1.3631145446
1.2905898988
1.1406201658
1.1185151990
1.0515958144
0.9951470452
0.7250797755
0.9767382368
0.8272830492
0.8278971763
0.9475196158
0.9835750378
1.4140546614
1.2039314816
1.2298752490
0.4734417254
0.8535423108
0.7779821266
0.8344557219
0.8998646428
0.8729567147
0.5821333605
0.9367481877
0.8381431603
1.2643711854
0.6863430242
0.7841839783
1.9441618945
1.6792360641
1.8031223563
1.6906874523
1.5311731274
1.2138530120
1.1107095638
1.1101566466
1.0114274811
0.8848569150
0.6734160860
0.9307381981
0.8382568548
0.5843918451
0.6405922348
0.7072282925
0.7846745497
0.9521216555
0.8159763075
1.5530911107
0.8563693375
1.1866693075
1.1190298024
0.8795707230
0.3510236946
0.8043907272
0.3907521755
1.0606674934
0.7421383786
0.3079502018
0.2380711116
0.2900084318
0.0668973205
0.2458607411
0.1405829176
0.6736174005
0.8646238685
1.1034542913
0.7477474167
1.0306157089
2.3001910899
1.7174467137
1.4770893960
0.6063774503
2.2205788795
1.0263834183
0.6928797296
1.3462522278
1.3521177042
1.2872733596
1.4297281478
1.3181468863
1.1931693732
0.9266810182
0.9268727314
0.9032159234
0.8013058111
0.6847662269
0.5012813580
1.0092680418
0.7184560417
0.6000882771
0.5580429394
0.4819319448
0.5963405793
0.3707129664
0.4914588545
0.6587771936
0.2611519743
0.1745020147
0.2542305427
0.1854433135
0.0871642055
0.1781832390
0.2462899404
0.3380695512
0.3325346453
0.7287923379
0.6518812657
0.6690092569
0.8574964594
0.7258565007
0.4698149275
0.3831244846
0.4149416636
0.2407305859
0.4067735816
0.5422216853
0.3159790992
0.6274477730
0.4647948789
0.5422396696
0.6373876507
0.9031850197
1.3026934926
0.9806353739
2.2043791484
2.4331392422
0.7475626194
1.1429303086
0.8701509445
0.9787392973
0.4457276873
0.4898971272
0.4861806723
0.5666873248
0.2697168636
0.8442733962
0.8118140363
0.8787393053
0.4351007295
0.5939102849
0.4766148666
0.4192383403
0.7376307399
0.9321920684
0.8046193276
0.5657223420
0.5121166900
0.6639354444
0.7049454256
0.2218804607
0.1849385434
0.2700896337
0.4119304767
0.4443542967
0.3298220002
0.3830252023
0.4841398891
0.5366024830
0.6412803552
1.0079452887
1.0100448486
0.8783488288
0.6959886701
0.6257848134
0.6353784791
0.6652506839
0.6379294011
0.4857978287
0.2657699968
0.2419417263
0.1765716185
0.3062681740
0.4788417888
0.6829358655
0.5521302786
0.3387725964
0.2678771736
0.4174824531
0.7004071127
1.2109932585
0.9960165383
1.0818195755
0.8938352870
0.6794833208
0.6683989634
0.9726517924
1.0719969077
0.9857802982
1.0528479117
0.7940315946
1.3214236007
0.9992557721
0.8380381214
0.7552663483
0.9637381881
1.1984663731
1.3161476796
1.2978748199
0.7211117110
0.7992984052
0.7106450670
1.0054467732
0.9806754130
1.1973827223
1.3724427477
1.2035678490
0.5345558946
0.6054490146
0.5059838519
0.8095122134
0.7951302298
1.2076300323
0.8994511435
0.9775509031
1.3274050830
0.4523486098
0.3799362504
0.2816760376
1.7658517709
1.8879375969
1.7114120067
1.7436258447
1.7423355834
1.5177718418
1.3326800051
0.8224171585
0.4128591159
0.2561891414
0.1558292332
0.2976214172
0.5249503798
0.6124883826
0.8979676839
1.3289741761
1.2675790710
0.4649310648
0.2501844234
0.5097524607
0.7757272638
0.8205265426
1.0626606859
0.9614187706
0.9817812853
1.0790840551
1.0164667547
0.7012410180
0.6265593845
0.8195538285
0.6068578241
0.5038705146
0.8068595757
1.0491070681
1.1633713523
1.6749483258
1.2980000361
1.5123981146
1.8882825225
1.7780282481
1.8836968337
1.7064124624
1.5748539073
1.3852197465
1.3072180845
0.2136973677
0.5500922437
0.6222775917
0.8591524029
1.0173588816
1.1644660662
0.7214424066
0.8764385673
0.4871176478
0.5372192479
0.5928341022
0.5778427687
0.6920600929
0.5568315175
0.6482639751
0.8489763252
1.5773292110
1.5829731870
1.4989325763
1.2010867117
1.3390364709
1.1248905335
1.4610105043
0.9002368159
0.7114097886
1.3213395625
1.7588698485
1.2973416490
1.0778619477
1.2260104330
1.3935279368
1.8888262965
0.9025086317
1.0945623244
1.0781646872
1.0659433136
1.1907908878
0.9375385542
0.8521542088
0.7758612079
0.3281415945
0.8083931137
0.7737132884
0.7242017613
0.4786424853
0.4395433175
0.4137833587
0.6293998049
0.8117291616
1.0208473409
1.0223874550
1.0556122888
1.2920569517
1.3767947546
1.2604887491
1.0250059911
1.0873593104
1.3055368926
1.5963089168
1.3551829852
1.0146550583
1.1275478594
1.3466235842
1.2033901356
1.0605734432
0.9375497137
0.8699689641
0.8690808631
0.8072630471
0.7719425622
1.0598009143
1.1698711706
1.1644490410
1.4668755480
1.5669415001
1.6034230353
1.5907948757
0.7823086668
0.7827207331
0.9824784433
0.5463337434
0.2795545456
0.1120517742
0.2984740134
0.8273744279
0.6110997956
0.5140513482
0.5409760654
0.5038081803
0.4990973904
0.4137002244
0.4237057571
0.2339239407
0.3849626092
0.4601558405
0.4151503755
0.6416811142
0.3013317234
0.1280340420
0.2370877939
0.3759537128
0.3872331707
0.4089911051
0.3844759852
