0.0811750222
0.0803906245
0.0775893146
0.0783558508
0.0774248065
0.0819392814
0.0792450634
0.0784885392
0.0759220073
0.0705579431
0.0849896915
0.0772322591
0.0835198771
0.0808717159
0.0843475092
0.0766842503
0.0753521518
0.0776222991
0.0732181549
0.0728363170
0.0752338305
0.0768403575
0.0735637443
0.0746918806
0.0733987779
0.0831728015
0.1202341538
0.0920175858
0.1056918912
0.0874718960
0.0750227676
0.0718178653
0.0658816481
0.0744064270
0.0694170741
0.0725168101
0.0722899844
0.0671684211
0.0534838634
0.0536173873
0.0549852856
0.0546236430
0.0546582373
0.0560771905
0.0580811580
0.0588518266
0.0599682298
0.0573562675
0.0496887522
0.0508604059
0.0513732165
0.0516715531
0.0524083836
0.0571552439
0.0581752103
0.0576509684
0.0561701830
0.0576776915
0.0572502088
0.0607709573
0.0708874972
0.0712242155
0.0726653296
0.0677920467
0.0681498806
0.0686595374
0.0689877846
0.0693475608
0.0704685053
0.0693370574
0.0699878075
0.0699513391
0.0710744181
0.0708704145
0.0704933788
0.0708420120
0.0694395780
0.0718926483
0.0752620565
0.0810589176
0.0841454494
0.0904781096
0.1139908919
0.1217832765
0.1075215647
0.0885489018
0.0912020255
0.0727317207
0.0689311842
0.0808425423
0.0985244755
0.1370086838
0.1225183505
0.1156946802
0.0898065785
0.1250325245
0.1303290333
0.1257804458
0.1251154689
0.1334672182
0.1258117232
0.1049196691
0.0832926625
0.0598137390
0.0908481997
0.1063929855
0.0761225701
0.0804128130
0.0934578401
0.0909697484
0.0915127800
0.0890206904
0.0836539189
0.0814380416
0.0937992575
0.0821214533
0.0804433055
0.0792899068
0.0844263759
0.0884064479
0.0960271741
0.0905695911
0.0858741818
0.0830985714
0.0856821285
0.0883493152
0.0880239455
0.0843384183
0.0813583517
0.0852152828
0.0841708597
0.0856409431
0.0892675828
0.0866574584
0.0956882140
0.0896295796
0.0952965768
0.0931611487
0.0939803091
0.0900933935
0.0884073117
0.0874025873
0.0868432893
0.0842043904
0.0835643827
0.0891548048
0.0913496929
0.0886361076
0.0841072353
0.0888973493
0.0917395672
0.0907926175
0.0902710544
0.0882777361
0.0968197706
0.0989808159
0.0938593033
0.0945522216
0.0892493126
0.0886095703
0.0841396050
0.0850489002
0.0894616355
0.0764333632
0.0784689802
0.0743846655
0.0885802956
0.0759526650
0.0777025481
0.0709655281
0.0743359926
0.0744900522
0.0725362912
0.0742999917
0.0785014257
0.0689538866
0.0652210702
0.0661409848
0.0674599696
0.0698621751
0.0690176233
0.0672258196
0.0730549376
0.0822499135
0.0807486809
0.0720594040
0.0762331943
0.0773313301
0.0712684038
0.0740447647
0.0722410968
0.0760561269
0.0748246389
0.0767659641
0.0741599678
0.0674218943
0.0691675474
0.0695493136
0.0712699541
0.0672317248
0.0674871836
0.0712976848
0.0688873195
0.0716132223
0.0716277683
0.0728417646
0.0750775464
0.0772166465
0.0792313963
0.0797643363
0.0778561648
0.0742073123
0.0814223674
0.0844346996
0.0800550324
0.0789550320
0.0674263863
0.0678000549
0.0701230178
0.0690211831
0.0630118449
0.0650578274
0.0583597369
0.0589111624
0.0572174586
0.0540335657
0.0569684145
0.0632236683
0.0633166008
0.0649166338
0.0600195078
0.0600768866
0.0576179044
0.0536169525
0.0490856333
0.0502599325
0.0520492724
0.0503630095
0.0514180554
0.0494494739
0.0544556196
0.0568179784
0.0523051594
0.0570438852
0.0547612731
0.0597563077
0.0616305046
0.0592132229
0.0518255585
0.0476809283
0.0504255364
0.0423996302
0.0469019094
0.0478581531
0.0518212535
0.0549487739
0.0613007974
0.0556217279
0.0528829867
0.0599935006
0.0365207193
0.0452703719
0.0403933406
0.0382983784
0.0351735505
0.0402382369
0.0457611677
0.0375966362
0.0377156789
0.0314265908
0.0333868043
0.0416321206
0.0494472093
0.0477348925
0.0543739989
0.0585832793
0.0599305024
0.0703644741
0.0714359995
0.0727634476
0.0851228120
0.0772749400
0.0630464576
0.0548799443
0.0592129788
0.0638660049
0.0652883560
0.0575217052
0.0586230089
0.0547857326
0.0596437661
0.0598172478
0.0574938719
0.0605548799
0.0553672733
0.0503488595
0.0595217339
0.0559621685
0.0480953322
0.0421928253
0.0411959331
0.0341475738
0.0374190448
0.0398319742
0.0408386109
0.0480895413
0.0440953529
0.0434675749
0.0493867405
0.0435484466
0.0510247768
0.0655185841
0.0568659695
0.0677291049
0.0550323346
0.0521718365
0.0450786674
0.0439123163
0.0309096798
0.0383756872
0.0409678328
0.0417461678
0.0438949717
0.0343169616
0.0398379173
0.0346535742
0.0346364086
0.0283767850
0.0282093088
0.0253775953
0.0229030902
0.0195278964
0.0250641894
0.0258416503
0.0283799840
0.0404303505
0.0375844098
0.0409133190
0.0489890020
0.0494312417
0.0591474797
0.0494871531
0.0486943634
0.0504550108
0.0558765537
0.0543657017
0.0538786734
0.0528234481
0.0531202061
0.0590857658
0.0624739310
0.0631769429
0.0580657301
0.0677011488
0.0688508186
0.0675404920
0.0743367467
0.0738647971
0.0730246604
0.0681424987
0.0707327202
0.0701211686
0.0646658297
0.0671745811
0.0674146058
0.0701050131
0.0719305560
0.0741741928
0.0734204829
0.0778121733
0.0735974876
0.0734628272
0.0738795027
0.0665992819
0.0655272442
0.0701465018
0.0715131193
0.0690196505
0.0748279820
0.0826342958
0.0818652138
0.0776719725
0.0761221755
0.0722746955
0.0764251578
0.0740114041
0.0726790977
0.0731315414
0.0673673121
0.0626898698
0.0678588870
0.0620611005
0.0757030495
0.0866158105
0.0786255206
0.0801398362
0.0819552188
0.0803745789
0.0847152146
0.0798257264
0.0841399994
0.0856816599
0.0861663143
0.0813737614
0.0768901807
0.0723158951
0.0738154392
0.0723248311
0.0739612239
0.0724216822
0.0710822135
0.0726606101
0.0716482356
0.0710565332
0.0714993889
0.0726374550
0.0717734288
0.0695635603
0.0696243592
0.0664789778
0.0667082052
0.0644713803
0.0621505992
0.0583067842
0.0576581010
0.0566153703
0.0580738029
0.0608010608
0.0607548195
0.0638664207
0.0671193788
0.0643260698
0.0615803538
0.0604347570
0.0643760416
0.0680443247
0.0696452713
0.0683600470
0.0643254435
0.0655812887
0.0621635178
0.0592948473
0.0607987257
0.0594227812
0.0606130366
0.0583205192
0.0620733764
0.0630124062
0.0609632328
0.0680742968
0.0642711785
0.0619188652
0.0587321996
0.0592122244
0.0586398453
0.0564034846
0.0685372560
0.0557539318
0.0542025856
0.0441349445
0.0500307619
0.0516427647
0.0514435708
0.0505259792
0.0502785785
0.0577624391
0.0616693115
0.0549964603
0.0525072774
0.0489258810
0.0453932686
0.0461066981
0.0450470614
0.0435373856
0.0423397620
0.0386051022
0.0381103275
0.0376935644
0.0429428059
0.0303320068
0.0388703212
0.0417162445
0.0429999416
0.0390225312
0.0362148381
0.0433720982
0.0487143462
0.0417285480
0.0372003164
0.0323278514
0.0360669869
0.0289614577
0.0297308962
0.0341374342
0.0380978951
0.0438516538
0.0400549181
0.0448095315
0.0486190869
0.0569139712
0.0603110316
0.0379565296
0.0343689709
0.0353993220
0.0337122522
0.0336197477
0.0369508740
0.0374266292
0.0322755282
0.0375996301
0.0415791237
0.0373063571
0.0399326861
0.0447108985
0.0411536602
0.0396254882
0.0362203778
0.0407112194
0.0380531507
0.0440352070
0.0435543528
0.0384944024
0.0354193955
0.0360514375
0.0354679959
0.0396546741
0.0263267374
0.0243620860
0.0286280795
0.0252954916
0.0245543592
0.0298655204
0.0355938646
0.0333305904
0.0349196249
0.0311939400
0.0346887840
0.0354789867
0.0366934261
0.0334075320
0.0315460099
0.0298387787
0.0243533195
0.0175188150
0.0229959046
0.0210269934
0.0146354080
0.0157150788
0.0229892177
0.0251145769
0.0137292332
0.0072441503
0.0179398110
0.0252710527
0.0266102672
0.0287588581
0.0191412023
0.0220879958
0.0235205183
0.0323764553
0.0612550750
0.0429012798
0.0302382185
0.0359377901
0.0405840730
0.0527792469
0.0460200916
0.0360164009
0.0439567591
0.0517116568
0.0523648117
0.0472361831
0.0497352428
0.0427858960
0.0457598541
0.0436097656
0.0346506822
0.0355357945
0.0330875644
0.0375226381
0.0349433781
0.0332367481
0.0352617676
0.0340811634
0.0427948164
0.0475691557
0.0500063287
0.0446450595
0.0491908954
0.0496651251
0.0515363037
0.0443511414
0.0464104546
0.0419943486
0.0425231109
0.0483486994
0.0449275474
0.0439604225
0.0442930748
0.0372744612
0.0407055418
0.0338532354
0.0307635140
0.0372638340
0.0377811553
0.0396911688
0.0394015440
0.0359638642
0.0364268407
0.0368134411
0.0364355589
0.0373973552
0.0374360199
0.0333644834
0.0367273304
0.0406793924
0.0414925222
0.0382327825
0.0374135046
0.0367836705
0.0376577583
0.0364882809
0.0386182948
0.0344454868
0.0348763694
0.0317216799
0.0376419323
0.0373916025
0.0324331410
0.0319461471
0.0291701396
0.0349133636
0.0401285127
0.0384636795
0.0310621327
0.0318962948
0.0342816525
0.0300614592
0.0286377365
0.0302264558
0.0290287102
0.0274728206
0.0301852047
0.0308830621
0.0357571002
0.0349138759
0.0362123869
0.0374722611
0.0371607300
0.0348074467
0.0342846828
0.0347178693
0.0389600804
0.0366573796
0.0376233536
0.0375527011
0.0359249471
0.0402132192
0.0427042772
0.0395771613
0.0415214076
0.0446945847
0.0434821519
0.0434231685
0.0475937045
0.0440092188
0.0486647395
0.0496372541
0.0508958025
0.0480471066
0.0485443733
0.0513209390
0.0555864228
0.0526116392
0.0478816873
0.0443856207
0.0436603677
0.0431885359
0.0453777653
0.0473945553
0.0457662006
0.0439608111
0.0419623946
0.0453191291
0.0442278665
0.0462133911
0.0432302325
0.0456694481
0.0460888992
0.0488824606
0.0450770486
0.0494132533
0.0519201590
0.0540498286
0.0519535486
0.0503485377
0.0485374550
0.0498049319
0.0484730262
0.0469860871
0.0460585246
0.0444622095
0.0393429755
0.0412750169
0.0392612385
0.0426652980
0.0407528105
0.0378520806
0.0331920679
0.0345528083
0.0369342399
0.0347703626
0.0306024154
0.0357924669
0.0362980177
0.0371508216
0.0356318768
0.0315976804
0.0391610101
0.0352496218
0.0375401769
0.0441686837
0.0432456512
0.0414686038
0.0458346417
0.0490639445
0.0533545732
0.0507216245
0.0440513071
0.0391633987
0.0373762600
0.0429125117
0.0456898406
0.0420731360
0.0405530781
0.0421083045
0.0504595476
0.0530113022
0.0484798926
0.0521458649
0.0504802238
0.0498402723
0.0493682004
0.0474659279
0.0503254848
0.0483998198
0.0502727222
0.0540354464
0.0534491037
0.0569156250
0.0587323575
0.0560922235
0.0591007112
0.0618083975
0.0606616691
0.0650451218
0.0666118821
0.0629063598
0.0588074067
0.0579213358
0.0548710569
0.0520337892
0.0504162764
0.0542349045
0.0513503327
0.0523018887
0.0505761496
0.0497979084
0.0479381963
0.0438699017
0.0399586098
0.0393172938
0.0388962775
0.0431543095
0.0429728408
0.0495036954
0.0479901408
0.0441645738
0.0454501970
0.0474507783
0.0522343617
0.0556222972
0.0527903561
0.0492300217
0.0480010600
0.0485545773
0.0471755029
0.0503916392
0.0545572709
0.0542595006
0.0553817802
0.0573969308
0.0540676207
0.0550184147
0.0565773188
0.0557406332
0.0542776144
0.0541012118
0.0538540381
0.0540509595
0.0525511858
0.0536245861
0.0540964420
0.0540473529
0.0568215931
0.0576744205
0.0559817367
0.0505566136
0.0494909688
0.0505511503
0.0504342710
0.0571180243
0.0625918458
0.0611817259
0.0640464409
0.0611593342
0.0613834613
0.0598362816
0.0533626912
0.0486184255
0.0629466108
0.0657977644
0.0667609307
0.0678386993
0.0662283944
0.0582975929
0.0607721343
0.0604305166
0.0593041496
0.0604408958
0.0629931352
0.0620969876
0.0640597623
0.0645744000
0.0657492110
0.0656637499
0.0703968214
0.0701460302
0.0694595545
0.0689119020
0.0656896694
0.0718406260
0.0700109190
0.0764622184
0.0727229696
0.0737402219
0.0894238852
0.0840319036
0.0718782509
0.0869439572
0.0845610869
0.0896903765
0.0652187250
0.0619827547
0.0599031951
0.0588246987
0.0571931825
0.0656814678
0.0609156665
0.0623882154
0.0578375250
0.0586180134
0.0598789371
0.0579210433
0.0556730878
0.0483895140
0.0460894642
0.0454292397
0.0446925454
0.0425378902
0.0445544437
0.0440563411
0.0432197390
0.0439422847
0.0450745931
0.0439893931
0.0449598220
0.0421074257
0.0463625791
0.0452588176
0.0419481812
0.0445203775
0.0472934156
0.0469498568
0.0479499334
0.0466874839
0.0458845177
0.0416610123
0.0497781100
0.0392257692
0.0728266364
0.0420929054
0.0383363484
0.0456388275
0.0351005568
0.0305546964
0.0407803408
0.0210406408
0.0326849841
0.0297596297
0.0500266184
0.0518124269
0.0499061884
0.0477533430
0.0392522749
0.0225268874
0.0340765688
0.0225821791
0.0192882807
0.0274761334
0.0234815091
0.0423556127
0.0229586898
0.0260068059
0.0627177519
0.0221524779
0.0356565172
0.0234317572
0.0243478172
0.0264125892
0.0249568838
0.0298704881
0.0249608231
0.0294595581
0.0306751461
0.0310701518
0.0295473947
0.0172800232
0.0245508060
0.0222896966
0.0254697140
0.0279251330
0.0261515454
0.0243331986
0.0251650705
0.0271868797
0.0286319079
0.0357039092
0.0287298582
0.0348558175
0.0293470284
0.0322907600
0.0345606793
0.0383755453
0.0326147444
0.0358868376
0.0340438690
0.0324503711
0.0310447383
0.0333124493
0.0334843268
0.0349136156
0.0336702772
0.0324610036
0.0303525953
0.0262606537
0.0269512707
0.0401340725
0.0253170936
0.0234076292
0.0243013806
0.0249447475
0.0264004939
0.0300516766
0.0389821516
0.0366885753
0.0343388858
0.0311506273
0.0178965783
0.0201527389
0.0206408187
0.0266307502
0.0262996482
0.0437061026
0.0445653585
0.0414647878
0.0455072956
0.0449875852
0.0469461704
0.0472142719
0.0446915525
0.0448649690
0.0497396037
0.0541736583
0.0587741254
0.0571483825
0.0615966388
0.0592894947
0.0629629392
0.0631330245
0.0651156270
0.0700972306
0.0687248947
0.0715553472
0.0750521338
0.0714094941
0.0759928287
0.0779586554
0.0750039217
0.0812697618
0.0763998226
0.0788998405
0.0800514447
0.0757436719
0.0757524356
0.0779365419
0.0791707819
0.0799704904
0.0810911301
0.0804524375
0.0877945356
0.0879941368
0.0798352879
0.0789143429
0.0758215843
0.0784584823
0.0793746291
0.0793856090
0.0787399773
0.0815673319
0.0808813317
0.0785859870
0.0814946368
0.0837045733
0.0835081762
0.0818380932
0.0869964110
0.0876488434
0.0893423500
0.0882541322
0.0880960178
0.0845844477
0.0832713145
0.0849698764
0.0860368624
0.0870965327
0.0844810087
0.0838618394
0.0823108449
0.0773427265
0.0777049484
0.0819973994
0.0810753753
0.0781267186
0.0797593336
0.0824222595
0.0728565845
0.0785706191
0.0840881869
0.0856757909
0.0876860064
0.0898069341
0.0870676924
0.0865324241
0.0877900991
0.0950628428
0.0927134243
0.0844092972
0.0899768060
0.0920177113
0.0925973714
0.0927765709
0.0921964965
0.0815449068
0.0783222404
0.0790444195
0.0798625958
0.0831627992
0.0855248881
0.0830890050
0.0825338066
0.0842779208
0.0909644782
0.0885742357
0.0860316761
0.0916525796
0.0923987707
0.0890705674
0.0919459183
0.0797219740
0.0761702326
0.0825209189
0.0885272573
0.0807725379
0.0814561505
0.0821610330
0.0825674595
0.0841720581
0.0863038212
0.0879797427
0.0841232647
0.0870985375
0.0811074708
0.0734783150
0.0758828231
0.0812249282
0.0751922097
0.0840507688
0.0851831367
0.0842234466
0.0831405789
0.0840635855
0.0828860319
0.0764005429
0.0770023814
0.0743102605
0.0688929196
0.0640592778
0.0684886597
0.0677141798
0.0657853046
0.0717811950
0.0838624396
0.0840761073
0.0918149474
0.0927623859
0.0949079884
0.0878615725
0.0937147290
0.0997710876
0.1030446082
0.0993749162
0.1004932784
0.1015341476
0.1012434522
0.0993433785
0.0984587137
0.1043393781
0.1006361077
0.1006539156
0.0931794005
0.0932720404
0.0922252524
0.0979169176
0.0963971689
0.0995676716
0.0972156722
0.1016752999
0.1018932632
0.1044277671
0.0943693777
0.0950854730
0.0909370497
0.0840751455
0.0828065789
0.0831750615
0.0828333289
0.0806328204
0.0793392267
0.0729840487
0.0804094833
0.0728249933
0.0740030202
0.0712838247
0.0710514943
0.0693482642
0.0720405793
0.0660451363
0.0701450316
0.0632887697
0.0679588661
0.0615808613
0.0618196188
0.0624518048
0.0645567521
0.0629174100
0.0677298447
0.0666409353
0.0730555229
0.0686189750
0.0654480756
0.0650773208
0.0685688999
0.0701478982
0.0707115462
0.0710211634
0.0719456062
0.0741241277
0.0730395564
0.0689052860
0.0599623991
0.0571919607
0.0617867500
0.0642119121
0.0621150088
0.0625977822
0.0639183987
0.0616054537
0.0628495472
0.0629014605
0.0622798388
0.0586252148
0.0551080610
0.0546323570
0.0577966636
0.0582909535
0.0587004554
0.0593626954
0.0626104325
0.0636393536
0.0604051518
0.0594914953
0.0566182007
0.0588581593
0.0581968975
0.0591132395
0.0594788568
0.0674916874
0.0643642701
0.0666449800
0.0666119159
0.0662988175
0.0655114371
0.0702837700
0.0704026386
0.0762509749
0.0802847663
0.0803991790
0.0808681882
0.0830798213
0.0833101016
0.0851392459
0.0865296728
0.0881188265
0.0842214786
0.0811632250
0.0807097403
0.0802756492
0.0793691893
0.0785585019
0.0744389538
0.0781118677
0.0800933853
0.0914096967
0.0928365254
0.0920860839
0.0903836486
0.0880758242
0.0843726442
0.0791211583
0.0834927921
0.0883175751
0.0862006787
0.0802795027
0.0786251132
0.0753280738
0.0811239612
0.0797372060
0.0797461301
0.0806873410
0.0796645324
0.0789758896
0.0776718639
0.0819558059
0.0855722152
0.0838490373
0.0821425190
0.0858540318
0.0812332934
0.0771891712
0.0806792963
0.0784139708
0.0760662747
0.0735535636
0.0684148033
0.0678623202
0.0739237989
0.0784387014
0.0724894084
0.0745482367
0.0734230967
0.0653273273
0.0625839309
0.0624943158
0.0657102679
0.0690298392
0.0722316075
0.0779006311
0.0789487281
0.0803513058
0.0830270620
0.0793476870
0.0766078064
0.0779976833
0.0753862015
0.0809682866
0.0862184389
0.0869898947
0.0824967774
0.0815317609
0.0808730648
0.0790322830
0.0790518178
0.0795224059
0.0789348147
0.0766638252
0.0782609055
0.0791803784
0.0780573959
0.0757791990
0.0748777096
0.0743124925
0.0740069286
0.0755158957
0.0738878990
0.0702676201
0.0723013529
0.0658838498
0.0682377678
0.0657845739
0.0676811727
0.0727941818
0.0719509686
0.0722573024
0.0692623000
0.0635867121
0.0681993578
0.0697963751
0.0729826631
0.0711705176
0.0717358885
0.0667433773
0.0629877989
0.0669843883
0.0653356342
0.0639041793
0.0622658959
0.0617031799
0.0643304697
0.0672442561
0.0684372699
0.0721229586
0.0699639601
0.0742688328
0.0730954272
0.0706386663
0.0736449989
0.0670503965
0.0668582857
0.0679846926
0.0619817102
0.0610613883
0.0607783716
0.0596871364
0.0565608703
0.0566918281
0.0557329142
0.0528058523
0.0518054880
0.0522942591
0.0530366427
0.0580470670
0.0509466386
0.0464352589
0.0453944463
0.0461486096
0.0485491004
0.0501553382
0.0559238701
0.0573214931
0.0566906500
0.0643527246
0.0652217270
0.0503868229
0.0564081681
0.0483134226
0.0509629347
0.0489338457
0.0565641602
0.0477376821
0.0520239527
0.0414982058
0.0595426378
0.0360329216
0.0388963839
0.0404434927
0.0353946689
0.0381117582
0.0459857893
0.0414862428
0.0551862853
0.0561426857
0.0552461812
0.0599653122
0.0544157494
0.0535465614
0.0432995396
0.0453976192
0.0452283569
0.0442216421
0.0491748282
0.0457676075
0.0427266402
0.0504275758
0.0478427375
0.0546123143
0.0454166599
0.0557235111
0.0445324546
0.0405945416
0.0381986820
0.0462432956
0.0450032358
0.0484559358
0.0467343393
0.0442532750
0.0434572182
0.0513280963
0.0485817780
0.0515830063
0.0520400246
0.0535148756
0.0615709188
0.0529360995
0.0432982022
0.0432189534
0.0403133282
0.0416328685
0.0342130287
0.0353628510
0.0314242699
0.0320325272
0.0290962362
0.0324975278
0.0279209834
0.0270834314
0.0278953871
0.0247246491
0.0253481868
0.0359510641
0.0391959350
0.0379181129
0.0407694049
0.0412659877
0.0413967936
0.0443659647
0.0442675485
0.0414394832
0.0428438282
0.0395939564
0.0367207910
0.0365129634
0.0330264366
0.0346438236
0.0357950976
0.0364271239
0.0374083525
0.0368663601
0.0334660277
0.0327414611
0.0317241380
0.0321524530
0.0310715889
0.0331301829
0.0333479120
0.0328408161
0.0303975899
0.0301161769
0.0300544764
0.0316862605
0.0322175116
0.0320447379
0.0337579323
0.0339383680
0.0372327047
0.0370584915
0.0354995235
0.0336998600
0.0349298957
0.0380034915
0.0332644346
0.0351081563
0.0356767546
0.0275294068
0.0282645317
0.0264282041
0.0294071632
0.0264056931
0.0299117182
0.0309288983
0.0347895149
0.0328114849
0.0314421652
0.0324063283
0.0320518275
0.0349878363
0.0364376016
0.0414061228
0.0425228913
0.0415062502
0.0428775303
0.0447090516
0.0460813641
0.0453058197
0.0467587862
0.0460420615
0.0456084864
0.0451337616
0.0428986332
0.0434846808
0.0423647317
0.0437690214
0.0459855836
0.0475682163
0.0475988910
0.0478182481
0.0483148470
0.0463458819
0.0499117581
0.0489504699
0.0489238275
0.0473347740
0.0491187644
0.0501711056
0.0461054776
0.0409253365
0.0420341855
0.0389831375
0.0404663466
0.0399297472
0.0370066983
0.0392860973
0.0397122752
0.0356347883
0.0361114190
0.0355644089
0.0335262893
0.0343166798
0.0310487353
0.0348503014
0.0337721044
0.0333374125
0.0423381065
0.0455969805
0.0521015060
0.0490610354
0.0498480311
0.0479671227
0.0430925440
0.0458791725
0.0497694580
0.0515761908
0.0507264696
0.0479284653
0.0426211434
0.0401362015
0.0374442609
0.0385107776
0.0478845685
0.0469738944
0.0471485800
0.0415033463
0.0451015152
0.0386858168
0.0392689839
0.0405445460
0.0422713842
0.0453247451
0.0471038607
0.0440311512
0.0502725988
0.0497873023
0.0519596309
0.0538133593
0.0449366336
0.0424657896
0.0426971066
0.0428189376
0.0450757694
0.0501471389
0.0444850948
0.0404404317
0.0473246744
0.0474426974
0.0522744712
0.0504816341
0.0495503718
0.0588339784
0.0541020403
0.0553630587
0.0588540045
0.0583188350
0.0531831358
0.0475344389
0.0465077476
0.0539579255
0.0546258622
0.0557796268
0.0582987048
0.0590738318
0.0548185709
0.0514590953
0.0563444177
0.0570552204
0.0573187213
0.0562968643
0.0557076601
0.0544036312
0.0563372306
0.0589790875
0.0529952269
0.0541886657
0.0527256266
0.0524424294
0.0533552448
0.0513816255
0.0517131611
0.0516489041
0.0515747465
0.0548092105
0.0540865591
0.0581763544
0.0557833307
0.0598542191
0.0629010841
0.0692047506
0.0650578234
0.0604566595
0.0739908890
0.0715724424
0.0667839208
0.0693989462
0.0632363547
0.0745913664
0.0793827944
0.0744956103
0.0701912053
0.0732135763
0.0774128969
0.0750300464
0.0655321066
0.0723191730
0.0679455697
0.0802370039
0.0733817105
0.0791120550
0.0769389145
0.0685198346
0.0625320285
0.0584115030
0.0627459745
0.0583208181
0.0578093684
0.0579300298
0.0584324849
0.0548332231
0.0663316743
0.0598425685
0.0617189554
0.0537222470
0.0567967547
0.0496426150
0.0511654628
0.0494034549
0.0501471036
0.0427517207
0.0388741894
0.0410778459
0.0530905210
0.0547651207
0.0535093292
0.0586174377
0.0560386919
0.0447653261
0.0513856296
0.0460401030
0.0392370362
0.0389704083
0.0430772726
0.0416424131
0.0435401877
0.0406685046
0.0493171368
0.0327372264
0.0242572405
0.0272411315
0.0349887786
0.0343398838
0.0364000417
0.0548531835
0.0318841285
0.0364900414
0.0378165577
0.0561322804
0.0194841864
0.0567049167
0.0563311756
0.0787173881
0.0418263055
0.0307881757
0.0421185250
0.0503671707
0.0624855968
0.0401355796
0.0402766976
0.0344062364
0.0303818538
0.0343838860
0.0485380484
0.0442377477
0.0529165450
0.0503560341
0.0567359189
0.0499159722
0.0386684968
0.0360619226
0.0366083847
0.0470830189
0.0391894021
0.0408035859
0.0449608031
0.0491360718
0.0465468345
0.0468679275
0.0479082239
0.0503357927
0.0494046048
0.0513125862
0.0546170981
0.0589729637
0.0569673239
0.0495197996
0.0370321453
0.0340312988
0.0279650531
0.0305738843
0.0309584115
0.0334304310
0.0384029917
0.0405177243
0.0443947262
0.0464458887
0.0404548189
0.0411591657
0.0366337174
0.0361144326
0.0314179154
0.0324353095
0.0320702337
0.0330709776
0.0332192211
0.0366384699
0.0346156392
0.0311160760
0.0316718414
0.0277874478
0.0279227006
0.0296899577
0.0272561626
0.0282879385
0.0285847402
0.0312868322
0.0287474302
0.0246990346
0.0250171856
0.0265514937
0.0255291000
0.0232251797
0.0215985081
0.0190091025
0.0160829671
0.0230439770
0.0215195842
0.0313844256
0.0333796137
0.0365181870
0.0349913816
0.0304378921
0.0346763349
0.0375552813
0.0390723722
0.0447082164
0.0415358697
0.0329633816
0.0460425085
0.0590825916
0.0533151905
0.0581142109
0.0566132432
0.0641659965
0.0611243895
0.0582336154
0.0553793916
0.0593440546
0.0533301575
0.0474643442
0.0454890165
0.0404604926
0.0390825574
0.0378605747
0.0370141805
0.0342461270
0.0337739087
0.0355120076
0.0332995690
0.0316554705
0.0346890764
