3.9441238217
3.9610848900
3.9689573285
4.0021021090
4.0507094646
4.0680948336
4.0680309454
4.1178316778
4.1406231674
4.1942824726
4.1790732224
4.1967815130
4.2219549076
4.2400077811
4.2546821555
4.2887718010
4.3162339523
4.3493883700
4.3123807268
4.3012630418
4.3375729338
4.3234945822
4.3136792046
4.3388815941
4.3614079941
4.3650445426
4.3808072409
4.3963596609
4.4152753639
4.4671309970
4.5472230858
4.5466351468
4.5770498980
4.7194665336
4.8298220640
4.8852230196
4.9909313538
5.0585593671
5.0997484656
5.1704428317
5.2573638253
5.3703713745
5.5190551578
5.6457974640
5.7631884647
5.8779035825
6.0327787690
6.2256957882
6.3650878339
6.3996512970
6.4591512730
6.4214351508
6.3489085002
6.2414991028
6.0385468307
5.8716534257
5.5626655048
5.2757949398
4.8864143469
4.4194080064
3.9197055246
3.4672839732
3.0569948865
2.6782095585
2.3994095999
2.1253873813
2.0220839082
1.9498795923
1.9425397252
1.9791543400
2.0161675614
2.0489526843
2.1204710217
2.1034038909
2.0433983179
2.0630868004
2.0847312279
2.0990523693
2.1625965652
2.1700967728
2.1710611341
2.2155879696
2.2452081786
2.2038653272
2.1948174304
2.1832165157
2.0974055849
2.0596527551
1.9895312048
1.9417203874
1.9353305531
1.9093663571
1.8952497922
1.8848158222
1.8748973465
1.8518642027
1.8519586437
1.8492903439
1.8266839709
1.8504262111
1.8647283185
1.8820682037
1.8569899137
1.8030281710
1.6994809661
1.6883154992
1.6101198136
1.6318183736
1.6419869606
1.6296801588
1.6133641773
1.5859062362
1.5829538036
1.6043552856
1.5729553377
1.5636106029
1.5503670730
1.5542933323
1.5466304581
1.5649374752
1.5505440965
1.5070263467
1.5108462158
1.5012448493
1.4395661026
1.5523358509
1.5563861482
1.5755619924
1.5301947622
1.5124211942
1.4934639507
1.4743588486
1.4815671614
1.5024969077
1.4926717385
1.4686310029
1.4384871762
1.3867655040
1.2999807478
1.2284528758
1.2244770767
1.2762003966
1.4132911196
1.6042176354
1.7765892775
1.9470344117
2.0313372914
2.0796968967
2.0977812075
2.1041833309
2.1216022175
2.1661934719
2.1934150033
2.2040404326
2.1858433286
2.2113082796
2.2280126179
2.2945225909
2.3207236542
2.3424374455
2.3920111655
2.3884882613
2.4030147875
2.4259253827
2.4367915473
2.4821640064
2.5190546251
2.4813476834
2.5249851946
2.4625464861
2.4648939423
2.3562917267
2.3286250698
2.3095994008
2.2945752242
2.2878209456
2.2655232862
2.2684215309
2.2995734436
2.2749414004
2.3201791538
2.3917936703
2.4563807141
2.6577114770
2.7118646432
2.7897208907
2.8840175671
2.8720324805
2.8806654361
2.8505900106
2.8674043274
2.8846204711
2.9396504193
2.9314898521
2.9546731954
2.8473131562
2.7881122922
2.7172605891
2.6452579338
2.6406903377
2.7367631231
2.7654956978
2.8348134657
2.9195419654
2.8596158137
2.7825191562
2.6655732913
2.5871073583
2.5368706326
2.5030098607
2.5232228225
2.3584497594
1.7151054050
1.5843535354
1.5122389715
1.4933559760
1.4690433983
1.4228050194
1.4141111894
1.4010690815
1.4138544460
1.4407203769
1.4483967649
1.4835862999
1.4857048786
1.4432166795
1.5088655334
1.4922212580
1.4557256629
1.5376462511
1.5819055808
1.5418466997
1.5603744673
1.5583443046
1.5643139295
1.5423375406
1.5446363440
1.5504392328
1.5453640268
1.5640348287
1.5649814842
1.6003105445
1.6390746201
1.6150745642
1.6396923900
1.6564042422
1.6010601066
1.6146434301
1.6008739486
1.5914774645
1.5506589398
1.5185494748
1.5118050676
1.5354160145
1.5340586658
1.5298825400
1.5728860765
1.5508620439
1.6085042598
1.6076588657
1.6279241192
1.6310695923
1.6160708007
1.5781718305
1.5815124942
1.5799083562
1.5605885737
1.6434736333
1.6733406364
1.8236418353
1.8283967535
1.8474891959
1.8572183753
1.9002812257
1.9193259316
1.9550038292
1.9687651036
2.0068851737
2.0383806363
2.0336381217
2.1349057895
2.2461005403
2.3314480447
2.4572170605
2.4850601821
2.4039419395
2.3989919905
2.4208387061
2.3838108215
2.3686767810
2.4324013181
2.5197160778
2.5723395920
2.7020916245
2.7883107071
2.8555248431
2.8675617320
2.7409814959
2.4158624509
2.0701469059
1.9986617894
2.0587384636
2.0700960396
2.0177607210
1.9567845774
2.1671452496
2.3830129638
2.2821201350
2.2254711731
2.0949484115
1.7062064846
1.7463681229
1.6913058157
1.5677570410
1.7104704817
1.4659303794
1.5161384971
1.4632277875
1.4630448416
1.5237485812
1.3863743079
1.3928069908
1.3550878589
1.3515779685
1.3493910474
1.3367176546
1.4407832003
1.4514682608
1.4394494676
1.4418256336
1.4353488173
1.4619640011
1.4650587785
1.5416973036
1.5434032818
1.3151056391
1.3061389860
1.4346176446
1.3832618458
1.4363509238
1.0361511058
1.1170694578
1.3594551561
1.4684393769
1.3538965164
1.3845658152
1.3999857551
1.3134559823
1.4076823558
1.3556872051
1.5352291951
1.5989766679
1.6203872551
1.7629870909
1.7832338156
1.8577545795
1.9184191362
1.9317218223
1.9050420377
1.8983457656
1.8754695394
1.8992583632
1.9504521266
1.9504108776
1.9603613756
1.9601868992
1.9737708237
1.9567686419
1.9536145091
1.9254138722
1.9038208385
1.9031452487
1.8779186840
1.8821025199
1.8595425786
1.8694466925
1.8339538630
1.8148817350
1.7978716667
1.8036019657
1.8127445206
1.8230956589
1.8616258315
1.8863534995
1.8757451094
1.8560470990
1.8783129159
1.9148433469
1.8882867299
1.8969182356
1.8550973089
1.8475562634
1.8182633846
1.8478646582
1.8973274712
1.9299043836
2.0621198017
2.2002863217
2.3209039957
2.3628475228
2.3569794606
2.3972435118
2.3977880252
2.3746841670
2.3531875199
2.3190328579
2.3356275630
2.2940221828
2.2162440634
2.1987233181
2.1581574847
2.0812181129
2.0730063020
2.0922558372
2.0246580662
2.0182425616
2.0631963786
2.0468719324
2.0397176556
2.0928338486
2.1308776547
2.1705415961
2.1868065399
2.2444535962
2.2860775617
2.2765653233
2.2926773068
2.3024298007
2.3695150569
2.4254129882
2.4845171102
2.4726092612
2.3976009731
2.4290512270
2.4668639916
2.4873061873
2.6697811788
2.9095681316
2.8724721519
2.9567689427
2.9837012458
3.0300627978
3.0067430130
3.1961084268
3.1561250571
3.1025784979
3.3729876748
3.4185512198
3.4716069983
3.5904438778
3.6107115396
3.5966909429
3.7141301973
3.6997012065
3.7039086654
3.7290284693
3.6396503649
3.4927687833
3.4655208615
3.4976750148
3.3023154474
3.0662498389
3.0413514879
3.1197609525
3.1658469598
3.1988407310
3.1515480817
3.0919646746
3.0448611220
3.0204891175
3.0711708765
3.0952244776
3.1319425049
3.0655932679
3.0008286094
2.9762614044
3.0655635111
3.0682918436
3.1078517274
2.9137501537
2.8969776269
2.9016068475
2.9314010107
2.8832777384
2.8155766164
2.7222723355
2.6350680697
2.5703882959
2.6217479952
2.7023506838
2.8382177866
3.0639723582
3.2175791145
3.2782617007
3.3987788973
3.3667477023
3.3996103349
3.3738751685
3.3738775606
3.3810993597
3.3790745062
3.3648304036
3.4565510246
3.4851513354
3.4733709064
3.4859567099
3.5367168230
3.5421745892
3.5159173314
3.5318876035
3.5572919559
3.5625906488
3.5706954142
3.5530586366
3.3798726979
3.3245884372
3.2065416333
3.3522571453
3.5541463977
3.7341967865
3.7699445755
3.8028379249
3.8717310501
3.9447455166
4.0056044344
4.0346523508
3.9525082980
3.8322722013
3.9445355261
4.0148862273
4.1966197792
4.1861726226
4.0451817502
4.0242539609
4.1367443680
4.1641664712
4.1970637376
4.1785030153
4.0715665601
4.0260007499
4.1081039936
4.0790928223
4.1461695779
4.2693052714
4.3245505722
4.2408981276
4.2531868243
4.3011129479
4.3038640174
4.4256258575
4.4868269219
4.4144120821
4.3499770075
4.5330220702
4.4373176933
4.4912661877
4.5738412087
4.5297243697
4.2572921587
4.2194814753
4.2140559936
4.2523722629
4.2829921525
4.4342910142
4.4520960716
4.4289562182
4.5614184159
4.5707977511
4.5487917652
4.4938999029
4.4351425344
4.4469640444
4.4293466060
4.4152977848
4.3982228397
4.3935205138
4.3482198755
4.3320751116
4.2807362619
4.2470459483
4.4133153233
4.3985003143
4.3918381308
4.3647410572
4.3587976684
4.3845524211
4.5971848684
4.5534208780
4.4916781751
4.4862270119
4.4849565265
4.4210003854
4.3498152658
4.3072050617
4.4479738976
4.3889381060
4.4601670953
4.4199708455
4.4054049145
4.3859256527
4.4313115924
4.3961244913
4.2882935650
4.2376519203
4.1691651597
4.2068483983
4.2211334887
4.2191429862
4.2098112554
4.1343728060
4.1128970932
4.1343460984
4.0912308541
3.9997929806
4.0333442759
4.0656810877
4.0480365441
4.1242341880
4.1659406887
4.1863293890
4.2093510714
4.2190908962
4.2039064337
4.2975691250
4.2870483903
4.3101331429
4.3465190037
4.3039844193
4.3192012287
4.2232065187
4.5273920126
4.4805340939
4.4136227450
4.3886776178
4.4870796838
4.9438106586
4.8691488141
4.8626662652
4.8713116363
4.8970632690
4.9537350318
4.9608468640
4.9786864659
5.0255111861
5.0314827552
4.9862874152
4.9927758353
4.9762302205
4.9954360958
5.0172110050
4.9908017316
4.9237189488
4.9200287085
4.9168725478
4.9487395962
4.9637385316
4.9222684064
4.8818123271
4.8589294039
4.8597905114
4.8761302895
4.9055906405
4.8711020448
4.8082012522
4.7728729347
4.7645409013
4.7840862329
4.8126495834
4.8215811333
4.7667292952
4.6814684473
4.6287013402
4.6429812360
4.6268139805
4.5428356987
4.4087231950
4.3969431315
4.4110217154
4.3409562176
4.2287060664
4.1565330528
4.1526285125
4.1484075009
4.1447272930
4.1150535053
