3.922246867912935753e-01
3.914788614489924101e-01
3.867071541658637090e-01
3.709479285209813515e-01
3.641735664445647780e-01
3.658966872923841152e-01
3.866905917154757621e-01
3.888632778261240097e-01
3.903537546360227872e-01
3.906092011844870537e-01
3.896775282750387648e-01
3.895282052589612576e-01
3.926369073922204023e-01
3.894160267335604608e-01
3.870544930488723501e-01
3.912730328236354027e-01
3.906809290469462348e-01
3.891931030979402517e-01
3.911799600881655792e-01
3.883675960657627102e-01
3.883992955951846016e-01
3.891018715783367554e-01
3.901661669651239062e-01
3.917367378682283241e-01
3.909400765650863363e-01
3.912367687110184789e-01
3.917279710861729103e-01
3.912481966156668434e-01
3.926669500700074034e-01
3.898385648478131515e-01
3.909483370283092230e-01
3.911203283622244342e-01
3.920870644055243770e-01
3.910850423293603662e-01
3.922960878514753502e-01
3.846128137336580211e-01
3.869286893848141173e-01
3.854945105694052576e-01
3.869387423607214549e-01
3.850253405265376960e-01
3.608257749401482806e-01
3.786799394965331689e-01
3.844375923383377414e-01
3.892220921770478403e-01
3.915353247333979159e-01
3.876832898416874840e-01
3.845176868798009240e-01
3.769644113607616420e-01
3.812178361531178838e-01
3.843930127689713649e-01
3.844279639006177862e-01
3.923091423266419353e-01
3.831800857521814874e-01
3.860373149635185630e-01
3.853240774917239264e-01
3.901887734667218166e-01
3.898112053307642988e-01
3.794123500484419265e-01
3.846697923187122337e-01
3.815516714584420987e-01
3.687121176782809373e-01
3.704592762570662057e-01
3.865770022683472917e-01
3.990741235121797459e-01
3.914436118905649797e-01
3.899801333815665072e-01
3.988317068795078080e-01
3.983518393139484082e-01
3.816104764130593408e-01
3.643970835870530278e-01
3.734114313354939263e-01
3.790217224849357636e-01
3.679525982480613688e-01
3.672795657948799142e-01
3.650017966405805225e-01
3.645725869648959727e-01
3.641928267758433591e-01
3.636641966889418986e-01
3.638690955405430305e-01
3.637165622817030708e-01
3.721607573354315801e-01
3.684636270171787187e-01
3.666078458233504866e-01
3.767587526447425672e-01
3.770729217560969682e-01
3.762682161688705729e-01
3.734588803551087688e-01
3.719606868705099267e-01
3.675674565078993483e-01
3.565020776174825379e-01
3.498131774877636380e-01
3.516800180785216723e-01
3.557487640432983600e-01
3.550202099414801471e-01
3.519863244604429786e-01
3.588500982275614759e-01
3.601760127845491932e-01
3.567355212408339638e-01
3.584638306835755683e-01
3.610060514892052264e-01
3.690249240326664570e-01
3.601351368249945950e-01
3.672498184090154383e-01
3.613085613505039317e-01
3.599692755501543995e-01
3.580082718770818961e-01
3.429503940446486099e-01
3.455406224642724178e-01
3.619931081080777213e-01
3.667305986079990587e-01
3.563814631044429637e-01
3.604242623785478550e-01
3.712999769093847102e-01
3.722729111480370112e-01
3.695228825375063697e-01
3.459961568938862975e-01
3.504156434619444260e-01
3.580474862342717390e-01
3.590675135305630428e-01
3.535636138926547267e-01
3.733176076812925182e-01
3.714349534327160973e-01
3.696496504469603539e-01
3.646038739504697257e-01
3.567862003445094743e-01
2.685942556773415757e-01
2.618594803249704173e-01
2.522610154829388884e-01
2.650737860340039997e-01
2.810475953558205231e-01
3.239917036548697893e-01
3.451693912530219288e-01
3.602814012657588605e-01
3.864560668657552878e-01
4.044337547584190840e-01
4.233090191844425254e-01
4.423074275608394057e-01
4.678874361138479765e-01
4.928209065189557148e-01
5.133895667227367232e-01
4.930445292899179877e-01
4.492409770369866218e-01
4.174275687198612528e-01
4.095976062576753840e-01
4.238744081174790068e-01
4.237337767536161204e-01
4.329634200179507952e-01
4.127819043833546586e-01
4.303154495789682787e-01
4.343228510694007172e-01
4.398422246461218821e-01
4.364954479599227333e-01
4.294086940690532983e-01
4.084300309940951945e-01
3.919996803887108583e-01
3.748496219046388300e-01
3.767583581418779692e-01
3.516524207534737489e-01
3.530129987383986978e-01
3.717122890261039814e-01
3.719578672507455885e-01
3.785360934649246722e-01
3.550841093933532755e-01
3.483272371454605998e-01
3.496204404120579756e-01
3.479517395630957188e-01
3.524013184111698394e-01
3.563348970910304447e-01
3.786841522257011206e-01
3.815102582492747585e-01
3.743034710826838030e-01
3.850800058043597485e-01
3.794017521998406806e-01
3.842683353460472628e-01
3.847523343134997553e-01
3.773011125590868264e-01
3.817061530801684754e-01
3.824346175355956556e-01
3.825133223426262497e-01
3.806525898403271269e-01
3.879726113179873814e-01
3.838299704353259623e-01
3.965864741644479774e-01
3.977743498347333095e-01
4.083464637266315811e-01
4.042016082743644656e-01
4.104458010952980462e-01
4.155234513274901342e-01
4.259735344002060220e-01
4.241544481166221181e-01
4.225900970390741862e-01
4.289731370881375572e-01
4.288960299566398904e-01
4.371815570809746143e-01
4.354025946093746380e-01
4.373887533196588739e-01
4.435329062038541603e-01
4.433946147764970536e-01
4.486084167818539803e-01
4.511532972308215927e-01
4.519284750280742058e-01
4.461003387351371585e-01
4.455574372396108318e-01
4.461083269342150381e-01
4.087348710203577151e-01
4.085425565786387492e-01
4.101337504567126868e-01
4.044475315898276024e-01
3.990973711351754050e-01
4.021071965982812024e-01
3.998225618252851943e-01
3.944865985442772560e-01
3.931158660760382673e-01
3.933376058847435353e-01
3.931983715029803705e-01
3.924066734636221798e-01
3.845410155842486355e-01
3.853047181935156940e-01
3.842434475689844864e-01
3.862313564438979996e-01
3.704341391622697488e-01
3.688151176598661873e-01
3.736512388559898312e-01
3.729352112906016981e-01
3.553880791138626649e-01
3.428589154780275483e-01
3.316222038059079003e-01
3.314183924072875986e-01
3.195538543575955903e-01
3.168224040312671019e-01
3.246735483098167618e-01
3.223378248329817342e-01
3.206956675381303357e-01
3.194560268977512107e-01
3.196486274542917339e-01
3.114935077254074591e-01
3.041138829005788913e-01
3.039312412993646073e-01
2.997919069768141820e-01
3.004909406405370520e-01
2.979580828179700935e-01
2.929484754917187628e-01
2.901036410009928401e-01
2.852541249939764545e-01
2.811740646835003132e-01
2.778865990396995889e-01
2.739436258606178232e-01
2.728775926712335154e-01
2.618206759880139511e-01
2.617855614035764500e-01
2.602419374935708851e-01
2.581748746273785922e-01
2.576588316382769084e-01
2.563642176611664603e-01
2.517403721391955895e-01
2.436785064375512067e-01
2.417101006373620908e-01
2.387585264362707682e-01
2.349307842559655024e-01
2.333103220110015752e-01
2.310843208442273367e-01
2.300746504193248165e-01
2.272713652814338237e-01
2.248115199397508479e-01
2.239339499879980655e-01
2.194401541915369513e-01
2.177641544413917163e-01
2.138436252809865767e-01
2.093617174034262396e-01
2.071280166744819684e-01
2.039488815755324536e-01
2.020578103996709673e-01
1.993998487380349016e-01
1.982974369634814826e-01
1.933343765782475354e-01
1.891269495963105451e-01
1.862177083306101044e-01
1.828794185305132880e-01
1.816850772378771905e-01
1.798554104742629833e-01
1.772395385249677935e-01
1.788760759690505020e-01
1.807991934056653593e-01
1.803508321363184730e-01
1.812383729826365364e-01
1.826191326823000671e-01
1.927522398124823788e-01
1.905740468574466939e-01
1.904998208955588912e-01
1.874449699204502329e-01
1.830353578609741350e-01
1.785498577397229003e-01
1.786255215182517286e-01
1.777812131663725759e-01
1.784901171950137033e-01
1.782629192438191235e-01
1.730478867086856498e-01
1.700497244487047532e-01
1.642903948262769420e-01
1.629107000835738339e-01
1.601161171628857072e-01
1.578198703019801086e-01
1.590086330253561719e-01
1.623011315291169321e-01
1.667281004938484523e-01
1.683187249301841826e-01
1.675727358462588135e-01
1.701869804053696145e-01
1.694648477750922977e-01
1.666989712554120262e-01
1.663276005637206456e-01
1.668268190282305996e-01
1.679903186035810458e-01
1.666815748266762265e-01
1.678588856126992102e-01
1.669742207713255655e-01
1.644617126625096959e-01
1.625586859804216688e-01
1.603766966435903329e-01
1.604389499867294178e-01
1.607141046169852372e-01
1.613318158495168908e-01
1.593967272836876725e-01
1.565237076407077765e-01
1.566366097330505747e-01
1.572721951206406121e-01
1.563456077411799761e-01
1.531379334085794797e-01
1.551202191332085034e-01
1.573405526596671766e-01
1.645406783060646139e-01
1.616206389079187788e-01
1.634260984948633366e-01
1.568196666399713224e-01
1.591407796078055104e-01
1.587711256597706122e-01
1.539893110608416271e-01
1.513276372634369538e-01
1.494704053255227483e-01
1.457392053649000929e-01
1.456331170826628829e-01
1.451196844502030958e-01
1.450666095814134027e-01
1.439517212596388707e-01
1.422558893488663767e-01
1.384137224166425151e-01
1.364847918975322649e-01
1.363006477657763560e-01
1.366492892585980390e-01
1.223417037084414960e-01
1.198032588642482105e-01
1.153235679696129196e-01
1.078393743747579347e-01
1.036762120763564665e-01
1.022259527465886469e-01
1.018148678243112476e-01
9.597720972336110101e-02
9.151191260239380232e-02
8.952844594533354572e-02
8.893052504025947269e-02
8.794161779413474378e-02
8.601602715175368785e-02
8.392765312578367998e-02
8.726974947510189595e-02
8.355277984506737088e-02
8.164249032700253428e-02
7.806067785973473672e-02
7.116549208204224486e-02
5.938172036471610349e-02
6.930927788482607599e-02
6.758855642871265668e-02
6.392277848871566470e-02
6.000558284699689104e-02
6.040259338232786823e-02
5.078906424875877929e-02
4.272752346040664673e-02
4.021948346584366257e-02
4.602961452088805139e-02
3.324700882478660163e-02
3.274073729945430056e-02
3.815625206484799664e-02
4.221897476329520421e-02
4.421326492193711905e-02
5.126356487790544730e-02
5.585907797612029574e-02
6.159041967489407160e-02
6.527354490862270764e-02
6.939770092621783126e-02
7.101670016467663549e-02
7.264805897037313054e-02
7.792815287828658288e-02
8.075206859658240477e-02
8.388411470525052038e-02
8.803295348933357078e-02
9.192739497385971070e-02
9.603598330249449311e-02
1.009051898032249789e-01
1.043850047856425822e-01
1.065507478558792992e-01
1.103648390961414899e-01
1.118959828447472493e-01
1.188834060338817278e-01
1.237051607041619039e-01
1.257434650613279969e-01
1.278609741925776921e-01
1.291002970674474393e-01
1.330534115566801845e-01
1.370062823941346764e-01
1.421912193250154943e-01
1.460189243509126267e-01
1.471647972822455741e-01
1.523046771076509154e-01
1.564395773639284115e-01
1.626587558032233927e-01
1.672678636225473359e-01
1.734525760608068568e-01
1.767270008235550804e-01
1.756283735825980019e-01
1.776960304239195154e-01
1.799647432879300235e-01
1.800484040498732397e-01
1.827515825685503414e-01
1.834775890490298877e-01
1.871967748465214743e-01
1.881381422715917018e-01
1.908242546432228348e-01
1.921374825850157009e-01
1.951857616922409722e-01
1.972335238473636454e-01
1.993021995913344113e-01
2.002363772977449330e-01
2.012768848032681634e-01
2.022189815926558332e-01
2.045834658672295858e-01
2.051269920067298747e-01
2.059404601928612466e-01
2.090719449575562938e-01
2.095483182256317189e-01
2.126671094369335657e-01
2.158635946326173116e-01
2.186502209176987566e-01
2.232472490651132568e-01
2.278503586294007288e-01
2.307470731778012984e-01
2.334633898535352914e-01
2.365213717580523234e-01
2.429270415004841366e-01
2.462154453771513707e-01
2.516148867133027323e-01
2.594500325476605251e-01
2.639700841843324874e-01
2.658300130980471021e-01
2.704190491937343288e-01
2.756298904348195578e-01
2.782107792250441691e-01
2.873072799397320964e-01
2.882666751168081465e-01
2.925966925735149493e-01
2.952210604943052985e-01
2.971053535353618269e-01
3.022980561589019843e-01
3.040953734241195749e-01
3.044441044203883284e-01
3.086009136804229724e-01
3.123995301001442071e-01
3.162571076518659319e-01
3.179003868175546144e-01
3.204513950022018776e-01
3.217974062167729410e-01
3.291668840829068965e-01
3.311836025532295946e-01
3.344802639779801967e-01
3.434171233749214736e-01
3.414914840264829943e-01
3.434518567989743865e-01
3.463980664495036055e-01
3.454815422802701153e-01
3.474251955988192364e-01
3.497077778344199750e-01
3.513386931000201940e-01
3.561680690150539341e-01
3.568551523574093332e-01
3.563869479343656499e-01
3.584137822115051608e-01
3.577553945132175839e-01
3.610234495452245285e-01
3.614005359436090470e-01
3.657095179684738406e-01
3.675005172855205782e-01
3.689131209918531384e-01
3.667036513326177860e-01
3.671005530359428004e-01
3.681068229145186277e-01
3.651121709385592995e-01
3.637925290214660268e-01
3.609997664118911875e-01
3.564175908081341215e-01
3.539552564866224049e-01
3.537925946765668739e-01
3.534334856800647184e-01
3.542498465686003128e-01
3.529654146663162018e-01
3.527287229506560484e-01
3.520030889878753566e-01
3.498505448219591529e-01
3.490403837834487044e-01
3.495803238637729682e-01
3.507605539803264616e-01
3.496938490133847943e-01
3.449475225271270151e-01
3.422213337255112231e-01
3.411328521906206723e-01
3.410573703196143613e-01
3.410471793759065062e-01
3.400781706622776346e-01
3.408635079428126713e-01
3.420114723031482118e-01
3.408897082077000373e-01
3.407796821836583945e-01
3.393051697507916131e-01
3.399419386659144893e-01
3.400756033050846838e-01
3.399058536570795930e-01
3.388171528624788764e-01
3.387928691058185171e-01
3.372447937564456710e-01
3.368337266005907993e-01
3.317208970398663470e-01
3.305673181777978309e-01
3.316411227669430195e-01
3.335955488404820368e-01
3.363831391374305091e-01
3.376990126096411360e-01
3.399180829717952657e-01
3.406719148217676740e-01
3.409447643655488802e-01
3.428923579331611404e-01
3.407597591433437212e-01
3.440929728682484701e-01
3.384235929119051578e-01
3.396661544506404673e-01
3.419453510707043398e-01
3.421118326062376758e-01
3.447771624402271029e-01
3.505218037842364742e-01
3.483351946007507971e-01
3.505957084409976887e-01
3.527308022911161411e-01
3.564431505609370054e-01
3.599807436298677055e-01
3.635188683481673788e-01
3.670931152196685865e-01
3.772338276747475017e-01
4.002157773169165988e-01
4.054360211659034374e-01
4.143979640898639016e-01
4.223998207234817004e-01
4.278322807735913114e-01
4.354956532609801090e-01
4.401469941202191816e-01
4.447958904440547090e-01
4.513212952132829581e-01
4.522536561350332662e-01
4.571225580645917885e-01
4.613169216838403086e-01
4.677831829098900718e-01
4.683624649551493269e-01
4.719639827113113473e-01
4.703162744004412144e-01
4.754644304239255548e-01
4.782083307389300986e-01
4.803837858849089315e-01
4.869011198595172840e-01
4.860320990131297703e-01
4.907394165214930548e-01
4.938522059036773992e-01
4.921881586376087858e-01
4.957616771438540515e-01
4.961469416563893953e-01
5.010473141710088951e-01
5.057848985271675701e-01
5.075670267810726832e-01
5.110918253947569490e-01
5.136602436506780833e-01
5.122997964353005473e-01
5.152861667541980273e-01
5.152510419981497503e-01
5.155655009339248362e-01
5.153377460627266426e-01
5.172546310838788131e-01
5.195552597291666075e-01
5.199361687740354787e-01
5.195702394603954888e-01
5.171121873806980851e-01
5.152458879010962667e-01
5.147816661183615139e-01
5.173033207770654229e-01
5.179214421206933538e-01
5.165486507745201683e-01
5.158940311149684543e-01
5.194059378914683833e-01
5.171300348729046537e-01
5.169311633141915330e-01
5.164040660228903512e-01
5.149691339973309079e-01
5.131294295894259783e-01
5.133262816680416174e-01
5.137523538672805756e-01
5.139216402892585744e-01
5.107538946047140982e-01
5.104693656605836516e-01
5.117802000124201944e-01
5.116308820340460528e-01
5.103533044987892398e-01
5.106357784429014224e-01
5.073758792042534216e-01
5.033686271315954697e-01
4.983714325790893351e-01
4.963556028766147876e-01
4.951426316845627951e-01
4.935000180303649175e-01
4.926855970393078099e-01
4.922165837842891745e-01
4.918553818353431084e-01
4.926371538535503913e-01
4.882559708272538046e-01
4.850748850376848664e-01
4.839590314548552485e-01
4.823070025633989233e-01
4.763249012558847806e-01
4.714796294356070616e-01
4.665216625137127981e-01
4.649991594425808006e-01
4.642822169981866698e-01
4.601769465737539644e-01
4.593428573559864003e-01
4.570037787255431527e-01
4.564955572621635094e-01
4.567538190400318721e-01
4.560378049504630327e-01
4.583114656085477967e-01
4.581910913438907995e-01
4.599521673061917060e-01
4.591972918084086808e-01
4.590325319884019928e-01
4.577439816287329211e-01
4.568083021084697881e-01
4.575209761572671119e-01
4.560801058664024077e-01
4.545490384771469494e-01
4.541050179217296923e-01
4.538113564815870471e-01
4.534522543845875830e-01
4.545145754774458924e-01
4.504752909993883225e-01
4.520828132205351735e-01
4.505542860505892255e-01
4.530454680806385581e-01
4.539409257919035379e-01
4.558392961564805557e-01
4.549984246157506296e-01
4.562343001390710695e-01
4.555617176697390747e-01
4.524003214881892054e-01
4.543632068420064285e-01
4.514616914856115493e-01
4.541800109416818665e-01
4.528232715354748583e-01
4.494104241567532521e-01
4.521686757452734740e-01
4.511739688115712910e-01
4.519350688272856797e-01
4.494998357997467830e-01
4.490935280153848796e-01
4.470680420290729096e-01
4.491588298909343080e-01
4.490394892467498567e-01
4.452887419179117900e-01
4.464969409300780234e-01
4.439125930520471663e-01
4.449219454406369012e-01
4.427049214088868423e-01
4.419671841883621721e-01
4.419338118342576172e-01
4.413479518452961270e-01
4.398547432783828648e-01
4.393537792909821271e-01
4.392311384326411106e-01
4.389083027995175357e-01
4.374627004577085754e-01
4.335384863429859181e-01
4.331876838687915288e-01
4.349458593448334853e-01
4.361648905028980283e-01
4.359370682380071527e-01
4.361943027947360885e-01
4.321510985942013106e-01
4.335434095206123217e-01
4.300573568919466294e-01
4.304683635801206942e-01
4.314435979572682767e-01
4.321092977191248186e-01
4.292051263456793109e-01
4.307781933103910776e-01
4.257700576857125219e-01
4.281007579970951826e-01
4.297939257187203821e-01
4.256651561479769530e-01
4.270063361530593848e-01
4.278056647106526222e-01
4.290324314264595817e-01
4.302284992969340749e-01
4.232381900652340545e-01
4.243199652589434989e-01
4.263629032543648778e-01
4.275135709419476404e-01
4.249556190742697637e-01
4.253883057472570006e-01
4.250582593550283339e-01
4.271710419022707872e-01
4.207971775329282793e-01
4.243903347483821142e-01
4.227236847012698640e-01
4.157357933572862763e-01
4.153073165293887925e-01
4.109754261139474396e-01
4.111070874033341260e-01
4.043655367391151834e-01
4.098265664669392683e-01
4.103159488037302349e-01
4.109378348379575940e-01
4.124725860379565012e-01
4.094105181552140094e-01
4.132617548991634471e-01
4.143291186073680410e-01
4.094209718730890679e-01
4.081908154082252160e-01
4.068549900838324684e-01
4.078820263873394469e-01
4.097763205352804028e-01
4.057242970819764927e-01
4.050781813093401462e-01
4.047550970511951118e-01
4.028058189738549788e-01
4.044363148684944620e-01
3.993933503798997031e-01
4.016042119944046029e-01
3.976385660593563798e-01
3.996227893323104352e-01
3.991790158400486677e-01
3.997625634915472070e-01
3.861282936571198143e-01
3.853850451366029883e-01
3.778790937762956381e-01
3.745724886167994261e-01
3.745259114686446122e-01
3.675777438593835766e-01
3.620341184285868485e-01
3.627472490583241171e-01
3.592388798555498641e-01
3.546209574428682010e-01
3.570925482022886954e-01
3.538353675054792813e-01
3.515120654522655430e-01
3.516856733679382674e-01
3.510145211529205334e-01
3.452974802560357936e-01
3.347100106595033986e-01
3.348774674597725376e-01
3.342955948009356804e-01
3.357933311787538733e-01
3.329426723843492697e-01
3.311239965165696519e-01
3.321207690129461820e-01
3.245344681010911558e-01
3.279070468491463441e-01
3.248372715625659768e-01
3.277524276907479717e-01
3.274309974182050831e-01
3.246566506639286809e-01
3.232239462033632549e-01
3.211513158494653797e-01
3.206362919253107346e-01
3.195931872816865082e-01
3.218310322591849681e-01
3.244187384553754994e-01
3.247022912120252625e-01
3.248975479736572747e-01
3.217423170160976231e-01
3.209627138053473550e-01
3.168480611257249446e-01
3.228539683916787917e-01
3.231210427739434343e-01
3.137816368942656364e-01
3.130690823660902677e-01
3.129077325000549359e-01
3.221280078629995547e-01
3.223384347571812136e-01
3.210372521322371053e-01
3.215251417440453396e-01
3.203951512218940478e-01
3.170485276068850666e-01
3.151664899178172607e-01
3.129047594254060760e-01
3.115850605172739152e-01
3.104795172212840848e-01
3.101824668905737714e-01
3.080104332967921188e-01
3.073500197992334315e-01
3.038096913300866730e-01
3.026773038858759923e-01
3.013204852771125264e-01
2.993627268493920246e-01
2.952772821874713460e-01
2.916812514303374071e-01
2.897183458640995579e-01
2.853847516632875836e-01
2.833670781556253404e-01
2.764130593535078506e-01
2.758985356230169717e-01
2.741884349945048482e-01
2.705716843242558234e-01
2.684777465505265304e-01
2.673512479209044224e-01
2.675825567298545371e-01
2.664803284532289984e-01
2.640392857591446485e-01
2.574943884328740329e-01
2.538803102054792982e-01
2.466184066577726264e-01
2.449795703342236008e-01
2.435742829141457344e-01
2.308040173816221508e-01
2.281517912404887327e-01
2.268665563856005762e-01
2.239048934289433468e-01
2.151450780198569945e-01
2.120409096787083114e-01
2.081029241007991692e-01
2.046024736858102766e-01
1.999763010395942675e-01
1.980270444712521061e-01
1.913411806791976977e-01
1.887583946160316661e-01
1.858217858427187730e-01
1.902580046235118338e-01
1.898556125977926279e-01
1.839572179862630219e-01
1.836452830641230050e-01
1.871388937251766971e-01
1.855926191260775793e-01
1.866308145961844966e-01
1.846225246042288437e-01
1.788887496086376261e-01
1.789618077722375244e-01
1.741884341989208829e-01
1.734846318944661958e-01
1.735213033082600997e-01
1.670374833307896323e-01
1.663328882810031772e-01
1.562098549157779626e-01
1.560561435704135025e-01
1.478717747540051752e-01
1.481334780854982325e-01
1.484084104101184853e-01
1.478625381906266412e-01
1.493756499836378648e-01
1.511478521113193418e-01
1.571974680195977747e-01
1.574954545256584404e-01
1.493270928643143092e-01
1.480571086017579696e-01
1.525489040223651505e-01
1.471249475346953217e-01
1.437466436187224417e-01
1.418363827006395017e-01
1.391706413125226305e-01
1.584529756924551447e-01
1.590497482429775178e-01
1.588763201796767888e-01
1.598957025600960258e-01
1.554244302527840738e-01
1.544021512270014052e-01
1.524682540884521598e-01
1.636840393787624137e-01
1.635604198037883539e-01
1.640200577712961627e-01
1.647441647843566892e-01
1.617600479062140384e-01
1.620927734747194537e-01
1.627386377358569225e-01
1.638308793729690016e-01
1.593242585470917017e-01
1.580611175982261640e-01
1.557589893248301494e-01
1.574745123910571698e-01
1.582319205870099110e-01
1.592634800581189114e-01
1.593229933780376806e-01
1.618572179963610747e-01
1.623621000849625740e-01
1.643251443432963699e-01
1.651165087405322418e-01
1.653265005847646685e-01
1.666864195435180662e-01
1.677136813263294113e-01
1.724138920747730341e-01
1.748882110169723836e-01
1.773244554138661000e-01
1.854670221131839991e-01
1.839764892435649668e-01
1.878933765003052425e-01
1.896003672929019446e-01
1.850553565002517331e-01
2.022593371157563324e-01
2.067372472588453469e-01
2.489795832536396691e-01
2.541759794620360169e-01
2.674306001679473410e-01
2.676105193571718943e-01
2.730663286989408745e-01
2.788156261740981634e-01
2.832365329939479093e-01
2.868890956815108861e-01
2.791880440808021668e-01
2.835804171399008977e-01
2.977459406912736917e-01
3.067854298769562282e-01
3.043141256692574181e-01
2.945812984235894882e-01
2.936608553413742606e-01
2.844248055943534581e-01
2.825071815891355698e-01
2.866699264990354989e-01
2.878635154884358061e-01
2.780772579806119471e-01
2.812914426137904100e-01
2.805150318935801246e-01
2.794846479478462764e-01
2.816220811419873904e-01
2.882525259984944355e-01
2.905122645422776873e-01
2.925589932186398734e-01
2.916336251833279714e-01
2.864662116946698478e-01
2.861451430716074884e-01
2.808887761616435941e-01
2.799106682229586252e-01
2.710652362340122412e-01
2.700540259103479945e-01
2.621920415083360822e-01
2.567129670593824575e-01
2.547065635065712264e-01
2.356645205726136116e-01
2.199114772086587788e-01
2.104392131257698528e-01
2.050907126992801977e-01
2.021793439345568599e-01
1.873566440800596145e-01
1.839289871258104614e-01
1.804966400793507064e-01
1.784907635990425068e-01
1.718076318080243581e-01
1.629984001335947619e-01
1.577076566449369111e-01
1.492053972360699032e-01
1.459854184344284989e-01
1.414753248018104093e-01
1.327713603222000771e-01
1.323534696897439300e-01
1.262139597380478873e-01
1.200546771496745907e-01
1.165513098197800967e-01
1.133834761246932527e-01
1.100789250645816675e-01
1.065222340978355525e-01
1.037035836670873179e-01
1.037600596166041028e-01
1.050398191801190095e-01
1.012745217779899981e-01
9.079861365204118517e-02
8.898744587225504432e-02
8.276647569429507190e-02
8.278402689115516022e-02
8.015200512086731455e-02
7.990242436052932828e-02
8.382101734820740502e-02
8.729400138746191973e-02
8.472794748860788816e-02
8.460508510424222250e-02
8.274206896659599964e-02
7.916678927648101993e-02
7.381919960405858294e-02
6.810952916514867450e-02
6.669909650131501666e-02
6.319275600370813373e-02
5.838006196209118148e-02
5.704572274759876771e-02
5.905904343973544801e-02
5.843318849874345328e-02
5.566924525665453705e-02
5.570426460929308460e-02
5.653407367478661266e-02
5.602785731926621798e-02
5.580514591590867574e-02
5.618636930172792032e-02
5.488896699922915512e-02
5.561617042973591996e-02
5.539071496584648674e-02
5.477764474396751987e-02
5.535273350573143014e-02
5.474792022642108180e-02
5.382651010889063364e-02
5.343176121646973920e-02
5.304202093355515901e-02
5.324090605294049677e-02
5.129475312295558864e-02
4.958039862075525050e-02
5.053228824939434705e-02
4.995636186586532163e-02
5.227505923896621359e-02
5.252202830028226271e-02
5.393820126029643530e-02
5.424401136417877217e-02
5.395723898122183060e-02
5.359501472998266097e-02
5.423036714216964566e-02
5.644207073061946467e-02
5.637915414126916380e-02
5.525366766963599185e-02
5.602939036367329817e-02
5.699703554451289456e-02
5.772594993471277108e-02
6.053343559110734712e-02
6.064667999692049949e-02
6.262684210013122477e-02
6.246554869145334171e-02
6.459851292579084359e-02
6.434261072247030033e-02
6.553059231831666331e-02
6.649628267697067774e-02
6.748159863919665769e-02
6.794528155516763035e-02
6.997355807985844445e-02
6.948427318785049822e-02
6.868129899990495224e-02
6.805440345578220307e-02
7.062490840427944339e-02
7.193396328696802233e-02
7.207837860169627464e-02
7.157610545365417076e-02
7.499931339944297670e-02
7.839569654924978537e-02
7.814598932378077900e-02
8.179740823475030453e-02
8.354534244722579273e-02
8.525662690493217288e-02
8.655682866049314861e-02
8.628400690981984089e-02
8.794445882458092056e-02
8.828647708552642137e-02
9.236176307985224931e-02
9.307753368653111370e-02
9.742050141455851908e-02
9.747978794507160261e-02
1.002225525522429522e-01
1.066756044430857420e-01
1.046260632456033068e-01
1.014085192923822876e-01
9.876264408304603892e-02
9.619997361186369278e-02
9.639065824160474028e-02
9.393815140292219312e-02
9.251002146581219221e-02
9.040793181496711850e-02
9.351289620711739081e-02
9.480875942368686971e-02
9.270201275671720309e-02
9.121603195588788571e-02
8.807929801176528350e-02
8.859485237425585025e-02
8.915624501158589399e-02
8.864773189754782123e-02
8.719905113705453403e-02
8.765019327319123477e-02
8.822882659535685734e-02
9.138609332090924520e-02
8.379928593046127860e-02
9.285935379181806115e-02
9.550543238630708476e-02
9.592428445543324522e-02
9.127471692227800970e-02
9.080591077953296952e-02
8.718918149814436358e-02
8.983827128798663186e-02
8.900625518821948801e-02
9.344579120787276094e-02
9.435503952121838955e-02
1.029571136210041121e-01
1.016338773358656938e-01
9.938123854419536607e-02
9.778899458964465663e-02
9.258345334454944064e-02
9.149746261526904567e-02
9.398683499579603418e-02
9.321891797434482541e-02
9.277391847640835409e-02
9.200298895898889606e-02
8.844106448163120693e-02
8.973192571045512933e-02
9.003597078116439001e-02
9.110107905142957041e-02
8.954199055716895173e-02
8.801528391186175249e-02
8.555378474470060057e-02
8.274320457998346479e-02
8.012919361686555997e-02
7.893073655927541898e-02
7.893161581010151029e-02
8.297734140813016468e-02
8.557589871517676250e-02
8.565696583649919094e-02
8.535048945518987351e-02
8.421915449781365581e-02
8.196059881311346107e-02
8.244634988194234071e-02
8.325881165707095521e-02
8.538126422209886546e-02
8.760685526259420763e-02
8.927926627465745946e-02
8.951751550752896913e-02
8.874806523589404139e-02
8.593543655430233019e-02
8.206496092516392393e-02
8.056091223586948902e-02
7.919021286329389064e-02
8.072325028514371059e-02
8.453685625689803806e-02
8.533716344730850334e-02
8.001972532855645970e-02
8.840460072166793359e-02
9.181217833188852484e-02
9.640551363029863097e-02
9.454243763966090064e-02
9.533494797081969174e-02
9.941041417103897715e-02
1.007442410310070702e-01
1.033423950091621329e-01
1.027476964930124775e-01
1.091260438070529165e-01
1.086253449910291879e-01
1.078136682850467931e-01
1.081570839861830807e-01
1.129693767572321345e-01
1.129205377052426712e-01
1.140416565013539774e-01
1.131027979802089467e-01
1.133826053766069097e-01
1.113105321503988915e-01
1.113939312502787299e-01
1.106106251303664439e-01
1.091627318947578362e-01
1.101837317521536241e-01
1.096460325542512049e-01
1.137630932804761519e-01
1.128756463149205858e-01
1.101374591983028811e-01
1.120815125215780528e-01
1.171267712543226647e-01
1.157470368523719623e-01
1.204206688973695344e-01
1.190689114267793197e-01
1.294513617762274305e-01
1.309374112876695861e-01
1.368956966663059660e-01
1.373299743513249072e-01
1.359904823228013093e-01
1.357842267955478854e-01
1.395263016018290503e-01
1.387406162896586970e-01
1.377275287875249221e-01
1.444313988943164151e-01
1.429647298491602825e-01
1.485917458671711100e-01
1.531209959851422830e-01
1.565835955769422083e-01
1.652250871359858819e-01
1.660974799524365664e-01
1.615543838469562510e-01
1.655643005196553996e-01
1.684643881119089748e-01
1.710686285896909908e-01
1.758308684561696034e-01
1.799137839669808780e-01
1.804379725576723548e-01
1.830279939624766539e-01
1.882111789924540146e-01
1.886394859582779804e-01
1.937657928367988447e-01
1.992570297031538706e-01
2.001978281917186631e-01
2.026936283398695637e-01
2.092158955488002126e-01
2.163242182749368636e-01
2.187863426465383176e-01
2.193362672529764745e-01
2.234888434071685692e-01
2.291755430891006806e-01
2.331134682427456750e-01
2.289278716100182076e-01
2.328502245150817496e-01
2.413659186577844784e-01
2.435284768595566141e-01
2.491084856297857142e-01
2.537434426810563082e-01
2.586281667025780995e-01
2.592682248536302136e-01
2.593474765736280552e-01
2.670568016254222243e-01
2.658757194215480846e-01
2.710365711585359660e-01
2.750185678789473509e-01
2.825240025975050417e-01
2.894045175853792173e-01
2.996397326187718591e-01
3.060398498622440289e-01
3.108931082993282580e-01
3.143260345192474547e-01
3.206810243027944374e-01
3.266540336816501910e-01
3.326099312559288590e-01
3.418830643558417592e-01
3.514415603575174463e-01
3.587931446728097606e-01
3.643946631117715995e-01
3.759631409727068330e-01
3.835772976397293643e-01
3.871539236905672809e-01
3.901113069292158619e-01
3.968858930078580927e-01
4.083789178571217704e-01
4.132342333883872176e-01
4.218981647437040072e-01
4.261726104305408880e-01
4.309828439265775968e-01
4.381512792010430757e-01
4.414012325524438451e-01
4.426670857969661199e-01
4.465563720085442556e-01
4.491748078922981335e-01
4.482462877069101626e-01
4.526117857775530662e-01
4.520304269256333884e-01
4.528367487138233449e-01
4.539657271981797360e-01
4.554029614551289851e-01
4.573942950872967317e-01
4.608880294874551642e-01
4.635780854319307420e-01
4.628167904786174569e-01
4.633319124803958466e-01
4.656552385009889439e-01
4.662151950809532708e-01
4.639130084834116596e-01
4.624085450401475006e-01
4.669596007934398441e-01
4.610635762797707926e-01
4.636381872879718480e-01
4.655201352894789424e-01
4.650849322026400778e-01
4.709314109858776520e-01
4.693575284585412288e-01
4.753319152874826425e-01
4.735363243547293099e-01
4.722080280816814413e-01
4.721375833214913054e-01
4.728872108812927633e-01
4.740456585151938129e-01
4.691824242064402961e-01
4.705645810880124125e-01
4.707059309984893969e-01
4.727083172037900849e-01
4.751788118481242718e-01
4.776956842043926232e-01
4.770079646788967231e-01
4.760458041977006505e-01
4.733509682948255914e-01
4.769044032763825602e-01
4.776965994017004502e-01
4.787118528855908717e-01
4.828849302607268190e-01
4.837576369098798290e-01
4.859541220698518349e-01
4.842246810348788677e-01
4.868810756737642631e-01
4.871025354270989705e-01
4.825638827028153055e-01
4.845543838497234357e-01
4.839782202220846985e-01
4.846736745971778615e-01
4.820176563229655597e-01
4.855207868269120208e-01
4.847775935926258439e-01
4.878218062254558451e-01
4.906050363202570375e-01
4.897686875902879100e-01
4.916966772908274996e-01
4.900358067094845449e-01
4.908344917056869372e-01
4.887883136814314966e-01
4.910216722819487067e-01
4.872699325247207836e-01
4.841410795705297088e-01
4.864098068062406299e-01
4.815757225330405955e-01
4.834443412166993803e-01
4.841377234448966949e-01
4.799669571825118108e-01
4.817925454078829661e-01
4.824534403694051288e-01
4.827020842357299668e-01
4.825362383367209351e-01
4.819265965928557494e-01
4.793183518595429127e-01
4.765223100948284274e-01
4.715350231327098407e-01
4.690024898332382230e-01
4.702634960847613677e-01
4.633402680328226331e-01
4.646722065543076874e-01
4.631190728905706377e-01
4.638256944079389710e-01
4.599366507347404376e-01
4.590767308953462855e-01
4.583697789021347058e-01
4.564888898352149060e-01
4.523926993032128530e-01
4.516446824523514536e-01
4.491562680145313458e-01
4.471278374685000445e-01
4.440153061067473317e-01
4.394320774315192968e-01
4.419873857452434884e-01
4.523077626583912880e-01
4.495422722748788069e-01
4.496468869611994212e-01
4.470086867231913286e-01
4.470380129463116248e-01
4.426592185865456663e-01
4.419863574893964087e-01
4.409233076758006242e-01
4.418327776588221734e-01
4.422006246034907995e-01
4.355749615774190953e-01
4.361491339028831238e-01
4.367492110397365734e-01
4.316867336225497231e-01
4.309493199534950580e-01
4.295138445233867008e-01
4.232200856328053318e-01
4.219185346287193106e-01
4.206083126474726153e-01
4.168443701422424041e-01
4.164526355410914649e-01
4.172949566960983958e-01
4.177219499162183602e-01
4.144086660876956096e-01
4.155801324482933934e-01
4.087186966828674217e-01
4.090088970522760548e-01
4.081363878789209254e-01
4.055951082644474459e-01
4.046368922739843055e-01
4.003531928267430873e-01
3.977001322857032783e-01
3.876529888445557348e-01
3.868604503724891730e-01
3.815655896283112747e-01
3.764135140320372663e-01
3.709027306935261392e-01
3.521589956054176906e-01
3.488575204980826072e-01
3.415781060469219588e-01
3.384927540003281332e-01
3.306018886654321642e-01
3.211404238897535568e-01
3.122555086086780674e-01
3.099567423122354670e-01
3.083744614502823000e-01
2.984341544741277996e-01
2.948965781447791534e-01
2.882561013149801399e-01
2.825954300809572772e-01
2.802411399159967509e-01
2.758183618170637619e-01
2.764390269745322093e-01
2.761612906504150589e-01
2.727793007865860209e-01
2.512908780241001061e-01
2.509903173554287603e-01
2.417340155350356512e-01
2.377625139783228203e-01
2.334244583745477553e-01
2.324695461625306825e-01
2.269434188145606768e-01
2.277892545520102674e-01
2.288519290554874297e-01
2.266181295679724483e-01
2.259174323143464114e-01
2.215483713912890784e-01
2.179576036180095877e-01
2.126921117193147359e-01
2.116839261716987330e-01
2.074381358925257712e-01
2.035146985499063366e-01
1.974370168131983072e-01
2.020865357265994311e-01
1.948350570961730754e-01
1.853807131135963848e-01
1.751597263405302862e-01
1.631352042073108966e-01
1.551823842742810489e-01
1.514229970326803065e-01
1.486686152900162372e-01
1.421547988528356343e-01
1.391398191178852828e-01
1.324790589591785805e-01
1.295614899790686891e-01
1.327783198847944102e-01
1.212801653967724297e-01
1.204345855216845257e-01
1.194879137050232215e-01
1.169295157259544193e-01
1.146645518824966764e-01
1.129670877754949398e-01
1.139082324081577974e-01
1.132144619827306631e-01
1.086070806673526401e-01
1.101628483323476709e-01
1.118809619854633508e-01
1.139206105265575947e-01
1.154787242310198747e-01
1.170592423696887874e-01
1.245021061941721519e-01
1.246508885853374188e-01
1.284839824511173345e-01
1.388506046944632255e-01
1.417296833520056420e-01
1.534847562435575907e-01
1.600240887536130419e-01
1.707708477517308199e-01
1.776732343600548047e-01
1.836780589900149085e-01
1.897081422884857871e-01
1.994164515712078256e-01
2.140758555020338127e-01
2.216248943207088096e-01
2.286678952748839311e-01
2.370422900835807423e-01
2.414901765918548715e-01
2.396756314131944232e-01
2.441621664150025739e-01
2.556211939529219879e-01
2.657714063359189471e-01
2.641087064574825227e-01
2.703605893900455359e-01
2.699822552623112881e-01
2.622282171414954677e-01
2.560729524648723276e-01
2.573212054843809771e-01
2.609535646264574127e-01
2.620283356382622775e-01
2.647135616927850377e-01
2.700079712836047641e-01
2.711642700151066787e-01
2.749395948545548252e-01
2.775699515807220630e-01
2.852371262656995254e-01
2.867130151436629859e-01
2.902176225875129356e-01
2.912380834425876142e-01
2.931767989555343901e-01
2.919679875185020590e-01
2.958012506675732900e-01
2.926115263496713026e-01
2.905532631349407868e-01
2.932646181713172706e-01
2.915733617909309627e-01
2.888362955682171052e-01
2.876797269157937986e-01
2.908703989568476311e-01
2.927237545305247379e-01
2.941570882941346721e-01
2.891243260557819217e-01
2.885033091896547774e-01
2.843531933845209192e-01
2.853505773152463787e-01
2.873427080197825667e-01
2.872411432255871366e-01
2.850692551736563329e-01
2.845940911975035625e-01
2.828950073895433737e-01
2.841344856451545886e-01
2.820254726162529924e-01
2.788001985181751685e-01
2.780244779878778827e-01
2.773677650851571475e-01
2.750555834460967630e-01
2.724316233910969998e-01
2.678619065776183805e-01
2.672939360468198355e-01
2.623421975795371952e-01
2.621091236750848763e-01
2.638725283505952701e-01
2.641241836341518545e-01
2.632783601046568278e-01
2.595333249666432751e-01
2.593450074062124688e-01
2.603477447470426420e-01
2.530043710072649166e-01
2.542933754043286698e-01
2.543246669016265282e-01
2.521332409398753804e-01
2.504143737225791311e-01
2.398594807344151814e-01
2.401187685663668248e-01
2.407019975650150911e-01
2.354963390899616760e-01
2.335689467097867844e-01
2.369552705589163533e-01
2.394339662232232435e-01
2.326223345384738073e-01
2.331541576838236096e-01
2.328134806546504620e-01
2.324095365823681536e-01
2.343151145115245637e-01
2.318379451495914956e-01
2.278089601974798983e-01
2.221172170038086535e-01
2.237516204328595659e-01
2.257655428472144787e-01
2.131951895731098445e-01
2.121911679091466607e-01
2.117865795366435933e-01
2.116772231290705575e-01
2.144277998440314303e-01
2.230024315995944306e-01
2.284533831764195555e-01
2.302594943492386748e-01
2.355015884577777441e-01
2.409389888452675432e-01
2.472288583772401793e-01
2.471419359232838731e-01
2.525913540066276330e-01
2.561853812808207453e-01
2.537091285788989348e-01
2.586299035462263918e-01
2.644034087972761959e-01
2.685695456331327891e-01
2.762556315915222216e-01
2.789795156086795624e-01
2.824833608088030412e-01
2.846649547847828754e-01
2.883418290619397806e-01
2.924806753907481793e-01
2.877151523425773294e-01
2.909936706339461554e-01
2.946463750742977505e-01
2.947957960763201157e-01
3.038527913851085116e-01
3.065178927514572993e-01
3.052269965078566183e-01
3.021949918282027525e-01
3.046048774534062531e-01
3.101630582741379261e-01
3.137603008622699696e-01
3.166938245023102061e-01
3.204738828379193882e-01
3.223930388283673953e-01
3.294840493890686117e-01
3.338922361685257023e-01
3.345437136136675815e-01
3.354203063400295615e-01
3.390395867680757735e-01
3.433311068589059434e-01
3.440847220236212256e-01
3.458693235979650171e-01
3.471548641593965590e-01
3.492186039173064138e-01
3.481900540878722361e-01
3.495280094267833038e-01
3.508250110699568936e-01
3.502210349462219208e-01
3.506474887359039005e-01
3.471393670677389021e-01
3.460115490639630864e-01
3.452197857818778415e-01
3.459947761194038240e-01
3.456132591627955608e-01
3.451181111062572304e-01
3.483408202378111551e-01
3.491201268702463500e-01
3.506397635372204280e-01
3.482421413158119372e-01
3.470066899160717533e-01
3.495007587071696786e-01
3.524133551083278859e-01
3.502924571502768480e-01
3.512446748200580560e-01
3.540272010670908465e-01
3.544172996288869060e-01
3.563941912204196538e-01
3.577982388078917442e-01
3.676917205573626557e-01
3.728241419819234292e-01
3.783843973681541573e-01
3.759951897231757489e-01
3.787492832751393479e-01
3.799261469035205008e-01
3.834421218093340689e-01
3.868977108204472715e-01
3.883024003148420888e-01
3.927126420058794642e-01
3.984443671411852517e-01
4.008268482071824512e-01
4.029269903292171384e-01
4.050363968009105808e-01
4.064951941095325538e-01
4.035814404758837903e-01
4.037839031383472221e-01
4.079141207859806051e-01
4.102426574211547883e-01
4.115620113621115128e-01
4.125096499318302024e-01
4.125988198988493894e-01
4.126640261723777403e-01
4.146823042621964883e-01
4.183067402791058043e-01
4.215482399724990725e-01
4.209573250832320812e-01
4.232251539570752730e-01
4.237060948314385067e-01
4.254165414693913960e-01
4.270277424536315647e-01
4.267846665408622231e-01
4.254853232546442765e-01
4.250203856906316080e-01
4.268039286975565672e-01
4.260314896789320072e-01
4.228245075840168510e-01
4.208550958008581144e-01
4.248980707056747019e-01
4.244650284356942804e-01
4.269136744447333265e-01
4.251601995569116998e-01
4.262180563823116386e-01
4.266780808658561241e-01
4.312126807156392849e-01
4.369712133434266454e-01
4.400709561941316128e-01
4.432317121173690588e-01
4.452906053956653398e-01
4.458632989456491891e-01
4.489245182077667429e-01
4.542160483157003936e-01
4.604111407658575406e-01
4.618874669343452366e-01
4.654255913143152124e-01
4.657457736221035649e-01
4.676941740578535178e-01
4.711581767271659227e-01
4.725670880544683983e-01
4.731988210304577391e-01
4.773335466183900588e-01
4.820150453714608929e-01
4.785850278756354492e-01
4.790674746661326422e-01
4.827597041889395979e-01
4.814014562095276784e-01
4.777942990385004030e-01
4.741701791771310570e-01
4.751485421973668521e-01
4.716162465680531213e-01
4.635477736032804774e-01
4.558268678503910598e-01
4.526378033489786845e-01
4.457885160871999375e-01
4.283057572143769698e-01
4.310814302944219190e-01
4.300026489787800443e-01
4.204151012707571522e-01
4.020732506000744833e-01
3.927921845368528841e-01
3.841947738196963003e-01
3.739445319140519142e-01
3.620580869596548013e-01
3.493874468559532431e-01
3.456020100281738117e-01
3.385192004475875982e-01
3.291551229921172439e-01
3.209942121657244907e-01
3.124508878199869222e-01
3.092252049121136936e-01
3.112020225416074481e-01
3.102739012945659458e-01
3.044238047984333395e-01
3.031350591343626166e-01
2.928348326198386142e-01
2.874742278574184406e-01
2.873512534648829386e-01
2.884603064402068151e-01
2.950125358310667911e-01
2.918874325761481314e-01
2.926342238769399362e-01
2.900842430981271924e-01
2.913757911109604581e-01
2.916338706028057670e-01
2.963380917799062209e-01
2.961214791843563288e-01
2.942876345724477205e-01
2.912144621819098833e-01
2.891558886733618383e-01
2.862402422184097128e-01
2.884810840099667484e-01
2.869246997830471324e-01
2.889011388946173819e-01
2.891723020048704851e-01
2.986734089044916773e-01
2.967999716398005972e-01
2.928117383468142876e-01
2.924943131318072931e-01
2.902415089402984871e-01
2.877300799724389346e-01
2.888687986931362528e-01
2.863242317583941099e-01
2.863854414809401394e-01
2.863777708544137379e-01
2.841226315098324684e-01
2.862513421220803100e-01
2.860251910334837833e-01
2.853944666313806278e-01
2.839715039157006404e-01
2.826263924038181496e-01
2.839978980192092717e-01
2.898722396714807914e-01
2.881595756337624881e-01
2.874333948994673982e-01
2.863727202310963338e-01
2.848657280404802705e-01
2.832990113709550339e-01
2.738512679085727264e-01
2.728063363080219794e-01
2.718452659694698403e-01
2.718096193171253283e-01
2.703106763660391709e-01
2.705758751431709963e-01
2.682203329956062698e-01
2.642844064862518438e-01
2.648501031733881406e-01
2.636571287969529664e-01
2.606878502166629086e-01
2.607278836703448288e-01
2.596855717880952596e-01
2.601752003353571818e-01
2.554233271573181363e-01
2.569812329057628020e-01
2.552927889712696685e-01
2.595010913652997520e-01
2.570134769785232809e-01
2.571698713885262055e-01
2.569959118329694925e-01
2.477090413869320606e-01
2.501456270109040925e-01
2.613040357006650161e-01
2.592223802989751524e-01
2.537770728130588904e-01
2.419691382365927457e-01
2.304986643646732281e-01
2.313467167302799554e-01
2.255491092792090702e-01
2.242941930949794438e-01
2.265728877985104806e-01
2.269308956214424744e-01
2.283975354669879054e-01
2.255808717739096192e-01
2.264097485329413517e-01
2.266828663403289423e-01
2.284420018206929637e-01
2.267617561477408561e-01
2.275893360352008177e-01
2.231791986416087337e-01
2.231435037794046727e-01
2.212508289840036391e-01
2.258289884050951046e-01
2.264290444791706991e-01
2.267735725601422725e-01
2.266750127101880563e-01
2.253658101761494004e-01
2.228725166634608068e-01
2.216594226566952486e-01
2.222239009136914856e-01
2.225601273836675387e-01
2.224347648502038866e-01
2.227512510789201872e-01
2.193391896733441482e-01
2.149313747145666920e-01
2.144020058978290122e-01
2.127576493906930266e-01
2.120811976758486539e-01
2.097981473135627772e-01
2.192728300431408817e-01
2.197738323382469050e-01
2.207159279372419292e-01
2.226252430996665810e-01
2.308123678448027183e-01
2.307741633962257510e-01
2.317259443396477436e-01
2.308264743615528469e-01
2.310368402476324634e-01
2.298352154243273326e-01
2.321699836810511841e-01
2.295793549558656499e-01
2.364562594144429819e-01
2.371936987198295932e-01
2.405218297841933972e-01
2.430160134345410450e-01
2.484563556490508862e-01
2.491837248997218202e-01
2.530032540258934093e-01
2.527945317085942833e-01
2.476689092896502686e-01
2.475873446590399485e-01
2.469478639020644406e-01
2.492182688048472095e-01
2.491776385761477197e-01
2.465801695574383334e-01
2.442811233998146980e-01
2.464318031049340385e-01
2.426749107930267768e-01
2.382806210867826346e-01
2.372026340463076755e-01
2.300246321093258606e-01
2.299836761251996542e-01
2.284305125512791079e-01
2.237652271403497706e-01
2.248953563372224074e-01
2.260298246071131556e-01
2.227201436368099474e-01
2.209382381868879031e-01
2.189888672899458766e-01
2.155591422748251718e-01
2.161832661286874346e-01
2.136368907980411291e-01
2.105249796749563973e-01
2.037561652148066060e-01
2.063805283931130774e-01
2.058222019649883494e-01
1.996186095039581831e-01
1.977631943726242958e-01
1.925256077448100345e-01
1.889261745593744102e-01
1.892296301394048030e-01
1.914047553505291710e-01
1.953116980226621002e-01
1.912022473908423781e-01
1.945457931482645619e-01
1.941651356840492504e-01
1.985486459530925174e-01
1.964956653694032718e-01
1.930614398564697853e-01
1.923432845688633763e-01
1.820557632537620485e-01
1.804448585848826558e-01
1.766066316337706332e-01
1.744521654700541269e-01
1.720566478628541562e-01
1.721663875823255252e-01
1.747715813241506322e-01
1.650038485954940792e-01
1.582735461164129498e-01
1.522264862497867688e-01
1.446038871627892131e-01
1.414514278502027322e-01
1.396843173554521422e-01
1.368026889394114154e-01
1.463381197811461643e-01
1.377369761429142747e-01
1.402554635462164023e-01
1.418372443826742546e-01
1.419545767179861140e-01
1.439955734182196412e-01
1.412525479821042096e-01
1.388520385832748838e-01
1.398241366667748453e-01
1.381859184990288092e-01
1.380522192605857512e-01
1.379749131490201064e-01
1.467690816586995628e-01
1.473077636523220102e-01
1.490291790841466180e-01
1.523553541784781196e-01
1.534414606595148056e-01
1.553617644658974173e-01
1.548954493455800552e-01
1.574628836974474588e-01
1.576724277838056076e-01
1.546039432100812516e-01
1.590988833389445078e-01
1.688786390595091169e-01
1.713823515755106552e-01
1.750140388055567153e-01
1.757208579782759683e-01
1.855885119464728283e-01
1.859482080434843032e-01
1.861850061704913850e-01
1.842280800568222299e-01
1.841700508526628588e-01
1.835636380534969581e-01
1.846445395404942846e-01
1.760585586355612742e-01
1.827268931572993693e-01
1.732559266961029576e-01
1.711695973644655477e-01
1.708008029300583652e-01
1.738383384027702427e-01
1.752832597220023714e-01
1.763539695074658464e-01
1.771884297531717278e-01
1.802169575442891247e-01
1.800557469851824244e-01
1.797680817811865561e-01
1.802921291353433708e-01
1.786715375883369539e-01
1.795191173843797838e-01
1.795002646414197711e-01
1.792184245561099787e-01
1.806616183448755686e-01
1.854679584175957241e-01
1.888543444079300027e-01
1.960305800635812890e-01
2.017408907496427428e-01
2.034316462705456907e-01
2.048660329017462922e-01
1.997798886790037587e-01
2.018681898363059168e-01
1.972460488851474902e-01
1.971555440449807572e-01
2.002525645358368411e-01
2.029568242074458184e-01
2.072538897782580380e-01
2.145548118317668618e-01
2.206347367025223161e-01
2.228087880372011387e-01
2.217198887627626069e-01
2.265142659947968484e-01
2.317081105411221420e-01
