0.0385473946
0.0385612684
0.0388190685
0.0373002251
0.0386387444
0.0396070348
0.0403520832
0.0405685184
0.0411136201
0.0417152189
0.0437365997
0.0441511739
0.0442552833
0.0432999440
0.0437649456
0.0433849467
0.0434058587
0.0430036604
0.0416422874
0.0416917336
0.0413265041
0.0412217803
0.0402714778
0.0407372380
0.0397003318
0.0399271094
0.0389099186
0.0385860681
0.0380190066
0.0377345231
0.0375508773
0.0378214459
0.0375243524
0.0369677325
0.0374582299
0.0370874938
0.0375194555
0.0382465949
0.0384435185
0.0389680145
0.0432123247
0.0432573515
0.0433105030
0.0440511473
0.0435091194
0.0426022282
0.0430032582
0.0445870993
0.0439787101
0.0473162886
0.0470048816
0.0453693965
0.0458406064
0.0513323903
0.0516997032
0.0521562211
0.0570498629
0.0578082899
0.0652703044
0.0696942628
0.0651152670
0.0649448209
0.0686098920
0.0653703437
0.0650324171
0.0647549583
0.0611938094
0.0587181969
0.0555824489
0.0511966330
0.0506111041
0.0517413789
0.0515289482
0.0503500948
0.0496731165
0.0514327491
0.0488829686
0.0484753899
0.0451307841
0.0432511864
0.0492650795
0.0489546902
0.0488503491
0.0497602350
0.0513969993
0.0515722927
0.0540477575
0.0566108258
0.0569066686
0.0599212072
0.0642866936
0.0637399665
0.0651633749
0.0666801984
0.0693222829
0.0704232941
0.0703200013
0.0653178824
0.0677203872
0.0641254379
0.0639054342
0.0593381737
0.0523449433
0.0527655682
0.0551563378
0.0515667244
0.0413738172
0.0491607102
0.0415888990
0.0394416967
0.0422257318
0.0428336443
0.0382006810
0.0441048187
0.0388414016
0.0360613850
0.0342563930
0.0323123986
0.0316804839
0.0343062230
0.0336549344
0.0365960616
0.0355044183
0.0354086036
0.0394593485
0.0438933867
0.0421207256
0.0459563944
0.0498404392
0.0535202380
0.0593294609
0.0591660226
0.0599943690
0.0643590362
0.0643806442
0.0695329252
0.0708614119
0.0766630981
0.0777844723
0.0780321352
0.0762388725
0.0722422723
0.0745483074
0.0723059924
0.0689672379
0.0716738906
0.0672090450
0.0784595845
0.0789097922
0.0754203432
0.0718001083
0.0709187731
0.0652153083
0.0616166293
0.0644171747
0.0621324800
0.0648685211
0.0653143048
0.0597895315
0.0641904452
0.0658969344
0.0645107803
0.0651251498
0.0628375337
0.0650341898
0.0641451859
0.0663820049
0.0640435360
0.0718723247
0.0713221980
0.0702754225
0.0702434045
0.0667035922
0.0646685651
0.0601191644
0.0546027615
0.0503708736
0.0495317255
0.0473055203
0.0493471576
0.0453318134
0.0463762612
0.0474628437
0.0507864594
0.0511883310
0.0560642467
0.0575554508
0.0588000788
0.0598021184
0.0621039134
0.0602738039
0.0573630425
0.0556193260
0.0595499665
0.0499403808
0.0524219639
0.0543433027
0.0545499954
0.0561227395
0.0501488225
0.0500271898
0.0490521913
0.0480868769
0.0398549613
0.0448164490
0.0443591242
0.0436231086
0.0444548659
0.0461813229
0.0402319632
0.0391208137
0.0381864416
0.0370025723
0.0446845392
0.0390526573
0.0457152929
0.0467461955
0.0461353166
0.0445104701
0.0454059521
0.0416305775
0.0420175200
0.0376707793
0.0397638124
0.0387084621
0.0374604199
0.0360985363
0.0392678808
0.0351708582
0.0455166418
0.0497926857
0.0626631516
0.0647743663
0.0672265198
0.0739020830
0.0726441068
0.0771435053
0.0856190094
0.0843880899
0.0940679820
0.0950947627
0.1005676920
0.0997018921
0.0972575065
0.0970231807
0.1007406991
0.1004269218
0.1010907534
0.1008283818
0.1030352247
0.0989289045
0.0991362864
0.1048714486
0.1037396441
0.1008901952
0.1016130316
0.1003536437
0.1035894146
0.1050858695
0.1048038746
0.1069345176
0.1067719470
0.1081536494
0.1073547439
0.1046839895
0.0996248960
0.1002085018
0.0966858117
0.0906809818
0.0917534166
0.0892066366
0.0801500080
0.0782579343
0.0786917011
0.0866811518
0.0805018661
0.0806946977
0.0790319858
0.0756835406
0.0730543747
0.0670879564
0.0599333317
0.0557138460
0.0528001389
0.0507775811
0.0432442667
0.0463515574
0.0501639006
0.0549476819
0.0557588013
0.0570465420
0.0566391235
0.0554946187
0.0569612356
0.0500730378
0.0418698000
0.0537968350
0.0430795381
0.0451418460
0.0476135948
0.0402830898
0.0517662939
0.0408497210
0.0359890663
0.0278474226
0.0246406184
0.0147998442
0.0106215222
0.0139212564
0.0103143997
0.0100192132
0.0185948208
0.0115395064
0.0105849342
0.0095832349
0.0153302146
0.0151647314
0.0166042736
0.0150777302
0.0149213693
0.0210484313
0.0206582735
0.0276762415
0.0280480960
0.0229953010
0.0238544473
0.0267713953
0.0309847913
0.0298018407
0.0349830499
0.0348090945
0.0393066278
0.0435775588
0.0458669592
0.0452262371
0.0479294357
0.0501511039
0.0567191403
0.0557710314
0.0574555509
0.0621390776
0.0641281420
0.0680194520
0.0768197714
0.0838345245
0.0801715361
0.0794106100
0.0842022798
0.0866896063
0.0900531419
0.0930651063
0.0854074578
0.0884407862
0.0875542250
0.0866641536
0.0898969305
0.0913150305
0.0902799487
0.0963583934
0.1022685117
0.1081519587
0.1101608108
0.1081247297
0.1097153747
0.1120165300
0.1068569227
0.1061846749
0.1023148273
0.1025443348
0.0957079497
0.0898786813
0.0833579574
0.0809384004
0.0730943722
0.0688739363
0.0645017530
0.0628159845
0.0633165235
0.0614770415
0.0530554444
0.0477820937
0.0516531502
0.0465367867
0.0511919984
0.0453649683
0.2453413269
0.0474991510
0.0601270560
0.0474394782
0.1088943187
0.0387451446
0.0253573672
0.0830976691
0.0719282848
0.0653914050
0.0751010290
0.0577460683
0.0686257537
0.0247609552
0.0604296638
0.0574241708
0.0523975437
0.0328512940
0.0408016213
0.0595718134
0.0482920690
0.0415517288
0.0476138549
0.0493174580
0.0411405084
0.0462693151
0.0413044435
0.0418702452
0.0419901247
0.0403530201
0.0427533468
0.0400515190
0.0412667726
0.0416655141
0.0484209606
0.0376911876
0.0395466364
0.0358742122
0.0326923872
0.0394117234
0.0382300135
0.0419686061
0.0424563655
0.0499421930
0.0508846826
0.0552488871
0.0538067608
0.0561418479
0.0593425791
0.0613082211
0.0651492671
0.0668131506
0.0683253598
0.0680548909
0.0655649729
0.0652773529
0.0633527095
0.0624465246
0.0607278606
0.0625371655
0.0650895455
0.0670352446
0.0768254933
0.0747567097
0.0758217508
0.0754412038
0.0761343945
0.0852053811
0.0595077802
0.0666927882
0.0687892925
0.0631926641
0.0566009153
0.0646441578
0.0326521249
0.0518237276
0.0426431798
0.0274875389
0.0520169385
0.0436894671
0.0491858231
0.0474183258
0.0553591187
0.0552243014
0.0637970377
0.0633217752
0.0598139538
0.0641047653
0.0661400976
0.0650164335
0.0603674617
0.0806626474
0.0467458307
0.0539073567
0.0582409527
0.0752155489
0.0869026872
0.0657893779
0.0608721836
0.0562494962
0.0637789924
0.0677290990
0.0625723095
0.0625520279
0.0620038951
0.0671478673
0.0667602945
0.0677679879
0.0678856682
0.0656028577
0.0633186805
0.0614047864
0.0589352239
0.0569822247
0.0552264436
0.0550872996
0.0512493760
0.0513002035
0.0502361345
0.0529206146
0.0564728846
0.0559651456
0.0625423412
0.0671762481
0.0694302108
0.0692776727
0.0708444696
0.0721394364
0.0709506138
0.0725803212
0.0763674822
0.0787089725
0.0793485713
0.0797310365
0.0788764659
0.0764111229
0.0753436707
0.0794312806
0.0772220097
0.0714150793
0.0695123562
0.0703127540
0.0696925641
0.0727902302
0.0710462447
0.0583826974
0.0666900594
0.0463956769
0.0378951255
0.0623791893
0.0623190159
0.0526108653
0.0439354039
0.0632155735
0.0703816270
0.0687477180
0.0724690653
0.0735606929
0.0711397911
0.0714641805
0.0729935719
0.0759278155
0.0820814880
0.0854148700
0.0891543243
0.0905412658
0.0879374811
0.0897024821
0.0936634300
0.1022508964
0.1024643781
0.1014936336
0.1022419600
0.1039100533
0.1040581722
0.1040410957
0.1088632167
0.0712027029
0.0688578558
0.0719955948
0.0742304561
0.0708611030
0.0609506203
0.0582024890
0.0596325046
0.0539143280
0.0578699273
0.0573688446
0.0605986593
0.0622206030
0.0487121867
0.0490741130
0.0532539854
0.0537356687
0.0552900355
0.0544733785
0.0501762693
0.0499808457
0.0484532196
0.0507878716
0.0507262012
0.0517983581
0.0520409043
0.0510283981
0.0506147571
0.0507029124
0.0508116206
0.0479938311
0.0468598867
0.0485907744
0.0488351917
0.0462662332
0.0479001763
0.0463214908
0.0475684474
0.0493678251
0.0452086512
0.0465959893
0.0456880894
0.0424829081
0.0411230786
0.0432543959
0.0446895206
0.0447464560
0.0416163292
0.0437866717
0.0473875514
0.0512874174
0.0555742761
0.0612303839
0.0547560824
0.0522271469
0.0485335730
0.0523836153
0.0528662172
0.0520723272
0.0489126972
0.0435934975
0.0333687980
0.0452572508
0.0586693769
0.0568535447
0.0522417044
0.0478604889
0.0415305046
0.0507460817
0.0476874069
0.0436921684
0.0306255486
0.0355661671
0.0383083929
0.0492075491
0.0485290499
0.0547486435
0.0455229426
0.0481553011
0.0476797274
0.0486359937
0.0503673319
0.0502205215
0.0530857669
0.0566571777
0.0611444258
0.0589554502
0.0587067915
0.0631376501
0.0639936263
0.0680101168
0.0625312875
0.0614872150
0.0618342596
0.0570826722
0.0548712129
0.0518279852
0.0520527736
0.0534409695
0.0489971166
0.0437073930
0.0410590668
0.0390637115
0.0380898340
0.0354804719
0.0365428944
0.0380133907
0.0415363473
0.0462701785
0.0482974442
0.0497395649
0.0536449781
0.0430000077
0.0402844428
0.0353152448
0.0301011010
0.0273774123
0.0193086311
0.0179250425
0.0170020919
0.0230610391
0.0299812914
0.0309658915
0.0384366512
0.0443137208
0.0509915868
0.0573940911
0.0626591861
0.0532241239
0.0547197987
0.0718856211
0.0740612798
0.0801220822
0.0845519024
0.0871428178
0.0886233367
0.0907987938
0.0885887417
0.0889001123
0.0881809923
0.0748199911
0.0760136828
0.0743032572
0.0755647678
0.0735097953
0.0728163878
0.0675541811
0.0636080593
0.0695236311
0.0661235245
0.0656092036
0.0662473924
0.0673041661
0.0590877864
0.0588289003
0.0567638589
0.0568586444
0.0558268459
0.0571038616
0.0570900067
0.0593265954
0.0598561486
0.0614857747
0.0627327048
0.0638626606
0.0639358677
0.0637605771
0.0628608721
0.0651183279
0.0667108182
0.0664118223
0.0675293981
0.0670400365
0.0670507431
0.0668590041
0.0656640486
0.0652961788
0.0539632930
0.0465718145
0.0453137129
0.0532485328
0.0592688984
0.0635214076
0.0640168967
0.0684058033
0.0690848390
0.0711952918
0.0711902511
0.0706095918
0.0744035786
0.0777323411
0.0789181888
0.0791054629
0.0776994425
0.0775944925
0.0778211987
0.0754537453
0.0804901919
0.0798238962
0.0716622463
0.0700977827
0.0689372043
0.0640853913
0.0633395959
0.0660051450
0.0845419642
0.0649451306
0.0675986499
0.0716303176
0.0716929257
0.0709427838
0.0708189682
0.0713544925
0.0695090664
0.0694223240
0.0655372267
0.0662769411
0.0690643631
0.0685244338
0.0659108749
0.0667256678
0.0660027017
0.0616651103
0.0652224144
0.0566621338
0.0563960676
0.0597832509
0.0595590293
0.0604634826
0.0577275342
0.0574781410
0.0530609668
0.0580102683
0.0544230808
0.0535999560
0.0567814549
0.0542735744
0.0580582032
0.0587336588
0.0631331516
0.0592676656
0.0542398303
0.0504098754
0.0439212149
0.0383987488
0.0406158410
0.0477089871
0.0457650279
0.0446176004
0.0481995569
0.0480005888
0.0560963956
0.0663194401
0.0819824000
0.0682123829
0.0545674323
0.0503257670
0.0516947541
0.0514849622
0.0547332866
0.0581868817
0.0608291644
0.0636963877
0.0658801364
0.0689698542
0.0706789780
0.0741539608
0.0604142300
0.0602200538
0.0606226669
0.0575648149
0.0579939807
0.0551789717
0.0523202463
0.0464194460
0.0417474132
0.0391818126
0.0313696121
0.0262985411
0.0246959604
0.0325063618
0.0336750421
0.0433178593
0.0546845752
0.0648150160
0.0685336093
0.0690925133
0.0732383263
0.0747217669
0.0757795462
0.0693429684
0.0725888821
0.0591306501
0.0521272764
0.0598584774
0.0566606303
0.0559591585
0.0517375071
0.0556870766
0.0510325398
0.0468700204
0.0388486759
0.0378090471
0.0432951372
0.0420924640
0.0500346567
0.0560263279
0.0580420609
0.0697999129
0.0823205581
0.0900830237
0.0968768797
0.0946292075
0.0871887155
0.0775550991
0.0750361049
0.0713105358
0.0681058893
0.0624485464
0.0622372881
0.0663547900
0.0662904049
0.0508224941
0.0490037001
0.0509303768
0.0508687703
0.0551123184
0.0597072136
0.0650798949
0.0702297017
0.0898629913
0.0971595641
0.0898137073
0.0865593798
0.0827439550
0.0812105327
0.0769880275
0.0683686491
0.0528426079
0.0389940484
0.0355326302
0.0497087392
0.0528766819
0.0508897692
0.0484771433
0.0475436485
0.0490244501
0.0542867551
0.0683768264
0.0761790898
0.0785869932
0.0732544825
0.0622966679
0.0552992443
0.0512479143
0.0490970410
0.0482019954
0.0507501877
0.0559634557
0.0579562302
0.0644755980
0.0687761259
0.0766140458
0.0881829553
0.0946734151
0.1058174644
0.1145491416
0.1301488864
0.1365233746
0.1343760203
0.1273392567
0.1203672160
0.1172115356
0.1240544409
0.1243981110
0.1243531427
0.1278724411
0.1330017974
0.1375833798
0.1415446163
0.1374670820
0.1281627014
0.1222295938
0.1181123578
0.1149990003
0.1125686868
0.1232632134
0.1068867692
0.1005368037
0.1068299671
0.0901080627
0.0920435418
0.0908455007
0.0886935820
0.0870817634
0.0846434443
0.0843998663
0.0830788914
0.0822195015
0.0804017154
0.0816581167
0.0821948370
0.0815965795
0.0844989706
0.0834070933
0.0822674683
0.0838541853
0.0832337269
0.0866257886
0.0834738068
0.0841337402
0.0857567309
0.0834116733
