1.316156483922242382e+00
1.212705168436970737e+00
1.271099157149821579e+00
1.240006336891974481e+00
1.302707974960856108e+00
1.371922753644481574e+00
1.401325633355629208e+00
1.442385599209041525e+00
1.452149740428910762e+00
1.481563061362373368e+00
1.511238923521705191e+00
1.540552494283659923e+00
1.573396563325265118e+00
1.603541890313566531e+00
1.636746551485516177e+00
1.660094459346600937e+00
1.681325022764045274e+00
1.699005951069184839e+00
1.686743492432682290e+00
1.687900194423576306e+00
1.714721855086362101e+00
1.744410289826246796e+00
1.742688194114653255e+00
1.737226820443026121e+00
1.705002679020003686e+00
1.676711452400161395e+00
1.621722925719164099e+00
1.607539829746976956e+00
1.560013710375360851e+00
1.560854425632402398e+00
1.564925570510916186e+00
1.544964098048057677e+00
1.555761329599247844e+00
1.473233606023345743e+00
1.479300726240107666e+00
1.479637982594662615e+00
1.494054052630742424e+00
1.506745730074364298e+00
1.484686116391588984e+00
1.467136526655438145e+00
1.437101612605186984e+00
1.362335839638376012e+00
1.351545935706652823e+00
1.345669159391293723e+00
1.375727110192543012e+00
1.368191925791050423e+00
1.402630395384530271e+00
1.436690515773524801e+00
1.434114903003079977e+00
1.444811617816012195e+00
1.449859090552901408e+00
1.447024208859759131e+00
1.459575938047978694e+00
1.444577810116801420e+00
1.460023909938908737e+00
1.491056479004082336e+00
1.488558983483904141e+00
1.466422526157967088e+00
1.466695801307757563e+00
1.455589513353846121e+00
1.460809964737551869e+00
1.478035578807899819e+00
1.485239639905823417e+00
1.471739739831662952e+00
1.471421718393370881e+00
1.490292726577472360e+00
1.502383461936189102e+00
1.511932342521473682e+00
1.491786682814710829e+00
1.457443189910245795e+00
1.472307531916259959e+00
1.460926985759287478e+00
1.439214437642642785e+00
1.438656781603535828e+00
1.434476582376122966e+00
1.433035393086257159e+00
1.455104378608651716e+00
1.448794038474588763e+00
1.460643982683896613e+00
1.473980615746225187e+00
1.468128020728060035e+00
1.434164955051945078e+00
1.450997193076858149e+00
1.455680961213919433e+00
1.446469046750316956e+00
1.448519820994295548e+00
1.415777762211769319e+00
1.431095393583775799e+00
1.434009583525424070e+00
1.450190751372312681e+00
1.492392173292587554e+00
1.471257052655206676e+00
1.465055508847947552e+00
1.448591998876548104e+00
1.473561967981999565e+00
1.458572992123459811e+00
1.481049315697045232e+00
1.506832242973952241e+00
1.480806972257568299e+00
1.489913134582635967e+00
1.489072575444527979e+00
1.513338764588500140e+00
1.476466744672584097e+00
1.426401333096539492e+00
1.397665234204665818e+00
1.367666528588899810e+00
1.357789993659190619e+00
1.374751045852323994e+00
1.409050490263851207e+00
1.443832152311343764e+00
1.475721020911954007e+00
1.506805745783045714e+00
1.488489684670507129e+00
1.470674403789263618e+00
1.480938101435963272e+00
1.493007328900615160e+00
1.499282132308916493e+00
1.509687507714186472e+00
1.492853130524125049e+00
1.495897528161698853e+00
1.497387897801199630e+00
1.468319246586593296e+00
1.443919308667299672e+00
1.454883114850972659e+00
1.445118396710690201e+00
1.479168727044759990e+00
1.504730118889517021e+00
1.514105106317319205e+00
1.509223551728805957e+00
1.526372229218866394e+00
1.524868959131407964e+00
1.515254598612180592e+00
1.519480887261031921e+00
1.495388611822836555e+00
1.478455642375076096e+00
1.496094173501180569e+00
1.494690116962106741e+00
1.438061236359663653e+00
1.450740360103204063e+00
1.448287025668632655e+00
1.431832694890995850e+00
1.421755594092236175e+00
1.422635202445173608e+00
1.414747815493842209e+00
1.375227261730400885e+00
1.366504804684976371e+00
1.372408163978465545e+00
1.369082533785773048e+00
1.361907815226658158e+00
1.367206581866674098e+00
1.401691978365707358e+00
1.402329327277819671e+00
1.398780961428811587e+00
1.396520176545574143e+00
1.378858041190528461e+00
1.345386514950215773e+00
1.372302161624756156e+00
1.369753963261254093e+00
1.387022885003481143e+00
1.358775103100217985e+00
1.379870524402094567e+00
1.376474547462896325e+00
1.371830895192430733e+00
1.374828780067687939e+00
1.341711983683214982e+00
1.337963656556170111e+00
1.354333378344223515e+00
1.378854024072091677e+00
1.403392700173768493e+00
1.392507190769144421e+00
1.372833599988196429e+00
1.405580950738411161e+00
1.346406787549375039e+00
1.340514946308243083e+00
1.333367708009412178e+00
1.325882068898438737e+00
1.324091455228443737e+00
1.318012636352413836e+00
1.315114050009260627e+00
1.307445404508560616e+00
1.304567745942000201e+00
1.304158636406930194e+00
1.303290692564599951e+00
1.304611961843595180e+00
1.305437853713302676e+00
1.308450250117788149e+00
1.309314453406891454e+00
1.310888712728112582e+00
1.315280021071844052e+00
1.321149350114925847e+00
1.328548451177875567e+00
1.335954005127156785e+00
1.344916158433497655e+00
1.353132890704993319e+00
1.359423789804202531e+00
1.352004080320783785e+00
1.353032334136716530e+00
1.318503450114735465e+00
1.308853452118081684e+00
1.295461265531435258e+00
1.294575701177007154e+00
1.289233508996479705e+00
1.290550492878986377e+00
1.290503899045275071e+00
1.289633583730516175e+00
1.288566814390619930e+00
1.284972857564424142e+00
1.283944737770033928e+00
1.279683712933281647e+00
1.279830273717175615e+00
1.277648364161343641e+00
1.276898015084962701e+00
1.279074859671817777e+00
1.279377491381489040e+00
1.280091489105266600e+00
1.278372075591380774e+00
1.277431902927070873e+00
1.275789840690614074e+00
1.275165324684696566e+00
1.272782307414194847e+00
1.271387229170637623e+00
1.271371918124996947e+00
1.270731682118681594e+00
1.266644468082922748e+00
1.265590350445605861e+00
1.267891306243857485e+00
1.269266304006576140e+00
1.266885625265511184e+00
1.264981866310367575e+00
1.266062927743074384e+00
1.264316540465979299e+00
1.262754954517479433e+00
1.263679506260122265e+00
1.258387858636708545e+00
1.255615109283980901e+00
1.254825126017454995e+00
1.253681466617380780e+00
1.250627810380249505e+00
1.247894489491159664e+00
1.246152896365046336e+00
1.245854418658473239e+00
1.249733342804012270e+00
1.247417368911889479e+00
1.244593895866865418e+00
1.243733109627409350e+00
1.246249656017172081e+00
1.245206516660158247e+00
1.244716469935840619e+00
1.240599688115333388e+00
1.237445797740555520e+00
1.233321944053083818e+00
1.232117529456725258e+00
1.227897214190841080e+00
1.224274608004373377e+00
1.221415559467787126e+00
1.224073721138766446e+00
1.222507865608195576e+00
1.222588326728532904e+00
1.230608222838704746e+00
1.251012085569761956e+00
1.254426795506619507e+00
1.254090616711644124e+00
1.250233788027748982e+00
1.245189615710207143e+00
1.241101401528719395e+00
1.237360065603886561e+00
1.235544367455766679e+00
1.234969464558880015e+00
1.231090977313337831e+00
1.225128661992720636e+00
1.219142433462454322e+00
1.212206809294546606e+00
1.209156851143778466e+00
1.204584995477853582e+00
1.204300295820798672e+00
1.203369060856190442e+00
1.201441592223446042e+00
1.203556530718767670e+00
1.209790086862997605e+00
1.212264432709387219e+00
1.209041328163406703e+00
1.204052660304891775e+00
1.203862005930706358e+00
1.199888524967686276e+00
1.197524575039652373e+00
1.200102494330485436e+00
1.202900028020140955e+00
1.210916082923278569e+00
1.213817057307493785e+00
1.213025221932987341e+00
1.214322136439256461e+00
1.217149762984939265e+00
1.215275717418736523e+00
1.211267179665219462e+00
1.209041548895553930e+00
1.205139148776969815e+00
1.200523126825451925e+00
1.197296565749420560e+00
1.195323035646868037e+00
1.227387309010266048e+00
1.227835420638378583e+00
1.225956598540314690e+00
1.227372388016468641e+00
1.229678600020036372e+00
1.227098694823843372e+00
1.224387116344070492e+00
1.224960939924552461e+00
1.222429568008289280e+00
1.219372209351443415e+00
1.218818956065677250e+00
1.219516639832721072e+00
1.219689445223511415e+00
1.217740869437409446e+00
1.215830185071507197e+00
1.214538170250328397e+00
1.218903518801852215e+00
1.225022858341545451e+00
1.226027068953128518e+00
1.222286117923799154e+00
1.221347274796139137e+00
1.218822651466729523e+00
1.219533048423823596e+00
1.219859648099766769e+00
1.218662512177470347e+00
1.219060252111622722e+00
1.214433387897150274e+00
1.209507735754369762e+00
1.204105851724371679e+00
1.206493855671566306e+00
1.207828915885203802e+00
1.203932556142977450e+00
1.201344758236224441e+00
1.204911528975057600e+00
1.221613920331054981e+00
1.227574649937329454e+00
1.228105959583188467e+00
1.228534623530742831e+00
1.226832374642124357e+00
1.227564698966201462e+00
1.227343255424881319e+00
1.231040166098499755e+00
1.230585886621411440e+00
1.232799324789398909e+00
1.242566405378360939e+00
1.258510937525935791e+00
1.257222440589956136e+00
1.257853962488077570e+00
1.259124523741329549e+00
1.265046743625760861e+00
1.268784849852429675e+00
1.264378561250441679e+00
1.266367684734470256e+00
1.266313705362945630e+00
1.265978145621179829e+00
1.268034408137239888e+00
1.267704122929133037e+00
1.269646608003797361e+00
1.270869895778163672e+00
1.275031336802322501e+00
1.281787377014256935e+00
1.280270318399200580e+00
1.279186003151130180e+00
1.274033595588057732e+00
1.266522189892700601e+00
1.259373142801184731e+00
1.259300995925052957e+00
1.260193605382468274e+00
1.254734845907611307e+00
1.248481340847860110e+00
1.244670467542368542e+00
1.245551259551203716e+00
1.255136300028647067e+00
1.258533630886687904e+00
1.262575760265598257e+00
1.266917825718087087e+00
1.267992344307935504e+00
1.277019136786492259e+00
1.284829409872389805e+00
1.284772054634536254e+00
1.280114592632302317e+00
1.275008074472921749e+00
1.269754944893146664e+00
1.255109153170636205e+00
1.251470658675426506e+00
1.252339032262069773e+00
1.248459029293610856e+00
1.243476197521583559e+00
1.259586058722299562e+00
1.244435370500437843e+00
1.224815609499226632e+00
1.195963404975400657e+00
1.187835343993444814e+00
1.186752779904536093e+00
1.178460923465457943e+00
1.181984346920942563e+00
1.183187929190601340e+00
1.187251259234444412e+00
1.187049004118084783e+00
1.190281922854024454e+00
1.202000500455252530e+00
1.189536548310994091e+00
1.184759414145480028e+00
1.176486074935152004e+00
1.193503445717494449e+00
1.210204274026746907e+00
1.219087369861128645e+00
1.213805577918792178e+00
1.219034851834679856e+00
1.193369237898728619e+00
1.188052291386512360e+00
1.177705258235174357e+00
1.192601568335637685e+00
1.182249505623274466e+00
1.179084208121235822e+00
1.179708968075184883e+00
1.170232028896620591e+00
1.176384894846928431e+00
1.173859266895392217e+00
1.178834657476498737e+00
1.191047920474746835e+00
1.186512597578115225e+00
1.190561866216082842e+00
1.196924516136402383e+00
1.192917034805273335e+00
1.204134760828545536e+00
1.192136313035018436e+00
1.179354080492359902e+00
1.176739153003105276e+00
1.179412313920365385e+00
1.182804859260736974e+00
1.181766848061650332e+00
1.161702574951512412e+00
1.142495169447627967e+00
1.142015088357991814e+00
1.153589448114537230e+00
1.152126740806947547e+00
1.174073879007251575e+00
1.170949888670978822e+00
1.176941976752864605e+00
1.166868256196302633e+00
1.171596103671743272e+00
1.162803325392524290e+00
1.159595847235075583e+00
1.166641422330524147e+00
1.184085983622439331e+00
1.183421796196234776e+00
1.166780972667210259e+00
1.164027937880473207e+00
1.162784496338273410e+00
1.161779050791952983e+00
1.154300196149389501e+00
1.137875278358029707e+00
1.125617258570874135e+00
1.123023138700487422e+00
1.121506388033219670e+00
1.116409544990530245e+00
1.134965210955565018e+00
1.128661374774377002e+00
1.110322148984901336e+00
1.109011726918865071e+00
1.097096029544854856e+00
1.078440852277290585e+00
1.082400214553549178e+00
1.093063585411864880e+00
1.093569628189692278e+00
1.101940079339382761e+00
1.093880140869761153e+00
1.098298590488937965e+00
1.098432272997887260e+00
1.111874849981872693e+00
1.137147301327230409e+00
1.147882142594451427e+00
1.128126277925850518e+00
1.156472630186672568e+00
1.162986103662012605e+00
1.155667014338144005e+00
1.155608000107982480e+00
1.161625969941133096e+00
1.165357432543149940e+00
1.179780525814986714e+00
1.172566858284731728e+00
1.173013726357628794e+00
1.167090554433325211e+00
1.162524162318369525e+00
1.162014175631454149e+00
1.181560389519869636e+00
1.191929349112100134e+00
1.170546123054236443e+00
1.167732783956231701e+00
1.155582302918739757e+00
1.182410991757794960e+00
1.183705721957293511e+00
1.216865135953840493e+00
1.211523403041980584e+00
1.221843611305925670e+00
1.218837699643674721e+00
1.218414784649797244e+00
1.237232428248244975e+00
1.228871173101931724e+00
1.211136910691468227e+00
1.204573618180642125e+00
1.213689504245988537e+00
1.228108362424138011e+00
1.224010669039538923e+00
1.220045643130610369e+00
1.231952552445118698e+00
1.226221919853842435e+00
1.246923585546655167e+00
1.234669505631381226e+00
1.221925612567037911e+00
1.229002005528364805e+00
1.237267603892193923e+00
1.213144324490212700e+00
1.213843164279563291e+00
1.200981858566957605e+00
1.211207480886245413e+00
1.226225541032937905e+00
1.226394669585535224e+00
1.216398872171230661e+00
1.227276892420976706e+00
1.230226404587103417e+00
1.230237346574914348e+00
1.240988749403443503e+00
1.232528978701111555e+00
1.221164734044963618e+00
1.199238139733701303e+00
1.113503936334995004e+00
1.113323616526599391e+00
1.138964086437709744e+00
1.140731752488137296e+00
1.156742223069730624e+00
1.170727453143557195e+00
1.172444048765304281e+00
1.180769228674584337e+00
1.189757189742500998e+00
1.187451969604327973e+00
1.172540576037715887e+00
1.155307087163056856e+00
1.086188440681358003e+00
1.089474878343784647e+00
1.087664626812625324e+00
1.102350383265075839e+00
1.083320811818793805e+00
1.074649212875464777e+00
1.057648382337691872e+00
1.054242037031529744e+00
1.050103248762567887e+00
1.041540665035083579e+00
1.015666391991994599e+00
1.018221274717338698e+00
1.026801252924719243e+00
1.024949770813676331e+00
1.025396494078940179e+00
1.015827907450642886e+00
1.002301787247902309e+00
1.004690682430141813e+00
1.007381423278314037e+00
9.940349557338863384e-01
1.006104929636405076e+00
1.026054146177836524e+00
1.012530153297850788e+00
1.016369908007862088e+00
1.074065860702685393e+00
1.043107833287898911e+00
1.076851051486971134e+00
1.073543789808598881e+00
1.072205438140314548e+00
1.053665155671857478e+00
1.052254492139133024e+00
1.090306626602919549e+00
1.095073081968949813e+00
1.111994861254254063e+00
1.108900783400171841e+00
1.094216816650497970e+00
1.121531484358032627e+00
1.109942324777454248e+00
1.117120919402555534e+00
1.134845333786233867e+00
1.135401427309545852e+00
1.147615833650836192e+00
1.097778537955606648e+00
1.100048487819467402e+00
1.091495928153345174e+00
1.079757798170558614e+00
1.091259159855755057e+00
1.100637742595375501e+00
1.105517956646873579e+00
1.129500523860517358e+00
1.125049145217385416e+00
1.132469471413793727e+00
1.131783826735199616e+00
1.097912293359069480e+00
1.096134963657948491e+00
1.088763409773937374e+00
1.116142223200949246e+00
1.114280012465270975e+00
1.118827440460397060e+00
1.121484249374276709e+00
1.127021659203981008e+00
1.120474762405401226e+00
1.087563981229211052e+00
1.110292375947840915e+00
1.097157805475494463e+00
1.099027774037565575e+00
1.101896355061789956e+00
1.099322286831292184e+00
1.102470405758172012e+00
1.112917545684732223e+00
1.110321231579530776e+00
1.107636065179478102e+00
1.112032422172367641e+00
1.096508801500660768e+00
1.113066217810950720e+00
1.121396261653892612e+00
1.117621580938282122e+00
1.123259589303374328e+00
1.130342359282177522e+00
1.136311375789610389e+00
1.135508077556728557e+00
1.146133192783376664e+00
1.144792567943060391e+00
1.140786067220278754e+00
1.149716636170629691e+00
1.158751846317159107e+00
1.166232226471161315e+00
1.163903710144296388e+00
1.155402808840682694e+00
1.142367137845489378e+00
1.131730959817118132e+00
1.132587857512638019e+00
1.116053039850834372e+00
1.133691057142399927e+00
1.124431303706645124e+00
1.121280018709369664e+00
1.120206104389740220e+00
1.120059949305862057e+00
1.083472122934888704e+00
1.077550179662341900e+00
1.085488940375979316e+00
1.070531084384315212e+00
1.063240906032008048e+00
1.055025828521011899e+00
1.038306165202666387e+00
1.033921083382433936e+00
1.031798579342283029e+00
1.036493798818965084e+00
1.049059977971139368e+00
1.031251211406808865e+00
1.029039691252741973e+00
1.016972279564204440e+00
1.022176070838851425e+00
1.017825956598872983e+00
1.018044116118882902e+00
1.025330327514982320e+00
1.021475545899833470e+00
1.015139189594790770e+00
1.013432501250047801e+00
1.011262124214146185e+00
1.010139738352330729e+00
1.008672849660603665e+00
1.002390793810539638e+00
1.002704697989189375e+00
1.000316930528193815e+00
1.008074933745940926e+00
1.017291773058519144e+00
1.008154356759300985e+00
1.003339175297328190e+00
9.873883792718106678e-01
9.911884745174467382e-01
9.996441867723144803e-01
1.011142608006888155e+00
1.023866383901256061e+00
1.031900780035019727e+00
1.042629484866947731e+00
1.031828427981084095e+00
1.043384468808656429e+00
1.043656426012220306e+00
1.039589227156821227e+00
1.041904621260553832e+00
1.036869596063716426e+00
1.037405580316440812e+00
1.034845496927559338e+00
1.037329347414252645e+00
1.024254594854041134e+00
1.037353158131998354e+00
1.021352995385540030e+00
1.030825737547197196e+00
1.013549901815126164e+00
9.987167160116299236e-01
9.892021088387548122e-01
9.879213419029073684e-01
9.774218287639711011e-01
9.920489605613125317e-01
9.913866535269636460e-01
9.824051205359681793e-01
9.975819079340276785e-01
9.761908587726959574e-01
9.718845026495477324e-01
9.778333715960561001e-01
1.004986764919771458e+00
1.018425244050032541e+00
1.000132198671011663e+00
9.344362082432448036e-01
9.304776768544139598e-01
9.096442445142814970e-01
9.021819514182116695e-01
8.899750747849024535e-01
8.992298405871855804e-01
9.113158138301018507e-01
9.261265885057160530e-01
9.193805450058313289e-01
9.151960623528367922e-01
9.201621993104156516e-01
9.497324497746927330e-01
9.906247411805940706e-01
1.017986910591429650e+00
1.009635929588447611e+00
1.010724212535464517e+00
1.012504324281433332e+00
1.002535436473686037e+00
1.002437461432631904e+00
9.954392326825916015e-01
1.000576568621959428e+00
1.015934090803171541e+00
1.013450552277161965e+00
1.029362965133631569e+00
1.037580450578764912e+00
1.033971600023813053e+00
1.049759097194125967e+00
1.070175517887654859e+00
1.071612668824435177e+00
1.062203088429045872e+00
1.074462547673556978e+00
1.069267098998933463e+00
1.062712758174758632e+00
1.050811290372640094e+00
1.049660765612174362e+00
1.046580489272581405e+00
1.065325906677604184e+00
1.062596067481517581e+00
1.061799733086741915e+00
1.050307807387885539e+00
1.040290437526969702e+00
1.046160049467462771e+00
1.046641883670133000e+00
1.042277809906015484e+00
1.038730191762938571e+00
1.016277211925657342e+00
1.028834583826886417e+00
1.033799761616043700e+00
1.021416477329042172e+00
1.022171061473958087e+00
9.931727177142651852e-01
9.958802767446783832e-01
1.008386775820953041e+00
1.003806355825572094e+00
1.005856174094209798e+00
9.956240966351852517e-01
9.958316414717498510e-01
9.915296560292169437e-01
9.886571876912014778e-01
9.890213259421242187e-01
9.837456283817017644e-01
9.798350960956222488e-01
9.707961467873352790e-01
9.638693867829951634e-01
9.606992525861614007e-01
9.619617406974479978e-01
9.565330379409151540e-01
9.520348352832721517e-01
9.383480497425964462e-01
9.348392279824435658e-01
9.385942710864383365e-01
9.382629612187212143e-01
9.387907117098139853e-01
9.415397656570979601e-01
9.310698755590298692e-01
9.294404117885727290e-01
9.240872333886614998e-01
9.253415680009234867e-01
9.224220502666822252e-01
9.300659230470342820e-01
9.261997374635394520e-01
9.280637477960251847e-01
9.340039098297283626e-01
9.208296315133827070e-01
9.239487998688815651e-01
9.165494225463762801e-01
9.167815073536579318e-01
9.154360796447129633e-01
9.159973589710123099e-01
9.066049649571420455e-01
9.039707225791359102e-01
9.072504615359300306e-01
9.051613235296420701e-01
9.012455227830726834e-01
8.825239800100069809e-01
8.650560637977066092e-01
8.684288625311319398e-01
8.632831109888514654e-01
8.609214551509805080e-01
8.577069928655526310e-01
8.552898415129934762e-01
8.444683852567962390e-01
8.382293397413468350e-01
8.351128116908516086e-01
8.338165146709256570e-01
8.357027279329303227e-01
8.286133789060899923e-01
8.421396786620424235e-01
8.410322132905084791e-01
8.432341597567482028e-01
8.415202064836355689e-01
8.449622561936094289e-01
8.441519699046649006e-01
8.395473316446661061e-01
8.445431917626196050e-01
8.454477234115259643e-01
8.460934824373922414e-01
8.497386197407577058e-01
8.508530088046047934e-01
8.403325118227400470e-01
8.363691285890875182e-01
8.350331856026779187e-01
8.339300172935620870e-01
8.304237335331452474e-01
8.339554823820529705e-01
8.344829919956805453e-01
8.203281191307719711e-01
8.301497232773986656e-01
8.278347449266485469e-01
8.344864379458191150e-01
8.328396909571567086e-01
8.404389445288739102e-01
8.404440973266874559e-01
8.341150496614004872e-01
8.344075094777366752e-01
8.419958962088692767e-01
8.395107545210813704e-01
8.404901985007272591e-01
8.442168926561773867e-01
8.448220487796981315e-01
8.510314831494161236e-01
8.545232171647652031e-01
8.505537232991235985e-01
8.486764206926270537e-01
8.502942543990139601e-01
8.462070130332235429e-01
8.455210352282888087e-01
8.383712959407538801e-01
8.405504878304249639e-01
8.551739267326137206e-01
8.571918784424827908e-01
8.514583973310524412e-01
8.505334110984063001e-01
8.561638448800243939e-01
8.619659109650199547e-01
8.649107851975920136e-01
8.603493531532256933e-01
8.698877842857645204e-01
8.733405899018632512e-01
8.758243464364634523e-01
8.727587603883152356e-01
8.798072369514283730e-01
8.823244488720188849e-01
8.859925110466352338e-01
8.896798330673172384e-01
9.049810179632666873e-01
9.022536583250008180e-01
9.027806927570942719e-01
9.141175973585734527e-01
9.073696870920229252e-01
9.043226780128917897e-01
8.969547106788039459e-01
9.041048046980700859e-01
9.095798362743758858e-01
9.190987905845729999e-01
9.074617536343735358e-01
9.049278014222766897e-01
9.008632191147711854e-01
9.037963274733563646e-01
8.972948117206247520e-01
8.729928987629822501e-01
8.761063304071643465e-01
8.825602375296930369e-01
8.614681790873753853e-01
8.621468896456483400e-01
8.618807740382833371e-01
8.717650305428624735e-01
8.568685420861660296e-01
8.569494192045569170e-01
8.729727232112907132e-01
8.896874326826129664e-01
8.922598958805330049e-01
8.973114083532068852e-01
8.834765734703976525e-01
8.847203092196586072e-01
8.790653690200236348e-01
8.992607444091694768e-01
8.977830070668499918e-01
8.950038068486559917e-01
8.937641017833126700e-01
9.227092939368871649e-01
9.286051025965185168e-01
9.390861376606007838e-01
9.367150088505861172e-01
9.308449996028620443e-01
9.408508411066293098e-01
9.419150406805564257e-01
9.430110164186215060e-01
9.237497958099604167e-01
9.229786566262008218e-01
9.233107381051028906e-01
9.167135690331118525e-01
9.118277936890609725e-01
9.111512011028393143e-01
9.343445473570424209e-01
9.270116912050595515e-01
9.291439929254744490e-01
9.153270498438812464e-01
9.139277797661884417e-01
9.174219785775614699e-01
9.137718358195620061e-01
9.101261532497311180e-01
9.149943038019303643e-01
9.151662031880759551e-01
9.226784077339496015e-01
9.226748300132576741e-01
9.123192808792242037e-01
9.152584117357367433e-01
9.184460293446302659e-01
9.234332671824886374e-01
9.255913562059182587e-01
9.492118596576614165e-01
9.524844001904433366e-01
9.566245264939938764e-01
9.739991039523407945e-01
9.724005503330005462e-01
9.744748300230399174e-01
9.685062089528123641e-01
9.591369596042351731e-01
9.597727005487335372e-01
9.635392025248811221e-01
9.757317066067163758e-01
9.674825657575872873e-01
9.678624029229737635e-01
9.725735701875222183e-01
9.612880719746724756e-01
9.450452575614867179e-01
9.476957245135136931e-01
9.364290692228012247e-01
9.377651180241527440e-01
9.353539170122372459e-01
9.305220110010878898e-01
9.240756666469864822e-01
9.284790235986043472e-01
9.304317941339905751e-01
9.314349496985538934e-01
9.250477154990873752e-01
9.299591917964454835e-01
9.306584625138918376e-01
9.233491404662411695e-01
9.015010498365829683e-01
8.920461142497193574e-01
8.887894723971383470e-01
8.882203797077711238e-01
8.814449410567938292e-01
8.840959390763094561e-01
8.842454146249374425e-01
8.836802965376441277e-01
8.853393627570338431e-01
8.809643968510633139e-01
8.739919917381765435e-01
8.722656172471050517e-01
8.536301224106945806e-01
8.522401337401624977e-01
8.579650763054229579e-01
8.580137620705173829e-01
8.601760864931026207e-01
8.667962965403231967e-01
8.703561566354325318e-01
8.760145895815004691e-01
8.818582031721780012e-01
8.739113115724364000e-01
8.583051898781389744e-01
8.577102595996798362e-01
8.490006804671683671e-01
8.619713683601321064e-01
8.714076729324745640e-01
8.957499958646382154e-01
8.959351774573792726e-01
8.703209838594816450e-01
8.547568602982766883e-01
8.493260541969820387e-01
8.421950947711970281e-01
8.350116735982158200e-01
8.305155363026109905e-01
8.304671037547399770e-01
8.335732343079650386e-01
8.372463835202597071e-01
8.321236880668239078e-01
8.280779472756897297e-01
8.236377704185312565e-01
8.256557283178127538e-01
8.240129044802873004e-01
8.239024287782416023e-01
8.210992890233733688e-01
8.242379579453225080e-01
8.236652718964769804e-01
8.237533919126438509e-01
8.206177824898704953e-01
8.195052756446703501e-01
8.181723327955476854e-01
8.153962581271625432e-01
8.273620450279326466e-01
8.263215909953931515e-01
8.213841571413370568e-01
8.366985409606072510e-01
8.329834738370647251e-01
8.271487035200252302e-01
8.259592783052303044e-01
8.322718012854349867e-01
8.310313458251659124e-01
8.408336303428983749e-01
8.333840805604516566e-01
8.290614339676593003e-01
8.448376870461872246e-01
8.414642098343622090e-01
8.312100974105304241e-01
8.425245290715388524e-01
8.420730023347740012e-01
8.244890733182633769e-01
8.229735775925141050e-01
8.180078724245805066e-01
8.142496815328981175e-01
7.915052689443502487e-01
7.849017316978137426e-01
7.841127367306092166e-01
7.775455126912436121e-01
7.781888169767740004e-01
7.731880762970917420e-01
7.732251113233418183e-01
7.823659973034935433e-01
7.855260746723653487e-01
7.873921507131906861e-01
7.907553133407930757e-01
7.898798560752237075e-01
7.873208112865850428e-01
7.896730486490416423e-01
7.827370723406090747e-01
7.819521948752087281e-01
7.862233462514593985e-01
7.967340288583044661e-01
7.999933981120924686e-01
8.001463364407296330e-01
7.922027892001516358e-01
7.924085137657099764e-01
8.026260383126879727e-01
8.022537822006331476e-01
8.111618366945064773e-01
8.137942143016112517e-01
8.177286967884752622e-01
8.145060711007926502e-01
8.476701851493502193e-01
8.462497288120243155e-01
8.606059383492763448e-01
8.584711797638061581e-01
8.485121105278252696e-01
8.361682672619161760e-01
8.290964282465811408e-01
8.499320079359038438e-01
8.568069916674047048e-01
8.607255429922681111e-01
8.684432926589232826e-01
8.753200402507110844e-01
8.752044038485284894e-01
8.794131515879128891e-01
8.737498575224945663e-01
8.648300104112112141e-01
8.717706593037447549e-01
8.701193736807937285e-01
8.711440482836335653e-01
8.786812240245072125e-01
8.805764632583474860e-01
8.833618518718759915e-01
8.882801141450249460e-01
8.892441730982979520e-01
8.867586988218580935e-01
8.907899759736644940e-01
8.990648613930980471e-01
8.986428594431319361e-01
8.891165084626120318e-01
8.758860400650941846e-01
8.766936153096501760e-01
8.736638799308089620e-01
8.891583176645720954e-01
8.837936596601931871e-01
8.826356516088417203e-01
8.791492330231193142e-01
8.710011429482017453e-01
8.554267568889035722e-01
8.607030926353897993e-01
8.670848756283225933e-01
8.670817225310871734e-01
8.696486208766540660e-01
8.769853232048537839e-01
8.686318614139133532e-01
8.742521688872838537e-01
8.544340422214270481e-01
8.473907498926275261e-01
8.404623102521149303e-01
8.410578012571270357e-01
8.439608521334035496e-01
8.356293952528113245e-01
8.338772675634777976e-01
8.287913126969779221e-01
8.393913124343616028e-01
8.428939759253578634e-01
8.361686274798589835e-01
8.490291383111391310e-01
8.401350352171161884e-01
8.496452528287916639e-01
8.421816685161771510e-01
8.454641429094373883e-01
8.365321627146173888e-01
8.316734256113804680e-01
8.311913245602198241e-01
8.321573433925703034e-01
8.179174547803826911e-01
8.205528039336292823e-01
8.138402439635628038e-01
8.005735124045576523e-01
8.110939345409168277e-01
8.171496226862130507e-01
8.278824674332836420e-01
8.400468200629658266e-01
8.403081716146830749e-01
8.375995847530014471e-01
8.367901046610894955e-01
8.363607214145474256e-01
8.356934324424744043e-01
8.232889658028988977e-01
8.213972483282684367e-01
8.261784891637049544e-01
8.174526246099503846e-01
8.258543353931964148e-01
8.240139964054427058e-01
8.079779931430297601e-01
8.078372864604856929e-01
7.931008441636783202e-01
7.767202472973029348e-01
7.661797975046690246e-01
7.540324342424383763e-01
7.621544280483143474e-01
7.764642774397639835e-01
7.787766316656618004e-01
7.765676877829261748e-01
7.760217574630088322e-01
7.597110590821448683e-01
7.580774861525269026e-01
7.535244005141886747e-01
7.489363801674715493e-01
7.468582271365549197e-01
7.481532806012735071e-01
7.387205266091109168e-01
7.426222868020411205e-01
7.473334417258968854e-01
7.430711115519753607e-01
7.513631086364033207e-01
7.439776827169821694e-01
7.569124499155939212e-01
7.641962492599745360e-01
7.450998354853571870e-01
7.496544321178116865e-01
7.691133989115060965e-01
7.756377038021704529e-01
7.637571098273152614e-01
7.558678398384056640e-01
7.521291227641508925e-01
7.512881162707351068e-01
7.665765219801291552e-01
7.679930085959444375e-01
7.638062229641398027e-01
7.401866862162221894e-01
7.398589550119489822e-01
7.388484202874890938e-01
7.321944302768013113e-01
7.323579575585322798e-01
7.380971698072055220e-01
7.357756017530991954e-01
7.235137060815544086e-01
7.048159553403370303e-01
7.107957368144680599e-01
7.195017710520533738e-01
7.292643078579913452e-01
7.337823000133646412e-01
7.279064712552001382e-01
7.377388580574872901e-01
7.312242457849584820e-01
7.108772300242264253e-01
7.158213841215582685e-01
7.237201166453965939e-01
7.299126329051967010e-01
7.345185719734086405e-01
7.575150799784202693e-01
7.545756990501208961e-01
7.424172029252440463e-01
7.135585660216859916e-01
7.178748403887479368e-01
7.356087607263946948e-01
7.369814558329860210e-01
7.376527318902346142e-01
7.372498788173050821e-01
7.145779526185533914e-01
7.047689483304553359e-01
6.900597212064618624e-01
6.664008571451407459e-01
6.803800985222331343e-01
6.652621970447257782e-01
6.782412983757923897e-01
6.601744896538623841e-01
6.784572263855933594e-01
7.051938704811002712e-01
6.974833280287495718e-01
7.084068295068287613e-01
6.706204742646839634e-01
6.932196962554292297e-01
6.821591429064318701e-01
6.860060869479539525e-01
6.833329877682096098e-01
6.859939069005187573e-01
6.889329015749665608e-01
6.757849110071191268e-01
6.915314190330285049e-01
6.791296992223208040e-01
6.584590247657379214e-01
6.701601680178755904e-01
6.822334128405260767e-01
6.612529998616232252e-01
7.302564856352924405e-01
7.191098403840634479e-01
7.363273235606879741e-01
7.227961617119725846e-01
7.161711042849823183e-01
7.187847189745014687e-01
7.292546888436505226e-01
7.483595380074891112e-01
7.852336209776792364e-01
7.857706915232628431e-01
7.854229158335774841e-01
7.804317343519697747e-01
7.785272709223978183e-01
7.718023628294666816e-01
7.729378754550945141e-01
7.805255962547043014e-01
7.862465866014725080e-01
7.834936472992098944e-01
7.838366954040250079e-01
7.855979628905975787e-01
7.920925214400406089e-01
7.935706249926818279e-01
7.928357203844504930e-01
7.905821699488183585e-01
7.907756135841019773e-01
7.875739878082759216e-01
7.869646666701272109e-01
7.864450989926884406e-01
7.864939771793620915e-01
7.846396662372417952e-01
7.851651648587097965e-01
7.863647963948151576e-01
7.857917414199186990e-01
7.812777338240795011e-01
7.844843982920995940e-01
7.830273170332020527e-01
7.794285802150221487e-01
7.777295597014565187e-01
7.714990919298819749e-01
7.706214336920758079e-01
7.679180219752994585e-01
7.672868197157057812e-01
7.628139398383659842e-01
7.672370872756076876e-01
7.674214281230502532e-01
7.643224310541051336e-01
7.564298476484569989e-01
7.533375302183178412e-01
7.518959169695492717e-01
7.544929178972413775e-01
7.556621380786414655e-01
7.525066978878531820e-01
7.513338921362795464e-01
7.506550737046642219e-01
7.431205880302101940e-01
7.426280337034957268e-01
7.395430338095223544e-01
7.388078341288109030e-01
7.370165996474364878e-01
7.338468443301711108e-01
7.379145823463972853e-01
7.368002473788407558e-01
7.348087106549122671e-01
7.349822763253223146e-01
7.346949136344071984e-01
7.384353442159028447e-01
7.378047858864681396e-01
7.364749674687401937e-01
7.485650547837582325e-01
7.434428550687377513e-01
7.405639349543572392e-01
7.429550438940754065e-01
7.382012413771379400e-01
7.372014289648516350e-01
7.386864130050623256e-01
7.390487930402043215e-01
7.202119938461999382e-01
7.187553683230535340e-01
7.149844929103984503e-01
7.119097164338100692e-01
7.179199024804455709e-01
7.168735158899219861e-01
