1.527022203587381943e+00
1.507676367332057454e+00
1.477660105676420255e+00
1.479724413733822574e+00
1.503004330453374449e+00
1.466251006844298876e+00
1.371332964637116403e+00
1.453323973128098467e+00
1.452530646781098556e+00
1.452311015069629008e+00
1.452578592116437362e+00
1.452821863775245248e+00
1.451625015847166189e+00
1.452248527690779056e+00
1.452868959500755563e+00
1.455939896735249039e+00
1.455858618397675164e+00
1.457314696532332476e+00
1.455311529819128591e+00
1.456545939189645589e+00
1.459539769217040206e+00
1.463358352100704751e+00
1.470564731177338436e+00
1.474549104501809982e+00
1.478941831082150937e+00
1.496644869680312295e+00
1.507207212583896894e+00
1.502332725233750610e+00
1.499367236224768085e+00
1.481245753765175088e+00
1.477233493587122082e+00
1.472370397520130103e+00
1.462138391567018303e+00
1.460593791333384628e+00
1.455500770460609994e+00
1.466177334151102851e+00
1.481047017961799828e+00
1.485463282665700824e+00
1.488785798763932577e+00
1.471877565111966213e+00
1.467296497858861626e+00
1.444741130974563470e+00
1.446178271583444586e+00
1.444618594482279583e+00
1.458485576344033419e+00
1.451480729595544972e+00
1.452667306000548386e+00
1.449128285155920848e+00
1.453297141436260320e+00
1.473895635566965012e+00
1.476882853204126711e+00
1.461473043847503428e+00
1.449421592768509903e+00
1.450502673118532648e+00
1.410260000007341974e+00
1.418276908682151172e+00
1.435371341513585586e+00
1.450241411816926895e+00
1.476765755205851738e+00
1.493356617707096490e+00
1.516662038678939561e+00
1.515935121952140641e+00
1.513147347475008564e+00
1.520626424742533844e+00
1.505591142853652808e+00
1.505158597974084245e+00
1.507695847782557497e+00
1.499637530264759322e+00
1.502687154953955107e+00
1.441846505583038285e+00
1.417881420021236627e+00
1.416550247209837021e+00
1.405036443292619230e+00
1.412012376234278443e+00
1.414365938735821837e+00
1.418442537480695265e+00
1.420902364508274562e+00
1.428154239030248185e+00
1.456449143975632410e+00
1.466701949343019118e+00
1.460733583470230856e+00
1.449492947484950278e+00
1.406144921841122830e+00
1.433679415650406686e+00
1.434656148776360718e+00
1.463120076390278301e+00
1.464256821200805803e+00
1.463123196603378195e+00
1.461262239246002403e+00
1.487445524106786099e+00
1.473812312293791615e+00
1.468258925669496673e+00
1.472097567095590920e+00
1.474103666561502157e+00
1.473813927937428048e+00
1.475425335446469255e+00
1.479671558285049482e+00
1.478547312026986527e+00
1.464967585805147188e+00
1.449679410486090836e+00
1.448283219397703769e+00
1.441296152777757467e+00
1.437281150398776131e+00
1.436809845050895262e+00
1.437943554998657669e+00
1.437657334721037072e+00
1.395811882657530978e+00
1.410610239678943278e+00
1.401443123362744680e+00
1.401911882878673632e+00
1.396292758236219900e+00
1.412434723498264821e+00
1.424206328517978015e+00
1.447128855435043659e+00
1.448647801783576217e+00
1.444289359834966424e+00
1.451667184051741888e+00
1.451313770874667508e+00
1.456735077183914040e+00
1.459432049404441045e+00
1.456901578195898495e+00
1.468626028592940891e+00
1.465013848486166781e+00
1.475491203662654183e+00
1.466297139505253977e+00
1.429183610218137890e+00
1.418196553412944150e+00
1.430257392205861899e+00
1.430740102284318249e+00
1.425038973795487163e+00
1.426581042174407621e+00
1.423629708245908176e+00
1.423759211535010838e+00
1.422128041638428764e+00
1.423229232681754164e+00
1.423675704985254642e+00
1.419850631913406991e+00
1.420288187503580879e+00
1.421951097454025925e+00
1.423082290684883899e+00
1.424244223528966291e+00
1.426178607143816945e+00
1.427271330770889968e+00
1.428994043674125747e+00
1.432947695536413546e+00
1.433416976018071720e+00
1.441858476109541876e+00
1.448408495019207098e+00
1.457946122272502976e+00
1.460761607733547462e+00
1.466516014817812241e+00
1.472066304274229021e+00
1.476831659002927788e+00
1.481886119156565762e+00
1.486110602872263931e+00
1.482888394590563541e+00
1.475977521400600345e+00
1.474502587282485289e+00
1.475110867335734710e+00
1.476253540370909612e+00
1.474495191688230067e+00
1.474588363079616826e+00
1.475200645332735316e+00
1.474663926974755013e+00
1.473346199530034095e+00
1.474111092371301446e+00
1.470292406608323832e+00
1.470112568130035990e+00
1.469440193319619059e+00
1.469180958765363254e+00
1.469635763148517293e+00
1.469896673604746296e+00
1.470325220438835956e+00
1.472268593488618604e+00
1.469397034526252366e+00
1.470709727599072592e+00
1.470469744846458537e+00
1.470986022256385972e+00
1.473335756018897547e+00
1.473366795074094515e+00
1.472070917802223766e+00
1.470558339240370049e+00
1.468787707818396404e+00
1.469760091100160704e+00
1.468340156255563134e+00
1.468625605900089948e+00
1.469148139452859159e+00
1.468293432929542286e+00
1.467725035338684592e+00
1.466696130706735657e+00
1.466658197665650754e+00
1.466400067135398944e+00
1.466080705652617056e+00
1.464932370521651039e+00
1.464366170204134621e+00
1.461788643976164259e+00
1.463902519680270853e+00
1.463692569919450737e+00
1.465114225635890666e+00
1.464327320814902800e+00
1.465527168308533357e+00
1.464045412181381955e+00
1.466860798014994138e+00
1.468943529989380492e+00
1.470193706863760497e+00
1.468751538390151490e+00
1.471629982600937803e+00
1.472209423031040076e+00
1.473536267868529315e+00
1.474360341171074174e+00
1.473541578286845954e+00
1.473926639443095876e+00
1.476803173727009089e+00
1.473777105021095046e+00
1.476724726884923511e+00
1.478560908978108657e+00
1.479091748962970243e+00
1.480610323550858087e+00
1.483383662402135261e+00
1.483650895573566997e+00
1.485806926691667140e+00
1.484141700637894745e+00
1.486025341994921645e+00
1.485448222344466940e+00
1.487611487907673169e+00
1.489041329796143343e+00
1.491136537276376517e+00
1.489021629533674229e+00
1.491279320304672362e+00
1.489585407870519740e+00
1.490597977780057315e+00
1.488766103845910127e+00
1.488263776657859694e+00
1.489275614171928774e+00
1.489847830572945675e+00
1.489390781835369326e+00
1.489344345436264483e+00
1.487172716300778852e+00
1.485895833915499953e+00
1.484100255001599589e+00
1.481769606389577110e+00
1.480232896801885412e+00
1.479661439311800830e+00
1.480089965040336075e+00
1.481611665208306006e+00
1.478895101738445517e+00
1.478851552126439151e+00
1.481396741702238007e+00
1.484827968728199110e+00
1.487027311058713552e+00
1.490941146356423941e+00
1.493236632830279076e+00
1.493677372215755916e+00
1.495152864351566357e+00
1.499194460726368971e+00
1.498599506201329090e+00
1.498269829417091303e+00
1.499296400496760606e+00
1.498979996208420484e+00
1.499375578904746487e+00
1.499277086945804527e+00
1.501897722851862849e+00
1.502081082314517424e+00
1.504221768468772646e+00
1.504544314196159194e+00
1.505232606410181528e+00
1.504494598060536870e+00
1.507765637572392903e+00
1.505994057773487160e+00
1.504134783770417538e+00
1.502737395291161793e+00
1.503529498957192789e+00
1.501843465777905173e+00
1.500795762638405195e+00
1.501657924208968042e+00
1.500116022590031628e+00
1.500852030751179678e+00
1.499096104840869303e+00
1.500781015353138015e+00
1.498167151307032929e+00
1.496689285111559631e+00
1.495834977564479473e+00
1.495127561431600194e+00
1.494055994353588490e+00
1.491104444456185840e+00
1.490795604021970977e+00
1.490859371163451907e+00
1.491673261413774210e+00
1.493046130106199243e+00
1.493429943983380914e+00
1.492913150781963738e+00
1.494052312851733344e+00
1.497757645436250673e+00
1.496099124392975988e+00
1.498339082674250422e+00
1.498525315520340406e+00
1.498263438714922069e+00
1.496430969846666237e+00
1.497902943300002176e+00
1.496082414939120309e+00
1.496665067093437607e+00
1.496701478647575190e+00
1.498062544791773698e+00
1.499201701533410480e+00
1.499502980880036640e+00
1.500446597229218471e+00
1.503657237052142603e+00
1.506945080481851829e+00
1.513925745386090815e+00
1.515074309804566921e+00
1.517472986202628160e+00
1.517396327953331792e+00
1.517392431505464545e+00
1.517718180146645723e+00
1.520466276504601311e+00
1.519860793063714022e+00
1.521958279413431203e+00
1.524288776404254753e+00
1.525748769095753632e+00
1.525558156411023436e+00
1.525403507015695492e+00
1.523874579935309059e+00
1.525156935487848031e+00
1.524023235638389817e+00
1.523935809154491228e+00
1.523181794086323926e+00
1.524594910226894529e+00
1.534208279470873348e+00
1.535209901047706937e+00
1.533642413962580608e+00
1.533346784425496878e+00
1.534083467127647538e+00
1.533960152843450553e+00
1.532667556690734845e+00
1.530931955967135050e+00
1.530257250536935842e+00
1.524862635312471904e+00
1.520965255242696434e+00
1.523841996494798012e+00
1.523114504952124859e+00
1.525081573339654772e+00
1.525441871755315981e+00
1.525082618940683643e+00
1.522071056150759549e+00
1.521436023544106231e+00
1.526022569988632061e+00
1.524627076798784397e+00
1.517022374877776913e+00
1.512494899070416787e+00
1.508654389248612837e+00
1.514412376535934746e+00
1.509384200323512726e+00
1.510456116934962179e+00
1.495024775851012455e+00
1.487104851007042150e+00
1.486534352545791471e+00
1.480662050261607243e+00
1.479321345715852942e+00
1.478262394611770114e+00
1.479067627013571418e+00
1.485349580687173265e+00
1.470802132951522623e+00
1.463825018726038873e+00
1.424209151894816783e+00
1.416256323493055858e+00
1.411589207008553837e+00
1.413994832980127736e+00
1.415214469168091016e+00
1.393982176820732777e+00
1.387840073042946987e+00
1.384358246439206352e+00
1.391861031725002640e+00
1.396011538044907851e+00
1.379258760305129394e+00
1.376934755090444495e+00
1.370266931166778557e+00
1.372237414844379888e+00
1.366923377250569560e+00
1.366355957105075403e+00
1.365851401611323013e+00
1.370917928618394344e+00
1.371306547867658043e+00
1.382222069057441161e+00
1.379233366277725636e+00
1.373350826018225890e+00
1.368654730537699482e+00
1.371328610415061933e+00
1.367282935726372939e+00
1.365361532646516940e+00
1.375383344662701068e+00
1.368351748505256538e+00
1.370084768786849150e+00
1.368882186675267176e+00
1.368951009858482282e+00
1.385120998708227136e+00
1.387017023409685246e+00
1.381194684769768699e+00
1.384386938922529398e+00
1.387504143093650999e+00
1.390615959342547336e+00
1.391447109738425558e+00
1.396481603139658301e+00
1.408614775925399298e+00
1.413508037201606671e+00
1.393095049503473959e+00
1.392205546770580504e+00
1.384189997530942406e+00
1.383970455912171937e+00
1.383030967652357779e+00
1.366505715728534076e+00
1.362299374675169705e+00
1.359529775382487760e+00
1.358748933128944181e+00
1.352620865845086673e+00
1.358066327148481856e+00
1.363568979691258232e+00
1.359399121549106804e+00
1.361428786869869567e+00
1.354444663516495728e+00
1.347463499475589410e+00
1.345102434148981008e+00
1.346464603226549039e+00
1.358735598060117900e+00
1.360873065065610232e+00
1.368904191515527557e+00
1.370998317328870897e+00
1.358638774283299044e+00
1.378279889054922380e+00
1.388363559459426133e+00
1.400107924060124409e+00
1.406073403765809804e+00
1.410555451798643167e+00
1.414677812111784005e+00
1.409911126145031890e+00
1.413521429013071984e+00
1.409146559731498716e+00
1.401970160661660136e+00
1.402055017846148166e+00
1.406329996564908313e+00
1.401653554153124759e+00
1.406363706153636040e+00
1.410690148610677097e+00
1.416657661721256067e+00
1.415091365267520551e+00
1.418507302277185023e+00
1.434405662567165507e+00
1.449560952420627657e+00
1.479655847309698791e+00
1.488488119343203797e+00
1.487521036970781863e+00
1.491662805437930839e+00
1.497863253328388877e+00
1.487873413692405888e+00
1.502763358039681085e+00
1.505533086113996832e+00
1.499325396991373793e+00
1.487630807437761549e+00
1.483444562305167080e+00
1.497803486011243690e+00
1.499629831698279459e+00
1.504874823067559708e+00
1.493531231665102155e+00
1.498553224200355194e+00
1.490488422465053198e+00
1.488071311767673155e+00
1.465037807877919152e+00
1.517226596906352531e+00
1.523982910265430091e+00
1.512671405820968262e+00
1.512626910001720892e+00
1.503994084301321754e+00
1.478528893560452806e+00
1.471177482359594890e+00
1.471756520950213476e+00
1.464041484367837098e+00
1.465360642791083912e+00
1.450359131625380549e+00
1.451649820392652890e+00
1.404129217889549475e+00
1.401234432921764306e+00
1.409735434668302423e+00
1.407008306296383848e+00
1.394149633312493197e+00
1.229274624567989971e+00
1.214007058969110986e+00
1.224515971650081081e+00
1.219892795119499329e+00
1.212839719947159223e+00
1.206764055979445693e+00
1.188759310236373157e+00
1.194401085138932839e+00
1.187843463272533429e+00
1.175122796124950630e+00
1.148208069022896183e+00
1.141951084448821874e+00
1.133753876275301664e+00
1.139212670709165653e+00
1.150830809027395096e+00
1.148697297014097174e+00
1.174767498127070597e+00
1.180196053825426139e+00
1.186572995683018439e+00
9.906011356592769879e-01
9.947496475884147760e-01
1.001518536226837952e+00
9.883168267590878298e-01
9.915485338006285732e-01
9.815149809811402060e-01
9.943648821372100821e-01
1.008039158425914961e+00
9.841212210526468773e-01
9.969819417181254861e-01
1.005318029852380945e+00
1.001567336452355406e+00
9.298536021860290823e-01
8.276768614187275386e-01
8.244953959613077199e-01
8.250748978102681042e-01
8.243706223882131257e-01
8.200432988884217567e-01
8.242515917659122282e-01
7.467538908857731528e-01
7.550647098704963422e-01
7.625416629513595002e-01
7.044340101510205843e-01
7.033374080802472506e-01
7.335638853447228325e-01
7.372313332352457005e-01
7.442808689014258627e-01
7.460056767423426383e-01
7.608500381930047851e-01
7.669152651344254279e-01
7.862753129212346481e-01
8.285145515888673318e-01
8.301341428251102217e-01
7.895826603632610796e-01
7.968845205489789585e-01
8.036168272013397562e-01
7.938661601097491971e-01
7.784088960608699370e-01
8.137899795387669721e-01
8.016969065626625701e-01
8.004970830656823466e-01
7.980352513476001164e-01
8.118994577282009351e-01
8.195355900431627871e-01
8.032683029566137778e-01
8.081534533530733144e-01
8.084743578257508334e-01
8.218804406479551794e-01
8.115815069375075241e-01
8.351721259611618597e-01
8.095481907599163529e-01
8.193254219328227617e-01
8.178554687114314437e-01
8.298333504661583593e-01
8.327400215698200769e-01
8.390621004005797134e-01
8.593803787603717659e-01
8.318442925903997143e-01
8.208679489023439357e-01
8.139857549471019027e-01
8.186335269440069284e-01
8.026393196694345811e-01
8.019425786403983070e-01
7.920921249939929520e-01
7.891240211444298103e-01
7.893118349488853491e-01
7.958217631427917382e-01
7.866015286293238651e-01
8.002943111276338284e-01
8.101386818029130410e-01
8.204962178444952237e-01
8.187872718214596057e-01
8.082820929260661202e-01
8.200826127160129042e-01
8.245387634515654041e-01
7.805448109779992150e-01
7.751814045649825236e-01
7.793370006553871354e-01
7.813224915879547483e-01
7.811542416625916196e-01
7.768290535340525160e-01
7.842373720087411071e-01
7.933317776215960127e-01
7.923564538432450455e-01
7.856084113343290154e-01
7.810563234880077976e-01
7.770215381689190570e-01
7.777160632379763738e-01
7.777132322400029940e-01
7.467157260885117775e-01
7.263703030241863701e-01
7.228093434881202040e-01
7.087981187530776328e-01
7.005699068094333182e-01
7.027476193004902338e-01
6.916693474338945213e-01
6.968987000249020625e-01
6.979495954060485063e-01
6.866605252181481323e-01
6.804254316024443972e-01
6.720143430974447885e-01
6.865533542285147117e-01
6.878381704906963989e-01
7.064904008778675193e-01
7.105471807529213368e-01
7.187786552853446809e-01
7.227537082036563643e-01
7.172571504796168007e-01
7.256363258134292948e-01
7.156104126296459755e-01
7.108878155896988238e-01
6.815796677055144803e-01
6.805264170805749302e-01
6.591347076339655331e-01
6.584486371033808627e-01
6.623558612305749937e-01
6.462926287607584364e-01
6.336254494610306098e-01
6.296904974106144470e-01
6.416052386737949309e-01
5.999858346646599339e-01
6.014950792938454915e-01
6.011768449675739534e-01
6.095795885296273475e-01
6.035953624124640315e-01
5.926924597969127628e-01
5.900215540154044591e-01
6.029754419533321919e-01
5.967870364347563905e-01
5.744446340258726469e-01
5.540715112840470802e-01
5.511449231115856939e-01
5.209504720298775426e-01
5.524727989178179755e-01
5.593578101392560065e-01
5.305838610619026952e-01
5.220499216753619054e-01
5.296222528588563350e-01
5.497148352564169560e-01
6.050156719067788513e-01
6.132291573776238458e-01
5.973740083934969691e-01
5.648797116757361403e-01
5.959473920993114682e-01
6.222931225658313581e-01
6.163223880748356365e-01
5.887540333555061345e-01
6.095294739711830667e-01
6.367629789669091434e-01
6.050100355791134810e-01
5.995675015921477780e-01
6.049945678967516560e-01
5.951236413458177443e-01
6.090595758168695362e-01
6.022178120590906403e-01
5.883119604674349468e-01
5.925808615975596272e-01
5.988934261193668007e-01
6.100784212334856571e-01
5.841839478865278323e-01
5.729604861082577827e-01
5.820494024473509276e-01
5.822450281519999660e-01
5.867004899300641840e-01
5.701858102619797863e-01
5.760626075373805888e-01
5.792580596426640804e-01
5.873064573088331297e-01
6.041109409557887666e-01
6.011634129674717775e-01
5.859084983217685005e-01
6.139735183147857489e-01
6.106548451622839657e-01
6.097450446458125839e-01
6.139664514496427916e-01
6.159310497980406973e-01
6.199078372208769450e-01
6.263850343034464974e-01
6.138868269577567593e-01
6.078663200500072916e-01
6.069641760227346694e-01
6.068702248310992031e-01
6.007875777402965634e-01
6.114062803280504443e-01
6.213681989476644851e-01
6.102500631989178359e-01
6.078207315065589089e-01
6.069466116400499267e-01
6.230050033350976735e-01
6.498755382635035271e-01
6.632799393016916012e-01
6.466048586018011690e-01
6.137534724666041663e-01
6.915899772656821654e-01
6.716949862449019815e-01
6.677070215889637783e-01
6.660027581047166523e-01
6.537002037730537118e-01
6.288669911813027369e-01
6.204650579195974958e-01
6.182912038016282752e-01
6.034199276912950438e-01
6.047266899991710076e-01
6.162132783687191973e-01
6.128544102758286538e-01
6.241707921116474989e-01
6.419449905341886309e-01
6.422501594026546190e-01
6.376002461251045750e-01
6.396256257591778072e-01
6.380503239316114295e-01
6.305196949647572380e-01
6.254180338704051767e-01
6.233374627386355504e-01
6.219807159790059492e-01
6.268946551978258341e-01
6.362949675137070660e-01
6.539497165635304032e-01
6.524304751183281903e-01
6.504612573004778797e-01
6.424299691940812407e-01
6.405491345294416217e-01
6.375270645100339362e-01
6.411555291497323950e-01
6.115366177270427084e-01
6.147111768242212726e-01
6.168538981994414749e-01
6.071540632475679322e-01
6.067685879039274033e-01
6.064543462941154317e-01
5.724618617101039364e-01
5.703877425755019548e-01
5.678025347938494560e-01
5.624538650971878662e-01
5.450765734296610932e-01
5.525426246394742336e-01
5.314014844354020273e-01
5.347590822997809745e-01
5.314496507622042953e-01
5.287118036276723387e-01
5.242448241808721487e-01
5.146999173761683810e-01
5.172168366574610987e-01
5.163552715611328114e-01
5.116595815478307552e-01
5.127684806760487435e-01
5.076736790034998004e-01
5.120490614278265795e-01
5.070461774800633092e-01
5.036803478875870876e-01
5.243022772485532723e-01
5.221401002770009736e-01
5.214128272436994171e-01
5.238754916891367186e-01
5.200839702633179851e-01
5.232752240439150215e-01
5.238587756631863934e-01
5.394511724781133610e-01
5.286004268692139352e-01
5.274203518184046313e-01
5.223030554773809842e-01
5.229150616615646507e-01
5.261931911748775059e-01
5.243783562967010425e-01
5.260282206813270411e-01
5.105298308206083213e-01
5.092731066362952141e-01
5.101911313953397809e-01
5.113992347358380375e-01
5.096411603538989477e-01
5.116379573887535059e-01
5.116121204783865561e-01
5.112190840340660181e-01
4.968487693613218847e-01
4.965882711756007262e-01
5.129330971477668033e-01
5.130736191973471749e-01
5.134009557875568452e-01
5.128520107779146464e-01
5.422490363274680147e-01
5.290394716906109407e-01
5.266850502826105895e-01
5.291287831275346409e-01
5.295508255697390920e-01
5.267752628280766292e-01
5.286526226665997363e-01
5.492616872967781561e-01
5.187475859245394005e-01
5.190916349367065141e-01
5.281018367161940397e-01
5.218673157027848841e-01
5.159224835609288462e-01
5.162551782897455421e-01
5.131627685586908072e-01
5.159243625056211258e-01
5.237323770339745721e-01
5.201798461292764797e-01
5.195653319673448900e-01
5.042679946747175013e-01
4.990849633286227327e-01
4.986360388409349920e-01
5.197427640939905613e-01
5.238029905053622759e-01
5.235403699685471368e-01
5.262149189332361310e-01
5.230220599857678954e-01
5.308940537469581944e-01
5.436540100836915190e-01
5.475340418470530102e-01
5.489755347472237146e-01
5.789640687308446054e-01
5.746236002596458725e-01
5.701856084595369190e-01
5.653670588134224184e-01
5.575845017099747558e-01
5.145316109885202938e-01
5.169727082845178012e-01
5.135660442260967518e-01
5.096620254463919419e-01
5.072265998124396713e-01
4.844007821302104277e-01
4.742902122862677206e-01
4.628839850877769502e-01
4.563159270388618127e-01
4.672319680259693908e-01
4.679655056531223378e-01
4.643827727634501357e-01
4.689604215146207511e-01
4.657493100050946744e-01
4.661228456792668728e-01
4.784409638327597469e-01
4.754091965768230676e-01
4.716311175441588177e-01
4.722239406001673689e-01
4.768953541005072072e-01
4.810304161447502280e-01
4.893437007069643130e-01
5.158514374898179877e-01
5.140451400795210679e-01
5.193754180781173790e-01
5.173813769528492479e-01
5.195538220708926236e-01
5.185872912532278889e-01
5.268982931806062142e-01
5.218259595273891938e-01
5.172833873857008991e-01
5.064001178515472601e-01
4.986115371263977192e-01
4.994740413801812551e-01
5.004621889842092441e-01
5.064649125302805865e-01
5.084176623336510437e-01
5.053652663733085859e-01
5.236132661659308463e-01
5.175481355268056749e-01
5.457578185613641830e-01
5.196237757574890814e-01
4.597213083045387783e-01
4.864638064831038888e-01
5.365970620268080138e-01
5.361170839904348950e-01
5.457472600825430398e-01
5.385195720151967347e-01
5.595125785353664005e-01
5.359766443369454736e-01
5.471595618248764614e-01
5.647940128344046684e-01
5.588694526395407980e-01
5.343525186015587458e-01
5.644723780627360910e-01
5.330853550627742132e-01
6.152257879263168805e-01
6.360578866893149552e-01
6.372731485881018010e-01
6.355778530336783083e-01
6.446893766959589378e-01
6.506475804322862100e-01
6.504368911667557374e-01
6.540830438944069680e-01
6.589486457252222706e-01
6.551074847220828001e-01
6.406972340200328686e-01
6.255141189964414927e-01
6.485185651029037324e-01
6.522493833353217862e-01
6.165462507115995194e-01
6.045020447770781402e-01
5.824008869055780080e-01
5.788310165687651221e-01
5.833193788647166311e-01
5.742699500401382551e-01
5.616865686270957614e-01
5.487066865684697703e-01
5.382131568042400893e-01
5.355621184355322528e-01
5.180626362665650131e-01
5.480642404948257163e-01
5.446018130961880477e-01
5.615458615266433196e-01
5.632443890807008469e-01
5.268087641928664855e-01
5.188955662260503754e-01
5.175733758206392254e-01
4.993759085580184998e-01
4.911225155155027888e-01
4.817279303683291158e-01
4.759178103905757351e-01
4.712683040119594602e-01
5.039541050990761217e-01
5.069056438628114503e-01
5.056425592738318375e-01
5.036116832029021717e-01
5.337001246293449075e-01
5.498314837374421726e-01
5.621958548521466259e-01
5.734575176651486306e-01
5.663587802127456605e-01
5.683611576902698470e-01
5.707638795646273744e-01
5.838929157597710917e-01
5.814765806419519567e-01
5.955035677190921861e-01
6.074918036727527948e-01
6.115710077418513579e-01
6.106668059723332487e-01
6.075289864179161947e-01
6.164690349009185333e-01
6.199739301430348126e-01
6.286258638697961310e-01
6.150136848138690882e-01
6.343286154009032396e-01
6.781607747895926908e-01
6.862488639827666326e-01
7.048133021256534070e-01
7.188037786046557187e-01
7.221847501455964657e-01
7.145574683559203777e-01
7.208270507409852978e-01
7.180857161236000596e-01
7.294613297143305308e-01
7.434142378566487297e-01
7.493373741852056291e-01
7.430253731085760815e-01
7.894334679780279362e-01
8.013076370322632647e-01
8.328270951993428373e-01
8.572985714505239052e-01
8.481403355519908649e-01
8.424801131620842654e-01
8.389731229688077718e-01
8.415706364909779635e-01
8.877558602016568656e-01
8.713151152640177255e-01
8.516073674465854948e-01
8.351509710322230218e-01
8.392312223733811027e-01
8.405784264583608945e-01
8.255740814215558609e-01
8.101367788022110217e-01
7.888309262043908809e-01
7.806138019100931080e-01
7.738123118733685191e-01
7.677602296032423057e-01
7.657445243310428973e-01
7.557434080361878914e-01
7.223227509804550639e-01
6.792544019864747984e-01
6.634730003450900471e-01
6.628220322521480856e-01
6.494673947721402163e-01
6.269636857729119495e-01
5.655351392940791699e-01
5.414633975073681604e-01
5.414178111614853517e-01
5.698583709113004270e-01
5.663985423885321557e-01
6.015583531020307628e-01
5.854693914715031200e-01
5.801951304344109550e-01
5.763350877733728339e-01
5.748616513966381403e-01
5.751675657121858576e-01
5.641035364899665838e-01
5.599278863017976837e-01
5.550927550801868504e-01
5.603217328366131289e-01
5.608786976762674126e-01
5.649511969380677234e-01
5.720930614149476456e-01
5.480473858708146961e-01
5.502281420020816993e-01
5.696515616555803962e-01
5.759944597778648978e-01
6.042906839032253785e-01
5.963803379466168231e-01
5.912102948068449493e-01
5.816535611292658059e-01
5.886221734502125047e-01
5.973254132850270848e-01
5.983089455892461883e-01
5.941502282296619031e-01
5.987995994146751988e-01
6.128582901303644137e-01
6.089616866935625428e-01
6.026413096404286129e-01
6.029015995548924201e-01
5.977193587000343422e-01
5.954165305681277109e-01
5.887000430964283160e-01
5.936656092149955599e-01
5.995592271098880710e-01
6.107592435146956822e-01
6.238410143730643842e-01
6.256561936101722177e-01
6.279856873130968964e-01
6.327001376118170928e-01
6.310307684491619495e-01
6.374134977274057423e-01
6.332834753491165536e-01
6.308194483785717344e-01
6.338911120536262489e-01
6.257360995748820764e-01
6.296066883811806125e-01
6.298436214020458612e-01
6.340909275827609770e-01
6.112499177639951764e-01
6.091034096982043122e-01
6.108077248693077888e-01
6.103559968419933757e-01
6.148231498037467491e-01
6.011550186287950570e-01
6.024009901019201640e-01
5.756711930006549460e-01
5.813376946477847307e-01
5.922895268926473555e-01
5.817246718933942740e-01
5.646259457549813732e-01
5.563892309592146646e-01
5.551694382068097511e-01
5.503160189756921561e-01
5.288931032775344709e-01
5.119694549040847420e-01
4.737414801056834546e-01
4.677573567513293451e-01
4.500048623065927567e-01
3.824938044092974776e-01
3.829081868219400553e-01
3.747533981148438720e-01
3.783762226346519264e-01
3.754297021047072191e-01
3.612674539114347771e-01
3.591752656805792809e-01
3.626467097563024766e-01
3.841363200990522975e-01
3.925980272711248609e-01
3.949689982421034640e-01
3.989613760907554929e-01
4.058769307264837312e-01
4.123087874410532594e-01
4.126024929020566945e-01
4.119679581875901886e-01
4.316110345257541114e-01
4.384645353518076827e-01
4.438521720612108590e-01
4.808206301723073617e-01
4.838836595287642206e-01
4.975833742760447653e-01
4.938485152544999646e-01
4.928537629317927826e-01
4.906468326735470287e-01
4.885288845171055772e-01
5.229082370169697569e-01
5.251728182551512747e-01
5.508646416144756808e-01
5.582853417829329867e-01
5.624518395453196318e-01
5.722808673026948956e-01
5.658885682167000830e-01
5.667895851626143511e-01
5.711290127203816347e-01
5.754156448400288282e-01
5.834467253402091380e-01
6.285628235254407947e-01
6.306712549063803186e-01
6.388502246225433723e-01
6.455653233241424038e-01
6.593644147365633756e-01
6.586866509235204115e-01
6.647936423384643856e-01
6.671128046715545379e-01
6.789408707229500628e-01
7.304141095616513146e-01
7.503741128343239808e-01
7.487699737940907152e-01
7.551506504801618336e-01
7.528007884869587496e-01
7.592880256596409305e-01
7.785382243123116774e-01
7.811576786327850686e-01
7.671887873915690381e-01
7.711643227305944315e-01
7.253531669317458963e-01
7.198794082342580003e-01
7.135993326824997540e-01
7.151126945764200160e-01
7.152904761403358069e-01
7.114489396672788457e-01
7.231430623634328425e-01
7.316608792802593575e-01
7.337975257745611435e-01
7.403180189566745950e-01
7.389590116296798072e-01
7.326344894751595227e-01
7.409136690593780550e-01
7.409392335116274930e-01
7.324793048677472607e-01
7.392296364982008372e-01
7.454460703040207692e-01
7.306253652183400948e-01
7.372226311083662775e-01
7.293864359354882421e-01
7.173794043385868235e-01
6.859516544453460041e-01
6.824654158081068234e-01
6.803872760860968372e-01
6.920687693305901389e-01
6.866731929084792796e-01
6.563463900214447921e-01
6.373545349655197478e-01
6.259530409174836052e-01
6.334220791896104652e-01
6.288565964540783204e-01
6.139047761851477159e-01
6.016157120606097086e-01
5.792549981704516737e-01
5.374772504853572164e-01
5.442165201194353319e-01
5.409526939419478930e-01
5.493767908948280487e-01
5.006136913080949657e-01
5.130049178675427646e-01
5.376073148833334647e-01
5.029160375231696012e-01
4.950646431847814388e-01
4.884786846881328248e-01
5.011239881761458959e-01
5.480865140141131242e-01
5.887261054873702548e-01
5.591005064397506219e-01
5.459368210737051141e-01
4.983518225561342496e-01
4.976085009523140701e-01
5.572365511975538865e-01
5.445017726995355911e-01
5.541558046836587703e-01
5.880008608481064325e-01
5.834746025314480056e-01
5.845157734397101734e-01
6.039823349201625113e-01
6.279353843127180035e-01
6.387719583080289087e-01
6.293549692341351420e-01
6.383959382896606805e-01
6.637189088705958140e-01
6.294855084227749531e-01
6.775646087312942045e-01
6.614272630843746059e-01
6.634645947627869633e-01
6.735403267865953669e-01
7.165388065733165890e-01
6.818798659933007489e-01
6.999414310486400392e-01
6.846038821559795595e-01
6.816339108069929820e-01
6.456399041578513298e-01
6.927952159416723710e-01
5.590746617897982551e-01
5.549640557549783138e-01
6.085049753431617248e-01
5.939562866333989444e-01
6.228766967436552005e-01
6.000891707177178347e-01
5.896151956819323248e-01
5.749188609625337509e-01
5.723609707598757979e-01
6.048447731258083104e-01
5.908281106474649880e-01
5.833986910267642267e-01
5.876407867164558096e-01
5.780148468080663626e-01
5.285978790813223860e-01
5.522865404483285889e-01
5.859081054077387440e-01
6.140366644736828805e-01
6.145114971501897116e-01
6.549590112122181118e-01
6.475923525097919686e-01
6.685078551851210138e-01
6.860358073534011947e-01
7.321621186134149584e-01
7.466021702756777678e-01
7.599026760350076071e-01
7.744558362082816227e-01
7.367746358496859438e-01
7.181032081929192845e-01
7.002769548391069021e-01
7.056816959315671545e-01
7.306744909247459008e-01
7.196686661534564822e-01
7.141138368751800414e-01
7.052777707873939539e-01
6.772591756631223259e-01
6.778762662922512838e-01
6.628369675197969269e-01
6.326717032290478659e-01
6.199345886142493267e-01
5.923234991249738401e-01
5.744633450673910513e-01
5.624443553129662154e-01
5.663467371673437389e-01
5.632312583667619110e-01
6.238787290187099988e-01
6.306661598112471845e-01
6.067022540603654868e-01
5.892472032654828551e-01
5.747367682856039384e-01
5.681136425607168361e-01
5.567442022223229037e-01
5.561786749503095928e-01
5.643384763777877788e-01
5.718616829079642416e-01
6.047799438338666844e-01
5.890320172698783052e-01
5.903063570172613073e-01
5.732468493840572332e-01
5.640993928155849657e-01
5.837646764117183640e-01
6.008601234941784996e-01
5.975022820511327604e-01
6.188293039239354254e-01
6.141259673574257505e-01
6.135985337814975349e-01
6.240148518960625390e-01
6.235772056006408937e-01
6.187694814257028719e-01
6.095993872849936324e-01
6.290319371611138299e-01
6.279009417887726485e-01
6.263628723369918383e-01
6.243340178357079662e-01
6.147706555616970769e-01
6.024773498586151188e-01
6.130231387020104172e-01
6.292300621783654124e-01
6.330148297134126079e-01
6.441673281334878709e-01
6.391490506776896785e-01
6.286549391518790886e-01
6.300826242605671590e-01
6.223472817655996137e-01
6.231322933657635899e-01
6.153693281958018124e-01
6.103085835299293382e-01
6.071576627052923669e-01
5.857333654246279497e-01
5.987033733531023083e-01
5.799550624261687881e-01
5.806250699028715490e-01
5.716563763145270372e-01
5.612137072178925434e-01
5.692147572644049580e-01
5.707683397164831085e-01
5.797236577928881474e-01
5.831357861207749904e-01
5.782628705172305761e-01
5.821511065829818588e-01
5.743109785132648470e-01
5.799192270850309638e-01
5.849971381452632180e-01
5.856717844746638368e-01
5.821949778327761837e-01
5.818731116064576048e-01
5.817061418800067996e-01
5.832673643095236393e-01
5.740354102974233319e-01
5.688715163905569971e-01
5.540455066950634722e-01
5.554326448753216239e-01
5.579967510294155941e-01
5.579892316542129915e-01
5.543650649816592724e-01
5.493970625574488009e-01
5.526150971079490937e-01
5.563755568124153505e-01
5.597231060636492783e-01
5.650394779238653298e-01
5.699209088171490745e-01
5.709030354542942165e-01
5.652503527801489014e-01
5.630872256664821718e-01
5.687878742597267667e-01
5.721849353273555927e-01
5.736480610200402896e-01
5.708374604662828089e-01
5.782594930701976388e-01
5.803610773890227614e-01
5.754080038017851395e-01
5.777982472299009187e-01
5.766297786072519527e-01
6.010977225059654927e-01
5.953332002407497603e-01
5.951773356886828070e-01
5.852335048734881306e-01
6.009071124500119376e-01
5.972682615056063016e-01
5.867321889385683775e-01
5.860823689739972364e-01
5.897082414039185316e-01
5.859808035947828841e-01
5.910521106635102662e-01
5.727440722616015112e-01
5.714597167384591891e-01
5.676255159925854832e-01
5.630815736215984968e-01
5.588969825822981408e-01
5.638014995472475643e-01
5.628446224072960469e-01
5.611174144146104936e-01
5.571226161290765422e-01
5.553949639808360983e-01
5.490764294778767152e-01
5.493722587120456469e-01
5.546844742578296295e-01
5.559734266997748975e-01
5.585251092232965675e-01
5.582361385348991734e-01
5.586001345556417252e-01
5.575577406666123448e-01
5.742481959979637285e-01
5.722675292870776920e-01
5.912397078402861217e-01
5.907434701684632916e-01
5.894982662366839987e-01
5.964345262374295409e-01
6.048046026759168470e-01
6.313960548674887319e-01
6.326958464979705044e-01
6.285340831091997815e-01
6.277024250446221476e-01
6.295911919944099377e-01
6.283075967383914273e-01
6.284799229116904140e-01
6.312201346541650437e-01
6.292511840736202400e-01
6.273668495784155974e-01
6.293091024033111713e-01
6.179938111030116588e-01
6.154605921556468573e-01
6.294215748364628826e-01
6.216797533123772368e-01
6.287098058532213374e-01
6.182475306312287255e-01
6.047949165240851244e-01
6.029141120804600851e-01
5.946178683803389209e-01
5.935635775098095923e-01
5.893846773938661299e-01
5.857362048409358035e-01
5.805148835099739335e-01
5.809144903959589934e-01
5.790312990367699753e-01
5.753808083495113301e-01
5.707919761034480066e-01
5.684365052508307814e-01
5.681271472618315554e-01
5.666375324506568445e-01
5.688654389170232362e-01
5.708105520764000795e-01
5.771246709745685433e-01
5.813585715106093232e-01
5.737484639817305165e-01
5.771372664047961232e-01
5.723867460818035102e-01
5.670038207964384069e-01
5.660934340753864813e-01
5.587458155260945913e-01
5.511751016994862473e-01
5.469706717420604880e-01
5.524666703476596163e-01
5.490696889105205480e-01
5.471302093307138792e-01
5.464525673436071429e-01
5.386707730363122781e-01
5.412506363076566851e-01
5.405792437852048327e-01
5.385067733070694196e-01
5.361596427865287229e-01
5.385111013990597773e-01
5.399369936205431486e-01
5.459090389744828409e-01
5.504401363499709099e-01
5.646368584079840547e-01
5.548095354641706667e-01
5.659697210321674721e-01
5.672969867337209759e-01
5.575635280453119513e-01
5.543005359357841000e-01
5.454770242671430625e-01
5.606080706288207871e-01
5.593526684393407278e-01
5.492894196172224408e-01
5.626967417751991274e-01
5.500784694952827181e-01
5.663662174097056079e-01
5.681752794788011984e-01
5.625758510847389537e-01
5.773944410732422261e-01
5.637734409890277076e-01
5.598695919639500307e-01
5.682837566686337327e-01
5.564200164832224793e-01
5.590555111898357632e-01
5.618776654590993402e-01
5.658019770774487256e-01
5.746867869609673107e-01
5.638766205244575280e-01
5.543552096493570280e-01
5.429475295247064848e-01
5.306418142457612896e-01
5.502003420742365147e-01
5.467606029908009813e-01
5.325421005781592054e-01
5.339726224214209616e-01
5.251017362742566030e-01
5.482874513758951851e-01
5.569662417763786566e-01
5.644095239648831974e-01
5.774134946004350066e-01
5.674020916436085527e-01
5.921638825331632106e-01
5.897172598297708568e-01
5.746979145918962306e-01
5.738245207018310978e-01
5.556425150039060457e-01
5.562095248055682895e-01
5.571822272708313317e-01
5.646245980990118873e-01
5.745312297662955592e-01
5.741238979253829866e-01
5.633657964173740540e-01
5.511534708955294626e-01
5.506191971666396512e-01
5.430024118765338637e-01
5.432557948990878183e-01
5.394187664271068439e-01
5.348172141955204184e-01
5.423408409527538110e-01
5.273919133380172708e-01
5.400309472263158383e-01
5.394610520835397827e-01
5.356919147437111395e-01
5.453680870212080922e-01
5.322305618189817622e-01
5.290928933123880684e-01
5.226867293237504875e-01
5.139813091839740000e-01
5.205090415772778423e-01
4.952050290109847319e-01
4.853367077476170577e-01
4.743761020582251686e-01
4.822896392982120584e-01
5.052267948786746121e-01
5.280328891064030028e-01
5.380315375130690914e-01
5.446886498255106845e-01
5.275826604209047366e-01
5.398258251309652200e-01
5.318567984667643689e-01
5.266364463114452388e-01
5.166133754082065099e-01
5.166061695687710342e-01
5.308468626679476721e-01
5.320386527793622422e-01
5.333031447337108766e-01
5.293421275958972716e-01
4.975769378137904209e-01
4.947343846473098994e-01
5.027837025433580243e-01
5.044608183079000163e-01
5.183559286740865302e-01
5.167576343300258612e-01
5.173851805936487969e-01
5.131630605844221815e-01
5.187221346635169095e-01
5.163536230064228461e-01
5.023812966388770951e-01
4.967212006525468793e-01
5.127267026438810937e-01
4.858951205522242800e-01
4.883076275838593161e-01
4.846238733476433413e-01
4.670313443775959139e-01
4.986554790009424809e-01
4.986761299843329720e-01
4.908653208297811266e-01
5.027928330801469947e-01
4.929690050042033755e-01
5.011868813185850202e-01
5.201470819190672223e-01
5.051200015082035755e-01
5.109531145278813913e-01
5.156334050427384685e-01
5.045601464608953091e-01
5.239360816646344565e-01
5.316909150830285702e-01
5.154636518138645540e-01
5.135742859515115555e-01
4.985570762735238026e-01
4.855283926425881247e-01
4.931905086952556583e-01
4.876466431518629574e-01
4.863845348837879112e-01
4.795400103983665230e-01
4.849316789350413548e-01
4.755475770843823335e-01
4.921970995374326807e-01
5.075621182828836675e-01
5.182088862519571570e-01
5.415265053172481080e-01
5.278674880532907565e-01
5.039270744819975834e-01
4.598952140430325186e-01
4.670566162606141769e-01
4.427530411923728537e-01
4.419852527917904617e-01
4.433416468920450271e-01
4.223554925965014029e-01
4.260168691742811653e-01
4.235623559161383334e-01
4.201105174554750632e-01
4.152651306982990120e-01
3.987506311042686713e-01
4.252051190195810793e-01
4.280663742402774363e-01
4.437574962361540143e-01
4.459411873591025977e-01
4.102341806379171674e-01
4.253972617547599477e-01
4.073632491996883598e-01
4.229646443628925501e-01
4.300286427054891281e-01
4.259567739178719004e-01
4.202540970686061139e-01
4.126797438676871876e-01
4.139700397992232550e-01
4.177789821966867434e-01
4.229200252238318747e-01
4.208124234798540364e-01
4.130988846615338272e-01
3.911586095694608023e-01
4.171187156092939219e-01
4.336875161284681757e-01
4.336656650745847053e-01
4.030629329278440087e-01
4.003964796703323170e-01
4.175089717768339925e-01
4.339882953070692273e-01
4.543196450023972432e-01
4.483281620804355772e-01
4.650065918837029688e-01
4.359653463818758956e-01
4.369978735423198368e-01
4.397248799685591347e-01
4.848020373090738966e-01
4.831604878218899168e-01
5.085839427781817523e-01
5.058005497171271792e-01
5.291647264706986764e-01
5.465298358421989411e-01
5.194021652727813798e-01
5.242090523942263269e-01
5.478864962051389620e-01
5.350649236849608359e-01
5.347519850383071205e-01
5.320772800937434432e-01
5.460780343551484561e-01
5.493557081304593082e-01
5.339113675597089159e-01
5.245994063867567281e-01
5.297643850266673393e-01
5.487102524716217511e-01
5.458065069181045059e-01
5.738490858170408604e-01
5.675215498565656658e-01
5.606072901017432608e-01
5.648328057689470105e-01
5.620765286352292778e-01
5.601566988090174171e-01
5.574926372116408846e-01
5.622496987175229499e-01
5.643929841275689974e-01
5.659780241559532188e-01
5.695548391965794544e-01
5.722650425901206761e-01
5.773462945166615290e-01
5.862579312750771932e-01
5.789721511581864544e-01
5.764271322505393202e-01
5.767268645020180440e-01
5.725355714014119801e-01
5.702592454206911743e-01
5.741860968396577114e-01
5.847152504608137402e-01
5.759558370708979247e-01
5.639719684907964492e-01
5.768904163519938955e-01
5.780383267936394232e-01
5.716513854904604619e-01
5.658848433255058152e-01
5.545529086614003900e-01
5.495510920024216928e-01
5.546565537960365111e-01
5.482937394011029308e-01
5.500272213613658367e-01
5.505863456327204641e-01
5.637338191438194812e-01
5.567263365790816598e-01
5.524047985748952172e-01
5.479368753637610112e-01
5.521586412728095583e-01
5.536074542001538923e-01
5.410255609858392045e-01
5.427766840121582836e-01
5.464846114325964122e-01
5.594134109893046380e-01
5.596388042254175632e-01
5.564807893717472753e-01
5.560639223588541569e-01
5.403826643462026347e-01
5.404149494332406434e-01
5.184697639485096321e-01
5.139978581583662942e-01
5.217145154753106695e-01
5.175509165579790238e-01
5.020964109930917685e-01
5.033565998237536920e-01
4.942591015187333681e-01
5.013918138960524740e-01
5.209422514576745877e-01
5.264612139557366399e-01
5.404289540443165674e-01
5.375594598976034533e-01
5.345190895538310949e-01
5.314774417427557962e-01
5.258795147754051769e-01
5.313798454801504922e-01
5.289769845755302180e-01
5.269920082218229052e-01
5.331214666853618667e-01
5.317291118920945969e-01
5.407655630865360052e-01
5.437864832135925752e-01
5.493562021792463002e-01
5.420234459718283881e-01
5.419997573121053680e-01
5.487596841134890768e-01
5.535480250161052274e-01
5.522669169977453274e-01
5.566930335099679050e-01
5.554173476230234163e-01
5.635286659866086678e-01
5.606356390753716168e-01
5.621207367257489151e-01
5.718375360263752150e-01
5.732108679689383868e-01
5.831815953386630946e-01
5.833141851215920548e-01
5.834914872323018198e-01
5.868582975098637355e-01
5.866110602155846232e-01
5.911793600306403107e-01
5.938578836675098005e-01
5.835132501663919946e-01
5.889583483202319725e-01
6.212617976968402012e-01
6.128301034188198271e-01
6.069799573841763163e-01
5.970887452907204240e-01
5.863343348861037585e-01
5.725666476105739644e-01
5.646175634499772666e-01
5.735837716580759471e-01
5.793148289760848835e-01
5.795256758189935020e-01
5.726892546981161569e-01
5.795486672978362730e-01
5.798378436859944474e-01
5.781641425793858646e-01
5.645091698323793095e-01
5.612165166906019076e-01
5.623548611075208647e-01
5.646455268906077629e-01
5.773512391412294331e-01
5.816306734990791538e-01
5.685106148624289313e-01
5.710643169609511682e-01
5.775793722155371235e-01
5.738059237588459816e-01
5.619688378990619348e-01
5.606949788425761305e-01
5.600222969898971392e-01
5.667655712327427375e-01
5.634583460228917984e-01
5.780591216519984643e-01
5.643105185580183925e-01
5.577254581458781502e-01
5.415271139704301850e-01
5.706286728428382471e-01
5.611278525092361358e-01
5.525519008260306730e-01
5.741166022070173236e-01
5.743815837824153281e-01
5.915697349232539315e-01
5.937239512651497630e-01
5.975149025155357396e-01
5.710091075587578890e-01
5.594272842703128523e-01
5.601720837208982173e-01
5.955296758988826156e-01
5.393619781537873914e-01
5.201923587639235569e-01
5.228251908316876584e-01
5.114105562834878604e-01
5.597789493777995951e-01
5.462186197358198658e-01
5.378878142867026257e-01
5.413665116015545786e-01
5.333464781534859034e-01
5.577801749128138420e-01
5.419878155687917198e-01
5.266327351059858497e-01
5.226454253439113407e-01
5.193488969058492888e-01
5.182127950309326492e-01
5.200863222386954421e-01
5.044410948305795284e-01
5.049479066376365566e-01
4.899395494063250034e-01
4.799145115628521974e-01
5.177659637026904571e-01
5.750631551355319671e-01
5.925124283282184878e-01
5.888752725601477112e-01
5.642605878131720099e-01
5.562084531893520811e-01
5.609545989355069207e-01
5.437843204130101693e-01
5.612160530679038972e-01
5.734171543305435215e-01
5.672091659961954191e-01
5.714693933262667835e-01
5.620509865134640792e-01
5.629344942321796719e-01
5.604482170233463512e-01
5.483486138964266399e-01
5.479666222531531794e-01
5.374882466892666466e-01
5.249699736420344598e-01
5.240639316565741668e-01
5.212452131911492481e-01
5.247143569587872092e-01
5.197197864851011984e-01
4.999540196396972669e-01
5.128502236918757173e-01
5.084073428212928514e-01
5.153217207459115379e-01
5.192779809618928155e-01
5.226514093329887034e-01
5.189560786866264097e-01
5.461818438380888763e-01
5.352112636508120636e-01
5.243062698961886703e-01
5.315816298850035704e-01
5.225877209215377128e-01
5.355687561624771220e-01
5.430177102454758487e-01
5.717350653873394251e-01
5.809534003173024708e-01
5.747414492324555146e-01
5.684651412525213443e-01
5.659952140322279668e-01
5.661183571274926996e-01
5.765599916177175377e-01
5.940369644948065853e-01
5.971132322485654953e-01
6.040847049171612637e-01
5.955933053449750103e-01
6.049686337938775527e-01
5.967218701362762001e-01
5.963485807624157031e-01
5.997585489102464917e-01
5.984349766883759747e-01
5.954437446651026367e-01
5.896339758994914027e-01
5.709298375845878182e-01
5.635197681560696337e-01
5.551614664826615142e-01
5.377455068679966033e-01
5.283484949321433088e-01
5.206879271706121859e-01
5.156606380958475011e-01
5.186628623654341297e-01
4.993813653863529711e-01
4.801732696446426862e-01
4.833925692022955078e-01
4.940350858543697266e-01
5.215463978970765746e-01
5.148270996257279242e-01
5.117194069343338203e-01
5.183621597560574834e-01
5.128795942271364705e-01
5.308591789463044108e-01
5.200866882540016167e-01
5.237145572248820269e-01
5.292713041464588430e-01
5.359942685093967984e-01
5.337257746523271784e-01
5.311955550031873807e-01
5.416794951815412373e-01
5.397514706788419936e-01
5.477425217391754808e-01
5.254348950122644801e-01
5.324360576729582073e-01
5.307350667651437037e-01
5.128887494854269535e-01
5.129681258344036543e-01
5.099224548264145174e-01
5.065334098680910335e-01
5.043099203249901130e-01
4.933082514435637722e-01
4.969024931788510457e-01
4.992858042687024489e-01
4.861025072957974036e-01
4.836928079643431633e-01
5.065329034433939670e-01
4.942823726138386164e-01
4.896442169567547520e-01
4.807120181373917833e-01
4.866061723632505998e-01
4.892696931700232787e-01
4.932551794136961210e-01
4.891314614070370603e-01
4.734728000818297367e-01
4.872504984256555427e-01
4.735633645461818086e-01
4.664855362864689936e-01
4.726698978477881785e-01
4.744520052872256421e-01
4.774714773291305336e-01
4.809879386069167428e-01
4.740316602522890443e-01
4.637313814524777200e-01
4.639871407046903262e-01
4.721459418956638343e-01
4.978529043976256396e-01
4.852315754906899592e-01
4.784341421584977772e-01
4.906899070073741931e-01
4.794345359634531456e-01
4.591710226127067584e-01
4.511793548636137685e-01
4.370308810133175514e-01
4.391694913100650521e-01
4.552964585516752760e-01
4.460336877819940371e-01
4.515136519050899633e-01
4.523419686453627464e-01
4.491146507032521273e-01
4.589008881863965716e-01
4.662642884725850534e-01
4.790463102297528031e-01
4.896109632162817249e-01
4.944894689852975533e-01
4.803178510298133363e-01
4.735114696256207956e-01
4.715081287767403651e-01
4.503101621129910748e-01
4.668066657556139698e-01
4.658418372379946049e-01
4.717251124483653468e-01
4.802758316497131585e-01
4.713953682543878809e-01
4.694268494340907427e-01
4.576301595390690480e-01
4.515614873356706971e-01
4.411545880360068783e-01
4.475691778898038820e-01
4.698589613343095439e-01
4.661988385175332428e-01
4.587902375648328368e-01
4.608555581892040953e-01
4.576281520933496161e-01
4.777240507908935285e-01
4.819596971448594780e-01
4.823428426222294840e-01
4.844609567182657783e-01
4.745964445876352800e-01
4.631291463299820887e-01
4.709810414100727982e-01
4.810715123580696639e-01
4.720816670410605265e-01
4.872371091629540962e-01
5.063075763610669355e-01
5.168822850332438490e-01
5.309866036034610604e-01
5.449286377762632139e-01
5.401972464719171363e-01
5.329090480429505838e-01
5.046031792835526941e-01
4.899577335302742753e-01
4.751660477768715474e-01
4.434317152490582226e-01
4.390504291305054041e-01
4.547798058964719337e-01
4.618493336798251137e-01
4.692216819777446091e-01
4.749734412724722077e-01
4.606484721574624630e-01
4.700952752252301470e-01
4.809398319580647230e-01
4.558770778593687067e-01
4.508012625102122417e-01
4.448035478009257360e-01
4.091313036283374949e-01
4.234587292356338795e-01
4.257369102183456988e-01
4.408235925381281395e-01
4.517766356450969023e-01
4.437222225079724969e-01
4.716141449537893382e-01
4.943914584119882827e-01
4.533727099451159703e-01
4.484120762077469236e-01
4.392885169026965464e-01
4.279276695254119467e-01
4.153568705160632923e-01
4.173930600039064132e-01
4.307731425796356706e-01
4.401198691377680716e-01
4.346343135548690340e-01
4.298241607191204960e-01
4.333038343734321729e-01
4.256261068064514652e-01
4.085674817018636329e-01
3.939134934000944055e-01
