0.5450585887
0.4312004451
0.4653516630
0.3007144543
0.3440659669
0.7330541394
0.6002959678
1.4152050259
0.9658222640
0.6958241070
0.3212855534
0.6094091787
0.8428311239
1.1341320221
0.9818180280
0.9920618563
1.1901952179
1.1625188252
1.2719209480
1.1049203328
1.3919560109
1.4131169631
1.4725749763
1.4099278805
1.2520475046
1.1767862602
0.8812597825
0.9163443692
0.8025184887
1.0212621859
1.2859178367
0.8945907433
0.9514619376
0.9163158184
0.7906893151
0.8258771497
0.8556723680
0.3198227455
0.2370056615
0.3670036360
0.3918244450
0.1870851649
0.3895082479
0.4122649753
0.3975397532
0.4298824843
0.4263192830
0.4213739925
0.4373109848
0.5596218975
0.4781294103
0.4871638336
0.5010872274
0.5503969378
0.5739237081
0.5748838644
0.5696468869
0.6030859490
0.3066198476
0.3564949070
0.5545904452
0.4433155284
0.4396335808
0.4675820562
0.5501666290
0.6572474245
0.6222452795
0.4671673695
0.7905049894
0.5297071735
0.5649748426
0.3308628425
0.2824854073
0.2879672942
0.4757540243
0.5085549878
0.4766687761
0.5607227661
0.5169752182
0.4973666646
0.4742555127
0.4149909523
0.3324202976
0.5142976840
0.3502083372
0.2145983945
0.1545287918
0.3397733627
0.4833209484
0.3722582079
0.3456318638
0.4021083389
0.5380574865
0.5756080789
0.5043014969
0.4550750113
0.3426060044
0.3464435458
0.3701470819
0.5212311171
0.3676121046
0.1546102590
0.2878942552
0.4912920040
0.4212967263
0.4879071705
0.4359339811
0.3241101747
0.3727285953
0.6166766083
0.5368024941
0.4689263901
0.3972345415
0.3999243514
0.3853614744
0.2255851356
0.2113683746
0.3472499439
0.2332996633
0.2837432079
0.3854209942
0.2919145792
0.4291601802
0.5262481610
0.5681763816
0.6313553690
0.7408859046
0.7976658192
0.6929179305
0.6529440241
0.5370270631
0.3447444833
0.3858620032
0.2988426313
0.6627166385
0.6490842673
0.9162421440
0.7576036796
1.0801383157
0.7607787595
0.7653129486
0.5943739289
0.5306955592
0.6771407408
0.7945384358
0.7701710576
0.6844966885
0.8290377800
0.6366916746
0.4730902752
0.3919438173
0.3090502580
0.4394459848
0.5448344846
0.6384300094
0.5145692993
0.5441639358
0.5212288880
0.4602585988
0.5312038683
0.6481533612
0.6482757038
0.7744415317
0.7271326131
0.7674886833
0.7731890757
0.6886576827
0.5121029082
0.5362292965
0.5705316860
0.5937246313
0.6723939062
0.4978608391
0.5237318956
0.4892343987
0.5794722395
0.3682974934
0.4891764619
0.5290911739
0.1668133973
0.2247989190
0.2151688953
0.2290415920
0.2218098579
0.1389966395
0.5993921604
0.5380414805
0.5249928297
0.4896925920
0.2340384016
0.6438177761
0.4924247945
0.7461714221
0.4908977698
0.5630681698
0.4666572219
0.6482608009
0.4390087672
0.6225448821
0.6366141697
0.5421842761
0.4119271369
0.3822050263
0.5303603273
0.3087201246
0.2630454457
0.2625055686
0.2776109696
0.2214019671
0.2045007887
0.3841005707
0.3727092395
0.3241717384
0.2684448063
0.1058824006
0.2500331921
0.5057727522
0.5895728890
0.5527898366
0.5914030579
0.6489839309
0.6886144215
0.7338160828
0.9139658104
0.8216464254
0.9205977753
0.9977015010
0.9042825663
1.1603889882
1.1185447048
1.0717711387
0.9425544230
0.8120038171
0.6449628255
0.4973216983
0.4540106386
0.4764809875
0.3975672305
0.3292407802
0.2058653071
0.1362027669
0.1766661006
0.1914058132
0.2877420524
0.1658438642
0.2663486537
0.2591246218
0.7503443187
0.9313809052
0.7427995648
0.7167211896
0.8318418077
1.0565871317
1.1448861661
1.3848947730
1.2221610441
0.9648924263
0.7600332737
0.6656888583
0.6226974336
0.6922758518
0.5760954882
0.7926122763
0.9800370692
0.5384040510
0.7376440106
0.3316923371
0.3681693042
0.4364864576
0.5195945475
0.7366151846
0.7393780406
0.9817327378
1.0452726888
0.7727766599
0.8902284608
0.7334924934
0.7456739249
0.9252237725
1.1922629030
0.7457123205
0.9386647355
1.6876737036
0.6269143044
1.0191171384
0.7884199058
1.5937973444
0.5067844580
0.5054652015
0.7964769862
1.1303319234
1.0753771517
1.1052143147
1.4060805270
0.8919028916
0.6301000141
0.6972137919
1.1332634040
0.8193107297
0.8451185116
1.0754737583
1.1261399328
1.3757192571
0.7417261938
0.2768244703
0.5006936889
0.2973247379
0.3371840822
0.4629353922
0.3188658338
0.3444136714
0.4374029589
0.5353324696
0.4356636076
0.5867262986
0.8121642519
0.6651203468
1.0743613200
0.7854363825
0.5046596009
0.5841413826
0.5602327589
0.6343031908
1.1195104176
0.8658598878
0.8875596218
1.7546856897
1.0753964458
0.7099224837
0.6335110430
0.9754828473
0.7847531558
0.9204189109
0.8203382253
1.0209850427
1.4438197996
1.0400120684
0.4880374335
0.4553368603
0.7362353402
0.4952878671
0.8035895561
0.5929862854
0.7095431813
0.4168984163
0.3110954212
0.4266113897
0.6822139134
0.4122987111
0.4104458274
0.5378414326
0.4794170461
0.1949169318
0.4570140547
0.4279690244
0.4610883131
0.7068247020
0.2725531130
0.4891199265
0.8078783512
0.6354440593
0.7659296352
0.6285161684
0.8222116963
0.4545568011
1.3231330294
0.3556499629
0.9113779460
0.8533951107
1.1336902058
0.7329342705
0.4753190411
0.5457341723
0.5104503607
0.5018115250
0.3968429703
0.3065018752
0.5373070358
0.4420407775
0.2667162959
0.5622229735
0.4143552843
0.5562449971
0.5204888076
0.6747222114
1.0082910142
1.1720050768
0.8685179331
1.2522213923
1.1684276742
0.5313688805
0.9944336339
1.3867829423
1.2442977494
1.0519995103
1.3445836666
1.1774409014
0.2338806761
0.8686485980
1.4047365556
1.6340396771
1.5181664289
1.5822746487
1.3361757093
1.0904094341
0.9809762766
1.0473003349
1.1439843858
1.4694472523
1.8083822987
1.9271992385
1.7702834503
1.4237423769
1.2597769716
0.6028851319
0.7845149253
1.7015569354
1.1889133765
1.2232385738
1.2075490847
1.0466837095
1.1659342147
0.9302019144
0.7497338248
0.6858136725
0.6074767749
0.6794437064
0.5503482007
0.8023886753
0.5342982202
0.5679234864
0.7571557547
1.9319627811
1.3314435173
0.7007764047
0.4032031194
0.4176416249
0.5630263224
0.4136429155
0.2885327264
0.3177487687
0.2525355630
0.6916790721
0.8092242554
0.9543373146
1.5655185540
1.5127648936
1.2495435520
0.5094314601
0.2882486850
0.1691340455
0.8266291886
0.7991761505
0.7850887486
0.9036925012
0.8531435593
0.8499136709
0.8817048231
0.9189655245
0.6105956987
0.4637383881
0.2520743325
0.5005165026
1.1315766350
1.1779856573
1.0069768142
0.8496038339
0.6615720636
0.5576473959
0.3325758084
0.4908676534
0.4503639719
0.4373829063
0.2724719937
0.1457408634
0.1426745279
0.5308096107
0.7855172125
0.8928074185
0.6392480793
0.7865633903
0.9334877932
0.6569858706
0.7441449510
0.8363355217
0.8431978523
0.9281088853
0.7908167734
0.5816155747
0.7331766557
0.7936111322
0.5440426794
0.6331730891
0.7423468726
0.6680409581
0.7276097665
0.8669038785
0.9788080518
0.8640117359
0.7896117763
0.8048503964
0.9234865117
0.9175634534
0.9002596676
0.8202707387
0.6536025092
0.6271721914
0.7572657809
0.6401594137
0.7271016623
0.6340328262
0.6500278699
0.5409310834
0.5353490158
0.5083116671
0.5364638174
0.5887969732
0.6790123580
0.7248573092
0.4495321254
0.4513992277
0.5071194966
0.4940520032
0.7020602066
0.6084166842
0.4900624105
0.8723883171
0.8372505790
0.9684225992
0.8433776954
0.8056893205
0.7180011719
0.6431510325
0.5691779071
0.4913929986
0.5056253345
0.5386574385
0.7451810603
0.7703544823
0.7684540081
0.7640613614
0.5459294432
0.6788788094
0.5589775233
0.4944989340
0.6947412519
0.6925260932
0.7198431177
0.6977466706
0.5411278280
0.5911935606
0.5530619183
0.5409823776
8.1146542986
8.1294123871
8.1531216732
8.2240130078
8.0354284952
8.1771789993
8.1047976212
8.1706186480
8.2675865912
8.3251682684
8.0994852606
8.0900266398
8.5865327640
8.0494153726
8.2502432721
7.5650328547
8.0049300828
7.9945618126
7.6270895097
7.7376354533
7.7223981541
7.4923686404
7.5816314304
7.7271054624
7.4715452095
7.1845152168
7.5577796406
7.8767534236
7.9783806251
8.0192995513
7.8551247741
7.8462777597
7.8309795749
7.8301970011
7.8001389182
8.1312317344
7.6146571916
7.3226571683
8.5860825236
8.1042823634
8.1427705179
6.5006709014
8.4761729178
8.4979161957
9.6877527414
9.6170239622
11.3937623463
8.0323137007
7.8265403825
7.5279902657
7.7319157349
7.4902922102
7.3760175948
7.9972994582
8.0748091733
7.8701076767
7.8177917512
7.7703900320
7.9791526211
7.8627091468
7.8740355740
7.9926344060
7.9634519062
8.0307336013
7.9296355573
7.9498998568
8.1733752776
8.0038664414
7.9797451507
8.0785315891
8.1560042655
8.0438196526
8.0061976265
7.9226311589
7.8984348905
7.9904571316
7.9760560096
8.0741142340
8.2323722632
8.3732414168
8.2209177280
8.2481780276
8.2030708740
7.8723175433
7.7704857094
7.6621111185
7.5164505026
7.5984031251
7.7551891200
7.7729682277
7.7703163257
7.6772963837
7.6166418173
7.5201276987
7.5602275365
7.4648406271
7.5955687370
7.4964062849
7.5658493777
7.5421603445
7.7127384360
7.8937685182
7.9003713192
7.9680309285
7.9984442550
8.0276114399
7.9238674635
8.0859416115
8.1411012415
8.2980997525
8.2746817943
8.3031645610
8.3280764590
8.2555801644
8.1312241703
8.0109661659
7.7441544269
7.5050511163
7.6164566120
7.5564698569
7.6264058011
7.5939297322
7.5306993980
7.4599952671
7.4732149369
7.4724804620
7.4725100083
7.6847399400
8.0078032602
8.3014594911
8.2810750767
8.1531877670
8.0899020620
8.1239896255
8.1112447176
8.1169466880
8.2113340844
8.3225819124
8.4697937542
8.2585452830
8.2954879929
8.2207330209
7.9897393582
7.8040540445
7.6880508816
7.6386109085
7.6947389317
7.9342862869
7.5360862390
7.6238304581
7.7818296981
7.7975507954
7.8558784440
7.6753878702
7.7231173706
7.8647322366
7.4888760611
7.6195567240
7.5634978252
7.5537350122
7.7586715290
7.9644382796
8.0698840736
7.7043133136
7.8623339772
7.9518491972
8.3502221960
8.1724240493
8.3193700577
8.7234067065
8.9088215362
8.7722504247
8.9550910040
9.0839574606
8.7678469322
8.5640027712
8.4930976190
8.2245342964
8.2040025916
7.7906621770
7.4747541532
7.1786917858
6.9682041056
6.8368932718
6.9085402252
6.9113693148
7.0790085688
7.3333661224
7.2893106334
7.4199598821
7.5859414256
7.7722572282
8.1247297363
8.3165658405
8.4831976806
8.8475362221
8.9969535774
9.0732396914
9.2269494929
9.1409229442
8.7182535079
8.6186182157
8.7324800598
8.3521520465
8.0970126767
7.8572483112
7.5555502984
7.2684513591
7.1731939491
7.0344103501
6.9064634768
6.9687318341
6.9415932871
6.9585798216
7.1421782787
7.1779770823
7.4028816259
7.5940893353
7.9553370467
8.2886802536
8.3936566388
8.8442238987
8.9825155028
9.0833198418
9.2353436975
9.1050534975
9.0546173680
8.9120296563
8.9693453368
9.0048781524
8.7483017925
8.5039258854
8.1516512574
7.7423618464
7.6033391790
7.4268828569
7.3279296722
7.3331620798
7.3079176056
7.1650044309
7.3621924128
7.3689584758
7.6086185058
7.6644788083
7.7787765934
7.9749426613
8.1613030979
8.6153752703
8.7747928248
8.8981966805
8.8982148660
8.8920502388
8.8677016496
8.7919955519
8.8319029989
8.5825041999
8.5592190678
8.4820660383
8.5194609358
8.4644134631
8.2344528083
8.1613756522
8.2446298922
8.1944644139
8.2208560589
8.2108883122
8.2021227951
8.0979655114
8.0794169486
8.0609169565
8.0931789022
8.0443502052
8.1012926473
8.1170299073
8.0815334486
8.0566898349
8.1162890278
8.0762084688
8.1137755287
8.1065857847
8.1141065071
8.1289257414
8.2423011613
8.1765236797
8.2528809100
8.3625339606
8.2307127623
8.1822702700
8.1163863122
8.1944607863
8.2616192071
8.1803706293
8.2134369447
8.2497526406
8.0024585077
7.9036251935
7.8249300878
7.9644524260
7.8789736503
7.9903667650
7.8873226340
7.8814363067
7.7151160748
7.5678318614
7.6417486501
7.5444289510
7.6583615672
7.6233971325
7.5743068575
7.5144082637
7.5519908714
7.4532287360
7.2453364762
7.3634176654
7.3640859249
7.6042538753
7.6111920484
7.5468118977
7.6861443533
7.6702630336
7.8074161293
7.9035039533
7.9120672330
7.9376231046
8.1898735737
8.2200985160
8.7143599821
8.0463356976
0.2991253462
0.2437068939
0.1504127292
0.6337948032
0.7118503121
1.9087637614
0.6892946613
1.8510904932
0.7308476624
1.6720986649
5.6135081520
3.5072031827
0.1523759647
0.8015581052
0.3793060930
2.2613776125
2.0707889177
1.6406124305
0.4947270973
0.2919230474
0.1485772898
0.1341950635
0.1666199451
0.3976951741
0.3221965243
0.3387230744
0.4129622501
0.4341399177
0.3110280683
0.3403804394
0.4536491429
0.3969537961
0.3894988483
0.2830992441
0.2930279708
0.2670172638
0.3356857912
0.4103768350
0.3953634035
0.1672630845
0.1442073491
0.1946227436
0.1750580357
0.2377486159
0.0567620437
0.1275798891
0.1520109756
0.1852535866
0.3041410632
0.2175735925
0.2619058723
0.2363689585
0.3216549499
0.4419868122
0.4399311238
0.0939048359
0.3020135929
0.1974707966
0.1126323424
0.2746790692
0.4127754135
0.3038547042
0.3084124192
0.1911060834
0.0853188417
0.1440116149
0.1633059855
0.0879981452
0.1020229321
0.1154020152
0.1245819415
0.1101813384
0.2188186657
0.2014543809
0.3005422303
0.3192838184
0.3750188732
0.5336215190
0.3760387357
0.3684263728
0.2788865712
0.2530223546
0.2691109654
0.1846869102
0.3182646815
0.2353940779
0.3048442863
0.1920245226
0.1943966104
0.2952192907
0.2459674423
0.2116496460
0.3329548823
0.5182613871
0.4095464785
0.4645209103
0.7050558685
0.7094871545
0.7450572208
0.6702142178
0.6866690574
0.7742607845
0.5207107318
0.9084004663
1.0509373944
0.6403214536
0.4802557192
0.6354100799
0.6012437619
0.2488717768
0.3036784244
0.0792943941
0.3055554660
0.2447362630
0.3680356631
0.3187851773
0.4720912720
0.3654103972
0.3495492965
0.3335033956
0.2674615610
0.2561183591
0.3681377838
0.2729386956
0.3086033716
0.4125956710
0.4115949442
0.3293383064
0.2255800275
0.6215472431
0.4544035002
0.5761580766
0.8501524707
0.7208957390
0.7886692497
0.7484124725
0.9610850636
0.7353477546
0.5091189561
0.6370385360
0.4564258693
0.6177072792
0.5654779575
0.7498354027
0.3867915992
0.4828173358
0.3978099163
0.5217381302
0.5781271127
0.5234851076
0.5596936154
0.3990734310
0.3551480644
0.3516415800
0.2174234023
0.1951931719
0.3368849938
0.4293138161
0.4732150961
0.2592920297
0.3272384320
0.3558611238
0.3316695344
0.4573900840
0.3894442510
0.3588078260
0.3448738148
0.2668625824
0.3013890482
0.4211768986
0.5980543629
0.6054375112
0.7232117776
0.3768607415
0.6179860399
0.5234821519
0.3023683349
0.1238534197
0.2118700170
0.6476269937
1.4835540624
0.4863478921
0.4818580085
0.7861161044
0.5983954397
0.4005786061
0.4737237012
0.5702713057
0.7647941363
0.5412228554
0.1953512300
0.3099507837
0.3211241710
0.1453256960
0.3270285090
0.3282204274
0.2129558233
0.2813316301
0.5606471246
0.7440848004
0.8882362810
1.2499500481
1.0629311996
0.6618517809
0.3909425516
0.2656154532
0.4200925168
0.3804531387
0.2263570582
0.2181678204
0.1987612348
0.4140530984
0.1338835158
0.2715104689
0.3158949006
0.3202087041
0.3638869614
0.4229756337
0.7275858343
0.4037927144
0.7632664510
0.6706537424
0.8893335253
0.9519825143
0.2741864187
0.3954823771
0.2794257672
0.2547135050
0.4479416123
0.4445613960
0.2919980208
0.2926022018
0.2830001866
0.0943843582
0.3109839153
0.1905204617
0.2127766232
0.2375371524
0.2833762067
0.1768553853
0.1669728695
0.2489336086
0.2840137940
0.3277063734
0.2088440222
0.1982133444
0.3658015125
0.4196568675
0.2299298391
0.4598823032
0.4515762020
0.5543493894
0.4045763446
0.3392987842
0.2290354329
0.1567349636
0.2100171573
0.2257158848
0.3166581738
0.2841355855
0.3149219594
0.1356680969
0.1614539763
0.2093370166
0.3030846167
0.3661637349
0.3835132413
0.3245717557
0.3161557669
0.2391325076
0.2063179039
0.1634797597
0.1230536706
0.1373165763
0.1777258517
0.2467175715
0.2462550154
0.4332936261
0.1609464745
0.4994566683
0.2510593348
0.2763009038
0.2241305584
0.2529770656
0.2968081316
0.3027618909
0.3824307427
0.3926780530
0.3452016917
0.3492172546
0.4085053430
0.3751810297
0.4028345954
0.3053271483
0.3237671328
0.4705594266
0.2274451318
0.3002618072
0.5342780751
0.2697875942
0.2450779690
0.2685220334
0.3458267774
0.3282193109
0.2345154967
0.3108413328
0.3929149862
0.2507627513
0.3263834963
0.4071279154
0.2876225832
0.3407006461
0.4552058096
0.5978468135
0.4869565718
0.3834821722
0.5160311498
0.5579768742
0.4386478225
0.6501647644
0.5222881360
0.7160204790
0.6222395693
0.9573779846
0.6539613629
0.3238411551
0.4182446844
0.8180766869
1.0513527813
0.6663607758
0.4077028476
0.5100139515
0.6363303244
1.0693864802
1.1134024678
0.8477889697
0.7122859343
0.4511186242
0.4499857850
0.6028453260
0.7790263323
0.9396262416
0.9050230113
0.6500699366
0.4201570525
0.1206684949
0.6395119849
0.9148116581
0.8941034831
1.0418134542
0.9751000927
0.9789568969
0.5734284823
0.5488835186
0.4381168404
0.4295974763
0.5591530798
0.6271097915
0.7815856680
0.9327938691
1.1059739013
0.9790443111
0.5783577612
0.4077054698
0.7184986180
0.7327905539
0.7959934032
0.5750513576
0.6113078480
0.6435320146
0.7953502171
0.7350540572
1.0006170144
0.6651795276
0.3882279535
0.2273680020
0.3257014942
0.1530403225
0.2688011925
0.5601657025
1.0394641965
0.8728181099
0.4451216339
0.1646635009
0.3055675198
0.5040514356
0.6209013104
0.7929569091
0.8930254514
1.0420130558
1.0641539823
1.0416319202
1.0872822131
1.0424424251
0.9685793608
0.8061486204
0.5550582444
0.4330440059
0.6030330125
0.4499167046
0.4674056766
0.3316626192
0.4136003941
0.5041174546
0.8760480324
1.0050545113
0.9808030384
1.0431966361
0.8924347357
0.8510364051
0.7985071298
0.6706394565
0.4663368579
0.6211818257
0.9978295143
0.8655882265
0.7067702283
0.6785355663
0.4786005012
0.1944886377
0.2477566707
0.4243554398
0.6093197662
0.8291010998
0.8810812931
0.7782837183
0.7515533013
0.6268873837
0.4442294399
0.5245999660
0.1920384263
0.0210188712
0.2764507508
0.3501793425
0.3477999775
0.5088572006
1.1442022239
1.2561526320
1.6030705259
1.8160570854
1.0896215340
1.3031773574
0.5494164760
0.6042891843
0.5388354766
0.5660691300
0.6664254633
0.5230572706
0.2330944196
0.3615396302
0.5646507468
0.8659210939
0.5535597222
0.5215406558
0.1638094786
0.1703798274
0.0467109692
0.2045309932
0.0639780347
0.1640408674
0.3986507799
0.2685120305
0.3397208570
0.2601987002
0.6433440510
0.3546261515
0.6288538561
0.7250459342
0.6336985942
0.6447390330
0.7223755732
0.9130982848
0.9427642617
0.9744039574
0.5442897499
0.6576921679
0.6494909376
0.7143975011
0.7421709348
0.7756131044
0.8749958137
0.4202763310
0.5166422125
0.5162044471
0.3524127316
0.4167343503
0.4568823881
0.4052936556
0.3366317688
0.3225606995
0.3261794715
0.3026387626
0.2628122726
0.2078571482
0.2475276962
0.2449610349
0.2001398412
0.2409196890
0.1772819624
0.2885369707
0.2156244849
0.1672556336
0.2071822053
0.1830354606
