4.2513276228
4.1983901749
4.3205006066
4.0674426519
4.2221880005
4.1384122686
4.2366501599
4.3712106124
4.4370285873
4.5461274685
4.5143101791
4.6760239868
4.6065496680
4.5173425826
4.4683510376
4.4599150939
4.6332966622
4.4639178467
4.2701664092
4.4204700535
4.5397992943
4.4727370354
4.5109299805
5.5552088695
5.4758108833
3.5872287570
3.5504825742
3.3870347092
3.3596863185
4.9039489742
4.6593123281
4.3243264210
4.2858451098
4.4448354707
4.3589927096
4.2180065113
4.2596907099
4.6542005291
4.6790319197
4.6008965695
4.7002936692
4.6200340921
4.5531030705
4.6896729868
4.4673550731
4.7749984887
4.6632431236
4.4911007923
4.8273158284
4.7498917079
4.7728035134
4.6891233786
4.5358933312
4.5774686018
4.6733863025
4.5849124258
4.7071893770
4.6885944687
4.6249553870
4.6802691464
4.6916712941
4.5381135933
4.7667316154
4.3757626640
4.4965677950
3.9027842383
4.0249016829
3.8672921759
3.5349206995
4.1283345923
4.3490578691
4.0207442776
4.1079758408
4.4640775365
4.1498573588
4.2025990067
4.2093553212
4.2350580718
4.2907328942
4.1935380264
4.2513330842
4.2219791303
4.2068491020
4.2754122677
4.2027687345
4.4016945313
4.5564653138
4.5354985728
4.4980887596
4.4780106469
4.5336103368
4.5852839759
4.4758282278
4.4750166586
4.6837076267
4.5903647277
4.7263403127
4.7071533976
4.6919375364
4.0363174741
4.6081171678
4.5973556442
4.4820449523
4.4905784446
4.3670491040
4.3349244783
4.3473430291
4.0522333443
4.0166495972
4.1021115179
4.1201241701
4.1766914444
4.1766828319
4.2751980871
4.2751956590
3.9740960754
4.0331290272
3.9605196841
4.0559539533
4.0054571269
4.2093622070
4.4046719138
4.4115397188
4.2787930777
4.4648191420
4.4238992507
4.2444960749
4.0412268908
4.1404021880
4.3958785531
4.3524186625
4.2321266081
4.2146238634
4.1421230895
4.3389418326
4.2103185768
4.1445364982
4.2848044924
4.4192796821
4.3646608268
4.2397749489
4.5262520815
4.6586516850
4.5135911965
4.3777376028
4.2684820003
4.2331575629
4.2026542246
4.5261631791
4.4399276481
4.3594667348
4.6031679956
4.7665305763
4.8516524153
4.7541242925
4.5923338590
4.3165642138
4.1432002766
4.1869050934
4.2226860279
4.2249486136
4.3607528471
4.3764458149
4.2284645750
4.2027911983
4.0780030524
4.0867386601
4.2538709658
4.0721346562
4.1608212062
4.2381905419
4.4161828865
4.3138363682
4.4038874785
4.4678372883
4.3205212443
4.3734910937
4.2831919702
4.2655849368
4.1821377096
4.1469085361
4.1450195578
4.1667645967
4.2732845417
4.4266691512
4.4608961643
4.3936118422
4.5872729375
4.6127316116
4.6034500196
4.5201439602
4.7416325098
4.7413111683
4.7074393761
4.5137976542
4.5356122550
4.6351225188
4.4267779943
4.5848072786
4.5160668966
4.6467184589
4.5952700509
4.2679382214
4.2043651537
4.2774721488
4.2190249289
4.1837733977
4.1789806273
4.1690576059
4.2535633915
4.3064688361
4.3313979000
4.3433766674
4.2179883123
4.3848595716
4.3234563770
4.7175291041
4.7563700053
4.5268679226
4.3462978319
4.4531879969
4.6103435916
4.6936413949
4.7542421490
4.9110683461
5.1198520247
4.8354372382
4.5181237714
4.3184038261
4.3775507433
4.2025514221
4.2712127666
4.3810764022
4.3808972443
4.3390556569
4.3223274519
4.3731083851
4.1997970412
4.2764026437
4.1996199745
4.3642625704
4.1665971565
4.0902836427
4.0589098679
4.0877759920
4.2781846893
4.0902854545
4.1215573308
4.1124885060
4.3494706260
4.2587971243
4.3423797461
4.4667308261
4.5277322022
4.2424570250
4.3022533429
4.1769152862
4.2257527174
4.2565361816
4.1911643343
4.3887787923
4.3848581004
4.1914999280
4.1581656589
4.2059423258
4.4621281259
4.5152081594
4.4570901633
4.6237758171
4.6040564315
4.5332082547
4.4155223675
4.1484825728
4.3299253694
3.9833743463
4.0338202201
4.4963736828
4.5508167320
4.4265669769
4.2969942019
4.4543268578
4.4295022440
4.2165854515
4.4180795375
4.5113347030
4.4730283800
4.3748492968
4.4018195094
4.5299513142
4.3781324736
4.3701842422
4.3649820571
4.5426197871
4.3363946385
4.4962158461
4.5806388744
4.4248962842
4.3573113646
4.5073280644
4.5215174169
4.4781366689
4.3755449566
4.3749704346
4.4022804061
4.2419532462
4.4333516843
4.5058681333
4.3259307209
4.6392495489
4.2867621244
4.0030076073
4.3533621745
4.4390483367
4.5777254888
4.4891564938
4.7189271097
4.7243683677
4.6844052070
4.8283452100
5.0824851142
4.9467026832
4.7880014329
4.4174381300
4.4708284143
4.5186224107
4.1550769305
3.9061922915
4.4258786101
4.3794986547
4.6358183024
4.6202684280
4.4181298261
4.3452550915
4.0710007544
4.2767130843
4.4571431774
4.4403652994
4.4370096887
4.5687211517
4.6904009562
4.7756643332
4.5987086297
4.5511827885
4.5133610098
4.2934458565
4.4071485135
4.2386945702
4.2910365801
4.3459024640
4.4557290047
4.6409876440
4.6416329871
4.3368541958
4.2684431894
4.1297805490
4.1681345545
4.3202418435
4.3895183452
4.5317774931
4.4117236522
4.6247505671
4.8104165497
4.7409961298
4.7386100076
4.4494004595
4.4134402566
4.2275487405
4.2687610546
4.3633221776
4.3414098685
4.3301282988
4.0597453493
4.3401633359
4.2646208023
4.4799861625
4.4469179151
4.6615438487
4.7031218265
4.6951786880
4.6519795754
4.7550561949
4.5644250182
4.3054718888
4.2950811373
4.4753371820
4.4853232129
4.4167541998
4.4183825939
4.4628943079
4.3362368524
4.1883140065
4.1018610613
4.2230628132
4.2930568325
5.0646355948
4.9762289779
5.0141262765
4.7934264531
4.7448765510
4.6941169410
4.6489678462
4.4624920996
4.5016103428
4.5279521246
4.5978979833
4.6477096758
4.3805130835
3.9152151363
3.5843544812
3.4839575486
3.5597967025
3.9049914957
4.4176018621
4.9928504061
5.3563937939
5.4430877977
5.4630858204
5.2883008741
5.1908835723
4.9905676029
4.4869900053
3.7221947214
3.3414007684
3.4399533287
3.5455708269
3.7151393306
3.9947640509
4.1748711480
4.8254936259
5.2785574220
5.4017321426
5.4659223705
5.3758180711
4.9703726817
4.6492859791
4.1236467031
3.7173805028
3.3872667739
3.4168277433
3.5642017517
3.4839393441
3.1943627434
4.1321569819
4.6271167337
4.7942205981
4.8861101584
4.7340041674
4.5489196218
4.3647176460
4.2949315242
4.2302573773
4.3081819742
4.1819607138
4.1766241421
4.1765237215
4.1352535446
4.1233090040
3.9966023913
4.3361481971
4.6852247440
4.5325017928
4.5891671401
4.5279801912
4.3162637585
4.3693904515
4.4835831533
4.4092036407
4.5169114016
4.5359252312
4.5960571983
4.8112332300
4.7526567642
4.6292548052
4.1798253507
4.1224596044
3.9655383746
4.0966212866
0.9047158593
0.8317498098
1.3954376073
2.2139448578
2.6496900347
0.6948374688
2.7289166315
2.1214095031
0.1716218856
0.2652708635
0.1923697907
0.2729854654
0.3584399738
0.3750218278
0.1801696066
0.2619359752
0.2988458256
0.1977406393
0.1758969260
0.2146136437
0.1049204271
0.1448696048
0.1696262029
0.1921384256
0.2036958244
0.3555911388
0.1763439791
0.2218431205
0.3267334300
0.2909286912
0.1908283367
0.3217430816
0.3629101169
0.3354433406
0.3237271926
0.3329335458
0.2510142123
0.3276308281
0.3234444353
0.3168442912
0.3544399853
0.3659896849
0.4560297187
0.4698283091
0.5673777325
0.4185913539
0.4888115932
0.5125324448
