37.4571307102
37.4571307102
37.3358308825
37.3358308825
37.3410027335
37.3410027335
37.4699482204
37.4699482204
37.4696210034
37.4696210034
37.4244385603
37.4244385603
37.2545505144
37.2545505144
37.1295476956
37.1295476956
37.0874108733
37.0874108733
36.9760017253
36.9760017253
36.8973198445
36.8973198445
36.7462819776
36.7462819776
36.6212527770
36.6212527770
36.5022245267
36.5022245267
36.1402645693
36.1402645693
35.9039862448
35.9039862448
35.8417993902
35.8417993902
35.7845182627
35.7845182627
35.5954987500
35.5954987500
35.5992812308
35.5992812308
35.5008643321
35.5008643321
35.3697208664
35.3697208664
35.3288560822
35.3288560822
35.1199588675
35.1199588675
35.0834243156
35.0834243156
35.0282198782
35.0282198782
34.9940984111
34.9940984111
35.1618265889
35.1618265889
35.3255339594
35.3255339594
35.2985024033
35.2985024033
35.2993104997
35.2993104997
35.5499690381
35.5499690381
35.6506464964
35.6506464964
35.7258245949
35.7258245949
35.8469003494
35.8469003494
35.9658750452
35.9658750452
36.1502441475
36.1502441475
36.3479270202
36.3479270202
36.3751404840
36.3751404840
36.7066476412
36.7066476412
36.7802687134
36.7802687134
36.9006678736
36.9006678736
36.9992397385
36.9992397385
37.2665442120
37.2665442120
37.5217590138
37.5217590138
37.5140647239
37.5140647239
37.7074695604
37.7074695604
37.8302790076
37.8302790076
38.1287073137
38.1287073137
38.0793336163
38.0793336163
38.0374424195
38.0374424195
37.8775521930
37.8775521930
37.9994122677
37.9994122677
37.8364061141
37.8364061141
37.9749302058
37.9749302058
37.9471257457
37.9471257457
37.8788256263
37.8788256263
37.9344009398
37.9344009398
37.9515780697
37.9515780697
37.9230450946
37.9230450946
37.6938526462
37.6938526462
37.7009783007
37.7009783007
37.4825864998
37.4825864998
37.5412853034
37.5412853034
37.4170306318
37.4170306318
37.2117689782
37.2117689782
36.8472540825
36.8472540825
36.5029928344
36.5029928344
36.3743795517
36.3743795517
36.1004437206
36.1004437206
35.8938189735
35.8938189735
36.0546015725
36.0546015725
35.3524051091
35.3524051091
34.9899120752
34.9899120752
34.8243695402
34.8243695402
34.4938172404
34.4938172404
34.7643201764
34.7643201764
35.0580499044
35.0580499044
35.2726496801
35.2726496801
35.7627558987
35.7627558987
35.9045259513
35.9045259513
35.9066253534
35.9066253534
35.9315555189
35.9315555189
35.9282273501
35.9282273501
35.9131502248
35.9131502248
36.1345692745
36.1345692745
36.1078625720
36.1078625720
36.1706397219
36.1706397219
36.2389407697
36.2389407697
36.0950725964
36.0950725964
36.0564795401
36.0564795401
36.1577039626
36.1577039626
36.2267100671
36.2267100671
36.2804042742
36.2804042742
36.2931318206
36.2931318206
36.2931318206
36.2575576935
36.2575576935
36.2575576935
36.1744511931
36.1744511931
36.1744511931
36.2814195417
36.2814195417
36.2814195417
36.1721343902
36.1721343902
36.1721343902
36.0677297239
36.0677297239
36.0677297239
35.9701224386
35.9701224386
35.9701224386
35.5737838449
35.5737838449
35.5737838449
35.6613961733
35.6613961733
35.6613961733
35.4897256427
35.4897256427
35.5751076427
35.5751076427
35.6471283108
35.6471283108
35.9834260079
35.9834260079
36.3681321876
36.3681321876
36.6702744169
36.6702744169
36.5912244121
36.5912244121
36.7124786740
36.7124786740
36.6354323405
36.6354323405
36.5538872962
36.5538872962
36.5812525094
36.5812525094
36.5302184650
36.5302184650
36.4533458730
36.4533458730
36.5844766136
36.5844766136
36.5468352664
36.5468352664
36.4569134745
36.4569134745
35.6892628173
35.6892628173
35.7004853294
35.7004853294
35.6925531293
35.6925531293
36.0264021002
36.0264021002
36.1533735093
36.1533735093
36.1280047709
36.1280047709
37.0498380355
37.0498380355
37.0799918489
37.0799918489
37.1509660049
37.1509660049
37.1509660049
37.0564995136
37.0564995136
37.0564995136
37.0012359955
37.0012359955
37.0012359955
36.9040983844
36.9040983844
36.9040983844
36.9280835017
36.9280835017
36.9280835017
37.7272523759
37.7272523759
37.7272523759
37.6499719943
37.6499719943
37.6499719943
37.6727057024
37.6727057024
37.6727057024
37.6110609426
37.6110609426
37.4993746287
37.4993746287
37.0181351159
37.0181351159
36.9427365997
36.9427365997
36.9721970786
36.9721970786
36.9535149520
36.9535149520
36.8816194091
36.8816194091
36.9511156015
36.9511156015
36.8538296574
36.8538296574
36.7667422935
36.7667422935
36.5980283175
36.5980283175
36.3554423266
36.3554423266
36.1784629959
36.1784629959
36.1649742123
36.1649742123
36.2605036097
36.2605036097
36.0310210206
36.0310210206
36.0636222133
36.0636222133
36.2151507412
36.2151507412
36.2372344328
36.2372344328
36.4241124582
36.4241124582
36.5926990309
36.5926990309
36.6378338901
36.6378338901
36.5597683344
36.5597683344
36.3060702183
36.3060702183
36.3191904208
36.3191904208
36.3873221204
36.3873221204
36.5281615924
36.5281615924
36.5358015849
36.5358015849
36.5752010595
36.5752010595
37.0043895610
37.0043895610
37.3254891988
37.3254891988
37.5052971687
37.5052971687
37.6041275417
37.6041275417
37.4647848725
37.4647848725
37.2458757589
37.2458757589
37.0736727306
37.0736727306
36.9569940161
36.9569940161
36.8533016831
36.8533016831
36.6540179746
36.6540179746
36.5592327678
36.5592327678
36.6565421248
36.6565421248
36.5160769792
36.5160769792
36.6530648977
36.6530648977
36.6155089821
36.6155089821
36.5040590134
36.5040590134
36.4456803631
36.4456803631
36.1785561323
36.1785561323
36.3270546061
36.3270546061
36.3394887176
36.3394887176
36.5127054681
36.5127054681
36.7457088801
36.7457088801
37.0356580899
37.0356580899
37.2426346778
37.2426346778
37.2224864598
37.2224864598
36.9569154703
36.9569154703
36.8972275918
36.8972275918
36.8698799149
36.8698799149
36.7679249506
36.7679249506
36.6715782118
36.6715782118
36.5440514289
36.5440514289
36.5584248741
36.5584248741
36.6627824263
36.6627824263
36.7587816580
36.7587816580
36.8059683520
36.8059683520
36.8167177697
36.8167177697
36.8422159130
36.8422159130
36.9796780588
36.9796780588
37.0834142841
37.0834142841
37.0514123566
37.0514123566
37.0085976178
37.0085976178
36.9036698352
36.9036698352
36.9906974151
36.9906974151
37.4336692996
37.4336692996
37.9252925542
37.9252925542
38.3482260192
38.3482260192
38.1650288209
38.1650288209
38.3102454934
38.3102454934
38.5950691124
38.5950691124
38.6424445357
38.6424445357
38.7445525624
38.7445525624
38.5508800157
38.5508800157
38.5256472997
38.5256472997
38.3516669211
38.3516669211
37.7378212906
37.7378212906
36.8109038143
36.8109038143
36.0799452649
36.0799452649
35.5006722097
35.5006722097
35.0109382791
35.0109382791
35.0132527564
35.0132527564
34.9399356270
34.9399356270
34.8735875766
34.8735875766
34.7449574026
34.7449574026
34.7215237201
34.7215237201
34.6454422904
34.6454422904
34.8289576268
34.8289576268
34.6297501169
34.6297501169
34.6271762500
34.6271762500
34.4561278218
34.4561278218
34.4914302228
34.4914302228
34.5033479536
34.5033479536
34.4901634792
34.4901634792
34.5453032346
34.5453032346
34.5905447579
34.5905447579
34.8542756797
34.8542756797
35.3012144583
35.3012144583
36.2201702855
36.2201702855
37.4467504159
37.4467504159
38.3209462992
38.3209462992
38.3355614576
38.3355614576
38.5318934720
38.5318934720
38.5571943666
38.5571943666
38.5410797569
38.5410797569
38.7163085448
38.7163085448
38.7528338642
38.7528338642
38.7234481517
38.7234481517
38.5938469472
38.5938469472
38.4715050909
38.4715050909
38.3108213403
38.3108213403
37.9607581034
37.9607581034
37.6968260831
37.6968260831
36.8858391826
36.8858391826
35.8935177009
35.8935177009
35.0091997762
35.0091997762
34.5793077006
34.5793077006
34.3428022494
34.3428022494
34.1526088390
34.1526088390
34.1145550612
34.1145550612
34.2392512721
34.2392512721
34.0868009405
34.0868009405
34.1716894213
34.1716894213
34.2178871964
34.2178871964
34.2743028061
34.2743028061
34.2273024046
34.2273024046
34.2771768381
34.2771768381
34.4960575353
34.4960575353
34.3325743389
34.3325743389
34.3263557625
34.3263557625
34.3467987138
34.3467987138
34.2586644858
34.2586644858
34.7468940954
34.7468940954
35.2112560919
35.2112560919
35.8584798284
35.8584798284
36.3136525592
36.3136525592
36.5078931837
36.5078931837
36.5624888716
36.5624888716
36.6387546576
36.6387546576
36.8782382307
36.8782382307
36.8917455662
36.8917455662
37.0348484259
37.0348484259
37.0004408841
37.0004408841
37.0637887497
37.0637887497
37.1594020838
37.1594020838
37.1299892060
37.1299892060
37.4180298988
37.4180298988
37.4818975977
37.4818975977
37.3671792326
37.3671792326
37.4862636568
37.4862636568
37.3064376124
37.3064376124
37.1675503965
37.1675503965
37.2107310318
37.2107310318
37.3735358890
37.3735358890
37.4262592318
37.4262592318
37.3357517830
37.3357517830
37.6107076310
37.6107076310
37.4147157467
37.4147157467
37.8078378799
37.8078378799
37.3317793847
37.3317793847
37.0758309724
37.0758309724
37.3638144967
37.3638144967
37.1740551941
37.1740551941
37.2521927191
37.2521927191
36.5436047048
36.5436047048
36.1269299903
36.1269299903
35.8366142922
35.8366142922
35.5764539694
35.5764539694
35.2942147078
35.2942147078
34.8499593969
34.8499593969
34.9595396868
34.9595396868
34.9161729062
34.9161729062
34.6711424002
34.6711424002
34.5290076709
34.5290076709
34.5805255899
34.5805255899
34.6627893253
34.6627893253
34.8168619041
34.8168619041
34.8600698587
34.8600698587
35.0003604972
35.0003604972
35.3109369581
35.3109369581
35.3795672660
35.3795672660
35.4523666392
35.4523666392
35.2498133896
35.2498133896
35.1926048892
35.1926048892
35.0234878762
35.0234878762
34.8589525083
34.8589525083
34.5656168480
34.5656168480
34.7469433490
34.7469433490
34.6557109576
34.6557109576
34.6439949803
34.6439949803
34.7792670837
34.7792670837
34.9982989557
34.9982989557
35.1593752067
35.1593752067
35.3557072576
35.3557072576
35.7152520284
35.7152520284
35.8052435716
35.8052435716
36.1037248431
36.1037248431
36.3052956492
36.3052956492
36.6737780708
36.6737780708
36.7882029470
36.7882029470
37.0278331495
37.0278331495
37.2361407768
37.2361407768
37.2997978292
37.2997978292
37.3930395664
37.3930395664
37.5782415909
37.5782415909
37.4997767999
37.4997767999
37.4901424041
37.4901424041
37.5475508542
37.5475508542
37.7005448506
37.7005448506
37.8239616677
37.8239616677
37.8112822746
37.8112822746
37.6569132287
37.6569132287
37.4634111647
37.4634111647
37.2465516773
37.2465516773
36.8858759515
36.8858759515
36.8858759515
36.6307871129
36.6307871129
36.6307871129
36.3440976153
36.3440976153
36.3440976153
35.9425453095
35.9425453095
35.9425453095
35.2950759251
35.2950759251
35.2950759251
35.3361689752
35.3361689752
35.3361689752
34.9358712474
34.9358712474
34.9358712474
34.4635647911
34.4635647911
34.4635647911
34.5785694524
34.5785694524
34.5785694524
34.5589200057
34.5589200057
34.5589200057
34.2252858253
34.2252858253
34.2252858253
34.0209580476
34.0209580476
34.0209580476
33.8742531545
33.8742531545
33.8742531545
33.6961785585
33.6961785585
33.6961785585
33.5272244710
33.5272244710
33.5272244710
33.8127951487
33.8127951487
33.8127951487
33.8606015160
33.8606015160
33.8606015160
33.8626777303
33.8626777303
34.0118361252
34.0118361252
34.0440308870
34.0440308870
34.4476888990
34.4476888990
34.9415520082
34.9415520082
35.1433617606
35.1433617606
35.6013396656
35.6013396656
36.0192609065
36.0192609065
36.4860752016
36.4860752016
36.4860752016
36.8212106897
36.8212106897
36.8212106897
37.1300162237
37.1300162237
37.1300162237
37.3009093596
37.3009093596
37.3009093596
37.5221017504
37.5221017504
37.5221017504
37.5912879799
37.5912879799
37.5912879799
37.4178115587
37.4178115587
37.4178115587
37.2882168469
37.2882168469
37.2882168469
37.1947134471
37.1947134471
37.0363026443
37.0363026443
36.9236139280
36.9236139280
36.8013677371
36.8013677371
36.5470224877
36.5470224877
36.2100080556
36.2100080556
36.0331545751
36.0331545751
35.8301965879
35.8301965879
35.6995055007
35.6995055007
35.6995055007
35.6320995978
35.6320995978
35.6320995978
35.8183105388
35.8183105388
35.8183105388
35.7158721053
35.7158721053
35.7158721053
35.7757096898
35.7757096898
35.7757096898
35.5707712857
35.5707712857
35.5707712857
35.3270244112
35.3270244112
35.3270244112
35.2475734671
35.2475734671
35.2475734671
35.1755956799
35.1755956799
35.1755956799
35.1659363074
35.1659363074
35.1659363074
35.1471500549
35.1471500549
35.1471500549
35.2542789754
35.2542789754
35.2542789754
35.3063260571
35.3063260571
35.3063260571
35.3866412838
35.3866412838
35.3866412838
35.1317588915
35.1317588915
35.1317588915
35.2379313427
35.2379313427
35.2379313427
35.3212438144
35.3212438144
35.3212438144
35.2987199872
35.2987199872
35.2987199872
35.0589894183
35.0589894183
35.0589894183
35.1048843370
35.1048843370
35.1048843370
35.0119221435
35.0119221435
35.0119221435
35.2182972168
35.2182972168
35.2182972168
35.3505205014
35.3505205014
35.3505205014
35.4255756204
35.4255756204
35.4255756204
35.5889334206
35.5889334206
35.5889334206
35.5956521189
35.5956521189
35.5956521189
35.6908036219
35.6908036219
35.6908036219
35.6269279835
35.6269279835
35.6269279835
35.7724624660
35.7724624660
35.7724624660
35.7391222554
35.7391222554
35.7391222554
35.6874241647
35.6874241647
35.6874241647
35.6861020346
35.6861020346
35.6861020346
35.7703503432
35.7703503432
35.7703503432
35.7414896902
35.7414896902
35.7414896902
35.7128669387
35.7128669387
35.7128669387
35.6842768034
35.6842768034
35.6842768034
35.5349589860
35.5349589860
35.5349589860
35.3688375034
35.3688375034
35.3688375034
35.3909158348
35.3909158348
35.3909158348
35.5314295626
35.5314295626
35.5314295626
35.5288333610
35.5288333610
35.5288333610
35.5072990033
35.5072990033
35.5072990033
35.7618701657
35.7618701657
35.7618701657
35.8170991608
35.8170991608
35.8170991608
36.0743225713
36.0743225713
36.0743225713
36.0402561891
36.0402561891
36.0402561891
35.9771799376
35.9771799376
35.9771799376
35.7434479318
35.7434479318
35.7434479318
35.7276894142
35.7276894142
35.7276894142
35.5124495961
35.5124495961
35.6214122502
