10.0890672689
10.0840683920
10.0732980659
10.0621291880
10.0487162385
10.0410144080
10.0203932653
10.0032904060
9.9831310549
9.9693808915
9.9727571901
9.9650369278
9.9695677910
9.9775894154
9.9874544233
9.9959019180
10.0019237498
10.0018637125
10.0024614325
10.0035995347
10.0054612417
9.9905191626
9.9943822073
10.0028439603
10.0038675254
9.9985949839
10.0027337701
10.0493342439
10.0535479566
10.0955092259
10.0942367896
10.1416625999
10.1456717215
10.1846484561
10.2193458424
10.2694747971
10.2574811655
10.2983835655
10.3493849332
10.4071849322
10.4554245515
10.4657558743
10.5254423639
10.5230158433
10.5796154249
10.5817427053
10.6393345209
10.6383027237
10.7023289478
10.7693328760
10.8349212295
10.9057607167
10.9747882003
11.0367706852
11.1019691389
11.1629645306
11.1605330826
11.2286859090
11.2267013200
11.3029506905
11.3759436757
11.4481814755
11.4505916660
11.5195170971
11.5880523784
11.6559077170
11.7168453406
11.7667373979
11.7637999460
11.7861164360
11.7858130205
11.7985830590
11.7918717803
11.7224624787
11.6783991531
11.5636710155
11.4975424915
11.4311824274
11.3649475680
11.3577675339
11.2921475142
11.2930471693
11.2215703775
11.2201589188
11.1399633650
11.1297721271
11.1217451917
11.1155365101
11.1120816577
11.1106073893
11.0406890369
11.0368037211
10.9681759105
10.9645643105
10.9027578150
10.8512379018
10.8507245144
10.8157114779
10.7967891454
10.7897888058
10.7906924285
10.8128405068
10.8637194395
10.8999036514
10.9351877854
10.9727239143
11.0130222348
11.0544544650
11.0956354892
11.1405677465
11.1854301275
11.2261593971
11.2288840990
11.2323369573
11.2682302987
11.2680523949
11.2682258523
11.2988108705
11.3267657908
11.3566721710
11.3475730805
11.3322191353
11.3468038724
11.3558648624
11.3799869788
11.3536557640
11.3319180284
11.3057690441
11.2637867537
11.2365947225
11.1908384795
11.1692417171
11.1379904757
11.0812097337
11.1007474230
11.1301234011
11.1219072941
11.1664486608
11.2087840953
11.2350128425
11.2373858108
11.2046723946
11.1538472572
11.0329828577
10.9620761725
10.8826565271
10.7981025397
10.7960687269
10.7195383938
10.6532977767
10.6093864648
10.5847420573
10.5859642760
10.6076988099
10.6538972876
10.7094034855
10.7726715485
10.8385958233
10.8389954270
10.9010599268
10.8998997938
10.9599298842
10.9587843834
11.0235886476
11.0242235880
11.0201424922
11.0825507701
11.0810195107
11.1335652491
11.1309767072
11.1598238793
11.1598562555
11.1679157673
11.1446051984
11.0879898462
11.0320709082
10.9786713158
10.9103629217
10.9095645874
10.8354079758
10.7585550981
10.7485258062
10.6724953992
10.5988749570
10.5280358183
10.4777113766
10.4447181193
