0.3559570174
0.1897705233
0.2079314414
0.2115223082
0.1328029449
0.3104430021
0.3298597655
0.4506045044
0.4467997000
0.5258695672
0.4673227988
0.3997073725
0.4285192273
0.6972785388
0.5443429539
0.4937063619
0.4661266817
0.6500021469
0.6473627133
0.5582656936
0.3009449517
0.4252662293
0.4151785335
0.3188919874
0.2069936110
0.1828877635
0.1348546587
0.2127950085
0.4393120340
0.4902459415
0.3036342437
0.3969130641
0.4559918038
0.5907554261
0.6312524769
0.5162012229
0.6690960026
0.5310263401
0.5947114632
0.3195518257
0.3577231208
0.2603306823
0.3799159026
0.2910332493
0.3750932757
0.2109025412
0.3348475189
0.2130572719
0.1504733285
0.1666880397
0.1363700494
0.3001986047
0.4113306694
0.3984040026
0.4016606630
0.3884986203
0.3807166481
0.2751445428
0.2990201457
0.2666843873
0.1796253993
0.1779241310
0.2373163177
0.1189019593
0.4113266463
0.0913700688
0.1656373218
0.2004250246
0.5296808747
0.3353081135
0.1148399339
0.1566498924
0.4993664728
0.4507259835
0.5153133703
0.5741077676
0.5177556808
0.5073723173
0.4015774153
0.5002383349
0.5839326330
0.6422238448
0.5342721234
0.6203038750
0.6450381723
0.4521273610
0.5762345724
0.5860241211
0.6643620306
0.3224741708
0.4262124327
0.4789352190
0.3142301274
0.2136911382
0.2445224863
0.3855252603
0.5677889680
0.3430400538
0.2763681875
0.3035187260
0.3741117021
0.4587845016
0.5825966646
0.5662873021
0.3243320968
0.3226757263
0.6031115909
1.0743353665
0.5187810248
0.2274751947
0.1650390145
0.5191000122
0.5401527569
0.1820616274
0.5714556217
0.8332322305
0.5163690112
0.8316004897
0.8497969828
0.4375838214
0.2963113353
0.3002989362
0.1080031312
0.8925643542
0.9491691431
0.9001343424
1.1384768515
1.0635431493
0.4943844063
0.4418190539
0.4835322137
0.8926147799
0.8634886183
0.1818289295
0.7616780492
1.0272613355
1.2188765894
1.3732676506
1.3150226332
1.5679155407
1.4988177038
1.3901588240
0.5674008066
0.2555809331
0.3101534345
0.5288595199
0.5622080785
0.4907503313
0.5715980020
0.5886098835
0.6152782434
0.6041194462
0.5813381206
0.6150498785
0.6471733286
0.7277735756
0.7601819940
0.7710747278
0.9260193770
0.5592211482
0.5408668928
0.4179754223
0.3252158880
0.3818735093
0.6535676683
0.5966112646
0.4156074514
0.1769850919
0.2909734127
0.4279639120
0.2643171327
0.1790152739
0.6897563037
0.3873721071
0.4111774311
0.3679897192
0.2369881767
0.3299263383
0.2497155060
0.1818734074
0.2868965425
0.6881187944
1.1081418277
0.8318351847
0.8028998186
0.6853463817
0.4255700634
0.4306218917
0.0854059043
0.2855744847
0.3238603574
0.4765759832
0.4543523105
0.2266140389
0.1854470744
0.1161242725
0.0736050442
0.1685854532
0.2388741978
0.2540734908
0.2369471838
0.1830792826
0.2655315074
0.3061414201
0.3366616646
0.3490696595
0.3449788608
0.2743194977
0.3326089287
0.2600932709
0.2459401106
0.2008562349
0.1363219224
0.3087954070
0.0959645518
0.1369655163
0.1617457243
0.1477648923
0.1291772534
0.2290481784
0.1917109331
0.3653306800
0.2756849432
0.2927615701
0.1957393241
0.4089306133
0.4070443231
0.6835100347
0.7088940504
0.3731140556
0.3467520270
0.5546005573
0.3545698988
0.3079231775
0.2366826466
0.3622113241
0.2822111737
0.3889340628
0.2151570812
0.1569579246
0.1618304037
0.2492255873
0.1538683208
0.1817426551
0.1940058690
0.1432482187
0.1818036255
0.0338803079
0.1624189533
0.1765318732
0.2059069126
0.3387186432
0.3949965143
0.4231285459
0.4110742007
0.4094010944
0.3132016677
0.1767606063
0.5424465619
0.5739721871
0.4615298565
0.2557969574
0.1972639276
0.5547496785
0.2661620211
0.4174906211
0.4082180333
0.5119201939
0.5889091512
0.4420085831
0.4661325072
0.4665631546
0.5900622797
0.5217458412
0.6617986987
0.6096450041
0.6281116358
0.3845531611
0.3319726578
0.3269182437
0.8346432550
0.4514632976
0.3355745004
0.4229152817
0.1382933167
1.0411942900
0.8617396739
0.8314681056
0.6384878142
0.5854318945
0.5790677285
0.3269227255
1.3068461392
0.8259432294
1.1452279727
1.1794274066
1.2875540648
0.4698928390
1.0639931489
0.1626090895
0.9798458706
0.6876110725
0.8453810234
1.0109131031
1.2270477485
1.1713432669
1.4840017219
1.3461206651
1.0766660038
0.7235814773
0.4839645609
0.2552438354
0.1447246701
0.2601398317
0.2837790414
0.2456604477
0.3411860309
0.3090148779
0.3746520840
0.6239301316
0.7649632294
0.3774628407
0.1879186993
0.2332721902
0.5756984778
0.2589998168
0.1994018905
0.2983633158
0.5333365975
0.4672943727
0.3800088581
0.3577766929
0.2825266589
0.4344891951
0.5773358322
0.3592466850
0.1754177219
0.6739451747
0.3431177201
0.4079659329
0.5150139268
0.4384001491
0.3778539547
0.3274578213
0.6684285002
1.0557520756
0.9693871705
0.9678564202
0.6504903105
0.2540307546
0.8276084688
0.7399818907
0.6644129504
0.7763320366
0.2967838983
0.4057252489
0.2332625853
0.4067478297
0.2784457007
0.2029901811
0.1402152195
0.1257391937
0.1348008197
0.1982441374
0.1467760657
0.2077178154
0.1748228695
0.2794828819
0.3405314585
0.2051620210
0.2676858800
0.2779017062
0.0985917123
0.2761220607
0.3499974068
0.2664403166
0.2734459971
0.6920950354
0.1813940987
0.7390494977
0.3866852710
1.4841388011
1.1311746782
1.0401740110
0.8613532458
1.1447103265
1.3231282407
1.3794449196
1.4961572749
1.1979644770
1.0658673834
1.1147530009
0.9830298350
0.6969873188
0.5925474933
0.8361432523
0.7639682813
0.4255437808
0.2796725954
0.2751490516
0.6739979865
0.1356041384
0.1376024186
0.1754992043
0.1458935824
0.0749543205
0.7747760899
0.4914575440
0.4896658940
0.2827949537
0.2476192780
0.3249260672
0.3111250844
0.2690640702
0.2068852256
0.2560037639
0.1245968541
0.2086226367
0.2831892494
0.1350570908
0.3089571870
0.3095052009
0.3013235778
0.4322737497
0.3343769571
0.2592604348
0.3557119601
0.3376365046
0.1453500455
0.3302806301
0.2417207655
0.3843271997
0.1989860183
0.3247413095
0.4900467231
0.5424719123
0.2460280905
0.5679644679
0.5541225979
0.3943358448
0.3859220590
0.1795060458
0.3411774441
0.2179163002
0.2932494936
0.2549898558
0.3945288204
0.3641210541
0.4238291331
0.3303142303
0.3781811827
0.2482910878
0.1398396598
0.0932789834
0.2734061510
0.1032870245
0.0838814308
0.0880734335
0.1784339049
0.1208949469
0.2131736508
0.5927853848
0.5552748743
0.2817227930
0.6923934821
0.6901794330
0.3472960609
0.6133895224
0.4841530169
0.2943560600
0.4404302887
0.5870062876
0.5796390371
0.7413537317
0.6711376811
0.7412471212
0.5893887821
0.6941056632
0.7070188083
0.8704788852
0.7183028414
0.3439930179
0.4576946128
0.3963240509
0.4808716912
0.3969498416
0.2944966052
0.3649201579
0.4486106588
0.4008639796
0.6828813945
0.3966773832
0.8344465361
0.9097041481
0.7596044437
0.1731343846
1.9667061131
1.7238770429
0.1446854287
1.7564359700
1.1433720442
0.1522131937
0.2758567666
0.1132418324
0.0408305656
0.1112667040
0.1642721198
0.3540233999
0.4439618564
0.2819771436
0.4463725424
0.3566719382
0.7632368419
0.3719740191
0.5212794887
0.4074462977
0.5396240457
0.2981615256
0.1756078796
0.5133030076
0.8401464833
0.4602994452
0.5625322331
0.6835364880
0.6752967729
0.4480407712
0.5716160010
0.5930765250
0.3873304517
0.2762293566
0.2272169159
0.1909317350
0.2731727519
0.2224827178
0.2960577220
0.3953700772
0.4874497830
0.5234546970
0.4967926723
0.6018748552
0.5292507462
0.4485227819
0.4712158964
0.8178609605
0.9491154563
1.2356156362
0.7144416325
0.8590723066
0.9575930204
0.7455182336
0.7851765856
0.6528945414
1.2475324280
0.4619890365
0.5932703831
1.2817440283
0.9448038031
0.9129752452
0.6467318197
1.0835806224
1.1565327967
1.0938280297
0.9875644490
0.9248263650
0.9278613684
0.6908454703
0.9382670622
0.8345412378
0.5172070516
0.5768183694
2.3635453875
2.3150963833
2.4980549502
2.5147852971
2.4822068701
2.4783512071
2.2734267026
2.5383523166
1.9721043281
2.1104797159
2.2383964537
2.1438413363
2.1052128934
2.1307564535
2.2677823242
2.3250313300
2.2596305635
2.3857000048
2.5628342105
2.5341849553
2.5780560509
2.5303294784
2.5598905083
2.5823369311
2.5357697838
2.6386109167
2.6720479717
2.7871136504
2.8525183584
2.8594963901
2.8110376295
2.8167358001
2.8007384896
2.6812370646
2.5645616226
2.6293210306
2.5600719712
2.5560621648
2.5624337009
2.6576317371
2.7008427273
2.6331713722
2.6166760342
2.6560902674
2.7288904001
2.6592370484
2.6347495497
2.6708695775
2.7013128949
2.9882572899
2.8945508094
3.3149710480
3.1788682336
2.8049981334
3.0180577345
2.7849631307
2.8229715547
2.7839864173
2.8657989021
2.8531175144
2.9216326854
2.8530251062
2.8406648036
2.8319544605
2.7018406068
2.6156216304
2.6158151111
2.5374745115
2.4656289897
2.5693907432
2.5855776822
2.5578079411
2.6305166186
2.6495737264
2.7227254305
2.6694179299
2.6364899609
2.5769823655
2.6473102025
2.6980166636
2.7527569838
2.7748725849
2.6382179335
2.6279515089
2.7878592471
2.8024660331
2.8169935570
2.8709620309
2.7841648715
2.7088466920
2.6726462940
2.6621667417
2.7265302858
2.8418454061
2.8487144527
2.8165727771
2.8723324997
2.9178575625
2.8325717110
2.8907801211
2.8268878885
2.6953043471
2.6791260479
2.6110714605
2.6579623171
2.5661524145
2.5620675205
2.4869257885
2.5164701472
2.6352725808
2.5775150065
2.6342071452
2.6884084682
2.6696680083
2.7184815949
2.7334495574
2.6613665917
2.7262890634
2.7435997305
2.7520959169
2.6491590882
2.6221835063
2.5454773860
2.7155167105
2.5883029752
2.8531627343
2.9151753457
2.8262311816
2.8376966127
2.6184378473
2.7748793242
2.6169626554
2.5324462092
2.6557298130
2.7017480082
2.7124442358
2.8102416560
2.8460433927
2.7924525578
2.8299553556
2.7480813209
2.6832987663
2.5484738403
2.8895191519
2.8356014305
2.8054985522
2.7121289378
2.7833696868
2.8278991115
2.9509232215
2.9593524310
2.6701117993
2.5644090270
2.6164955008
2.4671071321
2.4020863057
2.3383116234
2.3816658545
2.2902238682
2.3178156444
1.9760486626
1.9794692989
2.0131329299
1.9164270686
2.9538213755
3.0751640148
3.3285954701
3.3975244068
3.5981402067
3.7033104565
3.4646244018
3.3469032439
3.3426082604
2.9908539005
2.9844562962
2.8510275640
2.9428801679
2.3017445769
2.2276317907
2.0300957116
2.0762184879
1.9130835203
1.8453235256
2.2056504381
2.1593009852
2.2681635526
0.3360955627
0.3547820556
0.4262250881
2.5700414090
2.4342663917
2.3685103593
2.4511951699
2.0721131517
2.2567204507
2.3951391571
2.6085964989
2.8193598439
2.8495011294
3.6196005418
3.6322122499
3.5504572274
4.2875237708
4.2621401741
4.4951325381
4.3378464241
4.4059352237
3.4410676922
3.3504051972
3.2540193555
3.1122330368
2.9180600911
2.9723049159
2.8754442741
1.2994797340
1.1491362982
1.1392130312
1.1151429377
1.2216129613
1.0989087628
1.4179330224
1.7319766190
2.5498988482
2.6866437966
2.7272695586
3.0195089768
3.2485292199
3.1641654261
3.2082832350
3.3791893415
4.2050804814
4.1866868623
4.2320857954
4.0681955334
3.7622205032
3.4405205779
2.8439686025
2.6403415074
2.6384847536
2.5743928772
2.5595554735
2.6254544440
2.6261797341
2.6129279200
2.5889855504
2.5869977165
2.6812551902
2.5634627662
2.6131454039
2.6328445461
2.5690796362
2.5658982618
2.4028529163
2.4782740094
2.6075620296
2.5850414636
2.5070023897
2.6487956519
2.5696719130
2.6118800110
2.7633449715
2.6622368738
2.6882355067
2.6552775223
2.9036469071
2.7482396913
2.7564914861
2.6014880270
2.4038740827
2.4293195653
2.4075677811
2.4193471036
2.4341455237
2.2214618860
2.1273617005
1.9634341019
2.0952503630
2.0765585956
2.2641332853
2.2514473949
2.1530172039
2.1166863516
2.3253727809
2.4838935933
2.5910653653
2.6363652345
2.9540295807
2.9661915416
2.9585093782
3.0332536536
3.0911429176
2.9369595773
3.0492069893
2.8870923525
2.8530065360
2.6446520180
2.5042943537
2.5222214888
2.4978632653
2.4247229975
2.4026103927
2.3807447627
2.0338019117
2.2687443620
2.3985815390
2.5811016551
2.4112117317
2.1051817802
2.2284224631
2.5356526418
0.4893013221
0.5256566892
0.4289865713
0.7439476790
0.9057563774
0.4837998204
1.9298895799
1.3423629535
1.7887317582
0.9901924377
1.6470593530
2.0185717780
1.5307817442
0.9073156641
0.7627459154
0.8635859067
2.8935727005
1.9249317281
1.2191245688
1.0930487265
1.2683405467
1.3072592531
1.0206481893
0.8712613711
1.0082625800
0.9005384502
0.7747269457
1.3367636230
0.8245931144
0.9543454394
0.9830557029
0.9651665705
0.6142969954
0.7459997661
0.7683840699
0.3533252364
0.4075155741
0.4577257961
0.3899925697
0.1557124394
0.2407944834
0.2976520375
0.4132735711
0.4115877921
0.3723678379
0.4043254266
0.1504657744
0.2085081197
0.2138687415
0.2140942738
0.3478339430
0.2620554504
0.2364434288
0.1758469049
0.3782942700
0.2914447859
0.2930474910
0.4884282136
0.5091839067
0.2485811088
0.3664154545
0.5813810946
0.4613926427
0.4812307113
0.3299251782
0.1965938351
0.3030434122
0.1973166948
0.2157702579
0.2176219219
0.1553633625
0.2791585692
0.3267453609
0.1175008373
0.1791994985
0.2212104034
0.2171464960
0.1523668395
0.1835742703
0.1135108624
0.3332185525
0.3768167218
0.4178393896
0.6330849131
0.3826120587
0.3536556706
0.5782543620
0.3441048046
0.5032370936
0.4949046209
0.3601889415
0.2066508755
0.3323448371
0.2988583653
0.1653611010
0.2130690310
0.3903659003
0.4296242540
0.6990255010
0.5879483366
0.4356469572
0.2675418068
0.5813587848
0.1299741949
0.2475316515
0.6212620550
0.4730389061
1.5702576509
2.1044070509
0.4703684325
0.4574706413
5.6730348134
1.3367531561
3.2808379693
0.3466306777
0.3468587048
0.4048143502
1.3146642605
0.4609392277
0.7142857313
1.6090904010
1.4381082302
0.9725801071
0.5493001467
0.9683009595
0.7856936070
1.1281260942
1.4142676713
1.0788389374
0.7638176289
0.8236485390
1.0510444422
0.5214477266
0.2682011680
0.4901880712
0.4138930609
0.4650648313
0.6076938944
0.4914688089
0.4056690838
0.3944415573
0.1639424179
0.1497294138
0.1363319500
0.2360999143
0.3054493764
0.4802143402
0.4246645871
0.3254060453
0.1940506929
0.3909402367
0.5144045367
1.2144260158
1.2034616059
1.3152486423
1.2699738882
0.8613346672
0.4837438591
0.7335729336
1.0903808871
0.8146082296
0.7706241846
0.7706621723
1.1417565710
0.8177655131
0.9403365013
0.9352664833
1.2416329179
0.7492722060
0.7511398306
0.2937932709
0.1954490761
0.1921048408
0.3167304084
0.3270032249
0.4875945735
0.4837187149
0.5150366218
0.8098136206
0.2402991777
0.4001991251
0.2999168529
0.3918039202
0.4726558339
0.6420093972
0.4522225365
0.3984718102
0.2976838858
0.1245506777
0.2556942697
0.2550512175
0.1901761409
0.1882985370
0.3005655555
0.2489793040
0.2387437863
0.2499675680
0.1700507681
0.1823101465
0.3759098714
0.5360304613
0.3856921615
0.4573333258
0.5157769804
0.2482299104
0.3727376566
0.6228459599
0.5142990604
0.3135871230
0.4386772048
0.4768446762
0.4357140619
0.5543344309
0.4482887568
0.2802088440
0.2378502334
0.2890915468
0.4305191593
0.4237707110
0.3226134044
0.3697742949
0.4693961528
0.4589966801
0.5776164498
0.3675684843
0.3095920634
0.3141948319
0.2978729114
0.4189271268
0.5248101524
0.4137919812
0.3924581169
0.3081095700
0.4054442045
0.2154700701
0.1451385038
0.1916625250
0.1405373847
0.1178795194
0.0868674871
0.0548058706
0.0838781046
0.0908455837
0.3449978435
0.4026479596
0.3783863883
0.4402837270
0.5501407909
0.3439565209
0.6448016638
0.6718341571
0.4879123030
0.3253143233
0.3629452304
0.2460116259
0.2735347669
0.2858577473
0.0306191335
0.0708422293
0.0379032474
0.1338577157
0.1668572372
0.3470027586
0.4362870358
0.4908392104
0.7403718915
0.5618461821
0.9371803773
0.6910570616
0.4788934250
0.4115709305
0.4637196269
0.5351073780
0.2561805330
0.3536466509
0.3380436772
0.3829026555
0.1739143567
0.1306991374
0.2191276814
0.1870577971
0.1785883354
0.0920683994
0.1196125090
0.3005415859
0.2978504649
0.4001095433
0.4972456138
0.5893541358
0.6764315406
0.5240110492
0.2680169454
0.3180130387
0.2262316985
0.0763588889
0.2559038052
0.2176218359
0.2553001586
0.3439097600
0.3809023454
0.3138580067
0.2932895257
0.3201445544
0.4280739106
0.4996586795
0.4761475109
0.4722336523
0.5404558357
0.6866295310
0.7352225575
0.5484474460
0.5277806088
0.4597468157
0.4992976766
0.5758518866
0.6481902120
0.6308876311
0.5773839489
0.3762662651
0.5021526655
0.4749426984
0.4282329340
0.3248165275
0.2718160205
0.2780163147
0.1537656040
0.0574789081
0.4245781248
0.5307249795
0.5878657125
0.6774681906
0.7470489340
0.5143488668
0.6075376677
0.5509558699
0.3077870626
0.3490144972
0.3689693571
0.1795183707
0.3703921644
0.2324697937
0.2478240917
0.2449854872
0.3279951341
0.3015756905
0.5518771610
0.5815057584
0.7614561107
0.8281296779
0.8631782405
0.8214408324
0.6057900484
0.5244523783
0.5244517201
0.6402857941
0.7686695770
0.7754153190
0.8925875142
0.8267898941
0.2540133172
0.5098520231
0.6042315503
0.6919822573
0.5685356871
0.3074522716
0.4956781652
0.3164426384
0.7123189173
0.3998330275
0.2324876468
0.5643695501
5.2006827094
2.7196835771
1.3457008079
1.0987967936
1.1947474823
0.6105105885
0.8088176901
0.8843198178
0.7172356671
0.5685294827
0.9183003299
1.0629729145
0.0672941710
0.2660462979
0.2435051578
0.8601566020
0.9097970258
1.1144057621
1.1444188498
1.2178108876
0.9289291920
0.4801522314
0.3575402564
0.9607402678
0.9990820538
0.6535370583
0.8612134408
1.0763825810
0.9205312370
0.8027015045
0.6458835363
0.6391694423
0.6231395954
0.5036453022
0.5192904466
0.6079205955
0.4487200336
0.4991265449
0.4810721911
0.4013964737
0.4153365832
1.1095628886
1.1063988605
0.7598924246
0.2582425827
0.5671584237
0.9089141742
0.9539975252
1.2451848290
1.5316470001
1.1446809576
1.2113913524
0.4437250571
0.5496457867
1.3633211883
1.3154397960
1.1149737583
0.6508327087
0.6295657793
1.2765914096
0.8845223747
0.9520130293
0.5122514437
0.4813361790
0.6150345161
0.3879737064
0.3553969367
0.4889755406
0.3856899708
0.3180080755
0.2813592493
0.1941983146
0.1795038623
0.4516127166
0.2066593204
0.2903760286
0.2389381045
0.1572143525
0.0857098625
0.0741011914
0.0743154695
0.1350355879
0.4302309424
0.6621139761
0.5885537704
0.3362601879
0.2931317664
0.3295275062
0.4573765178
0.5237946420
0.4600211080
0.4393632533
0.3451711296
0.3337281860
0.3013616302
0.3393859835
0.0952510516
0.1262456885
0.1722553567
0.2069859959
0.2091452594
0.2251940637
0.2297282617
0.2632686764
0.4153547389
0.4093754939
0.4531023368
0.4853277094
0.4616937016
0.2348037038
0.3128472818
0.3985204421
0.3891579188
0.2989143315
0.3377283409
0.4092017539
0.4322843072
0.3618424614
0.2413306162
0.2163214176
0.4807760561
0.4020484403
0.3861093594
0.5658459301
0.7286307081
0.7591301120
0.6058400641
0.5087390578
0.1914261597
0.3284782466
0.4932278222
0.6113787102
0.4235613233
0.5957796834
0.3776195021
0.1245733530
0.1267038016
0.2615301424
0.3245802353
0.3328623095
0.1423995471
0.2285810270
0.0907270050
0.6398330186
0.2744965739
0.1937207986
0.1313212425
0.7571297317
5.9642553202
5.7665244419
3.0961167957
2.1147168190
1.4301870101
1.4500665064
1.6118029607
1.3398529176
0.7373110934
0.9191075005
0.7209839789
1.0828364474
0.2970162818
0.6866081284
0.8136332095
1.0144302694
0.4423910624
0.5928095883
0.6180335852
0.5508991297
0.7306576853
1.0709178918
0.7872216603
0.4818115727
0.7841994850
0.7509189318
0.3258614880
0.5520546905
0.8755040671
0.9336182540
0.7705088380
0.6857339931
0.7294495223
0.7018824999
0.5811545217
0.8986750116
0.6943998370
0.6484341169
0.5667232231
0.6474646619
0.3319282658
0.7432577951
0.8591373471
1.5550776391
1.0264956797
0.6196548509
0.3914935659
0.6682609895
1.1154803174
1.2120802419
0.8404834048
1.1634066591
1.0837189156
0.6530770209
1.0034794412
0.5049962563
0.4945019730
1.4108788779
0.4112877538
1.1243873255
1.3299426860
0.4078144623
0.4662961390
0.8979511361
0.6280053865
0.1730420700
0.4282807904
0.7266893568
0.7818477035
0.6387305763
0.5818098190
0.5669895328
0.4408981787
0.5360040446
0.6294210155
0.6113547422
0.6676751008
0.6894078382
0.7278072158
0.7297634183
0.6526054911
0.4129088385
1.2770834991
1.2234901702
1.1524548815
0.8942016308
0.7244683460
0.4205947305
0.4307432971
0.6145644584
0.7125742189
0.7448319712
0.9508567112
0.8720670639
1.1166255894
1.2685218925
0.7349531928
1.1382018079
0.9891524918
1.0652567961
0.8146494001
0.2611193455
0.9442293269
0.8024885068
0.8648722983
0.8656184190
0.3620171839
0.8149290890
1.2272693327
1.2304085013
1.2250950451
1.0966328810
1.0661688286
0.9756243387
1.0275108483
0.8307662672
0.3167202886
1.0802420753
1.1864320971
1.3039873080
1.2911045764
0.8343148227
0.2394618352
0.5737360278
0.7268223741
1.1176895162
1.0450916355
1.0524682492
1.0880939357
0.8095155261
1.7075529906
1.6550430400
0.5765724312
0.8266725998
1.0147245603
0.9484423755
0.7566697371
0.8854141281
0.7326349712
0.6855751502
0.8932883057
0.6591453496
0.8505061912
1.0170773080
1.0439278900
0.7621362963
0.6644212502
0.3822990413
0.5259033041
0.7958670999
0.6870957580
0.7948438452
0.8071585337
0.7556889740
0.7191550902
0.7307792842
0.6504756367
0.4159399059
0.4775473513
0.9036454405
1.2031716301
1.3411481786
1.1774062451
0.8088883954
0.3886734331
0.5943594153
0.9182539643
0.8990796561
0.8377561875
0.6430480568
0.5852300020
0.6118779055
0.8695843598
1.0903499267
0.8000440227
0.6849773484
1.2533374593
1.4422825173
1.1161710238
0.9863611869
0.4072726424
0.4418632722
0.6359938409
0.8023615727
0.6408142923
0.6325399446
0.7278392310
0.5913156578
0.2466446396
0.7245256160
1.3644743498
1.1624814433
0.6644657909
0.6508759431
0.4595570300
0.8916731859
0.7158380498
0.4087329776
0.4734882159
0.7940829080
1.1829164160
0.9684963495
0.7942604579
0.4118227830
0.5807529627
0.5980155199
0.7154973745
0.6847856127
0.6669801998
0.7371133632
0.7233466952
0.7863007327
0.6830653367
0.4899008591
0.4467231792
0.7160222562
1.0345051883
0.6591889151
0.3901653321
0.7597195963
1.0258635957
1.1058368160
0.9703612413
0.9234557739
1.0565386118
1.1107165977
1.0133718514
1.0759381914
0.9473580941
0.5613167437
0.4613886224
0.4177783612
0.6732345468
0.7899692332
0.9914340279
1.0189107258
0.6718720618
0.5705849493
0.7557545104
0.8501189235
0.7471749869
0.7479193948
0.8883097604
0.7832929277
0.7855019402
0.9342491170
0.5284649413
0.3268320127
0.1531817179
0.4473259879
0.9634578520
0.9203143703
1.1320367025
1.1107114087
0.9657621516
1.1362415221
0.8885759258
0.5691493674
0.4714012304
0.1995938199
0.3232621528
0.6360486283
0.8560489459
0.9371572182
1.0952728629
1.0677543076
1.0054513708
1.1484553745
1.0515026989
1.0626951911
1.0191778768
1.2765485188
0.8504401638
2.1451142534
1.0147409514
1.2667343582
0.9228365392
0.7225221172
0.7683713019
0.5824328880
0.6545193483
0.6549306646
0.8199580525
0.8205846716
0.7056102819
0.6079568311
0.5001793143
