4.423362622066661642e-01
4.475826934418488667e-01
4.468767456122824111e-01
4.458320960468347693e-01
4.466795391574366336e-01
4.472296738194149746e-01
4.476336550187396957e-01
4.476745138135979074e-01
4.478426845922253152e-01
4.477557250655075372e-01
4.476392482797501016e-01
4.473848607770087304e-01
4.473460345498259105e-01
4.472120279055525338e-01
4.483538469619928746e-01
4.493114086698993814e-01
4.492947662021387623e-01
4.498181800872354530e-01
4.474232576263170724e-01
4.439026251739824347e-01
4.478197106426398677e-01
4.479003687466835970e-01
4.457588925597690266e-01
4.471369951791503983e-01
4.506169595944428119e-01
4.513005558064632772e-01
4.477694386838406704e-01
4.484446972850362201e-01
4.510796477410073946e-01
4.569734618213387445e-01
4.517095840918956551e-01
4.497130919962587514e-01
4.460410932836882392e-01
4.462485513821471406e-01
4.462476839234346682e-01
4.459414347475267326e-01
4.451401958391416613e-01
4.455221856979167949e-01
4.460074774833416300e-01
4.461777188035946917e-01
4.430973105560125913e-01
4.452190331370314835e-01
4.443792371711668410e-01
4.453156038679884632e-01
4.457054816774771999e-01
4.464000987966593170e-01
4.454053781534454415e-01
4.432441443506044965e-01
4.436340208197790957e-01
4.462953585611080798e-01
4.451577570832639386e-01
4.449917463927266503e-01
4.436891732023020007e-01
4.469062722108278485e-01
4.495592936967765518e-01
4.301974464360552308e-01
4.300255536256111788e-01
4.271246070489509994e-01
4.251045111325910675e-01
4.240168773640303757e-01
4.235319603654028597e-01
4.266069833389542487e-01
4.258519568850895887e-01
4.241950440041161174e-01
4.248026938731109259e-01
4.240620271941597519e-01
4.233822453508466199e-01
4.225847374138497203e-01
4.215987648789699116e-01
4.204947845854273836e-01
4.194716782452044268e-01
4.181059380418558624e-01
4.169081889200818014e-01
4.158391999429242869e-01
4.143671994432936434e-01
4.128335721567336636e-01
4.105517233809380939e-01
4.082326465730383158e-01
4.046502768188476318e-01
4.107547266670454889e-01
4.246147649363269938e-01
4.254417847056831681e-01
4.258053884116820287e-01
4.260769449981538504e-01
4.202211092289742100e-01
4.211168113011986569e-01
4.110726945636297702e-01
4.085303090472356957e-01
3.848664077382955573e-01
3.787656087608776700e-01
3.767556660971113636e-01
3.734002483461852928e-01
3.714768192743171937e-01
3.710308312310713896e-01
3.705866830988565619e-01
3.690192964985168356e-01
3.656254618953163615e-01
3.639636668167817724e-01
3.611491437411014083e-01
3.600802799728026193e-01
3.586820063238276846e-01
3.426204314688248709e-01
3.407398389303692432e-01
3.347999598472146121e-01
3.262745995160744039e-01
3.238128440992692481e-01
3.168311026893659843e-01
3.156038097757295491e-01
3.126047530305347544e-01
3.063547113761896368e-01
3.022348587178079193e-01
3.045770784913799933e-01
3.037193787248679833e-01
2.979108521836956736e-01
2.930256223472407773e-01
2.942253336699477972e-01
2.909437808165479256e-01
2.906847543938237965e-01
2.909266403340817764e-01
2.926631173190489821e-01
2.914781782900151552e-01
2.846325719128067755e-01
2.811537469267838540e-01
2.785631465792978712e-01
2.817541498726790494e-01
2.837544284572407483e-01
2.865775045935481380e-01
2.926878132474260985e-01
2.901644499406230149e-01
2.754294074418959237e-01
2.740640430834149210e-01
2.792999267766425597e-01
2.957375368047829300e-01
3.113146549618011072e-01
3.239887378613325875e-01
3.396911430631515683e-01
3.481584668387552872e-01
3.510897857188117754e-01
3.556211376415137626e-01
3.612223154936520797e-01
3.659806117603058850e-01
3.696028128876372998e-01
3.687045127234605535e-01
3.655747884333521158e-01
3.662473050089822268e-01
3.659838770354488791e-01
3.657468760702652366e-01
3.669504848247556739e-01
3.667809075463014934e-01
3.675000694929212441e-01
3.673956338422028622e-01
3.652999667795410188e-01
3.643957071662524139e-01
3.622354247869033483e-01
3.598139167645160175e-01
3.532320060244332205e-01
3.507669729903736267e-01
3.507874953277071439e-01
3.506422949845392489e-01
3.498931411487763987e-01
3.434763139386257658e-01
3.390904558564412641e-01
3.378606924083452645e-01
3.363168855962915815e-01
3.350409939532196235e-01
3.342932654830059747e-01
3.329928046402840791e-01
3.356543324252996841e-01
3.371878014230081377e-01
3.389786799082871172e-01
3.509471759129542678e-01
3.608481577343626290e-01
3.757695814889002173e-01
3.868201515126334367e-01
3.879582406183434418e-01
3.890942126054552919e-01
3.915472239851822134e-01
3.946074522728956202e-01
3.933236197374331278e-01
3.907347270215275059e-01
3.861039873442083659e-01
3.871587131554917183e-01
3.835813272352682213e-01
3.810106819654568433e-01
3.814766019635725258e-01
3.834588515376092799e-01
3.931159259120107219e-01
3.997424084686207468e-01
4.016168849381021588e-01
3.945197522624627751e-01
3.955917842780658500e-01
4.083925578481221175e-01
4.162226370829144595e-01
4.177151178768497841e-01
4.167325301313237196e-01
4.091976861843707458e-01
4.176484066291641373e-01
4.220675512665165718e-01
4.285741853031599935e-01
4.186120558875102149e-01
4.156419693213951883e-01
4.204953285036154287e-01
4.212165099078811759e-01
4.202758939465274235e-01
4.276176492399047513e-01
4.266139034961531351e-01
4.276155536546425995e-01
4.156720859215841668e-01
4.205756521675650395e-01
4.196919816272877135e-01
4.140458434336343196e-01
4.142418933616317522e-01
4.117458522931553566e-01
4.195049196225127952e-01
4.178022816786206572e-01
4.214267813196073131e-01
4.166326790866667906e-01
4.136343609595579673e-01
4.160472906305359708e-01
4.218588471243219784e-01
4.184639202154365467e-01
4.164028700509670444e-01
4.181942144469734668e-01
4.187231354862818722e-01
4.157897062908844088e-01
4.120535243253160562e-01
4.124767036165095657e-01
4.116600025934502582e-01
4.040470690027873069e-01
3.988624439582277303e-01
3.994253158727341657e-01
3.881959432147696343e-01
3.839801366114395931e-01
3.742052700992405390e-01
3.717228983213392013e-01
3.728749964699601960e-01
3.742640965661734875e-01
3.621782640364251682e-01
3.578773895487735168e-01
3.549891774338461703e-01
3.453989390218824007e-01
3.433850268958836272e-01
3.416302324738649809e-01
3.400507009864912611e-01
3.371010567204982822e-01
3.388917056254326932e-01
3.301721479120592884e-01
3.278104083747122033e-01
3.268967172572304070e-01
3.219179360854730332e-01
3.239525393389530716e-01
3.238500807508588597e-01
3.235633273387853448e-01
3.190169667615663229e-01
3.198372792064597125e-01
3.190602621805295747e-01
3.187583455934657750e-01
3.197617900821136949e-01
3.174819571456011236e-01
3.193343457972464550e-01
3.110205293643225621e-01
3.082925785748968917e-01
3.094952198440558133e-01
3.092965495214504146e-01
3.082753800440332093e-01
3.060452026457460284e-01
3.021462600245972685e-01
3.053649429655665992e-01
3.072490801961871298e-01
3.097542405587874192e-01
2.966539415667548973e-01
2.949009093994037212e-01
2.955954803104468009e-01
2.958449699375052533e-01
2.927304928023236608e-01
2.885321657154275021e-01
2.813758269058992401e-01
2.739846868940730706e-01
2.755280848409831784e-01
2.634607988770952813e-01
2.689163990735947141e-01
2.681630736280756211e-01
2.805515837398367407e-01
2.963023218940653569e-01
2.961062771216984579e-01
2.990539593541013397e-01
2.980419827900067098e-01
2.975043819195872241e-01
2.938977445823237056e-01
2.932605060693622701e-01
2.988740424069667445e-01
2.938455249525786517e-01
2.944484942919192716e-01
2.991027143765017660e-01
2.948376871319929315e-01
2.957925419399681233e-01
3.055411861573871790e-01
3.132529080018376377e-01
3.189864457885248084e-01
3.212646515945621339e-01
3.242385504755661563e-01
3.265571941024592584e-01
3.259860404584877247e-01
3.257018376696496631e-01
3.200504341384862728e-01
3.169645956141078913e-01
3.169020919673781744e-01
3.213082838432884669e-01
3.225540764065821797e-01
3.243708921463412942e-01
3.291961384675308189e-01
3.307036621175635238e-01
3.344680628938517253e-01
3.369315671833861825e-01
3.397080590144438972e-01
3.452779963722297230e-01
3.484580394323651964e-01
3.531908681692245144e-01
3.546981404088933587e-01
3.600130362560327035e-01
3.641223591433347950e-01
3.678507693012551538e-01
3.735971688891542297e-01
3.773173234902539863e-01
3.825634198504573869e-01
3.881186105878171033e-01
3.936008389766792459e-01
3.910835160094365826e-01
3.887095690522330282e-01
3.861993292818663437e-01
3.891710734177390441e-01
3.921751052043349617e-01
3.946969160960570600e-01
3.968627393343315268e-01
4.086602779027489474e-01
4.138448190141131300e-01
4.296176369104742210e-01
4.338195119213351103e-01
4.300928766218431454e-01
4.314177139100765501e-01
4.279946592869243727e-01
4.332510632629857361e-01
4.343500008409483804e-01
4.294055246734029274e-01
4.291546247778776912e-01
4.211483174381977501e-01
4.239300052813221864e-01
4.260937391064688606e-01
4.304512534084861120e-01
4.263307902489744672e-01
4.284523710444574918e-01
4.280222718890380196e-01
4.243049997361679204e-01
4.208328833401463465e-01
4.155491816411518435e-01
4.085147911038295998e-01
4.054260910407904706e-01
4.083277193250036130e-01
4.043414127207261011e-01
4.078791126349460838e-01
4.084123755947018375e-01
4.089317781499331450e-01
4.088983426568270629e-01
4.131578345102830396e-01
4.145601477946447289e-01
4.168987555154871627e-01
4.124879283900842464e-01
4.103266996278477907e-01
4.056521853488169183e-01
4.049023663783475890e-01
4.047114476019872398e-01
4.015173190025762007e-01
3.997295573628898979e-01
3.975747542771362886e-01
3.982112698568969766e-01
3.979291543707544898e-01
3.972483443089222521e-01
3.967425292294173289e-01
3.977758416862541280e-01
3.991153983937201222e-01
3.975570043023910483e-01
3.945836370931763981e-01
3.944833040531423030e-01
3.941160852868232367e-01
3.912159732553028846e-01
3.928654123092878980e-01
3.890769696002123745e-01
3.898906503540493507e-01
3.884218969035418967e-01
3.866327543787166365e-01
3.887958547190506486e-01
3.848911726923255894e-01
3.797880035322482306e-01
3.782007071231348605e-01
3.826826473873432555e-01
3.859464520560678680e-01
3.840969997827883287e-01
3.838477423451128190e-01
3.830658382614388624e-01
3.812399283354548363e-01
3.864493050662750062e-01
3.884556573840216576e-01
3.857701323698030649e-01
3.890614104745150903e-01
3.953491683540915069e-01
3.922337637414182177e-01
3.928121690690491996e-01
3.888148261622516588e-01
3.871785572868812753e-01
3.843462096018395724e-01
3.820026777711159061e-01
3.822671451771215700e-01
3.835056456709976525e-01
3.798683662058922050e-01
3.728150102373683494e-01
3.665891464047721926e-01
3.739651352620038671e-01
3.758527255210603601e-01
3.742645807590889717e-01
3.734765882022529904e-01
3.744466043467237770e-01
3.722315435619773516e-01
3.699480407246506508e-01
3.699546833680493196e-01
3.686343477985277173e-01
3.661176409678312260e-01
3.712999884973398612e-01
3.787304087123468666e-01
3.788704337043956594e-01
3.767115820300210860e-01
3.639451232300930372e-01
3.589999393720493259e-01
3.499703615184512340e-01
3.438884946870893744e-01
3.411579677123555698e-01
3.396370828992047453e-01
3.414195056422831276e-01
3.394269065720970091e-01
3.299800662827009345e-01
3.240545660122290950e-01
3.239825245156057187e-01
3.221629930792472840e-01
3.198243744146222478e-01
3.165741366581354965e-01
2.919419426313564769e-01
2.868844244456377202e-01
2.851266975827367878e-01
2.837735759483890341e-01
2.799750020829686048e-01
2.735501003872928827e-01
2.671725198989132743e-01
2.683437382266135596e-01
2.724076515043354907e-01
2.682057270046033226e-01
2.712932375085929104e-01
2.696814834665441918e-01
2.682936001848638119e-01
2.743138939825573996e-01
2.697856654191537751e-01
2.627920834485144019e-01
2.593353685887496707e-01
2.526363674342174126e-01
2.443015916842206370e-01
2.429237870722256720e-01
2.341484468808704145e-01
2.290170200046791338e-01
2.211517715611926449e-01
2.119107115686656440e-01
2.076827957029806215e-01
2.035592365165524720e-01
2.020955301860004882e-01
2.001862181957714260e-01
1.960491601741477796e-01
1.916651153623911696e-01
1.940699313820052063e-01
1.897962864950135664e-01
1.844898798569706566e-01
1.947758720416638001e-01
1.916951985008630011e-01
1.954031256767621572e-01
1.976243665853134601e-01
1.988204065475536741e-01
2.086455292042823373e-01
2.101408188341395422e-01
2.090128706836074102e-01
2.068252526897071397e-01
2.111260847488783399e-01
2.099166303207529172e-01
2.153433497025390997e-01
2.153726044316270072e-01
2.136549719351478749e-01
2.153057083025299578e-01
2.113339390035342269e-01
2.121070575569586059e-01
2.136919935511584767e-01
2.133242180300738144e-01
2.110645195745579628e-01
2.081885836655640309e-01
2.092045344595621359e-01
2.022793027569003421e-01
1.939090309014324665e-01
2.063371521138994968e-01
1.981442578407005273e-01
1.959365951395588834e-01
1.829902701359675254e-01
1.688943440929333850e-01
1.712120295361286848e-01
1.760873000996726057e-01
1.702127898595051925e-01
1.640776983642426856e-01
1.648809728134621733e-01
1.637896362946145712e-01
1.585144617166299730e-01
1.593870480452098670e-01
1.507531959368564878e-01
1.490997008885769359e-01
1.458650700956432011e-01
1.431480240931789494e-01
1.422656743017599035e-01
1.413456364334693127e-01
1.462425408363325074e-01
1.451347741056407403e-01
1.476909216495477795e-01
1.478355758485439819e-01
1.597906349477747900e-01
1.595759027723052392e-01
1.652971019476991710e-01
1.660306850116265998e-01
1.647755761929118601e-01
1.642605856316376456e-01
1.687192796828230479e-01
1.707464872129615674e-01
1.717464030362747252e-01
1.748720606750294171e-01
1.727950142424365398e-01
1.731226486209436755e-01
1.746747831618488123e-01
1.763851614012091062e-01
1.762768297696049036e-01
1.779544547890726525e-01
1.768688382450719354e-01
1.819935376514304481e-01
1.853932377424273026e-01
1.873134478695766270e-01
1.898832711412750673e-01
1.924126204012254204e-01
1.953193925115115914e-01
1.964420304185899857e-01
1.926855540831393931e-01
1.926766693428650368e-01
1.936138649747550788e-01
1.931158165467227183e-01
1.935235608448011568e-01
1.949869750143525537e-01
1.948514946332928766e-01
1.936378253864145804e-01
1.933813157779338543e-01
1.973427570792162800e-01
2.000252802540667396e-01
2.025407192293928460e-01
2.036256040737763895e-01
2.043263446373629888e-01
2.023002151864211062e-01
1.973354459801872907e-01
1.962797931015208552e-01
1.927758436764937244e-01
1.906950079998238623e-01
1.921897008359494119e-01
1.905386003920895577e-01
1.926399093949749952e-01
1.872009274583558702e-01
1.831412685291762821e-01
1.819479080753826084e-01
1.816226012966347114e-01
1.761450607145970959e-01
1.732568188869996473e-01
1.700950930066181532e-01
1.641075399525031564e-01
1.636796558706937743e-01
1.594156458116460784e-01
1.620760927282131891e-01
1.595230612808560267e-01
1.568700961844547159e-01
1.550981332871973761e-01
1.529702771198849787e-01
1.497353565689001909e-01
1.490637730232184099e-01
1.498747495903208216e-01
1.484628307965621119e-01
1.466978530570869355e-01
1.447389166571909358e-01
1.462352980173369232e-01
1.472470116740441370e-01
1.505234893846979505e-01
1.524680372622637670e-01
1.577834449289601260e-01
1.574730552123243255e-01
1.553524040461537747e-01
1.524468184167612761e-01
1.577960904922869889e-01
1.551116646502094243e-01
1.551382413318144193e-01
1.557014216099146531e-01
1.553480998035634553e-01
1.522154646193654148e-01
1.640238551241610943e-01
1.654519175735406911e-01
1.662546272378034040e-01
1.701839153564973506e-01
1.711018860838919298e-01
1.727749126244454148e-01
1.724431361479018543e-01
1.703411609762590651e-01
1.716102511500731953e-01
1.696601945283021939e-01
1.692292439059736309e-01
1.689378739935142870e-01
1.677614725837597853e-01
1.655760614931497121e-01
1.658201641087593270e-01
1.655965497327897551e-01
1.663937284257485938e-01
1.712642565211972556e-01
1.697071687816804342e-01
1.713430616667519502e-01
1.712363357661040031e-01
1.722906952178908102e-01
1.754187399384717905e-01
1.801074136603763864e-01
1.815635026104482075e-01
1.823969937444378242e-01
1.831743364268763330e-01
1.814574857011506392e-01
1.817493138539802155e-01
1.794760567867238754e-01
1.795442554538051461e-01
1.792971592798639491e-01
1.783391592675122317e-01
1.786522104689675094e-01
1.784803277453827497e-01
1.779305138868929603e-01
1.789376539811897149e-01
1.794271108395448788e-01
1.813745300250654280e-01
1.823316269300943315e-01
1.824412817983882551e-01
1.821855558657352880e-01
1.833340178794989062e-01
1.844783347942574869e-01
1.854586820556091142e-01
1.871334589038604890e-01
1.861421898144538234e-01
1.900803709518177065e-01
1.923094473543285887e-01
1.937450517448235654e-01
1.923352535159449650e-01
1.966431969748401176e-01
2.019745198363207539e-01
2.037648558400151355e-01
2.042554127833224598e-01
2.036095493799401912e-01
2.019146950208870750e-01
2.031507654344257008e-01
2.046369399588962856e-01
2.053606298768832772e-01
2.057562214322206651e-01
2.074781806722448829e-01
2.072317518301689809e-01
2.086398496484634102e-01
2.122438740544985714e-01
2.113946025628752334e-01
2.135713026869640874e-01
2.150562118428437919e-01
2.179793995652416494e-01
2.211456017190260026e-01
2.218729685013607622e-01
2.250450697359378249e-01
2.281793255259373099e-01
2.271784788096219421e-01
2.295279009327887698e-01
2.308987719668240679e-01
2.323764363278920664e-01
2.312305637490779664e-01
2.312757220406834457e-01
2.295028384560393042e-01
2.324753041934336795e-01
2.358654825154262169e-01
2.387286199896671568e-01
2.401380391133145775e-01
2.396296184837621024e-01
2.399264324241354163e-01
2.393121512352716640e-01
2.412092733224435459e-01
2.424522722051247747e-01
2.443777076949129601e-01
2.457775770834832729e-01
2.454718517606457873e-01
2.448393663296196676e-01
2.458631131567106665e-01
2.441039886516883917e-01
2.449757234818489005e-01
2.448994983045309770e-01
2.453242782768712826e-01
2.458075829812615964e-01
2.466731495999961998e-01
2.451125633092216816e-01
2.462025399481689303e-01
2.441531044458722932e-01
2.416536369649657789e-01
2.400165782524448788e-01
2.387496217764027706e-01
2.368550644581850773e-01
2.345337919076875000e-01
2.343909171906330691e-01
2.342799980129680881e-01
2.319573233601827655e-01
2.313609810555198598e-01
2.309861176107785852e-01
2.303554679317806608e-01
2.296870005377406321e-01
2.322339664767336942e-01
2.329101037854612311e-01
2.321141809117157895e-01
2.325534107168629461e-01
2.426459455571043644e-01
2.480957228664940062e-01
2.479765283546913335e-01
2.506129288192092130e-01
2.581940779207935743e-01
2.558933996427655289e-01
2.562694945352331222e-01
2.555916656033682677e-01
2.586321169164142453e-01
2.589255689881678757e-01
2.614130603545541942e-01
2.597362820633341007e-01
2.667549802082621047e-01
2.710684033865423115e-01
2.696265435832259083e-01
2.733635824947554527e-01
2.727437184561268269e-01
2.729060496800244651e-01
2.748596814243804975e-01
2.754288234012843284e-01
2.936213125047858474e-01
2.895373661264448173e-01
3.047743750608306601e-01
3.124766301169220051e-01
3.176914626332317249e-01
3.194356746680870329e-01
3.269035099942554923e-01
3.224153747949707327e-01
3.183566883087283750e-01
3.175075698341507935e-01
3.199698716116765040e-01
3.127093052070085144e-01
3.100039067540923399e-01
3.013371998004671926e-01
3.068863873041511869e-01
3.058122514352701327e-01
3.014920350327151555e-01
2.982443661319301165e-01
3.025748978863155303e-01
2.966915644962785925e-01
2.943921030648082304e-01
2.978441559170484920e-01
2.921794193914444282e-01
2.914841288452368340e-01
2.829957101038894640e-01
2.795236979634740382e-01
2.783628016684738249e-01
2.837628115682714891e-01
2.779581743839079078e-01
2.757040950757767006e-01
2.835353184003432392e-01
2.811668160571026420e-01
2.801764897875637095e-01
2.787415131717940198e-01
2.764418554620918789e-01
2.786490997058713170e-01
2.819203414194902946e-01
2.818981946490813351e-01
2.864750523959866402e-01
2.840997181238553715e-01
2.812031074351418747e-01
2.801796085652673018e-01
2.762182782594232999e-01
2.763450428505567769e-01
2.694881635323304603e-01
2.644576969674320432e-01
2.595412434006383884e-01
2.542007510934851111e-01
2.466227874346968718e-01
2.469193870940742663e-01
2.423293743322281202e-01
2.410749471975328906e-01
2.384838579198285957e-01
2.333093106812109963e-01
2.331555726809733664e-01
2.324465480715818266e-01
2.290553983134736016e-01
2.251195819429806511e-01
2.230104607490002999e-01
2.227735872289104690e-01
2.247642686874221363e-01
2.248212575419089865e-01
2.239275407390066697e-01
2.212173256985215386e-01
2.198698017024199869e-01
2.166581293512030715e-01
2.130466789920749116e-01
2.110138722070830641e-01
2.089092477771642420e-01
2.073784370125495435e-01
2.071936402040716052e-01
2.069081547386034114e-01
2.046569178081815987e-01
2.044612416789360065e-01
2.034649998803988724e-01
2.031948709669155750e-01
2.041511258816338104e-01
2.028035883899748926e-01
2.017058024105378433e-01
2.017785392157605273e-01
2.030506076205868260e-01
2.029092816295357260e-01
1.998006803554521205e-01
1.991394121116557003e-01
1.976118392518500522e-01
1.970775080691673231e-01
1.958604026281191568e-01
1.953172600731535591e-01
1.971348844547066437e-01
1.963756177926791746e-01
1.977875633826702007e-01
1.964933512200823518e-01
1.954743769807084919e-01
1.972273321914075339e-01
1.980833861429531773e-01
2.023797419628249050e-01
2.054791736411016034e-01
2.070920389063001799e-01
2.112773621820432102e-01
2.118195281930808638e-01
2.141726231279883208e-01
2.181081410217420580e-01
2.184386761178343239e-01
2.184791410859524552e-01
2.225585112119325137e-01
2.260359318865797496e-01
2.291500755559572611e-01
2.323202941340951622e-01
2.353219072150763425e-01
2.379456546132929506e-01
2.392892601947450015e-01
2.312412760234970055e-01
2.269846402832322863e-01
2.245846038734522765e-01
2.204206745513462573e-01
2.180136451911616757e-01
1.994645071062902120e-01
1.989432086902163666e-01
2.001840877216280179e-01
2.006075453802950992e-01
1.981915153336697710e-01
