0.0569415818
0.0642589292
0.0626797405
0.0626955923
0.0615233599
0.0534821319
0.0562361817
0.0599323939
0.0579520383
0.0566995430
0.0613113752
0.0660303873
0.0604677737
0.0586460757
0.0582293055
0.0573001467
0.0636388162
0.0669977674
0.0775774812
0.0777241556
0.0776523770
27.7166114822
27.7157151742
27.7109999506
27.7003340393
27.7102377664
27.7132784337
27.7083404792
27.7121996992
27.7128545703
27.7078311113
27.6984307497
27.6996942119
27.7086839973
27.7101151193
27.7015618584
27.7062314182
27.7076293922
27.7120652925
27.7110056867
27.7104584210
27.7144028564
27.7044888922
27.6987224154
27.6957896641
27.6637834653
27.7160710392
27.6574134911
27.7390844359
27.7411789717
27.7221454128
27.7116963789
27.6941447722
27.7174863555
27.7308157601
27.7313391242
27.7353727000
27.7321940118
27.7487574606
27.7369321668
27.7301634007
27.7351371816
27.6953202178
27.7644389399
27.6806825118
27.6801199384
27.6615065708
27.7345657099
27.7138539146
27.6555300872
27.6366324233
27.5912560532
27.5637696712
27.5377388951
27.5509868600
27.5575680221
27.5388736559
27.5325454057
27.5121755087
27.5026263349
27.4688993988
27.4511207136
27.4280228154
27.4114651246
27.3895762709
27.3816412957
27.3627226390
27.3535836959
27.3459165469
27.3356052496
27.3246215623
27.3257100698
27.3148370878
27.2995160231
27.2843207272
27.2839315976
27.2639334965
27.2426298757
27.2217942705
27.2228224621
27.2038575192
27.1863154145
27.1696903921
27.1526533084
27.1349051205
27.1218217079
27.1085228244
27.1080997274
27.0935172264
27.0792559668
27.0780353560
27.0600380819
27.0428536608
27.0248488951
27.0285709767
27.0087066775
26.9965324936
26.9742555251
26.9551058440
26.9407950029
26.9256384671
26.9085828965
26.9065215927
26.9015506570
26.8896579339
26.8908275567
26.8720854445
26.8622108153
26.8506243276
26.8473325363
26.8413100296
26.8431503949
26.8529733592
26.8658075339
26.8696285780
26.8728033303
26.8758488514
26.8705632433
26.8628595259
26.8502669531
26.8476256609
26.8489375648
26.8473815775
26.8508604132
26.8444939326
26.8580820442
26.8599267997
26.8657985577
26.8685949946
26.8678500578
26.8818201911
26.8839465419
26.8854047910
26.8821114688
26.8827931091
26.8813701298
26.8823428035
26.8880705357
26.8965974254
26.9005707051
26.9071665841
26.9093265354
26.9095944914
26.9117751095
26.9114715267
26.9111429684
26.9091524604
26.9073864759
26.9101068028
26.9157832538
26.9158431204
26.9202598121
26.9154976201
26.9241293329
26.9199801097
26.9169449004
26.9256412174
26.9252720159
26.9253222719
26.9271153471
26.9306098268
26.9405732505
26.9483988909
26.9480773154
26.9530971381
26.9562541819
26.9581969078
26.9565862975
26.9634321346
26.9754678274
26.9718604519
26.9718881318
26.9734785199
26.9811696990
27.0051223948
27.0127665695
27.0297324343
27.0331572934
27.0456046422
27.0513252160
27.0468045515
27.0556251985
27.0525961427
27.0658722225
27.0696004664
27.0849143603
27.0830374173
27.0964993620
27.1001228854
27.1013053735
27.1157301247
27.1310950612
27.1325511203
27.1519865992
27.1534001279
27.1713720008
27.1867419283
27.1866274638
27.1974161795
27.2069719404
27.2184773623
27.2222402463
27.2233313702
27.2229962531
27.2238830528
27.2304308400
27.2330169397
27.2261307147
27.2316069232
27.2305274042
27.2486921189
27.2414013332
27.1716206666
0.1632660948
0.1957513220
0.2351482873
0.2552026401
0.2913747147
0.3311275033
0.3827103616
0.4346942828
0.4643211133
0.5208393856
0.5508558387
0.5821527510
0.6168607977
0.6509280880
0.7085527172
0.7814594260
0.8800055077
0.9727965315
1.0106136779
1.0942386023
1.1407105596
1.1866331373
1.2256709091
1.3036576394
1.3508145885
1.3981831836
1.4966688152
1.5923723715
1.6270117029
1.6793095171
1.7319398505
1.7832567780
1.7834640902
1.8391276350
1.8845625646
1.9867897663
2.0957553320
2.1550847268
2.2173070927
2.3516059794
2.4167217251
2.4822985677
2.5508371774
2.6222937282
2.6232482323
2.7645861167
2.8385023085
2.9158777183
2.9855643065
3.0592692859
3.1364392831
3.1392371159
3.2115640083
3.2872760027
3.3590306395
3.4180461257
3.5429093838
3.6041408062
3.8263193681
3.9010872977
3.9528128625
3.9887153316
4.0269765155
4.0274950715
4.0626422649
4.0533997960
3.9083140016
3.7390022854
3.7550059988
3.7397597074
3.7391098270
3.7082424085
3.7330818022
3.7343579797
3.7417518052
3.7447286138
3.7454447016
3.7412874974
3.7441699518
3.7394619611
3.7398005248
3.7383703728
3.7220833811
3.7313149130
3.7361549783
3.7264220008
3.7291440413
3.7623406494
3.7415076291
3.7214679996
3.7522500430
3.7448063323
3.7470180007
3.7338977960
3.7345489395
3.7382042970
3.7349767513
3.7343678530
3.7291869408
3.7329714382
3.7332515689
3.7388349059
3.7361900265
3.7316937431
3.7300979543
3.7311317670
3.7331144174
3.7369530323
3.7331148062
3.7343604852
3.7385444259
3.7403677471
3.7426634707
3.7438942222
3.7458121848
3.7464639984
3.7470667841
3.7491138446
3.7497353421
3.7515224105
3.7555136696
