101.3247360018
101.2268397726
101.1542163273
100.8781090612
100.9938241658
101.0969491798
100.8641073696
100.8493931605
100.5237237234
100.4513839780
100.4201613361
100.4468819647
100.4121431887
100.5078761828
100.5842581138
100.5300232666
100.5080456980
100.5267855413
100.4214731691
100.5128758949
100.2631390014
100.0943097345
99.9735108700
99.8184710053
99.6461645032
99.7004430086
99.7202493866
99.8566618852
99.8996584352
99.6248157309
99.6157802338
99.5347207729
99.4586175407
99.4343635425
99.3548687453
99.3757843869
99.3223513593
99.2750825468
99.2068718412
99.1712068535
99.1235034879
99.1061322535
99.0326952299
99.0357107706
98.9900838783
98.8525353602
98.9236362425
98.8220195952
98.6812253305
98.6354009539
98.5971179788
98.5307865243
98.5900758179
98.5087393212
98.5075131365
98.4105912161
98.5228602851
98.4523884498
98.4753834029
98.4424774472
98.5017681490
98.2799571187
98.2371717524
98.1291466813
98.0847247621
97.9871784373
97.7942777137
97.8282471871
97.9910901424
97.8616791212
97.7332133937
97.8099633827
98.0613222617
97.6876003332
97.9110914909
97.3026228405
98.1535207405
