2.224809445575945677e-01
2.196724885874725974e-01
2.158226662183033995e-01
2.081530645609021846e-01
2.078270281997538771e-01
2.071374663129867955e-01
2.069208920216659697e-01
2.018835935586946739e-01
2.043332775929159462e-01
2.094938366218448145e-01
2.052574389863347226e-01
2.046431526802443834e-01
1.981844080354912829e-01
1.963026720120486790e-01
1.909374556695992708e-01
1.898199275537054143e-01
1.858963130800525276e-01
1.868286705687025318e-01
1.827773477383987655e-01
1.806327050835568881e-01
1.802727950302197568e-01
1.827604020772800597e-01
1.866183463886483818e-01
1.911089336942984607e-01
1.927292657633404849e-01
1.937689832707344684e-01
1.919498591489343930e-01
1.912768420921747980e-01
1.880913753335934357e-01
1.869548759765649326e-01
1.915099394695063129e-01
1.897574728597306859e-01
1.906970386823615693e-01
1.922313590183524212e-01
1.884990906675913513e-01
1.863001044736320444e-01
1.807577413614008255e-01
1.705021539341972647e-01
1.619803389926025017e-01
1.527658664666037280e-01
1.475191142023106194e-01
1.406833836486261757e-01
1.336247537989021794e-01
1.223470980956456455e-01
1.338310152114409457e-01
1.308702563633303562e-01
1.297636734845727113e-01
1.292219745513095985e-01
1.377457030576393071e-01
1.384285557059052596e-01
1.315278189828765765e-01
1.249119582098595360e-01
1.185345160478638582e-01
1.142571706725344360e-01
1.242247395068137722e-01
1.334385997905228327e-01
1.388473949457803835e-01
1.481958754371893727e-01
1.582636179794632281e-01
1.690956085045621227e-01
1.813270644951089638e-01
1.935018744676812730e-01
2.053375552160914830e-01
2.165702068093087740e-01
2.197023633583057578e-01
2.262378866159428792e-01
2.270596275665520136e-01
2.327379154408754092e-01
2.347946871945004454e-01
2.335127190229064065e-01
2.220150073332593788e-01
2.184999452228794103e-01
2.141655740665035501e-01
2.157918077090922315e-01
2.097545262247795528e-01
2.078566916250671748e-01
1.990016951048252380e-01
2.002115320974516277e-01
1.862412477042108827e-01
1.721487457818634548e-01
1.669887635163697370e-01
1.572207118464225006e-01
1.492110335321958636e-01
1.430759105748512228e-01
1.361663196409203247e-01
1.319293947133045874e-01
1.273138635401151464e-01
1.225105590567781427e-01
1.197755556008927996e-01
1.174743100193574585e-01
1.204034294690157353e-01
1.190974807908232735e-01
1.170920977016165626e-01
1.198367236801050756e-01
1.167117285084738748e-01
1.131711830530810758e-01
1.107276055043579788e-01
1.053764967894317978e-01
1.035525527679307944e-01
9.799306130869286924e-02
9.783373619353953610e-02
9.702307148901137546e-02
9.920500417695718443e-02
1.012300743407002906e-01
1.083523002141930647e-01
1.202817930936926211e-01
1.287188939686499112e-01
1.406373016852845714e-01
1.459774250712219390e-01
1.513741211875553605e-01
1.506199028204680823e-01
1.514632092452531109e-01
1.472319835620357897e-01
1.464083318962349500e-01
1.436963426171976033e-01
1.408362008523173503e-01
1.360318778758229652e-01
1.315387946967866983e-01
1.299298642995914688e-01
1.308409038054076656e-01
1.303742658507733021e-01
1.338908288970322991e-01
1.345906415593533523e-01
1.315562695375294411e-01
1.309954951142684731e-01
1.273653933122883553e-01
1.266568573402601094e-01
1.274021488749254305e-01
1.281009054368183464e-01
1.264058603492986543e-01
1.230893711943839425e-01
1.224309697120841006e-01
1.186541495390296130e-01
1.158283709929857214e-01
1.173668615168376589e-01
1.165101297026626959e-01
1.200668313347476313e-01
1.214390230186166292e-01
1.239290826985038202e-01
1.201685571642365780e-01
1.110318495445153236e-01
1.062715545469845035e-01
8.520484867317065780e-02
7.660849613531636737e-02
7.121412830756866652e-02
6.712412637087075695e-02
6.401393207871290680e-02
6.044146345078875437e-02
5.751318412271102382e-02
5.654271756745517935e-02
5.410382268035684311e-02
5.550767005126778370e-02
5.253154545069426556e-02
5.512550144809232749e-02
5.138529969993276686e-02
5.077942096407277173e-02
5.347942612302308135e-02
5.900645452322769713e-02
6.346502011010439481e-02
6.943439244152004031e-02
7.405727425486931248e-02
8.414973799617693484e-02
9.066848877849602306e-02
9.820574647600067986e-02
1.067657095189717409e-01
1.151566768634957744e-01
1.216155309751104086e-01
1.305197136903028798e-01
1.375064209352247768e-01
1.491460276237500382e-01
1.622862776953878094e-01
1.738811148591695999e-01
1.831396075734977036e-01
2.002840595567969839e-01
2.091440485106288161e-01
2.211913047709796187e-01
2.330341090972865292e-01
2.351829686410758513e-01
2.420962418709972919e-01
2.394419226295301517e-01
2.368543272042117342e-01
2.361587441512199848e-01
2.416621128209567038e-01
2.408384810998362713e-01
2.435552728360249608e-01
2.435036030169915044e-01
2.401190881376494834e-01
2.434151294805136923e-01
2.398306652301248620e-01
2.405290223676632144e-01
2.313839713229687012e-01
2.351075085480195670e-01
2.386406247941881276e-01
2.324966631984621279e-01
2.316747686949077456e-01
2.208335470271177992e-01
2.213017497942676159e-01
2.109845411827529493e-01
2.022436476752841883e-01
1.904214566756511073e-01
1.838127914664543783e-01
1.738894127627672870e-01
1.717134496060779281e-01
1.703916966442109993e-01
1.715823913859800820e-01
1.727426985967430439e-01
1.773995637582670704e-01
1.786041016445003293e-01
1.732528220486355686e-01
1.728313415670889031e-01
1.685332153913170761e-01
1.698792055119454636e-01
1.623916261155010921e-01
1.569867271593690661e-01
1.434371624440555493e-01
1.377330927721539811e-01
1.361287691876907069e-01
1.303754488477540940e-01
1.338231227922921651e-01
1.355086923421515432e-01
1.395775538296989693e-01
1.424869373902135916e-01
1.452184393415564267e-01
1.499383035089580096e-01
1.506674954159492319e-01
1.464746071420826579e-01
1.531614478663931023e-01
1.587581540401588609e-01
1.653674634199024662e-01
1.763530566458486049e-01
1.894258424593328327e-01
1.944872057603933557e-01
1.944773348656665124e-01
1.974716167007098122e-01
1.996944253368015121e-01
1.992543255544007852e-01
1.983600891577199654e-01
1.977938596182153286e-01
1.977579659139061807e-01
1.977250597009854449e-01
1.955089232056867465e-01
1.900772349786958582e-01
1.848226859777528097e-01
1.823426083422778898e-01
1.824859469564568681e-01
1.835188905612162302e-01
1.852377452110451628e-01
1.813751995724480759e-01
1.824439094113412541e-01
1.852016790830448567e-01
1.879471468802397793e-01
1.910609912839348334e-01
1.948308889170858038e-01
1.947792932001679300e-01
2.031703047611637114e-01
2.016221374015089163e-01
1.968855940719032305e-01
1.915644152027844160e-01
1.941120136316180633e-01
1.914445807861433480e-01
1.896378584899335307e-01
1.950127900022775307e-01
1.971929527831905726e-01
1.998511825187807567e-01
2.089913020282329892e-01
2.122327193525622713e-01
2.160679109752341176e-01
2.286436115183451134e-01
2.320152276771964839e-01
2.341939421364987173e-01
2.450985763476394297e-01
2.481229027453451530e-01
2.598433210509469293e-01
2.637615202074383158e-01
2.739719553780110561e-01
2.762841554208125272e-01
2.845457174215362262e-01
2.902101097088265469e-01
2.906295733999172404e-01
2.790953740447111309e-01
2.805538344425963504e-01
2.737471005977015204e-01
2.675642064732081660e-01
2.672852257845304558e-01
2.640345549289823124e-01
2.583823003342328728e-01
2.579478356756590984e-01
2.572487213865463085e-01
2.576057849715945314e-01
2.582893919589095422e-01
2.592389794611508758e-01
2.598355264394723307e-01
2.587252242986610717e-01
2.593048353206061085e-01
2.559123097066396957e-01
2.567271926958146211e-01
2.599402463305954813e-01
2.569683623832631492e-01
2.554149075880353115e-01
2.538740574709182352e-01
2.542169612464623696e-01
2.571792920026879092e-01
2.553195756620473822e-01
2.504264032520863159e-01
2.463067752809411370e-01
2.396751166384567255e-01
2.362828728346481888e-01
2.343880103071923349e-01
2.321133800843772355e-01
2.265389312103966990e-01
2.196723919300640204e-01
2.123368161470631232e-01
2.079858806387133996e-01
2.017986376168930951e-01
1.977801730328853924e-01
1.878768447710686407e-01
1.806012872613208253e-01
1.698338892286098134e-01
1.623070719149439789e-01
1.506951473585229906e-01
1.437182931982678713e-01
1.342481710220245761e-01
1.268055890798734098e-01
1.197428768875080096e-01
1.116027802138009201e-01
1.006811650419737192e-01
6.885527660789121651e-02
5.939837815302972945e-02
5.991634904989521365e-02
5.765590367690796858e-02
5.943401225837565555e-02
5.225134168046175615e-02
4.412102960742358276e-02
4.102872882462595128e-02
4.003088054322456041e-02
4.499104876378311885e-02
4.832521531047920954e-02
5.400504833379076580e-02
5.570581835840596185e-02
6.362018601559508990e-02
6.569168302212689825e-02
7.495350444781959109e-02
8.534210098197712868e-02
9.488591989929154313e-02
1.120051171888977043e-01
1.267056590252232384e-01
1.336217330535779679e-01
1.409912077886199822e-01
1.293743675260261294e-01
1.126481649120869705e-01
1.145972961738648682e-01
1.170587781685664824e-01
1.192482126135439163e-01
1.190656475140348530e-01
1.182141587155591672e-01
1.179916516384292291e-01
1.172249839688118550e-01
1.139991161290333510e-01
1.107019862368886082e-01
1.092416175036291098e-01
1.038996867859613982e-01
9.834313842937043859e-02
9.617856673578982496e-02
9.456993313469773399e-02
9.611664824870175261e-02
9.652961446474477014e-02
9.805681444725558582e-02
9.720630087950477005e-02
9.834339116575190054e-02
9.965125948397554612e-02
1.007113841983834357e-01
1.029306569322045867e-01
1.031441308471003210e-01
1.055306439130442447e-01
1.051057835718224448e-01
1.047742668913526076e-01
9.569829759171057104e-02
9.000185018738607323e-02
8.642830868073744788e-02
8.576938078427491507e-02
8.544788169346170803e-02
8.703676041046966294e-02
9.568563888375884730e-02
1.060330038430837007e-01
1.068386552213768936e-01
1.095965283790409917e-01
1.113666660980945633e-01
1.156252728577326222e-01
1.176690569214487447e-01
1.197266585746994821e-01
1.234829743798430274e-01
1.265452813949761168e-01
1.322856543294045895e-01
1.295851510553560348e-01
1.252461101383850750e-01
1.218773478047587844e-01
1.152286987661486350e-01
1.127358326066166538e-01
1.130732760844523066e-01
1.122629387536886042e-01
1.116311621404399573e-01
1.242276584501875308e-01
1.282068471757087103e-01
1.349261513614938013e-01
1.428655157915134921e-01
1.614192779167236691e-01
1.765281009843511495e-01
1.796308085019258927e-01
1.824169114152072169e-01
1.885217614918891227e-01
1.961097945583230029e-01
2.055526746728120191e-01
2.167953850182648967e-01
2.360467801338837768e-01
2.563705948099213594e-01
2.665583488193773443e-01
2.970322075108821624e-01
3.172447144745756398e-01
3.325764831559656076e-01
3.437684680494204059e-01
3.476672218482891874e-01
3.401881393297513934e-01
3.311498614053139389e-01
3.451927856468595679e-01
3.457877154809211873e-01
3.497568896846349196e-01
3.526122643836744341e-01
3.475501918779245192e-01
3.467708064069201512e-01
3.463876075331960291e-01
3.473728330297680689e-01
3.479756056255479679e-01
3.524550026664313163e-01
3.507671493277360608e-01
3.566294530497840509e-01
3.546878070188045351e-01
3.543029358732913692e-01
3.532052754660646166e-01
3.630542104288752570e-01
3.461054876616586617e-01
3.424995330174248065e-01
3.433607416219580100e-01
3.495184565286686973e-01
3.504758589516284162e-01
3.601525055504662953e-01
3.777417004241683252e-01
3.926886450438853426e-01
3.973313274136944240e-01
3.955586874152274834e-01
3.925998996808396924e-01
3.912759369030044398e-01
3.857285198544926352e-01
3.827455262719209883e-01
3.767076881128804677e-01
3.722035961658606285e-01
3.716335480328920582e-01
3.788836946000415096e-01
3.807193478200275871e-01
3.829963650956161869e-01
3.881164874134365728e-01
3.862401796456003678e-01
3.833795185141644635e-01
3.882520611790210019e-01
3.930995266606581162e-01
3.973990598474806957e-01
3.979429916773747911e-01
3.899533817840469263e-01
3.847589085139545007e-01
3.786284691155619164e-01
3.700412860053736708e-01
3.658490432243863277e-01
3.507881610663433070e-01
3.277352861192736611e-01
3.152444225540915745e-01
3.302726770880515805e-01
3.304935863839821297e-01
3.307460412535220828e-01
3.353512089732839652e-01
3.358295717334897623e-01
3.358851748536458848e-01
3.355241456427148217e-01
3.328244255713205257e-01
3.306160216631337523e-01
3.288744941141325540e-01
3.241540288120030033e-01
3.365442081572881938e-01
3.546767678268664681e-01
3.771476999443302836e-01
3.968952440495805423e-01
4.052106184777720110e-01
4.050561910374412267e-01
3.974157830159625315e-01
3.911167803103712814e-01
3.924590780822200808e-01
3.695654749053249311e-01
3.494458412515483170e-01
3.459971552106714809e-01
3.290366006340667004e-01
3.254779145143077423e-01
3.096711322651645726e-01
3.086159364440805297e-01
3.086763991579550281e-01
3.098574804743249866e-01
3.024472679003765152e-01
2.968983268774715856e-01
3.003885698025463569e-01
2.984469457849850960e-01
3.019774189970403366e-01
3.032966103597524721e-01
3.026419749746723231e-01
2.956466108769791323e-01
2.910122167767593138e-01
2.890156938939918985e-01
2.845291830942163758e-01
2.815851734912643289e-01
2.734019323099788346e-01
2.736542941156265840e-01
2.740452333684595954e-01
2.791438036725450988e-01
2.812351092225636728e-01
2.830576250787460446e-01
2.866870445536423562e-01
2.885018011255864323e-01
2.889932482203699804e-01
2.840104498293194446e-01
2.779462307502286733e-01
2.827280661667870842e-01
2.843506811630552855e-01
2.854747993849997556e-01
2.814820146573989712e-01
2.712659341187003692e-01
2.639023671859035414e-01
2.593748055821224474e-01
2.592735837265377485e-01
2.574885610698455785e-01
2.633492709000826437e-01
2.731611733850501378e-01
2.857047173441327192e-01
3.023947267429683561e-01
3.076981916792842497e-01
3.093336301483782247e-01
3.095714456896849764e-01
3.086988576620214308e-01
3.079366760591744079e-01
3.042980002937213380e-01
2.893319792026711745e-01
2.627154079899049477e-01
2.571712912982991317e-01
2.534313053173707364e-01
2.465374197671801604e-01
2.378300004055263206e-01
2.349389561361662215e-01
2.282839558909342814e-01
2.278104756600470848e-01
2.260794494683799061e-01
2.265707986290171339e-01
2.234039868325447542e-01
2.244572995836694174e-01
2.246605606535828914e-01
2.239122670492789680e-01
2.200995603895231356e-01
2.162132882654542454e-01
2.151566094024904841e-01
1.980953483061621556e-01
1.907393238471202512e-01
1.827730776141862912e-01
1.704858977931034691e-01
1.605062467294592343e-01
1.509780448728572921e-01
1.489574699640819622e-01
1.424862272698670662e-01
1.373895222217025036e-01
1.336155490067977292e-01
1.321349506567429111e-01
1.320793219130584895e-01
1.415275789444374044e-01
1.521715028039016260e-01
1.559653876938852102e-01
1.670710367215609282e-01
1.673148000994172935e-01
1.659010595962381873e-01
1.532654680509284995e-01
1.457647477920814560e-01
1.388714761167149647e-01
1.318709746258409921e-01
1.227786861037823279e-01
1.162291845695876680e-01
1.087633842680375412e-01
1.026474462520000769e-01
9.968605079060038898e-02
9.763121480485503767e-02
9.571678309196106349e-02
9.814315457700677203e-02
1.057477691393701041e-01
1.092368277102851865e-01
1.126004161034036971e-01
1.152882732862282045e-01
1.139546423786692991e-01
1.093885993152439035e-01
1.075700774619023220e-01
1.050778758474058827e-01
1.000924946902868873e-01
9.550605160570604935e-02
9.038121680505953326e-02
9.137046326003697705e-02
8.844788077033229057e-02
8.705158222933534473e-02
8.666963888325460164e-02
8.520203195498975146e-02
8.537425510837994003e-02
8.902865795787884284e-02
9.293174241125612411e-02
9.600765463445086467e-02
1.057693696266338856e-01
1.133986158464997535e-01
1.231101372403387573e-01
1.289962959918422858e-01
1.333639934923216419e-01
1.374372422417158013e-01
1.407026606827971038e-01
8.641110594504708420e-02
7.992527359794306119e-02
8.064798064718767256e-02
8.390773700817504011e-02
8.356056710197022619e-02
8.556906136723509138e-02
8.777118867248122347e-02
9.284091234311436791e-02
9.951701163723038202e-02
9.974669932746044188e-02
9.878903624392902649e-02
9.669464989079902539e-02
8.847832026587028331e-02
8.245717068842596531e-02
7.830227091130838313e-02
7.605590631086422970e-02
7.464185404009794633e-02
7.402791799584243493e-02
7.764440006594366950e-02
7.274105743865251494e-02
6.900294412417312673e-02
6.369886082796366589e-02
5.720115012317287390e-02
5.652191708844930829e-02
5.445389867439610204e-02
4.699495862029718501e-02
4.604268918068125244e-02
4.713869734162107195e-02
5.049779456752823831e-02
5.732263754570292302e-02
6.411448824933239921e-02
7.138632311811762832e-02
8.735822323740800865e-02
9.757995841411216953e-02
9.772202238379050498e-02
1.032420588947090406e-01
1.088811348827702086e-01
1.065887025113316372e-01
1.042049325311396324e-01
1.033739468151130825e-01
1.066294591511037504e-01
1.108490573530040851e-01
1.128155268926968879e-01
1.140206767589891645e-01
1.151599456867816451e-01
1.132978324552065957e-01
1.123162806765615196e-01
1.119724042848192908e-01
1.158125242875375355e-01
1.165200234360970616e-01
1.095289071796607255e-01
1.046390417320141181e-01
1.046627863284592813e-01
1.083126658231019779e-01
1.111283393848830209e-01
1.135717560210099675e-01
1.160059394999223142e-01
1.148620329915613913e-01
1.127079047451969990e-01
1.154726305130937686e-01
1.156561275911915793e-01
1.130814061760841288e-01
1.114396022723809915e-01
1.132985044038627986e-01
1.142368094807508089e-01
1.110727009268648730e-01
1.076910900247277925e-01
1.056885610723465735e-01
1.014659932118650715e-01
9.603369540997354348e-02
8.832635326582953528e-02
8.209893532099547808e-02
7.558354765891495131e-02
7.572943481163339763e-02
7.341323526261958610e-02
6.937670038333332290e-02
7.039093435967556933e-02
7.410641418576223438e-02
8.518868232857373934e-02
9.452895327818623683e-02
1.068278564680471554e-01
1.154544909556293464e-01
1.163103384308084298e-01
1.161565413347116910e-01
1.228111561128685386e-01
1.228913794347032268e-01
1.328728334651382015e-01
1.361055645987776508e-01
1.489497080356660952e-01
1.512342948341077187e-01
1.649824295324881507e-01
1.680774537837239346e-01
1.817673901342584386e-01
1.832184423967713749e-01
1.837508059817934969e-01
1.839798302830512600e-01
1.963143337568348523e-01
1.948952137980362320e-01
2.070834724684085804e-01
2.229796409693292347e-01
2.374567796360706751e-01
2.521323796219716029e-01
2.551136239816746976e-01
2.729486835222389995e-01
2.764877563803546101e-01
2.912959729460096181e-01
2.908923311744222029e-01
3.053052569909586178e-01
3.176118863322133223e-01
3.172965669194352523e-01
3.164184374678806755e-01
3.239994258662808879e-01
3.303968716570706010e-01
3.386397993550773200e-01
3.307625303802281258e-01
3.277716615591537153e-01
3.246833546457211783e-01
2.968484650971054961e-01
2.940405783337979306e-01
2.741451862799978989e-01
2.668206691428314237e-01
2.565259395777880203e-01
2.499121177909519043e-01
2.442622210191842669e-01
2.490299316371923644e-01
2.557524936140428418e-01
2.745125042114008318e-01
2.751292035526024526e-01
2.761142616322777021e-01
2.747619685312388538e-01
2.786590396866961417e-01
2.679793716959458227e-01
2.610897234585886628e-01
2.477926234240540038e-01
2.491246559230720359e-01
2.507679595737397626e-01
2.479014913522654961e-01
2.454331888723941257e-01
2.447836283222600551e-01
2.513330285969532230e-01
2.547581287180901155e-01
2.580506428676859754e-01
2.614098092154825137e-01
2.645848875624922658e-01
2.666846969083243035e-01
2.679181857730357774e-01
2.683990764459630585e-01
2.680011656605842396e-01
2.656749541422100402e-01
2.622836148994155403e-01
2.581259374680577867e-01
2.542007125913366417e-01
2.521386732426032506e-01
2.521907424360524397e-01
2.624947704037528529e-01
2.692959308042189304e-01
