0.0174814008
0.1192005467
0.0814889537
0.0916108388
0.0480384945
0.1056294078
0.0784086365
0.0559398629
0.0609255915
0.0411724141
0.0359444097
0.0502794822
0.0430189740
0.0509541733
0.0490039551
0.0381257646
0.0417735276
0.0482888050
0.0486381630
0.0337305313
0.0369441868
0.0293146072
0.0228139340
0.0248661594
0.0303687996
0.0247542020
0.0269551524
0.0276467301
0.0277931650
0.0287105936
0.0305289390
0.0287068490
0.0253617059
0.0283202331
0.0303640343
0.0261409575
0.0263280846
0.0262660148
0.0294834717
0.0319356628
0.0327206107
0.0318602671
0.0337088345
0.0316334084
0.0399386964
0.0396286666
0.0444948492
0.0420176466
0.0402919853
0.0363472981
0.0323062583
0.0365641080
0.0378552469
0.0271309646
0.0298052393
0.0309646374
0.0298782344
0.0278506489
0.0268211156
0.0268404220
0.0286665765
0.0247986969
0.0239288826
0.0228435320
0.0219175813
0.0199865280
0.0209031994
0.0206038904
0.0269782164
0.0234209648
0.0272944558
0.0270604633
0.0250356817
0.0247730496
0.0236762929
0.0258808453
0.0175002575
0.0263394267
0.0226594223
0.0251088892
0.0215486762
0.0174223199
0.0249226397
0.0237930989
0.0232245973
0.0236673942
0.0205103449
0.0180410390
0.0139408051
0.0138074852
0.0160549585
0.0163402090
0.0186203059
0.0225029426
0.0211264236
0.0177289741
0.0178460496
0.0248315777
0.0239788957
0.0210424101
0.0240328943
0.0240441384
0.0258876449
0.0290830780
0.0338882240
0.0349422725
0.0359335277
0.0375763815
0.0341981402
0.0338631885
0.0349680574
0.0312720265
0.0321228950
0.0317399902
0.0286149261
0.0309927380
0.0291906378
0.0313948858
0.0299079384
0.0320210210
0.0326216809
0.0330856588
0.0343512285
0.0325108892
0.0307783288
0.0317923553
0.0318715358
0.0322330167
0.0368004152
0.0352166691
0.0378573623
0.0374824311
0.0335797874
0.0302290513
0.0357791342
0.0392035261
0.0308321963
0.0263899800
0.0247836413
0.0358532994
0.0350473451
0.0399273170
0.0413814635
0.0457283201
0.0466629994
0.0467290872
0.0443948020
0.0374111765
0.0382615742
0.0337095764
0.0341116543
0.0356103894
0.0347468968
0.0302617409
0.0295300300
0.0295058847
0.0286255299
0.0319757025
0.0346938030
0.0332902531
0.0389645233
0.0416558342
0.0401130731
0.0391621645
0.0368932436
0.0343388036
0.0303194318
0.0316830073
0.0282526894
0.0310193475
0.0348795544
0.0375080594
0.0392093998
0.0318211535
0.0289466131
0.0330676786
0.0367600825
0.0368671430
0.0393928393
0.0414476890
0.0435193107
0.0434231439
0.0478898756
0.0441795657
0.0529403325
0.0589747833
0.0559091887
0.0571380502
0.0524713691
0.0502655380
0.0535401390
0.0516762788
0.0483923427
0.0516371113
0.0515448219
0.0553089982
0.0562857868
0.0535437672
0.0496350728
0.0422958977
0.0410747319
0.0464652179
0.0506018355
0.0512486685
0.0550846133
0.0491819405
0.0438525385
0.0411793377
0.0399636539
0.0433302744
0.0495320577
0.0488694885
0.0478101601
0.0509493453
0.0546283214
0.0503461843
0.0503959730
0.0476547511
0.0460648530
0.0431636513
0.0455020476
0.0419556920
0.0444894218
0.0456592548
0.0461429010
0.0488997944
0.0464166238
0.0459354776
0.0468572770
0.0470681495
0.0474366714
0.0466158737
0.0463686691
0.0459012347
0.0453052364
0.0438948599
0.0444147314
0.0415885759
0.0422576780
0.0420991185
0.0379027882
0.0349148308
0.0346830813
0.0336781315
0.0315543043
0.0298455342
0.0261975846
0.0272871038
0.0239612460
0.0241050631
0.0236894859
0.0255296243
0.0276340949
0.0282302278
0.0327406451
0.0339595179
0.0360318578
0.0363061364
0.0371384157
0.0437180181
0.0463998089
0.0440379030
0.0464285377
0.0460150030
0.0485611527
0.0539576984
0.0523323333
0.0529711082
0.0596224307
0.0558195519
0.0570355517
0.0546290544
0.0467330484
0.0401204442
0.0404372824
0.0395476151
0.0416195580
0.0394308270
0.0410734049
0.0423016790
0.0340064051
0.0306311278
0.0318874726
0.0346909886
0.0332554343
0.0346524956
0.0362122790
0.0409751499
0.0416594252
0.0432209932
0.0427641315
0.0480390928
0.0646369977
0.0581865266
0.0571589839
0.0601381711
0.0616136067
0.0518518508
0.0663965814
0.0524764144
0.0629962003
0.0541506421
0.0441658242
0.0478467710
0.0545495905
0.0582303090
0.0562310426
0.0484777011
0.0512574448
0.0479446903
0.0518613286
0.0583578662
0.0558068945
0.0548655101
0.0615783890
0.0558286367
0.0515147565
0.0532758628
0.0442368640
0.0501318204
0.0526116924
0.0529482972
0.0533898161
0.0504250349
0.0463543141
0.0473613871
0.0397268208
0.0382592750
0.0458335842
0.0477580054
0.0460258490
0.0468317492
0.0465080643
0.0599527137
0.0583743635
0.0556578191
0.0500665014
0.0444935680
0.0492289673
0.0486463956
0.0500376733
0.0541616887
0.0529593167
0.0431628176
0.0517011731
0.0465147705
0.0473964029
0.0551662186
0.0593652875
0.0596381490
0.0481894947
0.0500934600
0.0372401423
0.0332856510
0.0334466818
0.0430113146
0.0372215901
0.0329218146
0.0331499826
0.0222509836
0.0190665709
0.0180619989
0.0205712695
0.0197399761
0.0193664662
0.0291266646
0.0291794341
0.0296794049
0.0213384691
0.0145758431
0.0155656038
0.0224536551
0.0314748689
0.0313642434
0.0241162061
0.0243656708
0.0260852408
0.0290274586
0.0243032684
0.0281956592
0.0260261562
0.0227468434
0.0262357737
0.0289749058
0.0358319806
0.0240040633
0.0214053006
0.0186982177
0.0282124749
0.0161777879
0.0170198534
0.0223292754
0.0190258827
0.0233782381
0.0226343433
0.0209833271
0.0269810778
0.0356784970
0.0384746442
0.0344524836
0.0302814254
0.0292627220
0.0280009400
0.0291259548
0.0283378916
0.0286557406
0.0266474623
0.0277999807
0.0288952781
0.0270868776
0.0243550153
0.0223681392
0.0196061895
0.0200427710
0.0215859825
0.0225751676
0.0250518423
0.0239752664
0.0249783336
0.0219748538
0.0214990724
0.0197841782
0.0238965005
0.0228847244
0.0209701911
0.0207266217
0.0206320972
0.0172517308
0.0147512000
0.0153349159
0.0117383183
0.0112944340
0.0188230177
0.0222634260
0.0139647745
0.0151974643
7.0123941459
7.0344336999
7.0445183714
7.0238424713
7.0281383831
7.0215719837
7.0302251466
7.0309472563
7.0179340567
7.0361566371
7.0355106977
7.0332862846
7.0192001918
7.0197770316
7.0233084818
7.0204315737
7.0164959959
7.0170420905
7.0143086640
7.0184993724
7.0167497647
7.0143469752
7.0115154805
7.0134727735
7.0135999586
7.0126855719
7.0064779313
7.0089076156
7.0181218103
7.0247657537
7.0224017732
7.0201640799
7.0133905324
7.0296637861
7.0347635700
7.0471110772
7.0075082583
7.0125358594
6.9985201226
7.0045158885
7.0190850959
7.0067094518
7.0245371277
7.0129180956
7.0048973655
7.0077396772
6.9966355895
6.9874913622
6.9764529355
6.9656446216
6.9688230004
6.9683200616
6.9713585143
6.9583045368
6.9594200695
6.9672114812
6.9470153849
6.9408419906
6.9449657282
6.9451288600
6.9383603340
6.9351162010
6.9343306110
6.9300648130
6.9308228126
6.9266408624
6.9227476325
6.9266771216
6.9291186042
6.9237239100
6.9187064137
6.9247996277
6.9208686877
6.9135995191
6.9056608245
6.8964195347
6.8979941271
6.8980530184
6.8950766342
6.8939407921
6.8898482583
6.8900701843
6.8835096595
6.8849604803
6.8688713913
6.8657456210
6.8661297435
6.8652371588
6.8669104866
6.8656151189
6.8624140650
6.8621738533
6.8566026785
6.8582727946
6.8582139333
6.8508717441
6.8488768525
6.8418828197
6.8388457668
6.8377747994
6.8403771736
6.8328564023
6.8373340935
6.8388131599
6.8327723922
6.8322640133
6.8266425274
6.8229365749
6.8155998233
6.8151240096
6.8059677651
6.8030966257
6.8055072845
6.8052088907
6.8059266222
6.8081804522
6.8076579012
6.8031106148
6.8022386817
6.8053884123
6.8056493366
6.8004085238
6.8003978648
6.8002210468
6.7942717579
6.7964872493
6.8003487709
6.7948907446
6.7964383604
6.7941114521
6.7922741310
6.7929175995
6.7949792744
6.7952492676
6.7949585303
6.7946677115
6.7920002148
6.7939454722
6.7948145389
6.7926350550
6.7931281181
6.7916838520
6.7908568165
6.7917504293
6.7848963909
6.7893533637
6.7870425085
6.7877490744
6.7846884763
6.7886629466
6.7825215100
6.7818376345
6.7836064904
6.7891008634
6.7858371283
6.7861410403
6.7873821536
6.7856232229
6.7851724824
6.7843521235
6.7869183295
6.7922541378
6.7902998334
6.7919933259
6.7948988105
6.7915993429
6.7899665416
6.7883724138
6.7872540810
6.7863611531
6.7848740521
6.7848160974
6.7851780277
6.7806871669
6.7806517148
6.7869825439
6.7861970811
6.7873226597
6.7877596363
6.7872106078
6.7867346361
6.7889039150
6.7860986770
6.7846854609
6.7856024989
6.7853696513
6.7887762809
6.7884842756
6.7881977736
6.7899069507
6.7891039864
6.7861874305
6.7838795439
6.7875379707
6.7875701500
6.7937020237
6.7966109046
6.7974366443
6.7967536874
6.7961336582
6.7947618434
6.7927639069
6.7945437688
6.7959855979
6.7964917316
6.7958499156
6.7916245042
6.7911413011
6.7805335553
6.7795777524
6.7772065809
6.7740059358
6.7759150892
6.7761871948
6.7761726410
6.7746224866
6.7741673818
6.7736620441
6.7737904303
6.7736130374
6.7724515003
6.7728039602
6.7750859240
6.7740403370
6.7771202766
6.7771745057
6.7749561800
6.7719974114
6.7724040459
6.7730697383
6.7751204544
6.7762716336
6.7789953631
6.7794242340
6.7822998238
6.7768184652
6.7768565491
6.7770315687
6.7776177478
6.7734769224
6.7702606836
6.7706264943
6.7683389116
6.7685495212
6.7656044135
6.7628102642
6.7644713426
6.7637108625
6.7637554159
6.7642143437
6.7632990437
6.7619280075
6.7619863983
6.7619548937
6.7590520135
6.7620308905
6.7616808404
6.7606491261
6.7616968090
6.7620664150
6.7619558246
6.7623712474
6.7622762453
6.7592178258
6.7593604452
6.7570266051
6.7553710674
6.7614674040
6.7606615057
6.7590247829
6.7595057897
6.7659924189
6.7737908371
6.7730263628
6.7733741764
6.7748027782
6.7727425114
6.7710203335
6.7721338317
6.7678851067
6.7692513757
6.7644341511
6.7669511848
6.7707433848
6.7691245061
6.7668850928
6.7680307656
6.7675783634
6.7685972779
6.7681828820
6.7660855277
6.7650110977
6.7606639674
6.7560522273
6.7567738931
6.7580104790
6.7555422632
6.7544204404
6.7505585946
6.7505580609
6.7489180709
6.7477791095
6.7460312757
6.7470849928
6.7485205654
6.7510464151
6.7511339770
6.7506406692
6.7542921193
6.7564252888
6.7599621154
6.7594367699
6.7575699472
6.7557246025
6.7553573407
6.7522862957
6.7560606116
6.7544877279
6.7542369709
6.7534066002
6.7539516090
6.7511819075
6.7426085750
6.7435929588
6.7401726311
6.7375178736
6.7365549550
6.7352296627
6.7385245395
6.7338462452
6.7340595534
6.7284549660
6.7332906642
6.7345000586
6.7384830638
6.7416358555
6.7371025823
6.7371953171
6.7427559368
6.7402667398
6.7423323140
6.7406193573
6.7423096986
6.7404169189
6.7314825211
6.7298089705
6.7298959607
6.7284325951
6.7269492085
6.7283764071
6.7294796216
6.7335202179
6.7343211399
6.7342195640
6.7344679430
6.7291136951
6.7288957737
6.7303440499
6.7275939455
6.7301400853
6.7268906906
6.7303393655
6.7232395129
6.7208719850
6.7205929341
6.7191600048
6.7082950457
6.7085437775
6.7105059059
6.7127700754
6.7170357831
6.7168719044
6.7141959785
6.7236706996
6.7247383627
6.7181228442
6.7156293989
6.7276527211
6.7239579331
6.7335129677
6.7424362570
6.7423344623
6.7291324855
6.7333708507
6.7390583907
6.7419838379
6.7576490439
6.7697191900
6.7681857715
6.7656869216
6.7731703012
6.7662315869
6.7708627492
6.7776053817
6.7908841161
6.7939771698
6.7970260833
6.8153136065
6.8132715579
6.8076587416
6.8049735322
6.8092772496
6.8126944183
6.8190608203
6.8244196873
6.8310546666
6.8362266918
6.8373752962
6.8481989226
6.8497089543
6.8455127788
6.8592102340
6.8614529074
6.8698111827
6.8676164079
6.8625034590
6.8725470334
6.8581939899
0.0538863337
0.0494411869
0.0517272110
0.0439883744
0.0529745368
0.0551947509
0.0696792165
0.0540454365
0.0763750379
0.0713830811
0.1092202744
0.1194916524
0.0680877751
0.0680629678
0.0638054035
0.0526675189
0.0801416888
0.0569094226
0.0482339761
0.0433197267
0.0450348034
0.0465602343
0.0547114067
0.0547565563
0.0558248138
0.0517490831
0.0390601723
0.0369951786
0.0351969261
0.0378228939
0.0340275379
0.0387580926
0.0479457966
0.0407489789
0.0457761791
0.0508428636
0.0555180897
0.0609710465
0.0502904492
0.0420202218
0.0371065310
0.0346815994
0.0336366086
0.0416037758
0.0338268543
0.0397220551
0.0409447627
0.0307847941
0.0379390479
0.0322867710
0.0419607849
0.0430926259
0.0422699756
0.0431538238
0.0400496715
0.0432740649
0.0387541201
0.0426634196
0.0465589108
0.0462842820
0.0509578387
0.0555453518
0.0573277038
0.0529560387
0.0445001681
0.0416177816
0.0494917412
0.0476355900
0.0516346010
0.0446431595
0.0436271289
0.0447819533
0.0433260290
0.0411286058
0.0384705264
0.0353794185
0.0295868022
0.0349418488
0.0337445882
0.0391996414
0.0383676878
0.0332518083
0.0289085057
0.0271259096
0.0276518437
0.0310566279
0.0409482087
0.0463239999
0.0409131643
0.0480265151
0.0499576344
0.0427553125
0.0433484306
0.0429025670
0.0406195380
0.0421204202
0.0422180712
0.0425716556
0.0419951105
0.0318384554
0.0250599234
0.0225671185
0.0396434244
0.0341546051
0.0388484688
0.0259249831
0.0210176422
0.0337903376
0.0425457618
0.0559467580
0.0577479031
0.2047875152
0.0358022854
0.1345633796
0.0396838401
0.0415465358
0.0466004677
0.0431711863
0.0464242520
0.0317455545
0.0236291856
0.0206375639
0.0344831233
0.0235020936
0.0152898187
0.0235924574
0.0245427036
0.0246525570
0.0251323842
0.0280473288
0.0378215183
0.0442237757
0.0461519958
0.0489829217
0.0587292572
0.0575121147
0.0581640839
0.0605765854
0.0589901345
0.0552857347
0.0569029757
0.0512251361
0.0491811902
0.0467876627
0.0451703749
0.0456105983
0.0432895121
0.0458207618
0.0417343374
0.0359788617
0.0277944580
0.0271540378
0.0219743208
0.0277457636
0.0293970222
0.0384175140
0.0360845367
0.0260705773
0.0253076035
0.0244844108
0.0262863627
0.0185766280
0.0221119832
0.0073362321
0.0260842011
0.0184292392
0.0308362567
0.0325529483
0.0442869816
0.0362981678
0.0353972229
0.0390481856
0.0424540375
0.0311310337
0.0302989331
0.0329482812
0.0292316376
0.0315842531
0.0244930131
0.0333647067
0.0290136525
0.0295441893
0.0305681120
0.0299107542
0.0280819848
0.0248386823
0.0264791912
0.0246470811
0.0249066192
0.0255394655
0.0285167152
0.0315502653
0.0297805322
0.0313123034
0.0274374708
0.0245734050
0.0200981134
0.0241392358
0.0236524534
0.0214687983
0.0235377452
0.0189492046
0.0192220407
0.0246801028
0.0199499872
0.0210939347
0.0232035722
0.0207650743
0.0207716239
0.0236513783
0.0142968698
0.0151693267
0.0200393051
0.0248743330
0.0186051649
0.0184955774
0.0189363399
0.0161118258
0.0111904427
0.0124981856
0.0048222657
0.0080953294
0.0052561070
0.0057924340
0.0132999852
0.0067274036
0.0115050881
0.0076389263
0.0084254851
0.0124584705
0.0186251084
0.0239304195
0.0261678225
0.0159278489
0.0173979671
0.0125540432
0.0084301929
0.0081324173
0.0098370680
0.0095295070
0.0094191758
0.0102849038
0.0101521767
0.0077642191
0.0094772316
0.0109314756
0.0054396866
0.0089916459
0.0098548370
0.0153326949
0.0231260636
0.0222393473
0.0180759686
0.0198832479
0.0137906588
0.0183500120
0.0139506082
0.0168549164
0.0149890367
0.0150820818
0.0126616505
0.0105445144
0.0079172510
0.0100313444
0.0154043401
0.0115257860
0.0088626097
0.0115111542
0.0154223611
0.0114455108
0.0116235692
0.0084971930
0.0110303091
0.0144420417
0.0125875809
0.0155434971
0.0162205634
0.0132065070
0.0122986248
0.0104912428
0.0152574639
0.0150807903
0.0129268191
0.0105498987
0.0113464251
0.0164097066
0.0200484732
0.0190731312
0.0243226412
0.0324984772
0.0331098177
0.0284686615
0.0284726422
0.0244761952
0.0206001342
0.0234694036
0.0273149765
0.0288426052
0.0279572439
0.0214409991
0.0239199170
0.0215311385
0.0223662633
0.0251998260
0.0168826312
0.0174935154
0.0104409384
0.0169544432
0.0249358473
0.0185769812
0.0150765249
0.0150138609
0.0065385009
0.0114859039
0.0095669753
0.0077640547
0.0111456451
0.0101183386
0.0107965392
0.0066433389
0.0078194707
0.0083917305
0.0074031712
0.0137082300
0.0111363798
0.0083561277
0.0094953897
0.0191496048
0.0209227895
0.0247930690
0.0235918193
0.0279379190
0.0255066218
0.0283163534
0.0294175150
0.0234153044
0.0228663833
0.0202039601
0.0211068024
0.0224225518
0.0271212480
0.0208260915
0.0194712349
0.0228001602
0.0197299337
0.0232069764
0.0182293520
0.0122442020
0.0126494879
0.0122566084
0.0186348504
0.0225000201
0.0162127644
0.0154545534
0.0144639080
0.0153735570
0.0169793125
0.0155564626
0.0144740891
0.0135324657
0.0121411125
0.0140022166
0.0215111831
0.0145512350
0.0155023285
0.0142133124
0.0175436534
0.0092925142
0.0083587742
0.0033108129
0.0142759593
0.0146440038
0.0234996122
0.0249675462
0.0227673447
0.0213456837
0.0235509372
0.0247331801
0.0250205676
0.0223256169
0.0203635517
0.0181621647
0.0161449711
0.0182738434
0.0243229022
0.0289160005
0.0301626160
0.0215164483
0.0214291357
0.0190822505
0.0211188071
0.0170777137
0.0187958654
0.0188879358
0.0192526481
0.0195315300
0.0204097506
0.0277637125
0.0313737528
0.0309602858
0.0324600873
0.0336637749
0.0338389117
0.0343770206
0.0299150649
0.0336326474
0.0315497091
0.0262989528
0.0225445953
0.0210903809
0.0154362067
0.0146879674
0.0208250857
0.0217801386
0.0248643302
0.0297718126
0.0283363470
0.0275677935
0.0222880994
0.0145220237
0.0140464552
0.0207770879
0.0221165757
0.0186700023
0.0129977470
0.0125688069
0.0135734410
0.0171165121
0.0148191057
0.0089659318
0.0144007913
0.0182649482
0.0190092689
0.0226723197
0.0169521713
0.0186111194
0.0254918358
0.0339019245
0.0295088141
0.0272646386
0.0312766903
0.0311972502
0.0272748578
0.0252417578
0.0204947008
0.0115809929
0.0161093954
0.0179842106
0.0110258213
0.0116299599
0.0376233415
0.0442757462
0.0435324441
0.0444018490
0.0408608622
0.0423020880
0.0369760485
0.0426741324
0.0487130575
0.0504664952
0.0337668472
0.0509206192
0.0619308600
0.0617603978
0.0603165928
0.0607776476
0.0653590107
0.0598077118
0.0566264450
0.0568377789
0.0496689176
0.0554101958
0.0545285527
0.0548109954
0.0470453582
0.0470778333
0.0415603841
0.0438858353
0.0386311404
0.0411749917
0.0408976804
0.0431757026
0.0381928646
0.0380473220
0.0350603136
0.0367892776
0.0322431439
0.0359186563
0.0350801337
0.0295883263
0.0262994337
0.0276918997
0.0336311400
0.0335003114
0.0382337030
0.0308233625
0.0354266886
0.0399428043
0.0401301903
0.0458523098
0.0430185445
0.0476614963
0.0473279067
0.0533615317
0.0476220261
0.0412828376
0.0302121119
0.0352349240
0.0430882183
0.0510352228
0.0563899593
0.0443917849
0.0505520734
0.0469753304
0.0503918920
0.0387311631
0.0357095660
0.0471175550
0.0513251964
0.1991346567
0.1828048995
0.0971077126
0.0647553165
0.0515063393
0.0545429314
0.0497908650
0.0422637467
0.0446275639
0.0319266427
0.0350509159
0.0330433303
0.0371020295
0.0406916804
0.0432569075
0.0462571617
0.0391246055
0.0414487555
0.0392669819
0.0392534118
0.0365830278
0.0345629855
0.0396043387
0.0466345724
0.0449108247
0.0375629988
0.0345708199
0.0384250907
0.0387491226
0.0388687014
0.0368249287
0.0428918116
0.0503702625
0.0518279585
0.0529880548
0.0533823196
0.0318476304
0.0279197278
0.0269113315
0.0354508711
0.0437664507
0.0391360201
0.0471212318
0.0565615595
0.0509177050
0.0558270761
0.0639013633
0.0315358006
0.0282011888
0.0417765611
0.0399006091
0.0407198935
0.0573571242
0.0547788038
0.0526723373
0.0497584892
0.0483431402
0.0610726126
0.0453634335
0.0503703276
0.0595451554
0.0438003351
0.0526849196
0.0496958121
0.0410098569
0.0449683210
0.0438523744
0.0446821053
0.0444123490
0.0373144588
0.0493022734
0.0492022684
0.0479694842
0.0592164389
0.0563406873
0.0515772960
0.0555247466
0.0487907461
0.0511106432
0.0509316309
0.0451475835
0.0475123887
0.0501122255
0.0484799510
0.0503973758
0.0440262030
0.0448476985
0.0468667448
0.0455702536
0.0468833182
0.0450334891
0.0483198358
0.0460600720
0.0417354249
0.0501840308
0.0524409210
0.0449761567
0.0499526129
0.0505762079
0.0524276349
0.0521472069
0.0544668734
0.0576765038
0.0559030443
0.0544940404
0.0515565003
0.0528771226
0.0558171898
0.0559351589
0.0546812879
0.0527400483
0.0498530628
0.0464225630
0.0492814490
0.0495553832
0.0503340529
0.0509803952
0.0496193585
0.0481338370
