0.5703816136
0.5760781206
0.5715232105
0.5654823071
0.5507327203
0.5436233932
0.5360574403
0.5379405849
0.5187480620
0.5144193643
0.5144900457
0.5188342940
0.5197916242
0.5260413422
0.5262230986
0.5259730146
0.5252406910
0.5176687040
0.5168986676
0.5143220414
0.5176011334
0.5164041310
0.5028491077
0.5039692017
0.5052551427
0.5079148602
0.5054228827
0.4962552133
0.4936003145
0.4909200141
0.4772753260
0.4755219486
0.4674921400
0.4662639234
0.4606598162
0.4602013736
0.4599121862
0.4559081009
0.4570345143
0.4573510020
0.4603612050
0.4648293660
0.4726098242
0.4775579952
0.4735756001
0.4717659826
0.4676548941
0.4684914307
0.4688549054
0.4675403273
0.4686879995
0.4733319521
0.4806279858
0.4884596282
0.5003722908
0.5091586246
0.5206887363
0.5287665697
0.5407940431
0.5472285741
0.5562952607
0.5623405250
0.5670766602
0.5711138234
0.5782849368
0.5847725163
0.5923392415
0.5985781822
0.6023055023
0.6063043093
0.6175384816
0.6246898626
0.6313620428
0.6371874253
0.6424041853
0.6491352735
0.6508630331
0.6517929836
0.6506324500
0.6487778486
0.6450076808
0.6411848743
0.6383881341
0.6357882832
0.6328210139
0.6313286690
0.6290627671
0.6275312006
0.6260469111
0.6241533970
0.6226595428
0.6210799598
0.6194354084
0.6180716241
0.6162015438
0.6145287545
0.6127617511
0.6114410394
0.6099667079
0.6090247582
0.6079220651
0.6068940839
0.6053952977
0.6042820929
0.6033771195
0.6018427332
0.6007622946
0.6010139657
0.6009296946
0.5997755138
0.5986042171
0.5979195946
0.5970138681
0.5956790977
0.5946557782
0.5943605327
0.5948574811
0.5945956035
0.5940622412
0.5932942947
0.5927307480
0.5928309772
0.5930837115
0.5933242323
0.5934597464
0.5932202735
0.5932517872
0.5938079556
0.5942798102
0.5944089756
0.5943330446
0.5946262335
0.5946340640
0.5951657904
0.5956511981
0.5962981851
0.5968444673
0.5970114333
0.5974296081
0.5982507378
0.5989607689
0.5993866782
0.5997628920
0.5995550146
0.5991519218
0.5999168892
0.6004337409
0.6001867459
0.5998466861
0.6013262125
0.6014883868
0.6014386032
0.6015161046
0.6017109328
0.6015456548
0.6014351782
0.6007838102
0.6005470054
0.5996307278
0.6014360433
0.6015022133
0.6009940360
0.6010142144
0.6062548601
0.6056398652
0.6047825422
0.6031645508
0.6003262707
0.6004146120
0.6009136448
0.5991311954
0.5983683746
0.5962079299
0.5946856198
0.5892872521
0.5870116719
0.5870330281
0.5845423856
0.5778014844
0.5778594994
0.5767135739
0.5745291245
0.5741525906
0.5739233715
0.5688350439
0.5665727381
0.5679898631
0.5697028525
0.5713418327
0.5738763134
0.5762390095
0.5772992156
0.5763029459
0.5720006096
0.5645671472
0.5518703070
0.5390328315
0.5228021236
0.5095400457
0.4909011705
0.4763369524
0.4637362620
0.4505471073
0.4390755834
0.4262680412
0.4162084218
0.4056607096
0.3960736976
0.3876401746
0.3804083953
0.3724967075
0.3664201294
0.3647816623
0.3618154736
0.3571733629
0.3536784090
0.3490046609
0.3449288831
0.3427414606
0.3404262006
0.3355122278
0.3332037507
0.3271971233
0.3212597906
0.3091616211
0.3051143453
0.2984762284
0.2907706502
0.2852151994
0.2816660862
0.2807053597
0.2767889276
0.2758040665
0.2747318605
0.2757507663
0.2789706296
0.2813435499
0.2878104578
0.2901514383
0.2932532784
0.2977165478
0.2968771385
0.2944891330
0.2943994127
0.2892169159
0.2896265491
0.2858279260
0.2866047431
0.2892137133
0.2883752401
0.2880023195
0.2789413612
0.2635667561
0.2515172237
0.2436094867
0.2394638694
0.2357082670
0.2288224052
0.2272369080
0.2195610463
0.2159572264
0.2063021547
0.1992859774
0.1927784409
0.1811177576
0.1759521456
0.1682476710
0.1644868889
0.1632500326
0.1643563779
0.1662812784
0.1690886362
0.1688863243
0.1654111002
0.1582466899
0.1534372887
0.1446879261
0.1391140114
0.1317035333
0.1299804219
0.1232410306
0.1269928796
0.1226740866
0.1297918321
0.1350448483
0.1443323195
0.1506373090
0.1497105082
0.1517720176
0.1532131201
0.1517958825
0.1508765449
0.1490358346
0.1431405138
0.1395187404
0.1360957040
0.1322159519
0.1297135582
0.1275352577
0.1245482823
0.1208058785
0.1223005703
0.1170330163
0.1182895198
0.1142879941
0.1182247690
0.1136938651
0.1135332158
0.1016314234
0.0994802332
0.0890331518
0.0830403307
0.0757154195
0.0693348484
0.0672589358
0.0620409406
0.0583805871
0.0536705439
0.0538356472
0.0489266991
0.0438947209
0.0445458484
0.0408504949
0.0437361873
0.0470948958
0.0542174171
0.0572251303
0.0637712664
0.0661665462
0.0664917854
0.0636418286
0.0641856796
0.0605274147
0.0592448692
0.0523540207
0.0555370420
0.0674430238
0.0669111143
0.0641257367
0.0628105047
0.0632417686
0.0624575271
0.0631136605
0.0632410215
0.0627907171
0.0642971948
0.0666380989
0.0700461095
0.0729059460
0.0746198204
0.0707413350
0.0735544634
0.0744057316
0.0753835404
0.0758496687
0.0757766540
0.0746848608
0.0729195200
0.0714115571
0.0712536969
0.0700907330
0.0712966132
0.0733518725
0.0754582184
0.0891263811
0.0947246010
0.0994648035
0.1071366044
0.1116585779
0.1165657865
0.1224907449
0.1204977371
0.1267729648
0.1351446668
0.1451976776
0.1557903960
0.1643804149
0.1664922057
0.1757063310
0.1861468921
0.1883086064
0.1966990287
0.2045157668
0.2055379768
0.2097090049
0.2130139045
0.2147323091
0.2206635553
0.2209334362
0.2208786806
0.2205084272
0.2233774635
0.2230511854
0.2269535208
0.2231212538
0.2186224408
0.2189807658
0.2135653246
0.2131895164
0.2115830776
0.2119113761
0.2144527231
0.2168221069
0.2214987455
0.2241316676
0.2251317321
0.2300896493
0.2330670777
0.2403517879
0.2457528783
0.2504537456
0.2551778142
0.2586265512
0.2692826600
0.2700364716
0.2746583715
0.2780820096
0.2838128190
0.2922940639
0.3025971354
0.3087211657
0.3159625898
0.3196698816
0.3243779884
0.3295916747
0.3362910762
0.3421944314
0.3515683977
0.3455305540
0.3509415555
0.3559874990
0.3576451547
0.3552167522
0.3466656431
0.3336526940
0.3183671006
0.3116794080
0.3006402895
0.2973691292
0.3106860669
0.3349349968
0.3552655855
0.3893785952
0.4202845562
0.4377774653
0.4287483290
0.3936397211
0.3829309256
0.3724912412
0.3547102706
0.3514444072
0.3425158679
0.3350343639
0.3349121527
0.3317281316
0.3341336163
0.3319186196
0.3360445291
0.3381353567
0.3414898244
0.3482127027
0.3569166072
0.3544738444
0.3516264315
0.3529021929
0.3516056869
0.3486236613
0.3446995151
0.3412792868
0.3389775588
0.3368697256
0.3388637946
0.3385275325
0.3382948318
0.3416828476
0.3431003587
0.3454584761
0.3492708534
0.3501067177
0.3480110787
0.3479341636
0.3483372797
0.3495749905
0.3496066144
0.3506624080
0.3535266830
0.3561032975
0.3595713732
0.3642520330
0.3622993739
0.3593250461
0.3559158008
0.3558262914
0.3531333249
0.3527395957
0.3550967295
0.3523196475
0.3539780227
0.3556484841
0.3660355339
0.3731218734
0.3777167044
0.3861820383
0.3878035379
0.3840936007
0.3858143566
0.3844072738
0.3762944674
0.3696506592
0.3633822041
0.3527249206
0.3487792392
0.3454788540
0.3435998468
0.3429255554
0.3498740408
0.3475826089
0.3450168397
0.3319674830
0.3151384443
0.3050546983
0.3012677676
0.2934445343
0.2884684536
0.2853736648
0.2800889849
0.2731750122
0.2740452886
0.2762595565
0.2780014262
0.2752963658
0.2710499990
0.2723575332
0.2807130501
0.2974582634
0.3080023775
0.3177565771
0.3249844654
0.3158266316
0.3197724671
0.3210162191
0.3245071315
0.3293516175
0.3287689305
0.3309839844
0.3350936485
0.3372355207
0.3393574911
0.3466489303
0.3479199241
0.3514674258
0.3527222805
0.3557045204
0.3631536736
0.3619489653
0.3682994503
0.3646921711
0.3726474260
0.3709760535
0.3767461521
0.3827280481
0.3879470009
0.3912929456
0.3931010011
0.3985880268
0.3997545706
0.4048323211
0.4074375355
0.4095255207
0.4153797091
0.4212872662
0.4280853093
0.4361967121
0.4075404735
0.4142144051
0.4188937488
0.4214129464
0.4167323908
0.4170004895
0.4155808656
0.4052954829
0.4000710992
0.3820232006
0.3705708052
0.3665213392
0.3592797558
0.3571985032
0.3543445716
0.3481225423
0.3459621562
0.3456670074
0.3443002856
0.3436690702
0.3462224242
0.3390724826
0.3394079873
0.3407661854
0.3429177703
0.3366715251
0.3366894215
0.3367268699
0.3358894942
0.3369382230
0.3270601292
0.3295133638
0.3295773543
0.3182965581
0.3165831001
0.3123000536
0.3032576651
0.2957465330
0.2904045733
0.2874935001
0.2814826794
0.2753293386
0.2706810318
0.2627737950
0.2593938544
0.2560218015
0.2538419571
0.2502877675
0.2526548356
0.2504108157
0.2526284693
0.2502029820
0.2498553539
0.2495185803
0.2461126401
0.2372109804
0.2325420809
0.2282370137
0.2184996887
0.2137945578
0.2130924317
0.2085355870
0.2091000568
0.2064620585
0.2026072051
0.2035388030
0.2003351759
0.2014498208
0.1961409000
0.1913636091
0.1881137207
0.1866487442
0.1808104773
0.1801596560
0.1764560248
0.1750921141
0.1748460997
0.1718043880
0.1703276460
0.1663465231
0.1669022629
0.1653836559
0.1656353558
0.1681051453
0.1687411083
0.1683117159
0.1714271175
0.1682026082
0.1704722721
0.1735297715
0.1754979908
0.1805505751
0.1835372091
0.1856623479
0.1926039299
0.1936227957
0.1816767142
0.1826982280
0.1832935716
0.1801141570
0.1800064875
0.1784101867
0.1800091240
0.1810776208
0.1884525994
0.1923332525
0.2016507862
0.2070537163
0.2111797634
0.2125969860
0.2114588620
0.2090051906
0.2007328728
0.1922737775
0.1866052286
0.2134163853
0.2125210270
0.2104352241
0.2082992088
0.2021683461
0.2009310553
0.2008363907
0.1963064373
0.1966652538
0.1896294313
0.1858921096
0.1816613234
0.1789587447
0.1813064789
0.1783538931
0.1792307955
0.1773338342
0.1790272850
0.1801052364
0.1868251104
0.1886060825
0.1929840476
0.1911887163
0.1948651462
0.1919869166
0.1958323952
0.1935605930
0.1987772981
0.1952618195
0.1904137760
0.1863382471
0.1819728336
0.1872395234
0.1831070944
0.1807250227
0.1796989606
0.1775109174
0.1732052477
0.1744433280
0.1736897875
0.1733760983
0.1713936293
0.1700534409
0.1703151471
0.1673870141
0.1667184007
0.1627836895
0.1605950782
0.1598680796
0.1576437566
0.1579811479
0.1592914902
0.1604686070
0.1636231565
0.1699223942
0.1740210442
0.1769585718
0.1824002626
0.1837997695
0.1876799639
0.1930309527
0.1954032858
0.1953780779
0.1964336370
0.2016337247
0.2047700149
0.2077926025
0.1641721585
0.1619410279
0.1589296314
0.1571552619
0.1532299327
0.1556411816
0.1573734018
0.1534912326
0.1489367959
0.1497909500
0.1557509447
0.1580598196
0.1619201659
0.1657797293
0.1630754201
0.1518943838
0.1422940004
0.1321888273
0.1305742156
0.1283944378
0.1293059741
0.1281855971
0.1283170235
0.1335086453
0.1375027082
0.1419400831
0.1490702982
0.1553152863
0.1608603611
0.1654223421
0.1684076924
0.1746430884
0.1824824898
0.1900495080
0.1699540822
0.1708135221
0.1705330440
0.1725607883
0.1773862300
0.1818312412
0.1875038181
0.1937482054
0.1989065283
0.1988098262
0.2016871201
0.1990067954
0.2008632486
0.1969183708
0.1973391759
0.2003676224
0.1972090777
0.1914048803
0.1931088847
0.1889393222
0.1961572601
0.2026130520
0.2126353141
0.2226866153
0.2312630292
0.2410410317
0.2477077570
0.2518460235
0.2536343865
0.2521521501
0.2485534581
0.2440695998
0.2418007202
0.2401313588
0.2441483410
0.2441018495
0.2512089703
0.2536104379
0.2608691090
0.2600959642
0.2625361154
0.2652498083
0.2712805778
0.2866602939
0.3011026594
0.3175205275
0.3259311002
0.3372041986
0.3417531454
0.3443541757
0.3481614209
0.3524090356
0.3538406037
0.3583140880
0.3627196146
0.3636677770
0.3670874478
0.3739034093
0.3699460102
0.3673678148
0.3645461628
0.3699469263
0.3654262574
0.3598635624
0.3576914121
0.3559715483
0.3577931574
0.3572361982
0.3561128669
0.3569840322
0.3571416095
0.3552254230
0.3558680891
0.3534113625
0.3525928526
0.3537470039
0.3607504451
0.3583989735
0.3628277543
0.3611795284
0.3608138287
0.3630188860
0.3623853565
0.3616332148
0.3665225922
0.3716183712
0.3694944564
0.3664931921
0.3625570657
0.3607252931
0.3586203871
0.3562208964
0.3321894968
0.3236367723
0.3241536009
0.3297881948
0.3290991347
0.3316218065
0.3327369992
0.3315052913
0.3311015797
0.3307960575
0.3306494863
0.3290665493
0.3271056909
0.3253241533
0.3221504619
0.3210302305
0.3204603001
0.3204755142
0.3205880906
0.3204160048
