15.1494992475
15.4326057674
15.2788041385
15.3619890118
15.4279728227
15.6170985243
15.8863779134
15.8346802779
16.2121936220
15.6558151201
15.1284512056
14.9317732129
15.0964523486
15.1650772296
14.8892168367
14.9393752324
14.9058274724
15.0601266047
15.0381622976
15.2265209427
15.3049726693
15.4259042283
15.3684248202
15.3476610642
15.5080931211
15.6422167058
15.0852739707
15.4311451810
15.3048458882
15.3978376706
14.9313426801
15.3193699170
15.5723483911
15.3220287966
15.2467604490
15.2607059151
15.3429491216
15.4408226236
15.3441758483
15.3684640099
15.3399933520
15.3914484831
15.4429566062
15.4529179515
15.3813585298
15.2473554527
15.2597646430
15.2465821860
15.2119829389
15.2750141040
15.4525715527
15.3577466899
14.2085094365
13.8989311645
13.8464565303
13.8666015231
14.2820627610
14.0625207733
14.2563429837
14.2965857892
14.2237229750
14.2001129897
14.4366280003
14.6777316641
14.3913242734
14.0659194815
13.8812897475
13.9877956157
14.0089444332
14.0656888583
13.9820766243
14.2794224269
14.1541799858
14.6202365029
14.6487655027
14.5748130697
14.1833013087
14.2378645787
14.1431609794
14.1984305048
14.2721411408
14.4330131916
14.5472707283
14.5823566641
14.5748314472
14.4134743156
14.2641275901
14.1856196867
14.1812834482
13.9260166205
14.0689096024
14.1745016252
14.0095573302
13.9020262354
14.2924982175
14.4748954239
14.3264040119
14.2889188718
14.4729993492
14.2379126844
13.9800773500
14.8420472276
14.5357063397
14.5299012241
14.5002600287
15.0312181858
14.5989061913
14.5005975483
14.3592278744
14.2386395249
14.3715368622
15.4741414057
15.3074898473
15.2820965845
14.0494899545
14.8213362744
13.6066110099
15.1678566613
15.0736975469
14.1431492626
14.2284581699
14.1634940066
14.2854562718
14.2943224821
14.3102526899
14.3939968236
14.3533490477
14.7294596895
14.3679495434
14.2971867057
14.6845014609
14.6682447419
15.7490231417
14.2941912496
14.2686256019
13.9510019593
15.6958840453
15.5604564628
14.7267363602
14.8267334727
14.4499511056
14.3066949402
14.0355045092
14.3808926920
14.6338704863
14.4623490252
14.4151286480
14.2070726590
14.5056987227
14.3432355084
14.1283081237
14.6002789025
14.6505098613
14.3969198472
14.5670431863
14.3865708792
14.2256129565
14.3603366389
14.4592451751
14.4735623504
14.4085173684
14.4883682817
14.3836151273
14.5888242902
14.5775395465
14.4739919159
14.4683424142
14.4261691857
14.5395041911
14.4263990552
14.2931107462
14.1310049715
14.0972014104
14.0553212274
13.9430488059
14.1298218225
14.0694296900
14.1755914354
14.1965550129
14.1442209730
14.2945997759
14.2934047468
14.3519942690
14.2021481969
14.2696846174
14.1710182962
14.2829896780
14.1810376918
14.1731668636
14.1288348128
14.2129140068
14.7056250800
15.0018995387
14.6403683819
14.6450425529
14.6199498358
14.6322457668
14.7106571152
14.7694350902
14.7337313600
14.7142303607
14.4216080613
14.0957122920
13.9471470558
14.0398938375
13.8156366501
13.9853719789
14.2385285869
14.5509798301
14.3464580335
14.3498476966
14.2114288628
14.4578296279
14.8305277858
14.7140928067
14.6294241643
14.3900171670
14.1956443514
14.1757958444
13.8379822354
13.9885921203
14.1249674269
14.1941530477
14.1492581273
14.2740731236
14.3272796404
14.3234606364
14.0316059477
14.3482370571
14.4200464393
14.1609846807
14.2086371640
14.2644589760
14.0937749221
14.1687185948
14.4271381085
13.7597156244
12.6725979569
12.1897455655
12.5027975878
12.5900959932
13.7866219057
14.3940036813
15.0101510519
15.6997784073
15.8188944565
15.8700915854
15.6419646412
14.8824885351
14.4078418306
13.6151130147
12.9098180527
12.6781291253
12.9418244242
13.4157719027
13.9967791452
15.0469333783
15.5532074275
16.0184606243
16.2399706683
15.9569302144
15.7922535176
14.9484262410
14.0469511285
13.2247502888
12.8638147125
12.6518756035
12.8777830731
13.3899730378
13.8720157295
14.3699341131
14.7175487515
14.6112617595
14.4167787961
14.3179662794
14.4009099735
14.4282433212
14.1897181183
13.9771582716
14.0406935570
14.1629546610
14.1204401845
14.0389742300
14.0433388843
14.0248416957
13.9381573665
13.9785009897
14.1625276943
14.4151759229
14.3940952379
14.4333031574
14.3178530302
14.2928791094
14.3031434437
13.9579466431
14.7524028679
14.5099703346
14.9393507841
15.1830569953
14.7900635562
15.1372678894
16.5501095851
1.4718597591
1.1345948787
0.3162744532
0.6763905139
0.4592314272
0.2282802836
0.5527886189
0.2692577768
0.5019661364
0.4836281496
0.4458160478
0.3590416339
0.4622603006
0.5867817899
0.6064435663
0.7191053691
0.6757115942
0.5601563550
0.5796232109
0.4048622989
0.3986512804
0.3740351266
0.3012953216
0.3280748420
0.4291294687
0.3969166999
0.3687552245
0.4178914853
0.3892326742
0.4868795388
0.4847048339
0.4428822070
0.4876675697
0.5074300253
0.5873227601
0.6184576247
0.5013615813
0.3511058739
0.3079777349
0.2712163625
0.2444580443
0.2168075773
0.1379187297
0.1908784357
0.2758431884
0.2198375555
0.4740110356
0.4624009875
0.2687671121
0.2040106280
0.2484092202
0.4728463906
0.3266762623
0.4861641133
