0.0136141744
0.0137111024
0.0148838724
0.0209345398
0.0249304798
0.0302775747
0.0313706842
0.0358077452
0.0372478990
0.0376903296
0.0322419236
0.0243983115
0.0253773152
0.0279356651
0.0271562725
0.0295123333
0.0279525145
0.0310150825
0.0231059952
0.0278170359
0.0305680567
0.0329958492
0.0335995866
0.0339700043
0.0318936938
0.0307334522
0.0292393344
0.0284240566
0.0299717233
0.0313906726
0.0319611984
0.0295883402
0.0252385128
0.0237623126
0.0254324765
0.0259178290
0.0272251816
0.0273226733
0.0289053931
0.0310669215
0.0275048694
0.0267938596
0.0264460086
0.0270759726
0.0206110263
0.0198924951
0.0195483902
0.0230926995
0.0185749928
0.0192586159
0.0178801256
0.0177475889
0.0189277219
0.0195702614
0.0193008933
0.0183714311
0.0195938099
0.0212489563
0.0245868292
0.0278171352
0.0291879765
0.0235319292
0.0237818944
0.0256792773
0.0182381213
0.0147586814
0.0164076745
0.0175523293
0.0209000276
0.0237982354
0.0217114475
0.0171035675
0.0216061405
0.0315575686
0.0275994916
0.0252835307
0.0253097318
0.0245398809
0.0250951086
0.0295035318
0.0378798854
0.0332064668
0.0343278745
0.0386357563
0.0309783842
0.0386265925
0.0347334774
0.0247221627
0.0158088558
0.0150785405
0.0275942756
0.0266865357
0.0280208703
0.0311550075
0.0287026010
0.0346750404
0.0294661099
0.0286730138
0.0228417939
0.0235447642
0.0167323235
0.0131495528
0.0157106411
0.0221143459
0.0275251365
0.0191586996
0.0222587109
0.0260191440
0.0261475391
0.0258284134
0.0263840846
0.0250557200
0.0246139203
0.0239114337
0.0248358006
0.0239644996
0.0216072257
0.0180892013
0.0231063486
0.0247105942
0.0267382605
0.0349608749
0.0404433837
0.0460690641
0.0457320741
0.0476218433
0.0447202546
0.0414659045
0.0387188476
0.0390041602
0.0314086276
0.0297531580
0.0300608846
0.0254927957
0.0269246334
0.0271762493
0.0345202782
0.0340038477
0.0271883371
0.0326783133
0.0312106537
0.0291872225
0.0261808277
0.0331176816
0.0413269962
0.0441181439
0.0590243531
0.0350439846
0.0234446994
0.0222544893
0.0293323580
0.0239874113
0.0261950870
0.0206892843
0.0366353247
0.0247692364
0.0317036046
0.0364339481
0.0331247008
0.0356320481
0.0357805629
0.0319755899
0.0291756576
0.0267163953
0.0235563511
0.0239032961
0.0215884201
0.0220833546
0.0190362813
0.0181982713
0.0247347254
0.0254694835
0.0268379007
0.0236091685
0.0203042417
0.0116731220
0.0108636995
0.0112991526
0.0120983370
0.0153224956
0.0185347023
0.0228976543
0.0223135593
0.0240397683
0.0236014264
0.0207776543
0.0115732899
0.0111205414
0.0094648007
0.0144365331
0.0233616291
0.0335369496
0.0399295441
0.0351810541
0.0250028362
0.0208292292
0.0086040550
0.0142442097
0.0107155610
0.0077685242
0.0091316061
0.0116513610
0.0107756676
0.0174406543
0.0209478290
0.0103567093
0.0128768104
0.0108714559
0.0155488844
0.0250511781
0.0252443880
0.0319307794
0.0242014307
0.0256875682
0.0270868163
0.0223639581
0.0200540875
0.0175693782
0.0107873447
0.0046127258
0.0094641225
0.0172273732
0.0214309793
0.0173569063
0.0142887882
0.0154460035
0.0142781385
0.0118554283
0.0089692115
0.0109032302
0.0101864122
0.0128606426
0.0136085387
0.0145638078
0.0137009639
0.0077991455
0.0082260386
0.0131539198
0.0213840455
0.0246956224
0.0229397110
0.0226128249
0.0252845172
0.0241960872
0.0187260591
0.0164139521
0.0092825777
0.0115917416
0.0158838017
0.0191871534
0.0209625322
0.0176909998
0.0262975164
0.0084356602
0.0417755808
0.0275576634
0.0486670780
0.0380554068
0.0376277892
0.0339107299
0.0400014185
0.0457527517
0.0464266567
0.0487950687
0.0440081502
0.0411728552
0.0324128984
0.0527131849
0.0541296327
0.0549054256
0.0531740604
0.0628396222
0.0635282615
0.0639914051
0.0498831781
0.0477007023
0.0470939363
0.0433203806
0.0385171809
0.0326017067
0.0364823918
0.0374649581
0.0333635069
0.0393512031
0.0405018148
0.0375746462
0.0311632617
0.0231361701
0.0290841353
0.0251858681
0.0267211539
0.0340668192
0.0350420365
0.0396364752
0.0431218611
0.0445309991
0.0472707208
0.0473447372
0.0491083316
0.0505980807
0.0481981581
0.0512961538
0.0498543257
0.0530239296
0.0551012044
0.0554484570
0.0581147301
0.0557802435
0.0558291600
0.0581967250
0.0587687587
0.0533252277
0.0514426944
0.0529841352
0.0500019161
0.0507346001
0.0505625218
0.0475132259
0.0501733177
0.0478417852
0.0486399741
0.0616003531
0.0806315260
0.0733215228
0.0669137521
0.0710833986
0.0704691489
0.0728719887
0.0633746653
0.0668362714
0.0546627238
0.0533681557
0.0482356676
0.0510154566
0.0435779273
0.0388677457
0.0374600052
0.0368831732
0.0423952418
0.0388895544
0.0405405916
0.0404730294
0.0349483217
0.0310124303
0.0283227822
0.0250290048
0.0187490457
0.0169034212
0.0168445272
0.0167612569
0.0175083007
0.0137575626
0.0145475674
0.0170633577
0.0175667028
0.0186757627
0.0234024257
0.0243805650
0.0275604993
0.0295876464
0.0289258701
0.0292727721
0.0287676139
0.0284956103
0.0286418591
0.0297040452
0.0302678011
0.0301689952
0.0322165904
0.0347841555
0.0345524997
0.0340694945
0.0355621891
0.0375127548
0.0361304323
0.0353997982
0.0552725062
0.0450739470
0.0504804786
0.0726057000
0.0654395552
0.0548279454
0.0615270703
0.0319279639
0.0418736913
0.0445227152
0.0579768028
0.0943868115
0.0682949018
0.0696297064
0.0394632652
0.0614358876
0.0752327555
0.1174650689
0.0784538901
0.0530601361
0.0430541602
0.0400427899
0.0233652147
0.0243371173
0.0195408078
0.0220018063
0.0235220407
0.0212687399
0.0343846137
0.0311455683
0.0434919699
0.0401923669
0.0503299914
0.0362962161
0.0293264161
0.0620844456
0.0194387750
0.0247593946
0.0196516292
0.0434583545
0.0395802139
0.0426772138
0.0435866534
0.0416153981
0.0443814523
0.0449223080
0.0466707040
0.0480385081
0.0513949375
0.0582559769
0.0634792054
0.0628767448
0.0745938035
0.0686159274
0.0663457086
0.0618834362
0.0596484276
0.0536746248
0.0479685664
0.0446683074
0.0519638757
0.0503545377
0.0476042442
0.0482250944
0.0495045084
0.0502640313
0.0497829119
0.0502639206
0.0524959462
0.0525073942
0.0430295413
0.0384148242
0.0377377528
0.0346400963
0.0360916659
0.0339990386
0.0347119440
0.0358314069
0.0388690786
0.0390710230
0.0404546296
0.0426224634
0.0425495608
0.0453828862
0.0418757350
0.0410653822
0.0447826426
0.0434491091
0.0395484746
0.0421547789
0.0444480362
0.0424327906
0.0408506528
0.0376662205
0.0379622871
0.0411147578
0.0419937810
0.0479888205
0.0500600860
0.0489380606
0.0400104264
0.0373182433
0.0336079805
0.0349660817
0.0332139412
0.0345847460
0.0344950364
0.0338258717
0.0391706007
0.0382653633
0.0396768087
0.0403830243
0.0410127939
0.0370991074
0.0338318621
0.0313180054
0.0298899440
0.0246964628
0.0188076928
0.0195905060
0.0186690040
0.0199850723
0.0249865963
0.0298448221
0.0291380924
0.0313799392
0.0351349674
0.0369565974
0.0404541504
0.0435465044
0.0436790949
0.0423638064
0.0397107951
0.0376037112
0.0347829227
0.0359384576
0.0315787726
0.0297723365
0.0289883681
0.0281289673
0.0290186166
0.0315179344
0.0323534878
0.0353386876
0.0396484444
0.0380046229
0.0432194062
0.0593300951
0.0820948985
0.1080172908
0.0712963118
0.0658044275
0.0469809799
0.0472603011
0.0515868066
0.0481316249
0.0425576780
0.0502944631
0.0445022269
0.0711078590
0.0832126576
0.0714286935
0.0686886311
0.0634963856
0.0553436632
0.0388243590
0.0458057785
0.0325063609
0.0408544707
0.0422473173
0.0303320818
0.0278941074
0.0255041970
0.0360350199
0.0242715433
0.0218419773
0.0209903853
0.0224573922
0.0178789733
0.0209300063
0.0257704840
0.0218288680
0.0247934175
0.0270224505
0.0255953766
0.0216637754
0.0176121103
0.0141322097
0.0127057149
0.0144652460
0.0155625954
0.0170679677
0.0198230240
0.0260049469
0.0276820202
0.0262768030
0.0273847048
0.0310388138
0.0341169508
0.0334648650
0.0330111730
0.0347583890
0.0376349337
0.0372756146
0.0379037468
0.0388703019
0.0428285773
0.0427411720
0.0413008189
0.0422526518
0.0484900482
0.0522218405
0.0518062471
0.0526101276
0.0541145493
0.0448367015
0.0438440558
0.0425146364
0.0431623989
0.0420810926
0.0416652886
0.0399325295
0.0381905278
0.0373004752
0.0362582397
0.0381981291
0.0392147948
0.0429681398
0.0434483199
0.0446285163
0.0458695979
0.0458988101
0.0449277812
0.0470282335
0.0474042717
0.0475924899
0.0496323023
0.0447620539
0.0441906749
0.0433838849
0.0411274853
0.0432766721
0.0407923312
0.0354569083
0.0354210131
0.0341089928
0.0330737462
0.0361849930
0.0380249425
0.0388418373
0.0344477164
0.0323178981
0.0280626725
0.0196038926
0.0127672269
0.0089806716
0.0112920311
0.0137049353
0.0224765861
0.0289318849
0.0363027155
0.0469465926
0.0559864888
0.0644098208
0.0714578814
0.0793118154
0.0965499786
0.1201318599
0.1469898893
0.1606363562
0.2033916937
0.2479320120
0.3042601565
0.3426341618
0.3828795378
0.4250386406
0.4743786687
0.4991637189
0.5267240075
0.5796948626
0.6347262285
0.7033337947
0.7627777474
0.7877324775
0.8329288208
0.8921349773
0.9617045192
0.9910633344
1.0150671109
1.0499599224
1.0831806782
1.1259202504
1.2118815553
1.2970688016
1.3679391067
1.4081066675
1.4552122255
1.4995266748
1.5470021697
1.6392912303
2.0282056406
2.0712227343
2.1293418799
2.2541343956
2.2540209288
2.3874882557
2.5133881347
2.5812191323
2.6505570388
2.7185491825
2.7165628152
2.7879132937
2.9398164601
3.0095817425
3.0821300662
3.1571360971
3.1558479539
3.2263897028
3.3009350374
3.3669759652
3.4170948649
3.4316600991
3.4270303369
3.4920553655
3.4924894931
3.5568898153
3.5573413014
3.6200950246
3.6816365643
3.7389625370
3.8074058042
3.8736489281
3.9095555921
3.9552215808
3.9908255725
4.0285852678
4.0280078257
4.0658469878
4.0803309800
4.0788993000
4.0912189288
4.0723665928
4.0730498349
4.0455602805
4.0446840583
3.9094186244
3.9081124413
3.9069187112
3.7537877604
3.7358524549
3.7310715223
3.7258550067
3.7206470341
3.7160963613
3.7122658038
3.7088459780
3.7084686610
3.6986264002
3.6915119139
3.6825293484
3.6727115790
3.6646822742
3.6558677808
3.6515016957
3.6467650338
3.6387199168
3.6277640803
3.6174971898
3.6038137562
3.5894895624
3.5777718943
3.5674752568
3.5556196153
3.5323814900
3.5177843135
3.4990177365
3.4850303666
3.4690798871
3.4495383330
3.4303220123
3.4104543858
3.3883176274
3.3657399500
3.3399426596
3.3134668320
3.2886548762
3.2612742167
3.2334779712
3.2046758672
3.1730940614
3.1392160599
