3.7359488345
3.7397524524
3.7333254868
3.7354042629
3.8855920061
3.8844062830
3.8862578242
3.8917719537
3.8949956543
3.9340428242
3.9316652058
3.9254224072
3.9198812947
3.9261072666
3.9324779876
3.9389857527
3.9539331542
3.9209387503
3.9265036194
3.9253129557
3.9360499251
3.9377719655
4.0191935533
3.9947512098
3.9916113799
3.9892538941
3.9896609423
3.9897594457
3.9887758339
3.9830631009
3.9782511365
3.8505098752
3.8459106755
3.8426735204
3.8405965739
3.8405500062
3.8410770565
3.8410843796
3.8436452689
3.8437278167
3.8398323887
3.8400124935
3.8394536435
3.8391652575
3.8439695692
3.8438836146
3.8452740156
3.8458283084
3.7467653492
3.7465332918
3.7486370367
3.7503437417
3.7529614087
3.7902840176
3.7947716876
3.8136105699
3.8215833962
3.8269185650
3.9855577436
3.9908948179
3.9961876645
3.9942795442
3.9987729645
4.1431687106
4.1466355736
4.1265086660
4.2693746452
4.2520356120
4.2421886277
4.2390725723
4.2407329501
4.3427531814
4.3422881253
4.3394441388
4.3303493519
4.3333788511
4.4656892709
4.4675627080
4.4665564975
4.4632664852
4.4584309863
4.7224581663
4.7166321686
4.7131531897
4.7101047196
4.7055093394
4.7046026481
5.0148097960
5.0054105898
4.9999115733
4.9839360715
4.9693569577
5.2581106592
5.2281029005
5.1752892689
5.1188083412
5.3806113809
5.2448770228
5.3557414465
5.1719635954
5.3811495932
5.2630019338
5.3781067531
5.2218988070
5.4304835898
5.7030863230
5.5673576184
5.7696671688
5.6406667720
5.8213171482
5.6951971651
5.8591393313
5.7159637844
5.8916253207
6.0271663589
5.9135353560
6.1123343172
5.9819460871
6.2246405334
6.1400999890
6.4260112414
6.2806889044
6.3384325515
6.5066564918
6.5815924260
6.4296302036
6.5076867468
6.4464910895
6.4078139078
6.3440500590
6.0982390605
5.7742800027
5.4327449284
5.2804792228
5.1153909603
4.9328370720
4.9934493839
5.0305309708
4.6223834506
4.3537869245
4.1575175526
3.8949276962
3.6339086050
3.4215479356
3.2238924277
3.0199036600
2.7444304068
2.5484330101
2.4189698273
2.2080265797
2.0450644265
1.9326325141
1.7475652906
1.6820403466
1.7105598775
1.5949901197
1.5065688762
1.4530130687
1.3942122287
1.3404223403
1.2643841280
1.1451651210
1.0732177446
1.0772643575
1.0324407106
1.0699250182
1.1214388832
1.1377864275
1.1105418687
1.0580347951
0.9955860085
0.9319782537
0.8746910260
0.8311755522
0.8063592673
0.8585576074
0.8423849475
0.8152708489
0.7732994209
0.8058181258
0.7868247676
0.7660323693
0.7455380062
0.7521687759
0.6803696415
0.6694605646
0.6503846201
0.6583970243
0.6598601663
0.6738240042
0.6864075545
0.7398492974
0.7490862685
0.7557739480
0.7634367889
0.7862406763
0.7830946547
0.7795092714
0.7923969780
0.7798266042
0.7801372151
0.7683445813
0.7593971623
0.6851743560
0.6109963477
0.6102629833
0.6162690932
0.6159790304
0.6098389654
0.6041211122
0.6062477860
0.6055998321
0.6117349383
0.6190306287
0.6228749263
0.6077464430
0.6082169395
0.6246618700
0.6838051597
0.7010303937
0.7141528047
0.7344225079
0.7461423759
0.7844514078
0.8322684454
0.8408912368
0.8998570130
0.8923599690
0.9329837503
0.9398139055
0.9554503819
0.9496233320
0.9890861162
0.9927324575
1.0165972688
1.0082157483
1.0209575650
1.0268698514
1.0109433227
1.0306772268
1.0285140647
1.0543628160
1.0416010933
1.0274503268
1.0145069295
0.9979447822
0.9971126761
0.9880781408
1.0230645939
1.0095938884
1.0226737814
1.0197977568
1.0205429950
1.0220664634
1.0733061627
1.0683966894
1.0640868343
1.0538509030
1.0508874003
1.0398051920
1.0327427016
1.0284795502
1.0232273702
0.9931879197
1.0012569526
0.9687927167
0.9714388925
0.9361715904
0.9406438990
0.8788440086
0.8699406118
0.8746597855
0.8772283782
0.8750883532
0.8425802448
0.8366863901
0.8330208687
0.8230602355
0.8238402618
0.7972471349
0.7883620387
0.7781426784
0.7657516260
0.7524758635
0.7506588480
0.7608862075
0.7490030627
0.7705860743
0.7628553412
0.7733614934
0.8093871198
0.8268760783
0.8856536584
0.9097678709
0.9405800023
0.9880214520
0.9947819950
1.0520156443
1.0597738491
1.1061929644
1.1433736933
1.1498658585
1.1833643198
1.1908502056
1.2262371302
1.2316000084
1.2570026765
1.2579544311
1.2760758011
1.3005695871
1.3070002291
1.3101797225
1.3331033321
1.3372672815
1.3408519947
1.3455317564
1.3678654170
1.3696001402
1.4074419734
1.4075290183
1.4186818637
1.4052727433
1.3392712326
1.3363099183
1.3328896506
1.3316444206
1.3291001776
1.2461030209
1.2445218065
1.2451297525
1.2490162418
1.2404521096
1.2636393026
1.2745845218
1.3025539295
1.2931316793
1.2909109512
1.3013470427
1.3106268079
1.3228869967
1.3521921768
1.3562869987
1.3701740926
1.3711324894
1.3663250692
1.3521610216
1.3314760961
1.3103167766
1.2993590049
1.2921326100
1.2903054465
1.2909601598
1.2917626164
1.2909841570
1.2884149905
1.2861665630
1.2799797892
1.2572640811
1.2421380906
1.2153276877
1.1947271544
1.1697900881
1.1492662413
1.1243109835
1.0827361100
1.0248399758
0.9989364995
0.9804634649
0.9653254021
0.9470203718
0.9294342518
0.9257640359
0.9100298968
0.9314663629
0.9123250509
0.9077350656
0.8883974072
0.8805085567
0.9035961830
0.8777029193
0.8882320380
0.8690805616
0.8571982007
0.8466542252
0.8511028710
0.8453794731
0.8073034682
0.7838439126
0.7276316337
0.6549079548
0.6011890607
0.4978178806
0.4415524210
0.3874678575
0.2764222017
0.2932464455
0.3220214196
0.2092759000
0.1494403985
0.1629109066
0.1754443891
0.2807039157
0.3112707787
0.3746564971
0.4058832051
0.4473741418
0.4739030248
0.4894440853
0.5214167657
0.5518275348
0.5879267495
0.6386422946
0.6855326765
0.7213153156
0.7522733842
0.7797506169
0.8142917519
0.8485241770
0.8714575165
0.9014744101
0.9292503370
0.9549150863
0.9797565063
0.9913192414
1.0104217829
1.0163649956
1.0328276505
1.0333904896
1.0232418606
1.0199536881
1.0119675719
1.0075239255
1.0078226228
0.9955899827
0.9952940911
0.9899444803
0.9865032170
0.9752279012
0.9675900447
0.9585585601
0.9487682534
0.9476191145
0.9158390806
0.8888733201
0.8450593897
0.7761412728
0.7263250265
0.6329474443
0.5464054318
0.4315998740
0.2965820149
0.2148927775
0.1543532013
0.1180206605
0.1423348043
0.1512649195
0.1859467940
0.2125869456
0.2384711842
0.2590649817
0.2679668441
0.2413164788
0.2459366503
0.2322484534
0.2097345829
0.2136645732
0.2245495725
0.2371997940
0.2010476689
0.2057036044
0.2360328846
0.2256055162
0.2556559020
0.2601969456
0.2594752851
0.2631910149
0.2956734731
0.2969325104
0.3047546101
0.3561418802
0.3808728490
0.4511329014
0.4792644703
0.5586299621
0.5846662453
0.6101195360
0.6436373144
0.7377684466
0.8491858890
0.8834149360
0.9677066098
0.9926268915
1.0707985806
1.0955237465
1.1691710336
1.1919872114
1.2723844112
1.2930605768
1.3749300562
1.3917361029
1.3866315776
1.4737564538
1.4217148268
1.4224797430
1.3986998049
1.3946116240
1.4892778308
1.5035019723
1.5036072887
1.4833474121
1.5598324267
1.5467983043
1.5496815842
1.6211818348
1.6151161954
1.6131443878
1.6147510714
1.7287745206
1.7427227502
1.8112277613
1.8127636972
1.8117634603
1.8087145854
1.8080265584
1.8823631137
1.8839181523
1.8829799832
1.8787177643
1.8755427706
1.9743833621
1.9757634544
1.9732987792
1.9731835312
2.0218873551
2.0218409448
2.0156973825
2.1019091648
2.0905994599
2.0728397726
2.1642618513
2.1494760620
2.1608490801
2.1484306146
2.1370195649
2.2240165004
2.2061849514
2.1760385280
2.1561409159
2.2511923501
2.2367241762
2.1969113935
2.1814431642
2.1662754291
2.2580696555
2.2391320386
2.3202618552
2.2998786038
2.3840796236
2.3659860775
2.3488844443
2.3416845555
2.3241910798
2.3057888394
2.3755432108
2.3520608184
2.3258919691
2.2969680674
2.2661503056
2.2356982931
2.0536191563
2.0252536532
1.9974957729
1.9704331474
1.9426988087
1.9999641118
1.9717591999
1.9443950713
1.9188586100
1.8966982526
1.8788337996
1.7950734036
1.7827354920
1.7752328293
1.7734734893
1.7586109888
1.7445722702
1.8359103710
1.8270964644
1.8616071217
1.7838337463
1.7817411529
1.7799722422
1.8323371204
1.8187274626
1.8095711549
1.8691616509
1.8585184748
1.8462028416
1.8405634678
1.8337326622
1.9044331574
1.8898781489
1.8729930093
1.8479805461
1.8245281694
1.8066143102
1.7860659893
1.7663383523
1.5161618643
1.4920795118
1.4687464243
1.4512705339
1.4396847680
1.4275500157
1.4288864964
1.4186213817
1.4190818421
1.4199889976
1.4135699104
1.4102207804
0.7779051943
0.7688863717
0.7630092831
0.7570219800
0.7526663415
0.7561985436
0.7553231161
0.7658600056
0.7628953934
0.7679200521
0.5377308613
0.5421236234
0.5262886408
0.5491280568
0.5733580945
0.6083000135
0.6295255829
0.6253975963
0.6231695768
0.6416786193
0.6275674210
0.6473438567
0.6346094540
0.6446247187
0.6344309116
0.6394846940
0.6371527440
0.6350291060
0.6380285124
0.6488132756
0.6596234280
0.6861043631
0.7217526876
0.7632599572
0.8109208445
0.8523456897
0.8896630743
0.9161528175
0.9457558573
0.9583475757
0.9897718471
1.0215519047
1.0814681602
1.1197133139
1.1551429622
1.1946891642
1.2339012960
1.2735494759
1.3082529994
1.3525537998
1.3895238088
1.4231750364
1.4567560986
1.4821547943
1.5058894070
1.5195394408
1.5345037054
1.5498271190
1.5497354196
1.5567058342
1.5602234198
1.5664705848
1.5719862016
1.5771846817
1.5820929580
1.5674934201
1.5714672508
1.5408919955
1.5449572442
1.5381889196
1.5608749845
1.5626752141
1.5419066266
1.5223637113
1.5064161988
1.4862094172
1.4617639020
1.4287228765
1.4022320225
1.3804018186
1.3539595044
1.3248542423
1.2959148546
1.2574000857
1.2373331249
1.2467470975
1.2895686608
1.3257029608
1.3787912851
1.4563457031
1.4697037528
1.4172530896
1.4137052859
1.4154932490
1.4110097068
1.4435247670
1.4292579574
1.3981196848
1.4204957342
1.3461306770
1.3853500439
1.4063161389
1.3137793982
1.3494892071
1.2807953121
1.3039438432
1.1515037493
1.1760604682
1.1941393412
1.2303984311
1.0969377981
1.1376570933
0.8388425817
0.8612394567
0.7413238532
0.7808079362
0.6761017693
0.7061032852
0.7538922621
0.8077348326
0.5913024677
0.3604048288
0.5078857433
0.5175187836
0.5299868359
0.5231210964
0.5194769216
0.5321889966
0.5222100384
0.5211462754
0.5044447172
0.4928632835
0.4875868148
0.4769741975
0.4927360327
0.4860909367
0.5161597296
0.5059166925
0.5424390307
0.5369341945
0.5532705357
0.5258043202
0.5437699586
0.5779867671
0.5676684065
0.5805690654
0.5925715840
0.6066865469
0.6040028549
0.6149539033
0.6223042730
0.6375178915
0.6687699632
0.6943373496
0.7103686075
0.7007812136
0.7211425016
0.7008711982
0.7121875099
0.7192180110
0.7265062419
0.7066717296
0.6688694523
0.6531878870
0.6132715463
0.6032204695
0.5998313187
0.5826590394
0.5442930462
0.5362362582
0.5097038395
0.5060164666
0.4896758951
0.4915616590
0.4761213461
0.4655446311
0.4567045893
0.4456170751
0.4121569640
0.4095224207
0.4000311506
0.3847315708
0.3693489518
0.3551211024
0.3511226569
0.3404767842
0.3542125372
0.3731990778
0.3959295993
0.3866792946
0.4016381445
0.4060731273
0.4055732333
0.4028601030
0.3982836003
0.4045739288
0.4047528503
0.3965639585
0.3974279808
0.3974569693
0.3973683125
0.3944411109
0.3947066836
0.3888735545
0.3814655455
0.3751060681
0.3618111035
0.3482351618
0.3366957388
0.3258914862
0.3132575963
0.2988378906
0.2862254181
0.2687879257
0.2597693131
0.2440148967
0.2318690852
0.2216519051
0.2100204299
0.2020265902
0.2067065596
0.2010704948
0.1808753210
0.1666726338
0.1406107503
0.1309328325
0.1303340871
0.1279902382
0.1262429439
0.1283890790
0.1228665242
0.1222215501
0.1222316642
0.1234296448
0.1241374728
0.1242195559
0.1286377431
0.1292069469
0.1348160476
0.1367044442
0.1398838238
0.1391274212
0.1334091222
0.1314243865
0.1263927710
0.1263482426
0.1278783537
0.1222282092
0.1230668941
0.1189020527
0.1188168061
0.1144346367
0.1153636066
0.1145081549
0.1136570499
0.1124484338
0.1081762366
