0.0826323217
0.0823746051
0.0824714658
0.0820612703
0.0830642156
0.0830485592
0.0852272006
0.0864695611
0.0863042657
0.0886647523
0.0887145822
0.0887891697
0.0905222459
0.0898479479
0.0856565641
0.0846402338
0.0838696526
0.0809524264
0.0832225555
0.0818631719
0.0842574265
0.0841499787
0.0877216915
0.0863070659
0.0907332671
0.0865171484
0.0854123616
0.0847676003
0.0853129026
0.0859919786
0.0897118323
0.0885434436
0.0891937308
0.0873435930
0.0863961244
0.0865522846
0.0871105044
0.0873973656
0.0868647706
0.0855102685
0.0844858383
0.0820477839
0.0815753285
0.0820031091
0.0836915586
0.0849907855
0.0855137085
0.0852893965
0.0852068902
0.0876486136
0.0948076425
0.0974953569
0.0994761383
0.1010205892
0.1076045263
0.1114432813
0.1061624887
0.1120147830
0.1146062986
0.1100951921
0.1109278245
0.1081029625
0.1067725102
0.1033094561
0.0984422996
0.0944318973
0.0964102895
0.0912124860
0.0844480944
0.0828806370
0.0793890451
0.0792030763
0.0914351250
0.0974209793
0.0981310931
0.0979556025
0.0963569644
0.1038501096
0.0959889227
0.0988850039
0.1002578140
0.0941564616
0.0943845068
0.0966181878
0.0967313158
0.0922301255
0.0941417401
0.0920383649
0.0929736858
0.0972386752
0.0964665935
0.0955151375
0.0959836759
0.0915368103
0.0884015309
0.0869945253
0.0855024995
0.0897614685
0.0875662310
0.0912555868
0.0912811689
0.0889005311
0.0910971673
0.0902661882
0.0908235394
0.0817558469
0.0824319286
0.0860268747
0.0858460319
0.0847384479
0.0969110065
0.0933325885
0.0851582310
0.0815089495
0.0787582057
0.0777591468
0.0710822898
0.0710559517
0.0756974014
0.0751768009
0.0743981685
0.0751984690
0.0734065314
0.0709299107
0.0688955972
0.0698046152
0.0622778645
0.0620928712
0.0636832154
0.0548283730
0.0520303135
0.0481454364
0.0501365933
0.0504229850
0.0466796906
0.0460247044
0.0475590057
0.0433132481
0.0441481435
0.0386182276
0.0374543943
0.0368071591
0.0376924838
0.0372777859
0.0378277543
0.0354067283
0.0348358766
0.0315985634
0.0328697521
0.0353400523
0.0372540713
0.0390416243
0.0412855097
0.0434095757
0.0439745083
0.0435811182
0.0446433717
0.0449972727
0.0466423382
0.0490547217
0.0473471503
0.0455107058
0.0453360610
0.0442771761
0.0442644535
0.0440202338
0.0467232692
0.0475480293
0.0457324059
0.0448442514
0.0451554693
0.0446706302
0.0462962037
0.0453384812
0.0441223031
0.0432228106
0.0423609155
0.0379075941
0.0380250970
0.0383156912
0.0356331707
0.0321153238
0.0315089260
0.0303759615
0.0293959804
0.0275372980
0.0279364802
0.0274677680
0.0318862871
0.0289129535
0.0258596621
0.0252360577
0.0213116371
0.0210530748
0.0223995765
0.0235163021
0.0253725557
0.0269181655
0.0214080317
0.0266918039
0.0259106051
0.0283079596
0.0288263162
0.0301492882
0.0310529208
0.0300483556
0.0294739641
0.0352769237
0.0401395877
0.0406186012
0.0404480424
0.0338247567
0.0370062839
0.0335017120
0.0324569683
0.0331459791
0.0343890380
0.0306324236
0.0292635529
0.0297514688
0.0307715577
0.0330041450
0.0360506525
0.0374110868
0.0367666326
0.0392710909
0.0332462300
0.0328685855
0.0338778489
0.0378987385
0.0348140678
0.0418207996
0.0446417477
0.0420889243
0.0431188369
0.0459110226
0.0394197981
0.0399910059
0.0410537066
0.0407777722
0.0437965329
0.0417283607
0.0387681044
0.0402715636
0.0425165365
0.0406566719
0.0424551404
0.0399196878
0.0444282643
0.0460127996
0.0447820547
0.0451328497
0.0447437847
0.0422204856
0.0426640625
0.0418314987
0.0440964528
0.0458145305
0.0453298494
0.0537931446
0.0479261777
0.0456115975
0.0429019737
0.0463381008
0.0480217006
0.0454801718
0.0442323180
0.0475941948
0.0480702025
0.0399328162
0.0423638315
0.0449543769
0.0437523792
0.0429596544
0.0473397269
0.0468395714
0.0482540216
0.0498755109
0.0503300228
0.0481773202
0.0589279422
0.0627735183
0.0586296147
0.0644729858
0.0643124387
0.0642022954
0.0630547181
0.0677196114
0.0669347294
0.0735299498
0.0723970712
0.0726973146
0.0730951517
0.0754619037
0.0748144988
0.0731611674
0.0735434793
0.0766870833
0.0731753085
0.0799790184
0.0790079604
0.0765936077
0.0766838626
0.0797501401
0.0777246860
0.0791137264
0.0789713544
0.0808530750
0.0813252701
0.0832317649
0.0829512407
0.0842402178
0.0854692500
0.0837435479
0.0849077929
0.0882463146
0.0899187224
0.0918460772
0.0940429482
0.0943301453
0.0974971169
0.0987189373
0.1019562507
0.1023435456
0.1044952127
0.1064624753
0.1082046792
0.1085963706
0.1090169718
0.1105171651
0.1095777444
0.1097289964
0.1091750240
0.1116507423
0.1115200197
0.1107345836
0.1106950918
0.1110892382
0.1113800810
0.1088275199
0.1091517068
0.1063521349
0.1040827964
0.1036976156
0.1022763077
0.1028075897
0.1022383389
0.0981156785
0.0953150932
0.0904297899
0.0892891247
0.0882615313
0.0840797847
0.0810479343
0.0794026075
0.0796067194
0.0802957452
0.0789230214
0.0777275274
0.0753148210
0.0760518917
0.0722614461
0.0701245395
0.0696049351
0.0681144644
0.0672597284
0.0626268792
0.0630547900
0.0613704782
0.0624374065
0.0615184354
0.0591024805
0.0583556851
0.0573586492
0.0570534867
0.0620224357
0.0577795991
0.0563458108
0.0548898698
0.0546196668
0.0490874024
0.0482326156
0.0509381470
0.0519894241
0.0567597768
0.0621730429
0.0644195681
0.0674844713
0.0708091074
0.0765120970
0.0762951110
0.0780670749
0.0788680786
0.0754596819
0.0728455319
0.0718047785
0.0704086535
0.0718434764
0.0717420780
0.0727646577
0.0744443891
0.0740265383
0.0777170604
0.0794288889
0.0804034516
0.0800504021
0.0806225869
0.0817151435
0.0816613348
0.0840462027
0.0864131824
0.0907237515
0.0916542920
0.0943413938
0.0966034258
0.0985096989
0.1004587030
0.1041488047
0.1082674449
0.1119882845
0.1204998083
0.1240877536
0.1290248373
0.1336369227
0.1330674349
0.1323814712
0.1358680058
0.1484729762
0.1529324143
0.1583887139
0.1399069422
0.1436823867
0.1503232490
0.1520383357
0.1469820929
0.1477951195
0.1488554838
0.1509701134
0.1470763485
0.1456816477
0.1447667658
0.1467422551
0.1460582775
0.1473435268
0.1446816598
0.1445097892
0.1500976887
0.1483515386
0.1492725956
0.1591326786
0.1600026553
0.1708740377
0.1691742525
0.1730085581
0.1799715587
0.1847713124
0.1868009894
0.1954926320
0.1936382277
0.1936817496
0.1963966705
0.1986682759
0.1946322030
0.1949861950
0.1894155850
0.1800943751
0.1812952501
0.1779089206
0.1901895892
0.2231229087
0.2076769724
0.2044737207
0.2173988324
0.2235630534
0.2254345694
0.2286334536
0.2351684921
0.2436070987
0.2665314102
0.2834860847
0.2907593269
0.2852201185
0.2847670640
0.2760299049
0.2715325395
0.2653376472
0.2712056671
0.2634210976
0.2535859085
0.2571151282
0.2547157968
0.2716238680
0.3153791015
0.2946292227
0.3344991321
0.2502121224
0.2621503040
0.2625179895
0.2284812922
0.2809993203
0.2750165717
0.2787164661
0.2785504283
0.2738432234
0.2724521453
0.2703205740
0.2753901033
0.2761044871
0.2760358590
0.2808333058
0.2917435357
0.2919638936
0.3159834972
0.3016947670
0.3131436850
0.2967504193
0.3068527580
0.3164795952
0.3048056751
0.3116117298
0.3060876327
0.3119396352
0.3216067217
0.3306199592
0.3299204269
0.3335701680
0.3327662010
0.3297227285
0.3282365577
0.3299180339
0.3354433224
0.3342527708
0.3333855354
0.3367707735
0.3431401529
0.3396066198
0.3413248299
0.3375589551
0.3398621504
0.3453476153
0.3492429588
0.3500987121
0.3555131829
0.3582772038
0.3599205505
0.3621895672
0.3614171974
0.3612124075
0.3588664536
0.3527240425
0.3552653295
0.3496620438
0.3471813742
0.3478396596
0.3443153911
0.3447861900
0.3528903966
0.3539679079
0.3492309008
0.3529031152
0.3572938435
0.3645251031
0.3670355462
0.3690940984
0.3727800803
0.3726884905
0.3763362246
0.3752853094
0.3734020429
0.3723867246
0.3697519891
0.3677384486
0.3698406395
0.3642216022
0.3671309740
0.3701379428
0.3756423141
0.3800902343
0.3815270366
0.3867481841
0.3897340400
0.3786144603
0.3989577745
0.3986677251
0.4029059705
0.4012121427
0.3936324918
0.3954741831
0.4051125160
0.4050234753
0.4142791719
0.4169032399
0.4149144961
0.4118107301
0.4069809394
0.4137553312
0.4158784238
0.4199947559
0.4179867162
0.4249407420
0.4297739143
0.4501395846
0.4290494213
0.4046101794
0.4272083671
0.4131123000
0.4062109870
0.4115299474
0.4021750265
0.4092459576
0.4082208620
0.4062160949
0.4073236363
0.4123158799
0.3954791857
0.3945004839
0.3936769161
0.3809726964
0.3985910035
0.4139564081
0.4201202263
0.4211741090
0.4219711227
0.4262314261
0.4173718299
0.4176804473
0.4188316749
0.4242958068
0.4218030500
0.4194762063
0.4156772070
0.4115416392
0.4058718562
0.4041565008
0.4019442170
0.3952015264
0.3887033756
0.3813342534
0.3755209615
0.3713067561
0.3671772372
0.3645122092
0.3678534885
0.3666942690
0.3680416748
0.3659563348
0.3630100476
0.3617079122
0.3621614393
0.3638035920
0.3633871978
0.3597789101
0.3622232373
0.3630235568
0.3532326032
0.3538773364
0.3445517316
0.3336697290
0.3282219599
0.3210762622
0.3225467026
0.3207145927
0.3199425457
0.3184896617
0.3205557913
0.3203247964
0.3196461890
0.3231113030
0.3216673856
0.3236118415
0.3205028237
0.3129835484
0.3088648167
0.3026581850
0.2932050651
0.2915699388
0.2925844928
0.2929874569
0.2903421614
0.2856708220
0.2811260756
0.2771463860
0.2743750907
0.2720881030
0.2695878232
0.2646668676
0.2594861344
0.2550485073
0.2485873623
0.2506953806
0.2212942914
0.2319242439
0.2237462012
0.2284303019
0.2093055919
0.2303696141
0.2483141644
0.2426825076
0.2118362196
0.2209070053
0.2128463474
0.2025994025
0.1990588678
0.1979348020
0.1964704448
0.1977381735
0.1922904407
0.1899816140
0.1762323282
0.1745789605
0.1712466144
0.1631022569
0.1529387736
0.1442364805
0.1354740933
0.1363314465
0.1413713116
0.1456727151
0.1547720174
0.1451819667
0.1429290894
0.1569959080
0.1586742651
0.1527135299
0.1440387431
0.1384664678
0.1352393660
0.1293032257
0.1275128719
0.1250039553
0.1209574933
0.1223326628
0.1234466385
0.1242205497
0.1241452192
0.1226509449
0.1188555347
0.1180625832
0.1085610938
0.1041148404
0.1018421049
0.0987078888
0.0981171708
0.1042974865
0.0996552092
0.0969603666
0.0873400974
0.0846589273
0.0790699849
0.0817927438
0.0844455757
0.0928535613
0.0882985790
0.0933103436
0.0838300764
0.0842717050
0.0766014518
0.0734120749
0.0740799285
0.0806866054
0.0783029571
0.0793672443
0.0789900984
0.0787440649
0.0833822025
0.0811326369
0.0805766834
0.0740501783
0.0664558907
0.0625971382
0.0575276033
0.0649731274
0.0618878321
0.0581336730
0.0598432512
0.0573849437
0.0525120890
0.0594384717
0.0486329784
0.0764230651
0.0815717035
0.0871288659
0.1002592577
0.0866856521
0.1047854215
0.0917068971
0.1239396236
0.1127550081
0.0964436727
0.0947138646
0.0960050922
0.0957190232
0.0969550339
0.0953981186
0.0750140540
0.0611194541
0.0606262007
0.0615747571
0.0634053371
0.0886253958
0.0547274879
0.0543804343
0.0678786999
0.0466524112
0.0716428717
0.0570805386
0.0594036520
0.0462846326
0.0527595533
0.0540422982
0.0606026778
0.0621703926
0.0612096268
0.0624590346
0.0644579702
0.0539221398
0.0496728970
0.0486062329
0.0466005893
0.0440645971
0.0456926190
0.0511086776
0.0537636451
0.0602093375
0.0631593715
0.0650470220
0.0664887738
0.0658271730
0.0634148235
0.0619918327
0.0599527191
0.0601680438
0.0604092411
0.0620941107
0.0637808489
0.0648667455
0.0630936788
0.0636836808
0.0603580053
0.0600125027
0.0534221642
0.0540900538
0.0539884218
0.0573526637
0.0609906307
0.0613410685
0.0646435870
0.0563485679
0.0679479879
0.0683120648
0.0681776210
0.0678148996
0.0669572265
0.0661406125
0.0604874843
0.0538967618
0.0529555232
0.0525017696
0.0516846556
0.0579458161
0.0566667223
0.0600670539
0.0621592613
0.0635393673
0.0647872880
0.0660227011
0.0784865364
0.0795785886
0.0763460955
0.0668444895
0.0758261322
0.0550229777
0.0547565120
0.0482212709
0.0530565164
0.0486244361
0.0514046459
0.0536274430
0.0546557741
0.0484891974
0.0597937237
0.0584673333
0.0592238988
0.0577243253
0.0500500106
0.0504029710
0.0502405115
0.0515803407
0.0591152165
0.0585728207
0.0625646132
0.0611313429
0.0561783247
0.0549165124
0.0555542011
0.0552466033
0.0541319475
0.0586192445
0.0537156679
0.0619499891
0.0636729739
0.0611112580
0.0627862009
0.0674524059
0.0748565585
0.0702255852
0.0701117177
0.0719432307
0.0665171499
0.0735702486
0.0829377680
0.0791149332
0.0763896154
0.0735109724
0.0717565489
0.0684806242
0.0795126966
0.0805670587
0.0770627757
0.0754588513
0.0769777678
0.0745507542
0.0683270129
0.0721782292
0.0757968522
0.0751927456
0.0735836808
0.0722119917
0.0724618189
0.0793293220
0.0789779990
0.0759645816
0.0726456577
0.0641422334
0.0593721001
0.0437232491
0.0442979834
0.0571443544
0.0545599545
0.0517299125
0.0344337062
0.0379137508
0.0207458127
0.0292965036
0.0405315591
0.0458737989
0.0336413728
0.0380256357
0.0370141302
0.0415848348
0.0419297196
0.0347464039
0.0368498717
0.0401828697
0.0397527983
0.0402972163
0.0385584744
0.0449474824
0.0374730306
0.0319807926
0.0276928388
0.0294220596
0.0286833766
0.0297210732
0.0262654518
0.0211177839
0.0016812605
0.0103247941
0.0237585967
0.0371125473
0.0513618084
0.0622439969
0.0773315186
0.0895109907
0.0965201887
0.0950911879
0.1261042993
0.1402473138
0.1377048538
0.1399436175
0.1438594527
0.1475482679
0.1442760417
0.1408000226
0.1399918338
0.1392381666
0.1395810705
0.1411063117
0.1481130355
0.1557076271
0.1739512372
0.1817617221
0.1749083978
0.1673304541
0.1463993940
0.1432789593
0.1389973131
0.1375321753
0.1318620859
0.1256381545
0.1231200840
0.1189873193
0.1206574276
0.1178887975
0.1208760460
0.1248520567
0.1297792708
0.1230260007
0.1224298889
0.1292915934
0.1265936713
0.1269436048
0.1253200043
0.1205182443
0.1241315293
0.1175816079
0.1119666104
0.1124401086
0.1138389123
0.1144186537
0.1095050223
0.0946828072
0.0891720368
0.0857683311
0.0823379126
0.0769234089
0.0979759305
0.0954304136
0.0992013172
0.1008160081
0.0940976919
0.1018355476
0.1105285672
0.1051459641
0.1041820240
0.1104501770
0.1118494452
0.1110625720
0.1078249401
0.0941324952
0.0926786606
0.0891708075
0.0877976907
0.0873846271
0.0861978984
0.0846373820
0.0777676403
0.0781587467
0.0767348036
0.0708249018
0.0590134718
0.0540835384
0.0668268590
0.1128837056
0.1309909921
0.1665806666
0.1268127214
0.1205737595
0.1175144701
0.1314846573
0.1343903273
0.1406253940
0.1469270310
0.1468991973
0.1559985978
0.1569629209
0.1550543977
0.1609342765
0.1583450883
0.1555208902
0.1465406088
0.1236047557
0.1205210961
0.1173912643
0.1175730939
0.1256620811
0.1253714062
0.1226554976
0.1249381150
0.1199762560
0.1227558244
0.1244271849
0.1290138502
0.1277161514
0.1249935349
0.1233750817
0.1229260061
0.1224730601
0.1219514200
0.1192124113
0.1156130301
0.1213888443
0.1192987978
0.1195393286
0.1190964047
0.1191494911
0.1183007396
0.1181586207
