1.6516724428
1.6514241949
1.6512886820
1.6518817590
1.6524208368
1.6514970005
1.6507601288
1.6494418780
1.6484367480
1.6486752515
1.6476533073
1.6473303708
1.6451215944
1.6459512578
1.6461013132
1.6457385322
1.6467136684
1.6473088919
1.6475057369
1.6477117015
1.6465358390
1.6474085019
1.6474661069
1.6467118591
1.6460006093
1.6470646039
1.6464854241
1.6456350035
1.6465886270
1.6462949407
1.6471192821
1.6464207890
1.6462946110
1.6460897952
1.6457867133
1.6468380399
1.6467842821
1.6474585749
1.6481828900
1.6477150998
1.6477289135
1.6482876145
1.6481034035
1.6467226205
1.6469909295
1.6484847993
1.6462876872
1.6480917289
1.6481198371
1.6454702625
1.6471141841
1.6476251926
1.6483121477
1.6500385561
1.6493903428
1.6510895315
1.6513120714
1.6506356362
1.6501866623
1.6494418705
1.6522910330
1.6469851698
1.6468604087
1.6506705149
1.6486003382
1.6515347031
1.6526311857
1.6544042573
1.6541811525
1.6541569507
1.6531938451
1.6518036059
1.6499567009
1.6495800466
1.6491265431
1.6479507329
1.6475461320
1.6444713918
1.6437766329
1.6439311872
1.6457585631
1.6460657091
