5.5603312991
5.4939939841
5.3720368123
5.3660897816
5.3556148320
5.2988106882
5.3065961074
5.5733762715
5.4236244209
5.4094167330
5.4133245698
5.5661843848
5.5141390416
5.5133343699
5.2703789485
5.0650111384
5.0369843547
5.1324750225
5.0910669200
4.9717243400
5.0330814552
4.9526884307
4.8763933140
4.7756511450
4.8477781643
4.8754838480
4.8800853733
5.0052075025
5.0786394620
5.0763009720
5.0533671610
5.0324181134
5.0842501115
4.8437642209
4.9066936077
5.0122825715
5.1896006096
5.3136195661
5.3590747388
5.2342483495
5.2299643001
5.0660104322
5.0691245354
5.0994429286
5.1211530041
5.1789560400
5.0256550072
5.1120429469
5.1947488968
5.1605206667
5.1777876669
5.2412047150
5.1182763969
5.2979571400
5.4943315341
5.7424434777
5.9410121205
6.0046316799
5.9643943824
6.0174185941
6.0519833632
5.9920121857
5.9763154345
6.1962773251
6.3189985611
6.2460370607
6.0744585233
5.9754918131
6.0820644532
6.0702335362
6.2140971459
6.1521928343
6.1294932329
6.2014118781
5.9816044503
5.8402208376
5.7941442670
5.8231840551
5.8179364738
5.8615009107
6.0042081391
5.8220326845
5.9558977806
5.8571333827
5.8297088976
5.8940135780
5.8643364107
5.6997957954
5.8425125253
5.7152938541
5.7187348212
5.5643991862
5.5565389164
5.6907845171
5.7692423245
6.1329184491
5.7211176005
5.5238254257
5.5378453094
5.7627726792
5.7148004253
5.7190877147
5.7994376070
5.7487639781
5.7388801821
5.8243954305
5.8861266207
5.7813913786
5.7247937560
5.5568094209
5.6497402286
5.7899662391
5.6481326783
5.6101852697
5.5614123760
5.5231089453
5.5083137391
5.5113588466
5.6441962052
5.5935349667
5.6164285984
5.4686074402
5.5239338913
5.6517021126
5.5530154273
5.2128054366
5.6742424292
5.7455812946
5.6056275693
5.6350562373
5.5868444013
6.3909820645
6.6019203754
6.3153208996
5.5085921115
6.3788209424
6.8213997361
7.0724654029
6.3502645282
6.3737956419
6.2357455403
6.0552984975
6.2649298241
6.3440038711
6.1992206763
6.3993909836
6.2576482005
6.1847318610
6.0925245339
6.1880709459
6.1020962324
6.1865377814
6.2185685296
6.1703322687
6.0240193746
5.9406755007
5.9588554264
5.9654687662
5.9590751309
6.0505588200
5.9737907710
6.0454489257
5.9840781108
5.9696848244
5.8705301462
5.8885795658
5.9037609734
5.9531872796
5.8543996528
5.7938508961
5.7022862356
5.6966992049
5.4756324909
5.4859561661
5.5142818196
5.3477405433
5.5164312246
5.3465235220
5.4845420383
5.6143371504
5.7139245293
5.6543210010
5.6136294839
5.7024571958
5.7660997834
5.8996863332
5.9362292850
5.9563681210
5.9217530227
5.8765679245
5.8840978228
5.8677936916
5.8125107138
5.8085133729
5.7450572820
5.7757537081
5.7401965594
5.7862640171
5.8194680395
5.8129237750
5.8145020592
5.9648473428
6.0604073968
6.0298285757
6.0088184661
6.1215707393
6.0934814631
6.1128947328
6.1893447439
6.1539170675
6.2398530152
6.2748508713
6.2615809284
6.2487598548
6.1381747773
6.1522076665
6.2191414917
6.1910864913
6.1692673779
6.2559281818
6.1071902095
6.1073679876
6.1309228861
6.0724335249
6.1235908069
6.1727598468
6.1292939485
6.0310400299
5.9618709454
6.0984497710
6.1744988316
6.2379083085
6.1871980075
6.3004775390
6.2708993853
6.4160835865
6.3078784047
6.3548380689
6.4110393762
6.4253924790
6.2278377416
6.2905251338
6.2788372152
6.0351609131
5.9827774418
6.0088542966
6.1584898934
6.1817777360
5.9100516378
5.9301867586
5.9685625290
5.9286097842
6.0042243102
6.0776194571
6.1866432146
6.1105346289
5.8939050939
5.3695294194
5.3529838647
5.8043430836
5.7971763350
5.8691745199
5.9820785430
6.0297863351
6.0481529688
6.0463703045
6.1823547210
5.8553428593
5.8915183110
5.7784445639
5.8898024678
6.1332625709
6.0325441437
6.1583629813
6.1018328215
6.1742329795
6.1910016396
6.1161116090
5.7942616835
5.7963240781
6.1240145607
6.2761080948
6.0598413848
5.9399292299
5.8885509897
5.7758859787
6.0444341083
6.0723216870
5.9072842433
6.0061084224
6.1323203075
6.0998673043
6.0704945996
6.0707363858
5.9080380969
5.9858545783
5.7378001215
5.8102691587
5.8479709539
5.8057722339
6.0023439818
5.8683189009
5.6705766464
5.6243993692
5.5439230168
5.4672663595
5.3945055577
5.1166378915
5.1761423116
5.4748221596
5.6816334747
5.6720384527
5.8138791522
5.9298623513
6.0401089917
6.1830015663
6.1777433067
6.2639056588
6.5834948823
6.5782989081
6.4966304322
6.6020962473
6.2896939245
6.1956788178
6.4758153750
6.2693645143
6.5158409864
6.3746076267
6.0552143547
6.1394043880
6.2020949318
6.3586753171
6.3337450774
6.3334628674
6.2241168027
6.0938280889
6.1081330400
6.2474385734
6.2309508179
6.3234240472
6.4526204702
6.2739906166
6.2569133720
6.2231744161
6.0433823990
6.0990744413
6.0235170245
5.9371126164
5.9651759117
5.7845401820
5.9190828944
5.9670699254
5.8773692232
5.8023171917
5.7486146475
5.9309471905
5.9896079449
6.0377637810
5.9812110934
6.0220282738
6.0928944910
6.1763128235
6.1585336025
6.1679063264
6.0131270760
6.0059394524
6.0098716320
5.9537545957
6.0129035439
5.8820181114
5.8632340325
5.8635267492
5.8732807136
6.0152802761
6.0152613884
5.8590221824
5.7592627719
5.9199110625
5.9432851802
5.8443183176
5.8873774631
5.9293956007
5.8015864842
5.7272369259
5.7883208373
5.7975612759
5.9002037586
5.7574006852
5.8930909913
6.0070069355
5.9654664832
6.0540387382
6.1062700919
6.0603275994
6.0413012418
6.2117007788
5.9953363403
5.9371392145
5.9332996043
5.9061046822
5.8830068750
6.0187053928
5.9908889376
6.0507764738
6.1079856364
6.1951162239
6.1779722839
6.2440371174
6.1818731449
6.0671212429
6.1047978821
6.0916370740
6.1071703915
5.9818232339
5.9746590567
5.9885749338
6.1529330771
6.0685674333
6.1183971278
6.0630235868
5.9938521766
6.0141335764
6.0221682586
6.0005158075
5.9926561357
5.9498158773
5.8574651314
6.0330262989
6.1024490813
5.9964237672
5.9437887033
6.1178917898
5.9810577873
5.7990870342
6.0304142414
5.5833742338
5.6952151038
6.0332253015
5.9842049864
6.1550438254
5.9426641723
6.1536077496
6.1649620236
6.0004659248
5.9789219654
5.9125311545
5.8355368238
5.8684911017
5.7596237875
5.7633171737
5.6108011512
5.4046716238
5.6415722841
5.5703432041
5.6951718351
5.8431115866
5.9686142056
6.0271031340
6.1523407748
6.0225417838
6.0015482603
6.0752974823
6.1118180828
6.0314641485
5.9861205601
6.0169901984
5.9227641519
5.9105496423
6.0298358933
5.9954390486
5.9625468668
6.0599658269
6.0079131808
5.9593313718
6.0581003892
6.1624177889
6.1229034645
5.9241684909
5.9446026463
6.1093335620
6.0254471303
5.8936202609
5.9767021971
6.1359935196
5.9813278604
5.9775651984
5.9866672607
6.0410015228
6.0072028129
6.1007380723
5.8638099013
6.1333757667
5.9294942175
6.0820886889
6.1252312817
6.0936931290
6.1072574899
6.0332094209
6.0752767614
6.1884517291
6.2686503945
6.2627328247
6.0307937739
6.2332929555
6.2725817093
6.2957810136
6.3546415559
6.2518402981
6.2773580195
6.3348574539
6.1503705754
6.0603581489
6.0344628971
5.9569909206
6.0234197714
5.9410769806
5.8690588854
5.8917662744
5.9428747109
5.8116039933
5.7493253705
5.7940886228
5.5598619258
5.6695461497
5.8430818465
5.8952465426
5.8811453032
5.8147757510
5.7326561966
5.6951515082
5.6813522360
5.4478210458
5.4745273705
5.4847153796
5.6182632964
5.6250131825
5.7430865581
5.6742910987
5.6540385343
5.8031348985
5.8706823810
5.9196211123
6.0517296227
5.9576168961
5.9986456754
6.0541187942
6.2330606011
6.1828805556
5.9649484497
6.1641349500
6.1702605863
6.0987312851
5.9193214527
5.9384544210
6.0198459752
6.0195601003
6.0629019268
5.9920582749
6.1793381196
6.1219388217
6.0403555185
5.8519850207
6.0599238402
5.9340425938
5.9036368529
6.0952563647
5.8890565324
6.1756903911
6.1883200610
5.9804009934
5.9536180236
6.0416321288
5.8983897851
6.2735516132
6.5067873478
6.3987112050
6.0230822471
6.1766368262
6.1294260080
6.3065151654
6.1697102650
5.9619119295
5.8982481378
5.9728099405
5.8464642084
5.6102631437
5.9733450090
6.2448618784
6.0375536438
6.2431967145
6.2482985124
6.4025673442
6.4903268814
6.3270233707
6.0243578356
6.0958370518
5.9600960375
6.0922180321
6.2585156996
6.0623960468
6.2070184778
6.2541738656
6.1662030581
6.2375342115
6.0548941790
6.1738130106
6.1485210306
6.3353783883
6.4262323929
6.4464557305
6.4156694706
6.0591939690
6.0147252217
6.0159263187
6.2241774771
6.1500947159
6.0381575237
5.8991533888
6.2269249572
6.2460079626
6.1744144649
6.4679802940
6.3677653682
6.1109231245
6.1903460822
6.2953142936
5.8896659652
5.8973286994
6.1736741320
6.1703574694
6.1322699230
6.0088475918
5.9550801077
5.7813272985
5.7998149068
5.7723764044
5.4404237688
5.4329104258
5.7077687425
5.5851030144
6.0469845104
5.5950613685
5.6627963356
5.8003602231
5.6957324428
5.7729136390
5.4515724078
5.6948587605
6.2749711338
5.8589999454
6.0397500126
6.4145239549
6.2742611400
6.6840939863
6.2084088591
6.2046000400
7.2587794043
6.2739761106
6.0675447805
5.7780523099
6.0791625734
5.6213379953
5.8721349409
6.1564782164
6.1747606262
6.4240388942
6.2684668043
6.5577975683
6.4447070594
6.2855537702
6.5420285752
6.5112029475
6.3647862846
6.4227312230
6.3751687557
6.3837047441
6.0909870560
6.1313679400
6.2189825195
6.1414188896
6.1344514624
6.0438401713
6.1533296792
6.2394504552
6.2950280491
6.2483678006
6.1960799861
6.0669128279
6.2486769962
6.2652447879
5.7986996592
5.7537648320
5.9790500344
6.2969250777
6.4459708109
6.8359414909
6.4552501344
6.4940761505
6.3940976328
6.2851258186
5.9817045938
6.1212580816
6.0196302346
6.0491067484
6.0976436120
6.5197886910
6.5397853677
6.8142227699
6.5331033121
6.3993002418
6.4227040066
6.2725453188
6.1174946377
5.6742058457
5.5171642033
5.4049852343
5.3422948312
5.1573213521
4.9489489742
5.2217516471
5.4052656300
5.4345011449
5.4081872163
5.3683082532
5.5468610999
5.5491270939
5.7812315484
6.1745858471
6.4358434222
6.5436780967
6.9017819557
6.8925525618
6.8955480251
6.9214890986
6.7056466167
7.0112713249
6.9394103259
6.8649321432
6.6801795869
6.5157874183
6.3227613477
5.8538289698
5.9294942507
6.0299047722
5.8346284838
5.6136428214
5.6584034637
5.5327895539
5.4254340521
4.9493403422
4.9726246124
5.0682692554
5.1616071991
5.1827432268
5.2154397094
5.1426509952
5.1742523354
5.1505842159
5.0554458416
5.1423497835
5.0890669387
5.0374397645
4.9244782515
5.2613828916
5.2315129334
5.3430010517
5.5409668560
5.5162428315
5.7025388053
5.7421251924
6.0275053865
5.8417015224
6.3258544584
6.1150448187
6.2009762945
6.5175229377
6.5427970156
6.6801892524
6.7213306255
6.7713438959
6.6106123567
6.8433263192
6.7740885533
6.9311803956
7.1036058829
6.8698793464
6.6820065153
6.6667226514
6.4738723393
6.0278841597
6.0059860625
5.9407693701
5.7272897005
5.7200139329
5.5396955622
5.6362303948
5.5740699304
5.5194768904
5.4280439736
5.4970978528
5.3630145527
5.4291322272
5.3946799940
5.3103486403
5.4652260764
5.6160800747
5.6923989993
5.8659654414
5.9112097704
5.9618081200
6.1105066310
6.4217246312
6.7820090236
7.4117786098
7.5445257816
7.6768832270
7.7487208287
7.7008962173
7.7813847535
7.6098582301
7.6593125660
7.3639518164
7.2574833470
6.5920704623
6.3104433410
5.9742653729
5.6256196350
5.5126592371
5.2995650253
5.2594747711
5.0633650626
4.9264000227
5.1129584328
4.9033702283
5.0466658318
4.8356084062
4.9280784296
4.8007740731
4.9378649323
5.2316536936
5.5110545874
6.0064937324
6.1419119601
6.2299400591
6.5387905993
6.9023377511
6.8593652941
6.9846987526
7.1837985922
7.2372086398
7.4328595821
7.1913993690
7.1023969661
7.0797081098
6.8529234195
6.3650221836
5.9135828860
5.5016762588
5.2630844955
5.1396151703
5.0805477683
4.7991867799
4.8161866351
4.9373084279
4.6699272904
4.8342178937
5.0976624768
5.2342928528
5.4275621092
5.6535893050
5.8392818742
6.0095227428
6.1946281884
6.3123965521
6.5557657863
6.7008533442
6.4861478032
6.6896980174
7.1167872751
7.2217093959
7.3372362394
7.6215983349
7.6052428832
7.1984365422
6.9117737330
6.6309200683
6.4370737314
6.2123158962
5.9674904847
5.8091610017
5.8433337681
6.0420658505
6.1142871126
6.1328809738
5.9792271726
6.0126418700
6.1108405174
6.1801937338
6.0621147268
6.0289267227
5.8497638104
5.7743693313
5.8023094487
5.7606949179
5.8495258692
5.9087439197
5.9578655806
5.7767055489
6.0312817427
6.7118960275
6.9078927090
6.7122577777
6.6047958536
6.3552497373
6.2589498143
6.2977557066
6.1743119166
6.2474218992
6.1648865055
6.2092346630
6.1997715019
6.1806513785
6.0829924062
6.0450941819
6.0910739670
6.0877933309
6.2625681116
6.2660105592
6.1429617583
6.1481700320
6.1239395612
6.1185058094
6.0550247624
5.9588725285
5.9497669921
5.8171706431
5.8696923494
6.0837134911
6.0649520885
5.9570983102
5.9077182063
5.9373038507
5.8322258603
5.9081498981
5.9742974791
6.2530408309
6.2953460104
6.2068645517
6.3139305556
6.7180201629
6.6032764672
6.8384361184
6.4233439287
