0.2703314321
0.2458464557
0.3691450009
0.3508733175
0.6111981652
0.6549798855
0.9892777903
1.0847024013
1.1802294212
1.1211060107
1.1686380338
1.0324254627
0.9034339037
0.9835961277
1.3231255555
1.0628996654
1.3834519953
0.8680635052
0.5440462267
0.8253759458
0.6757964083
0.3659362950
0.4224503390
0.4206086721
0.6507481959
0.7637312383
0.7277561706
0.8734822184
0.4127429438
0.5148613505
0.5672987874
0.2714843094
0.6020076092
0.1085720199
0.5792799300
0.5520639862
0.4757063429
0.5180601276
0.6636292365
0.6940455585
0.4482365784
0.2672176336
0.5371212749
0.4425112973
0.4627266703
0.3977798678
0.3688014423
0.3310587290
0.2531731822
0.1016288289
0.1522631250
0.1576342279
0.5133875024
0.3370158530
0.3423156634
0.4596681369
0.4050701876
0.1546834415
0.2929266797
0.4403425006
0.2606717634
0.2724669938
0.3119948573
0.4759866783
0.4589995965
0.5576847620
0.6345823805
0.5246212290
0.6252263252
0.4870150075
0.4266820084
0.4581393228
0.4555209692
0.3973685505
0.4167435759
0.2525472958
0.3701818431
0.6071215765
0.2041132844
0.3204656014
0.2557790876
0.2968594258
0.3786156178
0.2864814529
0.4063693200
0.3697872364
0.5960266837
0.7858622459
0.4481069856
0.4986638638
0.4897894106
0.6733627949
0.8399615123
0.7107270553
0.7429021456
0.9083865640
0.9311003399
0.9021777965
0.7457260882
0.5261006175
0.4818843220
0.8168252210
0.8171071159
0.6031070576
0.6500735622
0.2900787294
0.4321842356
0.3799202442
0.2758561603
0.3037999805
0.3857235568
0.3611732840
0.2956533004
0.4847989499
0.5751831064
0.6605941048
0.5794960189
0.8598879502
0.8157875231
0.9305390466
0.8115883558
0.6932086459
0.1991481135
0.2874251493
2.5182379659
1.9428023136
4.6052899882
0.4040359810
0.4613001373
0.3391667559
0.1875796055
0.3873941877
0.3811476100
0.2206245426
0.1976589536
0.2999159840
0.3384549475
0.2792350911
0.9060348886
1.3736347466
1.1456811723
0.8597335439
1.3389616780
1.4402051842
1.0180582837
1.1941937896
1.4023285674
1.5155780584
1.0693151890
0.9989754890
0.6552190382
0.7222790707
1.3052780495
1.2411461581
0.1758178398
0.6121850294
0.4506253125
0.8646765205
2.5924202869
0.7272297248
0.4474234525
1.1186957506
0.3060441260
0.4666634282
0.1915134320
0.5260883256
1.4932696859
1.5494150081
0.8357183445
0.7617388371
0.3284472221
0.5624136338
0.3075247973
0.4089823829
0.3615308112
0.3970594344
0.5166765624
0.4854340068
0.9190173369
1.0122628650
1.1054806025
0.8951367610
0.6746677994
0.2589395202
0.3090517394
0.2881893544
0.3524322107
0.3985973833
0.2912286012
0.5933346168
0.2999580957
0.4341924914
0.1181894873
0.1524374858
0.3457539878
0.4566851948
0.5212523219
0.4301291760
0.3528379790
0.4648999953
0.3967318410
0.3157936336
0.0773699383
0.2820941406
0.2142201605
0.2020728143
0.3156368117
0.1506598986
0.3835814211
0.5234940413
0.5864381193
0.4387912350
0.5450916943
0.4088069057
0.4085986677
0.4609866973
0.3524378142
0.6279639110
0.3956762925
0.2658212065
0.5599293530
0.5369864503
0.4855324282
0.6540447251
0.4250041878
0.5059030193
0.4880676247
0.9583684383
0.7255631016
0.4663077537
0.3679316377
0.4074392940
0.6102182350
0.6601097035
0.6616852236
0.3574211432
0.4775686117
0.3898549574
0.4765418962
0.4189766319
0.4117300747
0.3872189788
0.5095709359
0.4661722383
0.5264017618
0.3858365777
0.3935704844
0.4241658947
0.7485718713
0.6395834736
0.7621386295
0.6234730341
0.5456591924
0.4504223673
0.4818815069
0.5348537507
0.5175575497
0.3955026060
0.4052137636
0.4935958832
0.5661936245
0.5586634995
0.3363435402
0.4660679174
0.4368498751
0.3684526092
0.2649817830
0.3565096777
0.2691824171
0.3034936530
0.4121342304
0.4426801293
0.4006647755
0.4730112915
0.4648124503
0.3960355247
0.2743138600
0.2271796543
0.2940689593
0.4258516793
0.3150799363
0.3638521021
0.3544422987
0.2923014299
0.4952178625
0.2944969603
0.2539830276
0.2516037442
0.4050077092
0.2687191675
0.3199155982
0.2188414326
0.2986518330
0.2998652557
0.2835492110
0.3005316426
0.4042333672
0.2553738368
0.3263022050
0.4166998117
0.7325174170
0.6789155907
0.6854383295
0.7295856071
0.7261287425
0.7144685983
0.6803964180
0.6822517911
0.6537809813
0.4463878040
0.4975027554
0.5405393677
0.5489741301
0.6610082959
0.3871791848
0.5621548157
0.3701786233
0.4489427991
0.3839401401
0.4002475084
0.3648731869
0.3632161333
0.2392071932
0.2569483317
0.3206759821
0.3007599630
0.3664316416
0.3899070309
0.3089832825
0.2508193580
0.3868071595
0.3116421603
0.2221093456
0.2213156118
0.0589786242
0.2488268159
0.1850737022
0.2420068980
0.2280883882
0.1680772176
0.1514901117
0.2668768196
0.3351528046
0.2659525072
0.3561702288
0.3428842211
0.3740117990
0.2401620481
0.2286005967
0.4367867132
0.3297642910
0.4039174515
0.1721015398
0.1751742186
0.1600645474
0.2031307801
0.1539374059
0.1389781643
0.1751708262
0.2942264658
0.1770911719
0.2867826031
0.3156554530
0.1992504871
0.2320099670
0.3421179538
0.3659468559
0.2244573510
0.2231437676
0.3855112671
0.2997355876
0.3455376933
0.2116134530
0.6306903129
0.3598862803
0.2339839212
0.5974313255
0.5480179607
0.2529510607
0.4372419734
0.4013056936
0.6261228579
0.3339579766
0.2227563541
0.6308377081
2.3923215213
0.3052920178
1.7254123944
4.3255233234
0.4832073791
0.2542673497
0.8088807356
0.3641997645
0.6465008576
0.5260548958
0.4581989981
0.6039851470
0.6653640486
0.5812937737
0.1913429318
0.4640394555
1.3375606060
1.6836255354
1.1432053123
1.0417917689
1.0926065546
1.0711653881
1.2843833204
2.6801352240
1.8044981365
1.6007967099
1.5470048927
5.2804649891
1.8776771568
1.3625569457
0.9023100436
1.1486056512
0.1889756120
0.1824057797
0.2527598141
1.6795656701
0.8572169379
0.4380764233
0.2367889795
0.1504205152
0.3128541926
0.3796689116
0.5425026239
0.4848460510
0.2818000992
0.2313441644
0.3456656059
0.2614515106
0.3120478164
0.2762953278
0.2815422395
0.3270257266
0.2289347232
0.2936755691
0.3379147063
0.4706390662
0.4749526745
0.6549100608
0.6020387965
0.3960152785
0.6858307155
0.3955927229
0.6868467778
0.6396832812
0.2219872974
0.5546619718
0.4695497753
0.4033422931
0.5442422093
0.3861676238
0.5172569079
0.7074532109
0.2731132070
0.4504945185
0.6325808518
0.3983264568
0.3073729862
0.4578242992
0.4517909665
0.4892403575
0.3145133569
0.4636598314
0.6599166601
0.5649875543
0.5055135018
0.5159921528
0.4332778676
0.5651543771
0.6438337859
0.5667207745
0.5841335533
0.5652690804
0.7920938878
0.7784331949
0.6996880925
0.7166677546
0.6480019163
0.8044320217
0.8095510087
0.6398548390
0.7094892419
0.7865860135
0.7560317398
0.6522953261
0.8180778957
1.0739402063
0.9959157071
0.9895283356
0.8229843015
0.7814202885
0.9478448950
0.9721340655
1.0583353665
0.8672812568
0.9157414315
0.8764367572
0.8867660397
0.8147384834
0.7556980504
0.6975176074
0.7543862303
0.6566213216
0.6336724971
0.6663227213
0.3871995787
0.9702950325
0.6457437698
0.9103754983
0.8289350052
0.8295906338
0.9287367876
0.7818875524
0.4956197790
0.9733264884
1.0310920999
0.8444448371
1.0456713768
1.1552856637
0.4026422759
0.4551869224
1.1766650705
1.1223734124
1.0614426787
1.8722033701
1.8532363493
1.5926170648
1.6221803305
1.3702321552
0.9533629399
0.9910728507
1.8368546064
1.7591055663
1.1811587964
1.7069553915
1.7185313372
1.8117562354
1.2531444979
1.5523362046
1.2971445374
1.1978383432
1.0246124562
1.1591448384
1.3668079965
1.0952966721
1.1580733614
1.1822270180
1.1551383632
1.3995133177
1.3805518110
1.2294510137
1.3431089068
1.4596582567
1.4029748556
1.3996923416
1.5548095093
1.4515215319
1.2820270138
1.4788041517
1.4625127913
1.3555327925
1.3556026126
1.4200073749
1.3433786301
1.2660282333
1.3418844912
1.3871968612
1.3861876806
1.2862942178
1.2809786510
1.2617434640
1.1680647835
1.1148500392
1.1418580458
1.1075577590
1.0561520058
1.0501066318
1.0359355268
1.1334389694
0.9116481651
1.0353631567
1.0227027538
1.1159422110
0.9864938493
0.9411208679
0.9115202915
0.9111075670
0.8943215472
0.9724374323
1.0403857483
0.9200650254
0.8806351561
0.7920308044
0.8867893260
0.9435185208
0.8486114804
0.9204077671
0.7152011181
0.8969117801
0.8929077893
0.9018672794
0.9454264784
0.9701960204
0.8889171755
0.8769942526
0.8129925778
0.7944068429
0.8147934621
0.8079828202
0.8253488325
0.8326627463
0.8675467076
0.7790144900
0.7457131984
0.8570537758
0.8495525904
0.8175261753
0.7963231361
0.8962926320
0.7107766360
0.7773047805
0.7385637726
0.7794836652
0.7770812825
0.7792251416
0.8297525368
1.1162011572
0.8086988915
0.7163934471
0.4499975173
0.9630739094
0.6998505992
0.5816831403
0.3347123579
0.2933341509
0.4981194102
0.6465435963
0.7026038675
0.8369517784
0.8829114480
1.0628821115
0.9321034891
0.8672219490
0.5589251011
0.8635850350
1.2497810956
0.7490519282
0.6782254348
1.1000844772
1.1787353583
1.0772292325
0.9033549044
0.8750606172
1.0485825202
1.1426484543
0.9880916806
0.8991653295
1.0773894135
1.0162635526
0.8922299602
0.8770830014
0.9876964559
1.2108886394
1.1747437868
1.1796410756
1.5357708985
1.3750900851
1.3738202124
0.9513772176
0.9842285627
1.1040791116
0.7980281908
0.6959798694
0.7561127174
0.9108052306
0.8921232222
0.7274747207
0.5924209343
0.6304457323
0.4982917447
0.4248952515
0.5208744629
0.4523974415
0.3317346031
0.3962896011
0.4374068014
0.4875349557
0.4961794726
0.5414339304
0.5420675996
0.5205188913
0.5136261067
0.5447769105
0.5321551432
0.4967361525
0.6014464277
0.5390301561
0.6170665605
0.4871410549
0.5073522372
0.4718706046
0.4873654691
0.4792760446
0.6092587796
0.4903991265
0.4273290190
0.6712751257
0.6402322692
0.6359672601
0.4968349824
0.5404935389
0.6644072379
0.5750266921
0.7079211303
0.6303959149
0.6817139435
0.5698225244
0.6042540765
0.6397672580
0.7557696149
0.8460250986
0.7642456361
0.8148260169
0.6231174361
0.2749085401
0.4202750145
0.8767247197
0.8673075229
0.8671832402
0.6739007730
0.8096147903
0.4582631956
0.4989592734
0.3660803347
0.5631662950
0.5896435013
0.5304533066
0.3554046628
0.2424407646
0.9230659243
0.7944700099
0.6007518897
0.4536594170
0.5288804171
0.4312733705
0.4489855933
0.2165546206
0.5701405824
0.3036113381
0.3794098972
0.4953052161
0.3006950948
0.3413900006
0.3385378041
0.2777797571
0.4018742544
0.4228026983
0.4547478445
0.3047525738
0.4396247206
0.1674626671
0.2086975700
0.2502161297
0.1664165739
0.2072500349
0.1242474407
0.2214935699
0.1457999808
0.0248870526
0.2738813745
0.3637809224
0.4555010265
0.4450954782
0.3165458026
0.3256415386
0.6181806532
0.3260295883
0.3228016750
0.3580925688
0.3775264866
0.6006988854
0.4164798221
0.5585292935
0.3960867666
0.4903842793
0.4008824845
0.3784456009
0.5102858327
0.1418474132
0.3949966653
0.3524921188
0.3492573864
0.3604624530
0.5020885706
0.5453973163
0.6209965995
0.9914510589
1.1887799961
0.9067316675
0.7930476967
0.9105269726
1.1147206162
0.7716741587
0.3526131441
0.9709751387
0.5620062154
1.3361797599
0.9008096320
1.9636101562
0.7753676911
2.2012119464
0.9001182607
0.5101765700
0.7677383012
1.2710604354
0.2127935302
0.5076688017
0.6368620109
0.9117855421
0.7251709643
0.4558147574
0.9575339206
0.7127490048
0.5517749421
0.5130901711
0.1401940381
0.3311288279
0.3968323692
0.3007914250
1.0388334222
0.7898252766
0.6447799883
0.2596804015
0.2645413730
0.5487120575
0.3129628448
0.1184985882
0.0754120650
0.1641417528
0.2257434210
0.2092035555
0.2509088220
0.3089969768
0.2760821838
0.2148018081
0.2453184332
0.2428793313
0.1965179908
0.2213534962
0.1826341701
0.2077421865
0.2076767962
0.2527911052
0.2018777088
0.1006171688
0.3096795150
0.2545400294
0.3347393672
