0.3813387102
0.3888893692
0.3910151726
0.3932572542
0.3954324238
0.4022219941
0.4028898619
0.4060722510
0.4077440882
0.4140350774
0.4173094684
0.4216996261
0.4254306178
0.4311454154
0.4379510996
0.4496326882
0.4571930189
0.4614889598
0.4665160040
0.4771676627
0.4816454788
0.4848824621
0.4876971744
0.4907291480
0.4990602436
0.5034745677
0.5058862031
0.5234031086
0.5370426743
0.5456443015
0.5541162049
0.5631397484
0.5779107597
0.5896021750
0.5982677249
0.6054005249
0.6157373106
0.6187696061
0.6232574004
0.6202937259
0.6222137102
0.6245781264
0.6246905235
0.6276529343
0.6255953387
0.6235594401
0.6166668292
0.6084314847
0.6002653950
0.5853262925
0.5693556435
0.5474306308
0.5287737222
0.5122230058
0.4955564018
0.4840833817
0.4732816778
0.4643944231
0.4641641316
0.4607063079
0.4531524506
0.4461316110
0.4451606129
0.4452625806
0.4444365293
0.4450117250
0.4385113918
0.4303702215
0.4219226182
0.4139132640
0.4073847271
0.4000024826
0.3970666190
0.3910958157
0.3948033656
0.3899557477
0.3868696803
0.3785807534
0.3754720914
0.3683777384
0.3593994074
0.3503237461
0.3428828102
0.3306015905
0.3160540326
0.3049111743
0.2964574203
0.2860482896
0.2764493720
0.2667078299
0.2565550812
0.2476802706
0.2386307675
0.2307507373
0.2238593237
0.2176251955
0.2121284831
0.2074660729
0.2036950755
0.2006562188
0.1981455668
0.1961967908
0.1949089641
0.1940943369
0.1937454526
0.1938024939
0.1940441025
0.1946035174
0.1953165871
0.1961286426
0.1971219417
0.1985373243
0.2001470752
0.2014372072
0.2028809988
0.2042028107
0.2054872799
0.2067131980
0.2080512435
0.2095217713
0.2109846220
0.2123453585
0.2130740954
0.2141890900
0.2154920807
0.2165469063
0.2177031756
0.2167724406
0.2148283793
0.2137197645
0.2130485998
0.2130531633
0.2124087241
0.2115365651
0.2104687895
0.2098383706
0.2095338554
0.2098682984
0.2102061778
0.2100826833
0.2101805506
0.2105980259
0.2110785014
0.2114650905
0.2120454375
0.2122684048
0.2128134882
0.2138025773
0.2144638166
0.2146073132
0.2150202140
0.2153000971
0.2157845731
0.2166381923
0.2174590455
0.2182853604
0.2191225122
0.2194170059
0.2198097843
0.2203238747
0.2212881772
0.2220182802
0.2222031787
0.2220088845
0.2218959522
0.2212906906
0.2215269488
0.2223569361
0.2220797141
0.2215429637
0.2192404420
0.2189817395
0.2191292947
0.2196958068
0.2190376937
0.2179453758
0.2169539384
0.2173472807
0.2181142401
0.2175377348
0.2174727916
0.2191570808
0.2212546477
0.2232503291
0.2208636882
0.2234814090
0.2262971726
0.2284788029
0.2315566491
0.2301770422
0.2324216279
0.2290603240
0.2316807129
0.2354579934
0.2346903033
0.2393228060
0.2418631950
0.2466686866
0.2514584567
0.2502289533
0.2525138783
0.2485992392
0.2485089065
0.2447698702
0.2450869860
0.2445946846
0.2441449501
0.2480154430
0.2491736135
0.2529154511
0.2562884708
0.2570025014
0.2583102859
0.2605518873
0.2602481380
0.2613130365
0.2645213774
0.2646782935
0.2670679515
0.2668501653
0.2687828943
0.2700840837
0.2678594157
0.2675269329
0.2647216525
0.2564881598
0.2501607649
0.2360751012
0.2249835223
0.2154731481
0.2005925346
0.1902786382
0.1758027165
0.1696882477
0.1652581881
0.1576380665
0.1552510495
0.1564822953
0.1538310593
0.1559974187
0.1555910968
0.1584459133
0.1611544710
0.1604749841
0.1596512537
0.1563490783
0.1570549870
0.1521666161
0.1495254684
0.1452775094
0.1438749914
0.1402823574
0.1387175161
0.2031777199
0.2034121801
0.2021404414
0.2026635787
0.2019569394
0.2014401656
0.1991625460
0.1955846554
0.1902305825
0.1855499476
0.1800638069
0.1748995883
0.1691975505
0.1662363113
0.1617991758
0.1576979331
0.1567976759
0.1517828983
0.1486654298
0.1494280411
0.1458217590
0.1482680692
0.1440923912
0.1457419718
0.1457623140
0.1485075514
0.1469496549
0.1513782167
0.1493769864
0.1530103031
0.1490273092
0.1489842645
0.1502212962
0.1487445953
0.1539661288
0.1559404741
0.1590383360
0.1644609629
0.1684393982
0.1715400688
0.1760362444
0.1781526424
0.1770787206
0.1765016048
0.1723152478
0.1636493575
0.1572416220
0.1462463802
0.1373041036
0.1267814652
0.1144371836
0.1077025927
0.1004858042
0.0991817397
0.0990703856
0.1018665280
0.1018453329
0.1010514186
0.0985367800
0.1006932505
0.1052785574
0.1080628544
0.1095565029
0.1111915801
0.1113920035
0.1113789479
0.1095213474
0.1089800110
0.1116229578
0.1148033157
0.1183845478
0.1220082673
0.1238336978
0.1297493209
0.1319178763
0.1401887530
0.1450045168
0.1574939324
0.1581687621
0.1661026057
0.1704818642
0.1738873294
0.1792370980
0.1811573673
0.1853231629
0.1868606329
0.1872989264
0.1856883342
0.1854922837
0.1860333635
0.1932462551
0.1966441389
0.2040121684
0.2139330105
0.2264311984
0.2339945026
0.2408995009
0.2506629012
0.2594864396
0.2618204211
0.2648034912
0.2689967116
0.2757422747
0.2841570063
0.2896264855
0.2967615930
0.3037896778
0.3111938563
0.3211809901
0.3324262906
0.3458612959
0.3582339888
0.3704281286
0.3670891602
0.3737863588
0.3802425663
0.3839963775
0.3963860069
0.3911410027
0.3982698944
0.4023276670
0.4054364447
0.4104561082
0.4086822834
0.4189294889
0.4294706531
0.4439292273
0.4540430850
0.4656003792
0.4853209727
0.4990127551
0.5110885263
0.5206894126
0.5277566354
0.5384362622
0.5462932771
0.5628474597
0.5746419433
0.5814778408
0.5927283620
0.6047400830
0.6124056358
0.6218338691
0.6302295250
0.6394907109
0.6442676101
0.6560403553
0.6737586191
0.6977787238
0.7134583456
0.7250353952
0.7335002274
0.7288040128
0.7338127837
0.7381760875
0.7434180886
0.7486111958
0.7547008869
0.7599646331
0.7617084194
0.7685742403
0.7655338937
0.7618750626
0.7537571633
0.7544154977
0.7573506855
0.7670939926
0.7680397852
0.7647836627
0.7683465853
0.7640736888
0.7480998192
0.7221621515
0.6937002385
0.6903793945
0.6989362106
0.7124996665
0.7297279590
0.7420571890
0.7458506010
0.7444947633
0.7331623517
0.7164345051
0.7021238550
0.6843576947
0.6623021964
0.6545405240
0.6483438604
0.6605541166
0.6497120727
0.6601368742
0.6446529433
0.6416444085
0.6483255354
0.6638345417
0.6859941358
0.6951452531
0.6952193810
0.7035804590
0.7039693366
0.7036319981
0.7023198805
0.7030444289
0.7041768126
0.7059561903
0.7072012683
0.7219118832
0.7189344907
0.7098241806
0.7055576966
0.6964723035
0.6921468803
0.6821931618
0.6772123738
0.6656345945
0.6543138752
0.6445471921
0.6375118648
0.6375068849
0.6389997191
0.6383259443
0.6423531267
0.6383437993
0.6410282282
0.6452054386
0.6465887247
0.6525503642
0.6501834419
0.6535864404
0.6604448215
0.6608029927
0.6621842165
0.6603721370
0.6574011850
0.6541214982
0.6559297731
0.6514244545
0.6465761520
0.6420948806
0.6371556944
0.6383922038
0.6338432098
0.6302640158
0.6269550067
0.6279326640
0.6226543101
0.6173698684
0.6167518615
0.6116069506
0.6058367822
0.5995688204
0.5935017134
0.5885821656
0.5842904785
0.5822823350
0.5785786375
0.5747858687
0.5722989541
0.5693331902
0.5690947386
0.5653030912
0.5626073748
0.5567988089
0.5559745848
0.5536961955
0.5519977565
0.5535934742
0.5564156548
0.5634760808
0.5655353442
0.5691433616
0.5699903250
0.5669869909
0.5647464112
0.5587362512
0.5604816809
0.5588667415
0.5500175044
0.5528514923
0.5481087408
0.5491733142
0.5483034706
0.5443793658
0.5400837737
0.5371665954
0.5329358096
0.5257311555
0.5163017309
0.5074321497
0.4961958167
0.4824180400
0.4705925153
0.4519610721
0.4393118822
0.4271996822
0.4151498961
0.4054683579
0.3974301829
0.3894947804
0.3821650118
0.3775115052
0.3688109350
0.3643000421
0.3620603322
0.3636115516
0.3662855256
0.3677528216
0.3673159377
0.3680797389
0.3701529553
0.3727321697
0.3647824702
0.3668069151
0.3654428186
0.3671120000
0.3672290219
0.3679596465
0.3714207164
0.3729806315
0.3733936320
0.3750912087
0.3784967896
0.3917616764
0.4004330927
0.4131772716
0.4230715683
0.4379661589
0.4520017566
0.4558127508
0.4649264367
0.4734462361
0.4854710916
0.4928149315
0.5034649737
0.5100725219
0.5255958665
0.5336147751
0.5334060888
0.5410019633
0.5448870527
0.5532117446
0.5570959465
0.5624542288
0.5646205458
0.5620759476
0.5653816684
0.5637102198
0.5643183237
0.5610807526
0.5575386091
0.5593370000
0.5540838146
0.5573868305
0.5537238566
0.5573245111
0.5629895377
0.5625129881
0.5666208578
0.5685537530
0.5710496860
0.5644691427
0.5549261518
0.5512196762
0.5661424316
0.5768234640
0.5875418386
0.5935061868
0.5884287107
0.5913873091
0.5760076187
0.5848751346
0.5694514089
0.5600726422
0.5431163394
0.5270898165
0.5017870477
0.4864485436
0.4800714556
0.4621281962
0.4389491552
0.4271643695
0.4154192146
0.4102330417
0.4056030117
0.4115457085
0.4196736963
0.4383353099
0.4581324533
0.4867763768
0.5120759569
0.5102301514
0.5339204886
0.5285078034
0.5444815179
0.5560310411
0.5535249783
0.5522992821
0.5472481313
0.5437915413
0.5404031485
0.5376950905
0.5349313783
0.5321272923
0.5313097071
0.5294756396
0.5305764160
0.5265762051
0.5235758116
0.5134196836
0.5126304287
0.5126803483
0.5001172217
0.5016016101
0.5054384649
0.4954507455
0.4949773183
0.5010609187
0.5001071706
0.4995371311
0.4902467163
0.4894205390
0.4908344147
0.4846549549
0.4873862294
0.4920468878
0.4946590260
0.4875083816
0.4896019760
0.4918043284
0.4825234403
0.4794944714
0.4772217830
0.4652909783
0.4527499120
0.4424475804
0.4227591585
0.4166277376
0.4096519802
0.4033533271
0.3909831094
0.3774980704
0.3652582258
0.3524658651
0.3369897617
0.3259361123
0.3175389622
0.3090693458
0.3021202080
0.2936661473
0.2829486753
0.2705763844
0.2505656993
0.2358184907
0.2228443043
0.2119238115
0.1990012651
0.1776178574
0.1675871592
0.1612781306
0.1528934404
0.1442679627
0.1324586648
0.1236962072
0.1183846143
0.1069946691
0.1053876288
0.1130296603
0.1132520569
0.1167392982
0.1199421572
0.1233721877
0.1294418584
0.1312733320
0.1280865250
0.1262268723
0.1160352666
0.1197237860
0.1111229676
0.1043211407
0.1080815340
0.1097038518
0.1129317875
0.1180876676
0.1243076875
0.1319248677
0.1423991972
0.1490038134
0.1555536453
0.1614360369
0.1673803353
