0.2741328065
0.2725979418
0.2709303637
0.2712945440
0.2742840440
0.2804276990
0.2903858075
0.2976051460
0.3013669585
0.2993665733
0.2993200356
0.2993393062
0.2978017688
0.2925549910
0.2899248442
0.2857627515
0.2846121239
0.2937801965
0.2984253151
0.2978511375
0.3016853043
0.3019957277
0.3000139135
0.3019345181
0.3031221772
0.3066289022
0.3073547969
0.3109461545
0.3105351670
0.3092039138
0.3113658413
0.3124583133
0.3156760730
0.3156587522
0.3153900602
0.3148524703
0.3155943668
0.3163483807
0.3196538204
0.3214677173
0.3216105745
0.3236178958
0.3248924099
0.3252567071
0.3261203701
0.3257871159
0.3272854267
0.3261131185
0.3250217038
0.3259187291
0.3255186000
0.3265495392
0.3270056258
0.3308310577
0.3359318801
0.3406553902
0.3433285803
0.3433625687
0.3425807076
0.3441246849
0.3427917642
0.3440313819
0.3408009218
0.3404781421
0.3403007912
0.3368803128
0.3355353180
0.3345083595
0.3353419482
0.3354627187
0.3382104119
0.3383810248
0.3367402989
0.3337410374
0.3212438500
0.3139160527
0.3074214383
0.2968900846
0.2906425422
0.2834496551
0.2730239960
0.2585866570
0.2408005964
0.2206989850
0.2012160005
0.1861525924
0.1779477891
0.1757595359
0.1770722927
0.1776451106
0.1768545547
0.1759405666
0.1776651394
0.1763139564
0.1778164287
0.1766244806
0.1760969812
0.1766793996
0.1764546395
0.1743441179
0.1698879246
0.1688559007
0.1687350651
0.1688204434
0.1695005691
0.1701541136
0.1703633250
0.1722939630
0.1727549943
0.1705043029
0.1663616799
0.1645466663
0.1588730944
0.1578509082
0.1592954197
0.1719802141
0.1863052792
0.1893862185
0.1807893824
0.1765572022
0.1730080915
0.1676206322
0.1635674896
0.1635614994
0.1667090993
0.1669895612
0.1675207390
0.1670614428
0.1628401199
0.1573912760
0.1523301295
0.1475187352
0.1430698621
0.1407631246
0.1380915194
0.1338515205
0.1288110892
0.1285987791
0.1350830807
0.1383728590
0.1369055642
0.1357943841
0.1350742428
0.1365847205
0.1366417826
0.1367126295
0.1333121693
0.1292750177
0.1243128964
0.1172642258
0.1145201122
0.1126771203
0.1094609754
0.1046570129
0.1007474064
0.0976089100
0.0936132834
0.0914184205
0.0948269325
0.0926423670
0.0912230816
0.0873587679
0.0829570497
0.0808987543
0.0825209942
0.0822427213
0.0808474443
0.0796802786
0.0804654632
0.0805249041
0.0821458326
0.0854764801
0.0892102496
0.0916862859
0.0992932013
0.0880663616
0.0870490133
0.0840180334
0.0824252063
0.0838351639
0.0849188388
0.0856137009
0.0878373078
0.0912953757
0.0932658979
0.0954140177
0.0970636155
0.0984243645
0.0975116323
0.0961044757
0.0959346252
0.0934226715
0.0907704353
0.0908280773
0.0903911037
0.0891658888
0.0890112396
0.0884738798
0.0872295806
0.0862493970
0.0851944965
0.0847608567
0.0834884214
0.0829250341
0.0816293529
0.0807412337
0.0801818704
0.0798661727
0.0782187518
0.0772967553
0.0762557847
0.0746519416
0.0739445838
0.0733664271
0.0723511689
0.0720509336
0.0715805702
0.0718793420
0.0712098568
0.0722843070
0.0756120747
0.0796293141
0.0831804809
0.0868244975
0.0896616551
0.0938850732
0.0998946767
0.1036821064
0.1040980520
0.0939026227
0.0888084915
0.0851469290
0.0816239457
0.0790476629
0.0763019647
0.0736062295
0.0720013045
0.0725111757
0.0762098498
0.0830527731
0.0811273655
0.0765764285
0.0766141363
0.0764149884
0.0755293496
0.0752141301
0.0734844100
0.0729494207
0.0687487777
0.0687970545
0.0667923139
0.0665710100
0.0638092354
0.0626012491
0.0622187554
0.0616672521
0.0603080469
0.0596313954
0.0599103484
0.0584079039
0.0581830866
0.0569836194
0.0571685218
0.0571103953
0.0567657081
0.0560503045
0.0568319477
0.0557039638
0.0541303241
0.0532831465
0.0536476214
0.0540013777
0.0515275656
0.0493145963
0.0502871545
0.0493209169
0.0482057631
0.0491503111
0.0481896093
0.0475993435
0.0478815689
0.0490728977
0.0492479617
0.0496726034
0.0497365746
0.0504152991
0.0502721403
0.0505198931
0.0505104182
0.0512287502
0.0505690147
0.0512244569
0.0507262592
0.0506516361
0.0502595257
0.0480470479
0.0456177646
0.0435919431
0.0416458903
0.0392191656
0.0380223673
0.0383539608
0.0376835010
0.0380001784
0.0415030073
0.0465811359
0.0510166780
0.0538862049
0.0550877023
0.0494524120
0.0443627526
0.0471911677
0.0514700148
0.0565205695
0.0593783408
0.0623123603
0.0630140313
0.0643786521
0.0629830668
0.0610435618
0.0589661493
0.0568580373
0.0547009898
0.0528990312
0.0511905794
0.0494097861
0.0460703405
0.0424499668
0.0388143966
0.0365619902
0.0341315878
0.0328329054
0.0312535459
0.0312755270
0.0315933600
0.0316622478
0.0310310109
0.0313547965
0.0316130031
0.0306444224
0.0309377034
0.0282140976
0.0257628235
0.0266465261
0.0239800697
0.0254268976
0.0268064544
0.0272532942
0.0234550140
0.0237263541
0.0242055847
0.0245345629
0.0247824235
0.0246819692
0.0243983136
0.0209361134
0.0203000649
0.0189746472
0.0160357091
0.0159262462
0.0157309564
0.0167928219
0.0191659094
0.0204289224
0.0195880712
0.0192635503
0.0196944769
0.0210813604
0.0252621853
0.0281669441
0.0282904418
0.0300539945
0.0296612922
0.0290072391
0.0269483323
0.0268467633
0.0265378819
0.0287566813
0.0295927116
0.0301568502
0.0296871029
0.0309489261
0.0325946474
0.0294393064
0.0290680453
0.0270482445
0.0269670772
0.0268016254
0.0273926317
0.0282674653
0.0265079819
0.0259246105
0.0239093846
0.0200778149
0.0159118572
0.0133098567
0.0125187488
0.0113883803
0.0108486296
0.0109405383
0.0115518170
0.0146982123
0.0165620891
0.0171136331
0.0175925603
0.0171507278
0.0151537698
0.0121106732
0.0106403080
0.0092026379
0.0077952809
0.0075269822
0.0073361573
0.0081591988
0.0096098093
0.0117340515
0.0131660604
0.0142293909
0.0157104788
0.0178594806
0.0190936426
0.0219376733
0.0236291882
0.0175866518
0.0193163035
0.0220887819
0.0311302130
0.0342158334
0.0385549152
0.0409896371
0.0402770532
0.0443681819
0.0458399368
0.0477465395
0.0472961085
0.0472581953
0.0473891155
0.0490646424
0.0521703646
0.0540826163
0.0560005399
0.0576243860
0.0596384173
0.0604743994
0.0631348181
0.0653072389
0.0668822085
0.0696447166
0.0714243947
0.0725641324
0.0721726780
0.0719712535
0.0714331981
0.0727519730
0.0751523555
0.0753288943
0.0793132262
0.0797333914
0.0732061451
0.0720405725
0.0737506699
0.0733505690
0.0729091275
0.0732318460
0.0729501033
0.0726990136
0.0707448522
0.0710046428
0.0706521836
0.0707288083
0.0704812194
0.0704998660
0.0707561035
0.0716107579
0.0728263364
0.0726752237
0.0747626357
0.0750289678
0.0743385689
0.0738624106
0.0754400079
0.0756489393
0.0780586022
0.0792171295
0.0823897744
0.0843865998
0.0878422445
0.0913512916
0.0954539768
0.0978119037
0.0996303202
0.1033942471
0.1028932452
0.1025256459
0.1037640133
0.1062507199
0.1086046838
0.1102917633
0.1096244020
0.1101345921
0.1102991580
0.1091707067
0.1099799307
0.1079710616
0.1092342360
0.1087897595
0.1102328423
0.1092173686
0.1106295649
0.1099152318
0.1091231414
0.1096914331
0.1106217883
0.1114317478
0.1104403837
0.1092804375
0.1069145592
0.1064972575
0.1058886638
0.1041566061
0.1021909032
0.1014417229
0.1022728406
0.1024521059
0.1032179437
0.1043162203
0.1070601205
0.1105921954
0.1139032440
0.1154806352
0.1153638274
0.1135054438
0.1099023812
0.1081776464
0.1088707873
0.1079388981
0.1073122310
0.1068219934
0.1046489769
0.1026092553
0.0999297986
0.0975725298
0.0961626983
0.0984422092
0.0974239322
0.0963740232
0.0952572420
0.0938547664
0.0945477218
0.0941912100
0.0930024551
0.0902216233
0.0893727389
0.0862332383
0.0827866294
0.0792210959
0.0749241637
0.0724000845
0.0706943940
0.0683968280
0.0678320542
0.0673942748
0.0664575710
0.0667842938
0.0662746868
0.0651400001
0.0647842267
0.0633712902
0.0638284558
0.0627999935
0.0617752812
0.0603042658
0.0595339129
0.0583854411
0.0585358280
0.0571102607
0.0562007238
0.0552948213
0.0539595025
0.0529802017
0.0518033540
0.0511118558
0.0486902547
0.0467206474
0.0440949046
0.0426720044
0.0431906529
0.0440104112
0.0446514475
0.0461160504
0.0475021194
0.0478753371
0.0481896742
0.0480936334
0.0490880379
0.0497751035
0.0491608451
0.0510455636
0.0518350090
0.0521614897
0.0518237660
0.0498331476
0.0487014220
0.0498656224
0.0495013837
0.0491490462
0.0491524901
0.0479806445
0.0447647732
0.0426754639
0.0445617425
0.0426922100
0.0416434325
0.0407905701
0.0418282420
0.0440759528
0.0464740978
0.0475972765
0.0480347108
0.0487843809
0.0498421993
0.0514340368
0.0527751482
0.0542637699
0.0554834458
0.0573246889
0.0595507862
0.0607669187
0.0628939987
0.0655722991
0.0691254140
0.0762288038
0.0838641074
0.0750601844
0.0721614134
0.0712184371
0.0733074185
0.0752618334
0.0782794063
0.0794795054
0.0787931384
0.0806072422
0.0831423759
0.0855482295
0.0872634379
0.0886781277
0.0897794957
0.0901280887
0.0909761240
0.0913107415
0.0916252474
0.0934452742
0.0952579353
0.0975579279
0.0993734130
0.1009189462
0.1011686092
0.1020135020
0.1029200013
0.1028157649
0.1036693802
0.1032037387
0.1041157901
0.1046893350
0.1052064590
0.1047165406
0.1036315095
0.1043759487
0.1038771910
0.1034012454
0.1033274907
0.1036621568
0.1030912040
0.1033634829
0.1028838033
0.1022243442
0.1015457831
0.1001998982
0.0984008731
0.0971915979
0.0953526402
0.0955647281
0.0965720872
0.0970290002
0.0976764481
0.1059182711
0.1048765351
0.1050802182
0.1021766129
0.0990122476
0.0958293136
0.0921629044
0.0903979607
0.0881919140
0.0873894946
0.0849675698
0.0824934288
0.0828498632
0.0805493375
0.0825375079
0.0809485839
0.0808546367
0.0809130854
0.0806466657
0.0802663124
0.0787687691
0.0782153018
0.0761198752
0.0732184422
0.0724113328
0.0729530149
0.0723949408
0.0714573128
0.0735488968
0.0736297915
0.0738499897
0.0715710635
0.0725108850
0.0707680820
0.0705132362
0.0677249674
0.0656176864
0.0665200743
0.0664575170
0.0691182987
0.0720241687
0.0756123935
0.0761164090
0.0777941204
0.0809589650
0.0806960746
0.0801583150
0.0795557667
0.0826348534
0.0817488010
0.0794102403
0.0800707288
0.0791505225
0.0778274623
0.0767616577
0.0741197021
0.0733802169
0.0709339024
0.0612347794
0.0587321160
0.0586882580
0.0594466998
0.0576113469
0.0558780501
0.0536720676
0.0525156160
0.0491622330
0.0502372902
0.0516310842
0.0519584571
0.0524235229
0.0521892093
0.0506584052
0.0474439169
0.0447190159
0.0437827524
0.0405703949
0.0375877646
0.0368458108
0.0373120667
0.0383514124
0.0393109867
0.0403334957
0.0423394518
0.0439020224
0.0449391974
0.0463033065
0.0460719241
0.0470426845
0.0465187919
0.0481459964
0.0478144995
0.0476591434
0.0464809161
0.0468202363
0.0484619066
0.0484016949
0.0482821084
0.0503099723
0.0514827670
0.0536999959
0.0537941025
0.0540254028
0.0535616977
0.0539629830
0.0525679626
0.0516136798
0.0499440057
0.0497694808
0.0491273793
0.0481647806
0.0465783702
0.0438833270
0.0432924781
0.0436585878
0.0428944997
0.0416145772
0.0401933757
0.0381311082
0.0356604471
0.0348956040
0.0332857901
0.0329222684
0.0331407697
0.0334598669
0.0328704740
0.0319952398
0.0308441334
0.0293645624
0.0282164521
0.0270651808
0.0262442511
0.0262380921
0.0261714159
0.0252452757
0.0245522610
0.0232805075
0.0230960912
0.0227617825
0.0229193106
0.0231909456
0.0234742608
0.0216329919
0.0195227408
0.0183769599
0.0178685031
0.0190489553
0.0202370402
0.0214151878
0.0223886284
0.0228660231
0.0221680937
0.0213850217
