0.0432323770
0.0433067503
0.0435144992
0.0421684286
0.0424204286
0.0417869748
0.0399738253
0.0414690893
0.0411675274
0.0421559989
0.0386903435
0.0335969769
0.0329751936
0.0315824415
0.0339821001
0.0348112765
0.0369659743
0.0379483813
0.0415543365
0.0445343148
0.0480862804
0.0502833159
0.0516501311
0.0541456516
0.0576125353
0.0612705800
0.0659689931
0.0716134538
0.0778138672
0.0824975627
0.0876251907
0.0925134499
0.0960779255
0.0998232668
0.1016023811
0.1013776453
0.1026380500
0.1039644219
0.1073583832
0.1089828238
0.1071794028
0.1061015783
0.1012638639
0.0950785532
0.0878359878
0.0782212132
0.0658713445
0.0540206232
0.0440122088
0.0445941780
0.0483289717
0.0460697319
0.0446796841
0.0401049343
0.0384233164
0.0460380777
0.0514414467
0.0648621815
0.0736734438
0.0856215124
0.0927933433
0.1024570841
0.1052355475
0.1118852630
0.1110316217
0.1074118803
0.1044468780
0.1031075190
0.1012460873
0.1042202270
0.1083319630
0.1153337625
0.1211635921
0.1333968443
0.1390009784
0.1437250619
0.1463727504
0.1456419777
0.1420754818
0.1401234754
0.1390788560
0.1343123266
0.1291968739
0.1238599521
0.1215857502
0.1192012492
0.1185426074
0.1189697008
0.1198367324
0.1215441752
0.1236361641
0.1271727408
0.1310277625
0.1362294255
0.1435177853
0.1438835605
0.1459303470
0.1494620921
0.1507259135
0.1502742305
0.1510145098
0.1475232752
0.1491409362
0.1602902331
0.1685794648
0.1764638735
0.1826639075
0.1888122925
0.1934758521
0.1971018495
0.2010021198
0.2066057844
0.2124611877
0.2173158160
0.2222024496
0.2262450430
0.2336287767
0.2420829146
0.2455549918
0.2526244366
0.2610651500
0.2696597388
0.2758240743
0.2817258571
0.2880145218
0.2907828114
0.2947783020
0.2990700734
0.3070106237
0.3138216384
0.3167651196
0.3134736045
0.3118072927
0.3117193406
0.3100171628
0.3130746537
0.3083810198
0.3090925841
0.3105321503
0.3103388500
0.2996006868
0.2973869641
0.2927523155
0.2898348180
0.2789511460
0.2764359651
0.2737235009
0.2670308315
0.2604231770
0.2548111841
0.2495593634
0.2486987725
0.2422726260
0.2345560353
0.2272710394
0.2249310674
0.2153503117
0.2071058150
0.2012607179
0.1984764808
0.1957753978
0.1967783197
0.1949189037
0.1922300592
0.1907846656
0.1896992683
0.1896628988
0.1896363277
0.1893976716
0.1890138377
0.1909859876
0.1965451733
0.1967097952
0.1982438700
0.2059797484
0.2025107305
0.1987126665
0.1918232452
0.1873100746
0.1772868840
0.1641009575
0.1562240504
0.1467397966
0.1398083170
0.1369153637
0.1327467015
0.1272007094
0.1216088880
0.1164832390
0.1136906859
0.1148807835
0.1155400203
0.1159381423
0.1168994316
0.1190771596
0.1260734908
0.1306759672
0.1323996050
0.1284983174
0.1250732766
0.1268058632
0.1289546859
0.1310513478
0.1340055969
0.1421845016
0.1457606267
0.1509788133
0.1523202427
0.1541198249
0.1537265116
0.1558944065
0.1534681639
0.1540935150
0.1534063191
0.1557989293
0.1585943056
0.1601825786
0.1613982827
0.1621792246
0.1627451450
0.1631156537
0.1608925428
0.1619643118
0.1617682791
0.1476429723
0.1501119264
0.1548177765
0.1501556141
0.1386794752
0.1343950586
0.1305762280
0.1331080043
0.1354536786
0.1365991267
0.1392238183
0.1415207506
0.1449182920
0.1486971739
0.1536295120
0.1572748641
0.1625278411
0.1672633136
0.1726379851
0.1768727157
0.1810467343
0.1847615419
0.1872672763
0.1898284018
0.1928009264
0.1941558873
0.1944997243
0.1948000117
0.1948860748
0.1943845509
0.2013883629
0.1948613707
0.1769927808
0.1617768898
0.1543698436
0.1443946070
0.1374320369
0.1384562155
0.1397116062
0.1392938225
0.1365977095
0.1361891146
0.1394919238
0.1399122307
0.1380631421
0.1384838018
0.1359256439
0.1353792602
0.1360673892
0.1369860512
0.1371207942
0.1381176587
0.1360224108
0.1373194898
0.1398617643
0.1375187378
0.1405023184
0.1380681823
0.1381556994
0.1381406258
0.1393734582
0.1398788133
0.1407738081
0.1421969180
0.1426870614
0.1439693842
0.1439473430
0.1453170062
0.1443295258
0.1429684417
0.1443527585
0.1430243978
0.1450853589
0.1451604757
0.1483392194
0.1513658750
0.1515661628
0.1537998386
0.1557321504
0.1558817743
0.1564661803
0.1572361513
0.1582360879
0.1596617344
0.1618864744
0.1673543270
0.1740101915
0.1800426469
0.1840584672
0.1833687710
0.1807595399
0.1777069600
0.1761102271
0.1748843347
0.1733508820
0.1727495406
0.1727120833
0.1719787996
0.1706360572
0.1746546748
0.1728519647
0.1699945921
0.1733112785
0.1693427974
0.1647399246
0.1659708307
0.1676215280
0.1639723862
0.1666820605
0.1654505567
0.1664331136
0.1706586837
0.1745711939
0.1801533849
0.1868276443
0.1845416088
0.1788030906
0.1765896586
0.1757150539
0.1763190923
0.1774095672
0.1805178548
0.1792169251
0.1767833842
0.1775264704
0.1717363271
0.1732359116
0.1722319209
0.1631669005
0.1612279146
0.1542387040
0.1537547705
0.1449689882
0.1431970101
0.1352090643
0.1328891784
0.1267013787
0.1273717051
0.1281819991
0.1235938831
0.1242601119
0.1217485709
0.1235733501
0.1219526228
0.1229669580
0.1227418403
0.1232091433
0.1209566827
0.1198283140
0.1193610237
0.1167327115
0.1133452017
0.1102180967
0.1079206940
0.1052179735
0.1010674400
0.0949714464
0.0907838649
0.0861626124
0.0850014590
0.0871542821
0.0950756349
0.0992908329
0.1009445849
0.1034782078
0.1060614601
0.1083075254
0.1140213542
0.1136857294
0.1144329498
0.1168515894
0.1200893934
0.1235599757
0.1294770903
0.1330203554
0.1390803476
0.1471297674
0.1540100627
0.1558106098
0.1611770862
0.1688850384
0.1750928738
0.1810365492
0.1825626292
0.1868149800
0.1903062072
0.1957959946
0.2031404057
0.2063405676
0.2013011942
0.2015422827
0.1998031711
0.2010614323
0.2007280285
0.1999997875
0.1979905010
0.1961691393
0.1929988654
0.1879429720
0.1855406809
0.1816533429
0.1813279426
0.1841078062
0.1885854838
0.1903212413
0.1919034223
0.1929118141
0.1933323217
0.1945323043
0.1927724288
0.1947769843
0.1942981542
0.1926808805
0.1906910929
0.1892617270
0.1883642973
0.1875277004
0.1868566111
0.1873586896
0.1880045377
0.1877733817
0.1875764607
0.1871110680
0.1870831902
0.1864769614
0.1849627937
0.1820399980
0.1778619895
0.1755601553
0.1715213402
0.1667382775
0.1597337707
0.1538453249
0.1487715076
0.1444740910
0.1424487915
0.1403259085
0.1391124184
0.1366633027
0.1338039553
0.1313611090
0.1279887015
0.1254095209
0.1210951901
0.1164903800
0.1117496553
