0.0108518216
0.0110321995
0.0105783983
0.0141393423
0.0136877504
0.0136099097
0.0151929616
0.0157438354
0.0214804930
0.0282689086
0.0352045762
0.0346749643
0.0398044333
0.0416302836
0.0427368475
0.0462928880
0.0479079986
0.0519647427
0.0541174112
0.0559897953
0.0602451329
0.0624865357
0.0660686773
0.0671155738
0.0690759040
0.0734826359
0.0738343284
0.0753684589
0.0805685339
0.0819509267
0.0828207850
0.0838961823
0.0826756812
0.0814240203
0.0804235415
0.0797378379
0.0828990148
0.0824629313
0.0840067208
0.0820107220
0.0840215299
0.0846836342
0.0823221957
0.0794756197
0.0612607670
0.0531065768
0.0518257663
0.0425199004
0.0345762982
0.0266455168
0.0231581361
0.0193823015
0.0202901802
0.0216569294
0.0406976278
0.0460857937
0.0541791569
0.0561771629
0.0607684166
0.0668544101
0.0734554818
0.0785108119
0.0829217501
0.0895078102
0.0979044832
0.1052217763
0.1120647688
0.1205209429
0.1310667065
0.1377859897
0.1435393686
0.1478465804
0.1503197225
0.1535312033
0.1543777735
0.1546056465
0.1582470671
0.1588969983
0.1586269996
0.1567103081
0.1542388305
0.1500306640
0.1458055134
0.1421530230
0.1398224912
0.1378403904
0.1361965407
0.1335424344
0.1306205354
0.1294841087
0.1250272202
0.1183615603
0.1105212058
0.1006722940
0.0901764266
0.0783245598
0.0669817152
0.0572046671
0.0485072723
0.0395805367
0.0305615732
0.0256256726
0.0284687663
0.0302478519
0.0336809547
0.0381973108
0.0442272203
0.0541372153
0.0624306510
0.0672383379
0.0704077307
0.0716524588
0.0746343901
0.0811116427
0.0889849053
0.0968026800
0.1048845048
0.1123780772
0.1205762224
0.1235982917
0.1263709685
0.1324651340
0.1412325680
0.1584814584
0.1680535939
0.1834136673
0.1974808320
0.2085463064
0.2175482477
0.2262394390
0.2276017922
0.2270926266
0.2247104889
0.2198352088
0.2173914334
0.2151569610
0.2162797173
0.2125987066
0.2136355619
0.2091691906
0.2060154606
0.2047657967
0.1973838492
0.1963209040
0.1934470485
0.1880536560
0.1808309434
0.1750759840
0.1705026264
0.1704882052
0.1752003709
0.1832648852
0.1910321111
0.2000418788
0.2089752479
0.2165721905
0.2234970622
0.2272864699
0.2292193818
0.2298004399
0.2343915153
0.2393745460
0.2454128393
0.2536723373
0.2593961249
0.2678256387
0.2765508130
0.2829344476
0.2897731569
0.2951035816
0.3003101747
0.3040070528
0.3009989085
0.2983735078
0.2945418155
0.2909416739
0.2860613468
0.2790176494
0.2683596165
0.2578411421
0.2407977854
0.2241447036
0.2117172069
0.2033621190
0.1991876019
0.2075637678
0.2121298753
0.2123225355
0.2108741550
0.2079996901
0.2049475435
0.2026005364
0.2012543003
0.1986368981
0.1960176260
0.1932732661
0.1916626455
0.1875671472
0.1830955574
0.1777644799
0.1723838448
0.1658666721
0.1587686078
0.1535789885
0.1496722675
0.1471564024
0.1445679125
0.1416695306
0.1403505397
0.1385416601
0.1363475724
0.1346080494
0.1349373158
0.1334355790
0.1311412154
0.1302425396
0.1298374814
0.1292436321
0.1289390584
0.1298783719
0.1313416890
0.1337319099
0.1355346560
0.1334050736
0.1327303033
0.1327244300
0.1322029970
0.1320287944
0.1319419514
0.1315953214
0.1312743978
0.1313330582
0.1315115195
0.1317499713
0.1326439943
0.1338033224
0.1355335551
0.1385472824
0.1408779217
0.1427513024
0.1475639739
0.1506282968
0.1549454185
0.1595761684
0.1590112102
0.1596227394
0.1584088235
0.1596396188
0.1640789295
0.1671586502
0.1682406630
0.1682386206
0.1660194138
0.1647836340
0.1636969062
0.1569853743
0.1520274874
0.1479984988
0.1440286492
0.1431894175
0.1452922037
0.1509378675
0.1558462806
0.1602055847
0.1567713659
0.1562975074
0.1595569399
0.1625384265
0.1639388347
0.1582118368
0.1542290326
0.1540250247
0.1533441601
0.1558282757
0.1614463895
0.1645941693
0.1659233857
0.1671721470
0.1675044413
0.1688139290
0.1680867926
0.1672609086
0.1643577860
0.1604483558
0.1566427205
0.1531639534
0.1530983436
0.1547245301
0.1539078216
0.1564821710
0.1568437105
0.1567534913
0.1541010393
0.1537845544
0.1532906070
0.1523798050
0.1511239735
0.1432645477
0.1395920195
0.1385130012
0.1376387617
0.1361913204
0.1362453789
0.1412453154
0.1377252457
0.1380674806
0.1366563125
0.1314042570
0.1255507228
0.1226793530
0.1217239814
0.1226283557
0.1261643526
0.1326793443
0.1332200273
0.1339244305
0.1346216753
0.1337177112
0.1322352318
0.1277934552
0.1237796676
0.1226107394
0.1220487901
0.1231198771
0.1246622769
0.1222235673
0.1222254559
0.1186559257
0.1211101482
0.1182178989
0.1200571651
0.1177402095
0.1207072907
0.1176161016
0.1201244210
0.1179266261
0.1200988674
0.1233700866
0.1201655980
0.1218882855
0.1248854721
0.1222998287
0.1255922366
0.1256228345
0.1307015597
0.1358953448
0.1340399781
0.1401755334
0.1448073378
0.1414456378
0.1469496578
0.1423063927
0.1365610818
0.1382691530
0.1325877090
0.1327651292
0.1254603187
0.1248760819
0.1245709385
0.1155373959
0.1077577135
0.1065323357
0.0998085738
0.0981006033
0.0922458344
0.0873710715
0.0871344773
0.0843353020
0.0855797957
0.0813159683
0.0772946088
0.0783309510
0.0774222810
0.0819881451
0.0837137013
0.0900625741
0.0925778806
0.1002335234
0.1028828144
0.1126336344
0.1217967487
0.1255011684
0.1339538369
0.1410776537
0.1412684498
0.1465636252
0.1518929517
0.1601999233
0.1616964129
0.1702154304
0.1751872894
0.1736218342
0.1824777753
0.1951370541
0.1993955571
0.2121973488
0.2153911034
0.2280195108
0.2399097327
0.2427161711
0.2538444855
0.2600385205
0.2620969061
0.2647428031
0.2645353237
0.2647121933
0.2614919921
0.2603380371
0.2600137982
0.2589736380
0.2608936515
0.2637288800
0.2597051137
0.2529547896
0.2463616371
0.2368407683
0.2333482513
0.2263467786
0.2194757050
0.2135739825
0.2063288752
0.2007871878
0.1907858071
0.1864809931
0.1822077406
0.1832884636
0.1879319187
0.1935684724
0.1960274119
0.1989729389
0.2025916957
0.2065109061
0.2116646794
0.2166888132
0.2298262221
0.2292439353
0.2131591300
0.2051118199
0.1988635785
0.1938662781
0.1952945415
0.1915340254
0.1900118749
0.1919871986
0.1897106848
0.1906533900
0.1879307405
0.1899851414
0.1874407216
0.1887610128
0.1850383167
0.1837793931
0.1818776141
0.1786962404
0.1772935262
0.1721250855
0.1704566939
0.1683783764
0.1665594462
0.1679058423
0.1673806589
0.1681220524
0.1671176230
0.1657944910
0.1666670235
0.1626221358
0.1632956587
0.1518273037
0.1446725638
0.1394815312
0.1374683642
0.1345956755
0.1350038480
0.1337410054
0.1353592210
0.1343439756
0.1312937351
0.1234387027
0.1091155746
0.1000647886
0.0915705170
0.0811581458
0.0731616019
0.0637141053
0.0592752819
0.0562572741
0.0561403055
0.0586098565
0.0661269875
0.0697656596
0.0771827865
0.0898250656
0.0985358420
0.0998314140
0.1055758425
0.1048275685
0.1102166542
0.1086192922
0.1125932020
0.1158404835
0.1178116354
0.1175031452
0.1161031210
0.1154411494
0.1134895308
0.1046654412
0.0974136343
0.0927092314
0.0888646568
0.0873234284
0.0860545060
0.0874516240
0.0875941331
0.0880711090
0.0887450804
0.0884628309
0.0879058910
0.0862063601
0.0861889661
0.0857647103
0.0841182774
0.0819158174
0.0791017978
0.0754233270
0.0715802025
0.0676415001
0.0639001080
0.0600300744
0.0567597860
0.0542449748
0.0521594592
0.0507644680
0.0505172785
0.0498817338
0.0491301119
0.0482374588
0.0462507600
0.0436652462
0.0400637751
0.0368036789
0.0338279970
0.0313267413
0.0295622147
0.0297214965
0.0318212693
0.0355374206
0.0405229803
0.0466230363
