4.7717625033
4.7691110849
4.7721606092
4.7717805635
4.7740087101
4.7723503048
4.7713665585
4.7703127810
4.7685350258
4.7668998257
4.7678535943
4.7635601589
4.7641402542
4.7663180063
4.7654141384
4.7680438668
4.7691600137
4.7710074653
4.7725396656
4.7729189791
4.7732710283
4.7727596597
4.7740558700
4.7750499665
4.7740159258
4.7736427647
4.7733782635
4.7750111668
4.7746504652
4.7756778561
4.7763391804
4.7764888279
4.7786663801
4.7792812906
4.7791481078
4.7784673090
4.7779895322
4.7808564150
4.7822754668
4.7809572093
4.7854078298
4.7875829099
4.7881276747
4.7900198970
4.7958162546
4.7977286188
4.8083542695
4.8077076489
4.8120714352
4.8123506708
4.8121115953
4.8111247516
4.8129392186
4.8114196552
4.8086594252
4.8052729708
4.8039351077
4.8046940730
4.8021969070
4.8070289997
4.8033186601
4.7946685679
4.7881764412
4.7837066809
4.7808665469
4.7797074700
4.7823363370
4.7740586628
4.7727986135
4.7587079620
4.7594005637
4.7482481208
4.7469284822
4.7411758429
4.7325293045
4.7321752914
4.7232808819
4.7150412251
4.7106253004
4.7220357382
4.7243562468
4.7220373978
4.7208048772
4.7200297354
4.7194528025
4.7225320726
4.7193455764
4.7210640025
4.7196884421
4.7179049553
4.7193165651
4.7154272354
4.7080686055
4.7103462451
4.6978238440
4.6945184516
4.6917625863
4.6926474806
4.6811633953
4.6772166555
4.6709549753
4.6811122277
4.6826043036
4.6804436045
4.6780760743
4.6767415447
4.6717554268
4.6674622499
4.6637741127
4.6626899307
4.6611009015
4.6631828138
4.6643783393
4.6785165716
4.6868947255
4.6936497369
4.6993347140
4.7026594834
4.7042976515
4.7017675177
4.7000518089
4.6889752193
4.6877377906
4.6839440709
4.7003629033
4.7064886995
4.7142730338
4.7111380122
4.7132138066
4.7027353831
4.7004940848
4.7017806981
4.7051405383
4.7105468042
4.7092431595
4.7097420239
4.7113807682
4.7167449311
4.7174738982
4.7168206722
4.7184873506
4.7321449801
4.7380846641
4.7460498721
4.7432251265
4.7511892077
4.7519197493
4.7534345951
4.7533622462
4.7519001846
4.7550629945
4.7535000176
4.7558664525
4.7501880879
4.7362890199
4.7339117770
4.7268146424
4.7247096366
4.7205187966
4.7166521056
4.7200968433
4.7241101423
4.7206253146
4.7172149973
4.7157437051
4.7105443253
4.7106354983
4.7100860535
4.7090932704
4.7060357540
4.7054367707
4.7034771798
4.7021085015
4.6981154202
4.6921702806
4.6898407179
4.6840676477
4.6802130842
4.6702754319
4.6646649804
4.6575254768
4.6503983461
4.6636331316
4.6563022706
4.6468630414
4.6516063433
4.6290857665
4.6304793898
4.6233307032
4.6090211236
4.6083142693
4.6281309365
4.6862625570
4.7103871302
4.7121327694
4.6964249043
4.6621867308
4.6361229593
4.6418464430
4.6548361501
4.6562379803
4.6632616284
4.6733267045
4.6764326672
4.6748777235
4.6733092747
4.6735244795
4.6829962509
4.6918227303
4.7033636577
4.7127882359
4.7095106268
4.7004349855
4.6945108749
4.6924110296
4.6917380704
4.6971292013
4.7042424562
4.7132300118
4.7113990771
4.7158956667
4.7144068717
4.7157563605
4.7087196095
4.7033518798
4.7100882333
4.7055997641
4.7079994331
4.7161694731
4.7235821921
4.7419214206
4.7335059669
4.7298557238
4.7283300787
4.7194990275
4.7120882345
4.7042964573
4.6934888656
4.6889977278
4.6803831669
4.6736445097
4.6653063645
4.6549109511
4.6405094827
4.6294284291
4.6212892803
4.6072315700
4.6010203891
4.5917511675
4.5984375928
4.5976128830
4.5997605806
4.6020182682
4.5954714787
4.5935349512
4.5888279846
4.5928711903
4.5977454127
4.6134549334
4.6055593412
4.5964764187
4.5860840411
4.5924776671
4.6004541016
4.6018684745
4.6036447534
4.6023909616
4.6093785407
4.6119849217
4.6147704308
4.6232176228
4.6270459609
4.6334387626
4.6345539663
4.6291796912
4.6224181975
4.6217890909
4.6241385584
4.6231882263
4.6177068016
4.6237213667
4.6224522445
4.6120838941
4.6091129452
4.5996328461
4.6024803421
4.6075045614
4.6151521840
4.6190055129
4.6171237385
4.6097957675
4.6088821508
4.6074649820
4.6118614364
4.6150357237
4.6134109976
4.6025758836
4.5953613829
4.5968048118
4.6087965447
4.6147068337
4.6165425514
4.6044801598
4.5900242321
4.5727910479
4.5610644463
4.5737241477
4.5998415969
4.6302499605
4.6319930712
4.6211391878
4.6169141695
4.6004483889
4.5993690740
4.6067399414
4.6120101115
4.6181242591
4.6211973658
4.6235786249
4.6308599498
4.6199883850
4.6240006843
4.6254221397
4.6273513354
4.6301041269
4.6311755320
4.6279176531
4.6185769265
4.6152469909
4.6095004061
4.6056758476
4.6065007300
4.6002207662
4.5977294027
4.5995425116
4.6027413954
4.6078484564
4.6116316362
4.6188724406
4.6102721616
4.6158546792
4.6194209355
4.6294998118
4.6293344621
4.6199469814
4.6152321477
4.6193576680
4.6222348239
4.6162081955
4.6125679834
4.6034614846
4.5763785350
