0.2602638627
0.2580606176
0.2557165606
0.2528028612
0.2509232364
0.2449271415
0.2454619656
0.2453665072
0.2455327192
0.2465331735
0.2496845474
0.2513975207
0.2507175890
0.2479033259
0.2452487417
0.2390804426
0.2352283176
0.2353795518
0.2355462339
0.2365378992
0.2402592174
0.2418359503
0.2474445944
0.2494998643
0.2544677459
0.2553371173
0.2577620052
0.2570570417
0.2562325054
0.2585718839
0.2603551154
0.2627423489
0.2634263480
0.2651293165
0.2635546348
0.2611066922
0.2581911150
0.2620152998
0.2634782536
0.2714668296
0.2900267269
0.3191825859
0.3252702797
0.3187308157
0.2936669367
0.2921500131
0.2942943089
0.2968832274
0.2940419824
0.2805108725
0.2737592398
0.2674008491
0.2584308770
0.2406428565
0.2215080513
0.2138487934
0.2144330821
0.2160118408
0.2295740189
0.2502175097
0.2690413673
0.2788757792
0.2858479669
0.2918041906
0.2962492698
0.3019043196
0.3099616784
0.3136129896
0.3203394610
0.3241422732
0.3185206017
0.3122662128
0.3048549890
0.3036055314
0.2965011428
0.2953780197
0.2877612298
0.2867049122
0.2870722378
0.2784018875
0.2801122443
0.2776086837
0.2841149024
0.2980978582
0.3005609844
0.3110710248
0.3190862483
0.3297091050
0.3398687909
0.3546854774
0.3713332601
0.3844381205
0.3893007363
0.3988289729
0.4079657703
0.4099080497
0.4206546379
0.4318962428
0.4320819481
0.4348009467
0.4347613555
0.4425771296
0.4397270552
0.4375845970
0.4254247190
0.4285668279
0.4252134946
0.4113115495
0.4092692556
0.3993968384
0.4001311458
0.3923718168
0.3823419246
0.3670604030
0.3634429638
0.3613066618
0.3602109625
0.3632072488
0.3618610330
0.3559301112
0.3537871984
0.3493028801
0.3482825650
0.3432197688
0.3418141912
0.3375451633
0.3345431586
0.3359418752
0.3413831036
0.3449796018
0.3490285927
0.3525608907
0.3623400439
0.3746235025
0.3886251590
0.4000353857
0.3986704322
0.4120776872
0.4125374034
0.4190371097
0.4208396416
0.4243070032
0.4274908570
0.4314521827
0.4385528444
0.4413665133
0.4429963319
0.4449718393
0.4507963316
0.4543488578
0.4573050221
0.4599500074
0.4595550029
0.4614803963
0.4603181496
0.4582639507
0.4566884147
0.4513062694
0.4462401602
0.4451859676
0.4396997099
0.4355341509
0.4283888974
0.4235968830
0.4167123228
0.3968547881
0.3917039405
0.3817370891
0.3714693427
0.3649723244
0.3517515867
0.3398619843
0.3245826855
0.3087481885
0.2947108287
0.2892927195
0.2856077100
0.2834172462
0.2798237556
0.2758614393
0.2760188220
0.2752615537
0.2785918415
0.2773792343
0.2771466683
0.2765214373
0.2749378421
0.2775819130
0.2767138454
0.2795048804
0.2825842479
0.2862838375
0.2905727164
0.2947194053
0.2987681569
0.2999453322
0.3073328682
0.3090845779
0.3167901539
0.3212760348
0.3321822299
0.3436577909
0.3468093913
0.3526797582
0.3596016009
0.3668211728
0.3761973951
0.3838819963
0.3955632078
0.4083115895
0.4199522441
0.4294024694
0.4396634801
0.4347888537
0.4265214964
0.4208044062
0.4132601408
0.4116502836
0.4162710932
0.4165023878
0.4202877066
0.4209155057
0.4233058940
0.4297630473
0.4353223504
0.4367025890
0.4424080695
0.4482584599
0.4498530340
0.4511552771
0.4505916561
0.4451980511
0.4326381953
0.4281539015
0.4193275548
0.4161082588
0.4137829382
0.4158554385
0.4179727843
0.4172142071
0.4142034726
0.4097895324
0.3935488996
0.3785515430
0.3751316204
0.3753481861
0.3738675340
0.3688724794
0.3631758742
0.3588601171
0.3551438140
0.3508890316
0.3487651194
0.3453177682
0.3380752756
0.3380832334
0.3352118605
0.3354622336
0.3423910166
0.3457905833
0.3491992309
0.3512610512
0.3535916156
0.3550255983
0.3569875017
0.3594225890
0.3598297743
0.3622574833
0.3647540435
0.3650399701
0.3648278898
0.3662383927
0.3637465642
0.3596084198
0.3619635393
0.3618927653
0.3600143647
0.3597925285
0.3592030445
0.3600947490
0.3587518531
0.3587637404
0.3596694990
0.3579469895
0.3598668872
0.3619881064
0.3639466445
0.3629666482
0.3565162684
0.3562237476
0.3527147677
0.3531105242
0.3501295711
0.3491082933
0.3481006138
0.3452891140
0.3452281758
0.3459270357
0.3483166493
0.3493310409
0.3496484764
0.3460923645
0.3412076823
0.3376352342
0.3300895706
0.3271948090
0.3222967521
0.3169521403
0.3127573801
0.3072171061
0.3068093458
0.3087244216
0.3081413462
0.3061344461
0.3032048493
0.2997637118
0.2995752420
0.2958431801
0.2942351156
0.2888583702
0.2878851625
0.2891179753
0.2916783043
0.2961512017
0.3021514061
0.3071302392
0.3125134425
0.3193398212
0.3254028141
0.3335565496
0.3461173303
0.3586497882
0.3740812413
0.3792750824
0.3806948114
0.3819648977
0.3859562420
0.3890207260
0.3932437479
0.3946079768
0.3969313917
0.3981046472
0.3985539811
0.3995779004
0.4000269822
0.3999654199
0.3981344814
0.3959671784
0.3957099917
0.3963030355
0.3952153710
0.3931253488
0.3928679324
0.3875370322
0.3766031799
0.3606501758
0.3595617512
0.3589328053
0.3576283350
0.3572290461
0.3584313405
0.3593439231
0.3579944430
0.3568492071
0.3561319606
0.3554786124
0.3542085604
0.3516539376
0.3515783749
0.3518019823
0.3528357641
0.3539618190
0.3548707257
0.3565510072
0.3583359182
0.3612528408
0.3637351340
0.3673136938
0.3709814450
0.3789399597
0.3833173151
0.3954171000
0.4112210791
0.4195040753
0.4323814832
0.4415835144
0.4514767563
0.4609359466
0.4610573886
0.4648179550
0.4786026233
0.4891821920
0.4911906997
0.5021019748
0.5020745223
0.4951811447
0.4901918944
0.4828558042
0.4737857672
0.4720261757
0.4651529930
0.4403063315
0.4346063599
0.4299500847
0.4318924495
0.4349708696
0.4348009484
0.4372341670
0.4358248548
0.4378536825
0.4360959475
0.4335174363
0.4308358866
0.4242170431
0.4162055672
0.4112224616
0.4086971585
0.4245932427
0.4350362284
0.4457389362
0.4491601799
0.4323944884
0.4259752818
0.4161224198
0.4187209807
0.4221993750
0.4257945100
0.4258902881
0.4249656079
0.4272141815
0.4319128740
0.4325809487
0.4307310549
0.4353528926
0.4407420251
0.4390863990
0.4511514308
0.4473288278
0.4538053291
0.4609522251
0.4723860717
0.4700937118
0.4803843419
0.4894319409
0.4913192008
0.5043765938
0.5037951400
0.5272514918
0.5372924198
0.5470155360
0.5569641586
0.5511038617
0.5539239175
0.5379143010
0.5201958681
0.4949336042
0.4845849976
0.4740372028
0.4691783575
0.4670801044
0.4672020230
0.4662271190
0.4595197837
0.4528108049
0.4558718762
0.4551531473
0.4556248558
0.4554105674
0.4541974433
0.4526201866
0.4488325509
0.4441011701
0.4379498199
0.4335691104
0.4295249117
0.4262824344
0.4222088117
0.4192133804
0.4186885826
0.4187320455
0.4199727605
0.4221604204
0.4250068462
0.4299179184
0.4339378591
0.4392389614
0.4448399170
0.4500609603
0.4550872220
0.4604822216
0.4622665364
0.4596794898
0.4516346357
0.4395645314
0.4365478315
0.4314252873
0.4274103530
0.4221919936
0.4176289946
