1.0949983964
1.0971514773
1.0980932333
1.0998687296
1.1010478300
1.1297423447
1.1307473906
1.1302439053
1.1319418622
1.1309172251
1.1318730985
1.1306411216
1.1511625045
1.1500795189
1.1497410961
1.1488993346
1.1537072912
1.1568424417
1.1724076870
1.1675681972
1.1748120478
1.1676079917
1.1720805793
1.1663000333
1.1630181407
1.1598968103
1.1583427141
1.1652836549
1.1706192265
1.1766341436
1.1226025616
1.0498219840
1.0234308205
1.0070998394
1.0190094639
1.0195954319
1.0216804157
1.0171885560
1.0223494176
1.0095915942
0.9967102106
0.9950031588
0.9933729640
0.9785792031
0.9756183903
0.9759121050
0.9623570741
0.9647620281
0.9467312657
0.9472105954
0.9299073379
0.9301087547
0.9095875173
0.8923951241
0.8930034070
0.8812839026
0.8644232858
0.8472686979
0.8353341265
0.8307653326
0.8265845105
0.8175182209
0.8081037294
0.7932967479
0.7749817574
0.7619787167
0.7523066960
0.7465649332
0.7414897300
0.7391606063
0.7367770376
0.7313790303
0.7257743150
0.7150600396
0.7037839364
0.6959855038
0.6962862804
0.6930411574
0.6873603512
0.6752916797
0.6680472150
0.6610533228
0.6624127324
0.6692223546
0.6803883825
0.6942454618
0.7043146529
0.7189412632
0.7247881962
0.7341466048
0.7391134715
0.7416737415
0.7481985998
0.7562798383
0.7593253758
0.7599698429
0.7580508181
0.7553304159
0.7638026885
0.7568963480
0.7531970594
0.7494167048
0.7456463169
0.7446183654
0.7450650953
0.7459685633
0.7453048046
0.7379207145
0.7336796861
0.7364394729
0.7310450770
0.7405284175
0.7395312166
0.7485694369
0.7553516107
0.7687471503
0.7803131307
0.7806113875
0.7885438367
0.7712974716
0.7754116229
0.7554259561
0.7573625759
0.7561574995
0.7623939512
0.7689178471
0.7749932872
0.7832824457
0.7955167340
0.7977326072
0.8071152063
0.8207785523
0.8337288874
0.8525004232
0.8585459641
0.8609822338
0.8634153533
0.8579450999
0.8568368986
0.8537444223
0.8498771394
0.8530907415
0.8526604903
0.8529738408
0.8487099288
0.8485529819
0.8447742817
0.8377757178
0.8233633038
0.8176154965
0.8158254364
0.8164408498
0.8221640948
0.8273570825
0.8344342771
0.8345992968
0.8349195063
0.8333716518
0.8317279747
0.8311375970
0.8312200773
0.8324781970
0.8298677613
0.8293041703
0.8290044435
0.8291172499
0.8281948127
0.8251223770
0.8184662355
0.8111072669
0.7950907013
0.7904909136
0.7883803218
0.7807695784
0.7785408402
0.7716269245
0.7712537994
0.7672195791
0.7618681546
0.7494184682
0.7378453938
0.7306344545
0.7213288690
0.7134028779
0.7089779134
0.7019940182
0.6960875239
0.7033064278
0.6975572523
0.6759184839
0.6614133859
0.6473694021
0.6362606519
0.6264341557
0.6204979114
0.6006295831
0.5816435055
0.5657553238
0.5437589154
0.5270354732
0.5124558450
0.4987990848
0.4856350436
0.4699779368
0.4452578790
0.4281788664
0.4168487185
0.4244605543
0.4143848747
0.4100487290
0.4084084896
0.4002508939
0.3925084315
0.3809908165
0.3731285302
0.3674955681
0.3640295867
0.3677202646
0.3701776607
0.3678842668
0.3628100232
0.3658655068
0.3691874113
0.3758243540
0.3760586850
0.3726941233
0.3751774920
0.3683692168
0.3592929880
0.3519468601
0.3479184960
0.3448220159
0.3424080182
0.3388363387
0.3355761253
0.3277580466
0.3257782890
0.3226840623
0.3201543792
0.3218361616
0.3287948386
0.3289044833
0.3306417642
0.3305210055
0.3307590468
0.3305386760
0.3315589941
0.3321308397
0.3428705983
0.3471545585
0.3550551103
0.3542615792
0.3574837581
0.3550920309
0.3516499636
0.3504946538
0.3469827283
0.3459375890
0.3438470242
0.3476926210
0.3567603143
0.3835699533
0.3908374765
0.4007117884
0.4059395329
0.4106503436
0.4084916295
0.4055510345
0.3954832552
0.3936914128
0.3925405797
0.3895107696
0.3857026709
0.3700125609
0.3639918912
0.3673535571
0.3596889977
0.3541131673
0.3432766878
0.3335031386
0.3332071018
0.3217103598
0.3258407194
0.3439217621
0.3504052634
0.3605256209
0.3648409749
0.3614270782
0.3470450500
0.3207498135
0.3166482798
0.2987205383
0.2695614394
0.2787450305
0.2876491048
0.2730666982
0.2675556356
0.2551718692
0.2515068093
0.2443396529
0.2544811983
0.2762099232
0.2866237586
0.2730554032
0.2583496451
0.2431806577
0.2393227108
0.2304243714
0.2126156872
0.1890828760
0.1578052311
0.1163846240
0.0984849251
0.0900612204
0.0886016959
0.0923205934
0.0971345097
0.1076896724
0.1258167469
0.1745761113
0.1881533863
0.2061715324
0.2233330056
0.2455482185
0.2629625232
0.2668623061
0.2696547192
0.2318735323
0.1641948402
0.1491361653
0.1503411484
0.1550470685
0.1686514474
0.1679090787
0.1736695657
0.1770684180
0.1850180898
0.1871242210
0.1901790205
0.1968961126
0.2079131406
0.2200679603
0.2229665751
0.2346556805
0.2551339957
0.2763518101
0.2696278816
0.2870687957
0.2937190422
0.2954868161
0.3024836218
0.3101270408
0.3149892799
0.3195278222
0.3302635895
0.3448247400
0.3518945405
0.3389055068
0.3087144541
0.2954102996
0.2761570354
0.2828114454
0.2929999797
0.3004608384
0.3014986757
0.3029609412
0.3015181173
0.2999996169
0.2985336431
0.2959277362
0.2924852607
0.2889756323
0.2886034602
0.2841174038
0.2795815215
0.2837697332
0.2832952902
0.2818102144
0.2832957354
0.2857051330
0.2815551690
0.2841425463
0.2884949156
0.2888432358
0.2913121905
0.2953430986
0.2933330813
0.2978828759
0.3023407809
0.3060885297
0.3046734174
0.2946061553
0.2944747944
0.2946720947
0.2950670471
0.2976834907
0.2838203819
0.2838690634
0.2832508085
0.2807960260
0.2777486869
0.2635267317
0.2603283556
0.2583774759
0.2567895810
0.2563630302
0.2497818864
0.2511503569
0.2487612190
0.2499774562
0.2522379321
0.2528096839
0.2516260693
0.2508519700
0.2493068976
0.2467913492
0.2431110407
0.2397425158
0.2386860400
0.2370183111
0.2379875785
0.2393040575
0.2396059746
0.2427432277
0.2459515088
0.2467974029
0.2462813193
0.2409613586
0.2373805087
0.2369054126
0.2336764170
0.2303591034
0.2282226983
0.2261422722
0.2220589867
0.2247178408
0.2238297226
0.2198400734
0.2188913523
0.2167477697
0.1969063048
0.1848933127
0.1832560075
0.2096356917
0.2067192609
0.1884765865
0.1635595508
0.1498519246
0.1422137503
0.1458665866
0.1374846790
0.1259853938
0.1211382283
0.1239193110
0.1265762382
0.1473754233
0.1672867266
0.1812185544
0.1941498765
0.2124629166
0.2162048419
0.2306012875
0.2547192260
0.2699884844
0.2754391736
0.2804422609
0.2907748287
0.3018710658
0.3006357994
0.2959941622
0.2823046645
0.2874119341
0.2773247285
0.2662776592
0.2636902414
0.2578651273
0.2530232239
0.2483278515
0.2499882013
0.2457003192
0.2395392680
0.2374162034
0.2356838827
0.2331759140
0.2314012583
0.2357673508
0.2365041563
0.2407172081
0.2559712908
0.2594434795
0.2626293062
0.2810967389
0.2852590612
0.2929274425
0.3016958735
0.3071562456
0.3154393797
0.3190379433
0.3189807136
0.3136093516
0.3128194425
0.2982836032
0.2900813443
0.2670401512
0.2627560472
0.2597593986
0.2579405661
0.2343980975
0.2364047943
0.2367534420
0.2428024692
0.1942211974
0.2087039520
0.1913567386
0.2082416775
0.2169778808
0.2263143830
0.2381384341
0.2318124102
0.2339954542
0.2402980927
0.2575012698
0.2806857240
0.2869993168
0.2728146404
0.2669427224
0.2792258888
0.3036686180
0.2998076256
0.2789242888
0.2738682161
0.2732542322
0.2919061431
0.3169843118
0.3268256222
0.3506303865
0.2990550316
0.3079980055
0.3116543825
0.3051249486
0.3054848912
0.3075799106
0.3095547440
0.3042819997
0.3053918322
0.2922018901
0.2904955388
0.2945246887
0.2851502104
0.2607484263
0.2482823948
0.2418197179
0.2369550742
0.2188622850
