0.5526611985
0.6564300399
0.6592663145
0.4638065578
0.4722848554
0.5184285642
0.7301148511
0.8739781398
0.8962454460
0.9082815619
0.7977548060
0.9481823290
0.7509330301
0.8736524536
0.7034053607
0.7526912030
0.7539791104
0.8142448188
1.2292319644
0.9461972234
0.9492439636
0.3567894283
0.3683796367
0.3978618742
0.8543641421
0.8091305554
0.5884897315
1.7289417314
1.7186931514
1.9133412240
1.9175433707
2.1296315112
0.8321201114
0.8753963600
1.2353061694
0.7979615251
1.0364230629
1.0025915149
1.0738087570
0.8406398285
0.8160427359
0.8459209459
1.2665387321
1.2886149881
0.6057853340
0.6754321040
0.6561799940
1.3071049240
0.4878653703
0.4463858284
0.3709980624
0.5311168214
0.5821621023
0.5007969065
0.3742828284
0.6162564393
0.4065512089
0.6500386199
0.5446361076
0.5539081137
0.5395665303
0.6107176323
0.6193171166
0.4535440115
0.4767644209
0.4581957978
0.5950578825
0.5296755117
0.6463560772
0.8892723424
0.4401350301
0.7226701556
0.5539160089
0.4327059953
0.6178578488
0.6165594306
0.5206137610
0.4986298202
0.5518034325
0.6687663211
0.6670131020
0.7118296993
0.7979121419
0.6496240048
0.7259649457
0.9955334875
0.7027828611
0.7171075202
0.7279682960
0.7980560211
0.6059040462
0.3354754932
0.3813127521
0.2850801156
0.4816205561
0.3802987026
0.4003890155
0.5033261430
0.6680464680
0.6314579486
0.5118860230
0.8801037084
0.8106472566
0.4584639525
0.5659206584
0.5534150130
0.8589676964
0.5127514590
0.3928786516
0.6403424632
0.6499543913
0.3918370753
0.7741942311
0.2128677467
0.3434756804
0.2363293540
0.4218946982
0.3970848580
0.3745807530
0.6850735033
0.5583549721
0.3686384007
0.6324888480
0.6614529337
0.6262222593
0.4172379716
0.4894158858
0.3947230132
0.5752981736
0.6564618588
0.6065876771
0.7296553572
0.5695843160
0.7320870604
0.8828747611
0.8076008690
0.8039684115
0.8115029853
0.5919087716
0.7172996947
0.7102073814
0.7144267921
0.7530699460
0.6337334213
0.6310394688
0.8502259434
0.8801000939
0.9926927789
0.6783556920
0.7659605344
0.8127061670
0.7074803784
1.4766829917
0.8377627375
0.6662325181
0.6268102841
0.8733188499
0.8510020059
1.5739154740
1.1144986854
0.8747682598
0.9160459911
0.6746944986
2.1504748934
2.1462900153
0.6448196640
0.7971374349
0.7682332259
0.8364297461
0.8204169701
0.7610486737
0.6042539628
0.6387307502
0.6849859356
1.2611118760
1.2210505313
1.1655481145
1.2198655643
1.1629904385
1.1995672611
1.2920505777
0.4726150847
0.4797375304
0.6488238566
0.5832708819
0.6160668194
0.8003665191
0.7036405642
1.1001330689
1.2687263380
0.7694155087
0.9831934627
1.1429714268
1.1766569512
1.2834655019
0.9378315969
0.9887688104
0.9348881875
0.8974549998
0.3685345714
0.4666608120
0.4727132340
0.4644846108
0.3994107655
0.2565399046
0.1546680366
0.2218262885
0.3109431648
0.2083801736
0.2979944464
0.2090819996
0.3110847117
0.4916842860
0.5016982667
0.1889672753
0.3320083389
0.0925648140
0.6135547131
0.7149301777
0.6062378830
0.5991694455
0.5510350599
0.6268992644
0.6811142126
0.8245624300
0.7598993867
0.4507196007
0.3787307914
0.3084601437
0.3107863724
0.2686976180
0.2750079702
0.2140489307
0.2737712464
0.4765628225
0.5094559521
0.4557759918
0.3721884246
0.3157166159
0.4340885036
0.5401513922
0.2038331655
0.3622327155
0.4203752538
0.2928830410
0.1405334606
0.1366592347
0.1302789742
0.1809010840
0.3102081281
0.2544659886
0.2559481690
0.2681964231
0.3381610997
0.4281735094
0.5707781274
0.3977410456
0.4496264539
0.3924612856
0.4335992088
0.2605356849
0.4158882048
0.4757200795
0.4596799283
0.3376839710
0.3434984956
0.3951996459
0.3409518847
0.2901719049
0.3465566608
0.3434361468
0.3133514323
0.3980552023
0.3702497491
0.3586184613
0.3650874560
0.4394898206
0.4292647804
0.2396582682
0.2651916650
0.3464967433
0.3843965443
0.3719258048
0.2073136743
0.2554833964
0.1806453716
0.2694418333
0.1848187096
0.2639079593
0.2992786496
0.2865854169
0.0968614628
0.2069298934
0.2541460570
0.3373957107
0.1416523899
0.1467315537
0.1293661794
0.1172501835
0.2980102521
0.2929702653
0.2469986365
0.0803387776
0.1785231706
0.3375890489
0.3298722425
0.4446898685
0.3257180030
0.2629402868
0.2635841528
0.3204029720
0.4932937274
0.7584856443
0.7323467116
0.5382807964
0.9574221580
0.8143270534
0.5029551995
0.5403157229
1.2666633756
0.5333135702
0.3968990152
0.2236162284
0.4157096671
0.9253464119
0.2370890931
0.3691669620
0.4800475166
0.3119716741
0.9480000110
0.7268923143
1.0494741590
1.3011458352
1.2887427707
0.9116360040
1.2293458710
1.0270139763
1.0233047273
1.0183264686
0.5174075111
0.5407221270
0.4853014881
1.4230638222
1.8137210804
1.9712571319
0.9390604365
1.3092106506
0.8279938118
0.9928280716
1.3896965058
0.6368550659
0.8526202604
0.7569983935
0.2734679810
0.6078225510
1.9509221904
0.9075275515
0.7237690076
1.5186884371
2.0338126538
1.1476860643
2.0387703645
2.0444131172
1.0904940288
0.3005587176
0.2569652828
0.7760506921
0.7874122337
0.7935572363
0.7328109377
0.8960579919
0.9085921213
0.4842464987
0.5145051752
0.4816364759
0.4780879741
0.0500982167
0.5797540071
0.6619290436
0.6238345529
0.2924972668
0.5012340135
0.2551094163
0.2845721391
0.3019866533
0.2406779803
0.5614586957
0.6570605164
0.6004301940
0.5172449513
0.5261358485
0.5328672315
0.5804558273
0.2582102726
0.1889415731
0.2670521573
0.3555483059
0.3834469166
0.4402367176
0.3541186253
0.3241320273
0.4636969325
0.4848194430
0.5643731180
0.2638649180
0.3274321977
0.1374024507
0.2822527309
0.3054415892
0.5258398378
0.4826093332
0.3974661544
0.4691991123
0.3115787598
0.3381470441
0.3605816588
0.1567867860
0.1331425992
0.2524916885
0.2202952682
0.2619752939
0.4903047067
0.5422956844
0.6038333537
0.5777321971
0.5332390101
0.5238728875
0.7699186107
0.7378788459
0.6040714132
0.7484467404
0.5238825470
0.4336330326
0.5085656593
0.8761907325
1.0753485979
0.6034024830
0.6218137165
0.5765916317
0.8568183778
0.8194699765
1.4762910009
0.5851604853
0.8567403197
0.8274914626
0.9154295214
0.8480326117
0.7019008422
1.8111981313
1.7614896928
1.2067917763
1.0092125530
2.3101921228
0.7230793342
1.2226111026
1.4346237852
1.4778479104
1.6909423876
1.5603229258
0.7812646705
0.5144373511
0.3874934193
0.4818079130
0.3815810834
0.9330299289
1.3970771281
1.3440456153
0.8325625415
0.3527892947
0.6060747046
1.1173235530
0.3758856946
0.4918469441
0.2266585698
0.1686708767
0.4860316167
0.7285462256
1.1660100100
0.4980920860
0.2510926273
0.5897063099
0.6381567957
0.3019178850
0.4396177119
0.4435362875
0.4010044668
0.3317889837
0.4263987418
0.3698408505
0.5931841049
1.0393892024
0.7242379723
0.6972040894
0.6991727373
0.8937078146
0.4838310399
0.7643991801
0.6541327768
0.5572042426
0.3457352684
0.6633939615
0.4790698298
0.1918772915
0.2821612782
0.2211695775
0.3349326115
0.3330194555
0.4022394623
0.2554016505
0.3322958558
0.4452046121
0.4721774608
0.4466576719
0.5429220504
0.4141999460
0.5924616901
0.5093092051
0.3300344106
0.2862382523
0.3227757966
0.0763324177
0.4102410531
0.2952241314
0.3483114980
0.4207900743
0.4055316936
0.5816802258
0.5868186224
0.3064065660
0.2707272546
0.2236262116
0.2855593299
0.2677793565
0.3167869476
0.4595209438
0.2963017124
0.4821824196
0.4247964854
0.4135304011
0.3345516578
0.5217325592
0.5732729827
0.5345860424
0.5856962828
0.4140181593
0.2995356113
0.3737843244
0.3698570621
0.4044442851
0.3492654516
0.3093422150
0.5033060525
0.5596856533
0.5121481788
0.4680478471
0.4404776592
0.2475656232
0.3679476773
0.4589659756
0.4226341338
0.3352716380
0.4784792326
0.1399659942
0.2294412388
0.1515258547
0.3451381523
0.6847729324
0.0706153704
0.5014551005
0.3925958258
0.6066392907
0.5706899401
0.4581588589
0.6456159945
0.4480267354
0.3580498648
0.2284995663
0.2893655695
0.5576208134
0.3242524463
0.2006681590
0.4349752501
0.5420413114
0.2835984075
0.6098663959
0.5749631282
1.2514407242
1.0163500436
0.5199283231
0.9996050135
0.3402545891
0.4892842562
0.3861760292
1.1887885218
1.2000038408
1.0546665215
1.1013053606
1.5450403517
1.6762981865
2.3641373528
0.8803507778
1.8257039322
0.9805819501
0.2858871001
0.4678632913
0.0867625537
0.5322214364
0.6085695884
0.5379952298
0.5780220099
1.1393203067
0.2704440582
0.9038847898
0.7163679718
0.4909561987
1.0045121131
1.0786387917
0.9265333487
0.7808944376
0.1234154754
0.3628930657
0.4765236719
0.5970328233
0.2792749567
0.3301518643
0.2928383453
0.4408289237
0.6437910454
0.5134208593
0.3335455182
0.4751367358
0.5889833241
0.5449423232
0.5062673170
0.4644324738
0.3465612340
0.3693945254
0.3434882013
0.5485861314
0.3084405795
0.4848051592
0.4076746699
0.5804256383
0.4303797835
0.3446487751
0.4586954755
0.5901738267
0.7676374378
0.3924906197
0.4645817880
0.6614726401
0.5646450037
0.2388516024
0.7243856678
0.6161330498
0.8765886727
0.8948984706
0.8655439682
0.6124220396
0.7569541528
0.6513180406
0.7042115747
0.8028917720
0.6201043705
0.6437013358
0.6986928460
0.6195023702
0.6454613772
0.5096285076
0.7196847479
0.6203804094
0.5319191001
0.4256926389
0.6291842438
0.5785153764
0.7514041142
0.6820188419
0.8062005319
0.9141880056
0.8004695194
0.6198426376
0.4804003449
0.4090209909
0.6528040134
0.7563526524
0.6935082419
0.6391826850
0.5142881675
0.4283688969
0.8447196906
1.2115052840
0.6523467733
0.6703418870
0.3636819670
0.6892186335
0.2537683861
0.5992082354
0.5432299785
0.4008977254
0.6560442136
0.6491212789
0.4820000026
0.5682294641
0.6290371180
0.8201863126
0.3682264738
0.2839606234
0.2686713034
0.5858654493
0.5828746478
0.5495737934
0.5857488361
0.7314543860
0.5498755845
0.4351441572
0.7364486977
0.5570650167
0.0695759616
0.5856029046
0.7160741610
0.6701957109
0.8252571075
0.5472982672
0.9060058837
0.7271841195
0.3313297229
0.4765794813
0.1103602088
0.4063557828
0.5693060203
0.4810161402
0.6257968535
0.8051952476
0.7068534202
0.3040349214
0.6372688201
0.2081775655
0.1769287727
0.4277046947
0.4126340843
0.7547124912
0.8703349358
0.8560809384
1.0012988868
0.6289878369
0.8938278003
0.7883396588
0.8236639223
0.6831366423
0.7542220878
0.4397879802
0.4235430533
0.2440110740
0.5613539977
0.3778942346
0.5506224962
0.6268229039
0.8224941174
0.4259049830
0.5804848545
0.4809763483
0.3857727804
0.6298235501
0.5589925114
0.6534046599
1.1086955312
0.8945540663
0.7984325897
0.8400702052
0.9569410634
0.8884802878
0.7775277660
0.8007945572
0.6964822809
0.6215877594
0.9094841694
0.7512900652
0.9514974653
0.8139495037
0.7680838187
0.8462243229
0.7866880029
0.7465307474
1.0114560358
1.0155006955
1.1038909614
0.9786435976
0.9315912219
0.8947221885
0.9266652044
0.8288169557
0.7669179286
0.7933547436
0.9005865912
0.7288749108
0.9851339768
1.0578091988
1.0735661706
0.7460071789
0.9933655600
0.9752135584
0.9289273594
0.7991414230
0.8691003886
0.8946069081
0.8858590315
1.0790708488
1.0957926775
0.8034836387
0.8188697289
0.7948449048
0.7869704094
0.9698223528
1.2108780510
1.2382983907
1.1919553106
0.8312512706
1.1066044318
1.3835873412
1.6543312780
1.8014876326
0.9916772063
1.0401874520
1.0380308768
1.1340102823
1.0428787482
0.8964341479
0.8565137318
1.0722005217
0.9699732072
1.1778042585
0.8235819510
0.7478197308
0.6392230163
0.8437972441
0.8916939463
1.2501105937
1.0602031754
1.1062418439
1.1511528388
1.0704056613
0.8186449783
0.9203164944
0.9227889578
0.9576932562
1.0011275986
1.0380511317
1.2034227353
1.2119338920
1.1236044728
1.1583725568
1.1802647380
1.0225465647
1.1012632746
1.0786501125
1.0813248058
0.9106518109
0.7911245442
0.7342807701
1.0662124880
0.6348113322
0.6782650038
0.8414383262
0.7973934293
0.8576012305
1.2330994705
1.0658264930
1.1027469876
0.8467179463
1.0089604556
1.0742983572
0.9641825317
1.0231499184
1.0685634656
1.1283131834
1.0591941217
1.2421087272
1.2546871869
1.3225011821
1.3605452459
1.3737205099
1.2193610302
1.1999637352
1.1879252641
1.1964764778
1.2121963416
1.1610258202
1.2953420707
1.2718402192
1.3900302541
1.4265086730
1.3413192669
1.2841720715
1.3400872228
1.3590029191
1.2467121624
1.4314874385
1.3407300292
1.1779353077
1.2129720227
1.0603399347
1.0853479213
1.0707908448
1.0661832325
1.1998362815
1.1133522763
1.1693247943
