0.0148340639
0.0138145963
0.0138232929
0.0148874025
0.0150102866
0.0148000953
0.0148575717
0.0153285341
0.0153009844
0.0144324746
0.0125313060
0.0132130007
0.0145141249
0.0148830754
0.0145423681
0.0142115414
0.0139033740
0.0133497859
0.0132332550
0.0128492083
0.0133155491
0.0128542773
0.0123399833
0.0130987115
0.0126146697
0.0115364516
0.0117234959
0.0122601734
0.0124132017
0.0127883042
0.0119892493
0.0123074922
0.0125644713
0.0132911187
0.0136934321
0.0128731716
0.0130385274
0.0129341499
0.0127405685
0.0126525066
0.0112954759
0.0097333600
0.0084572176
0.0082265246
0.0070205011
0.0073671473
0.0092486748
0.0121123174
0.0149313993
0.0173509256
0.0184961757
0.0177767674
0.0175110055
0.0159833447
0.0137989298
0.0131464325
0.0111635211
0.0092851447
0.0119066880
0.0122783622
0.0098922925
0.0147774786
0.0151199749
0.0160544347
0.0185242372
0.0234519749
0.0252496610
0.0253538489
0.0246148320
0.0234791236
0.0233244086
0.0239494186
0.0242544032
0.0231545208
0.0218872414
0.0232613354
0.0252073748
0.0246563867
0.0261730295
0.0253627764
0.0239126831
0.0220083863
0.0184245978
0.0150338922
0.0111185838
0.0093854579
0.0069086121
0.0054827139
0.0094382921
0.0124056851
0.0165261247
0.0218615715
0.0236437936
0.0240717847
0.0238026222
0.0232651200
0.0216987010
0.0205210225
0.0218456230
0.0267408607
0.0310374943
0.0331543663
0.0353527137
0.0363651340
0.0391878926
0.0398036228
0.0401285449
0.0472023660
0.0482088508
0.0483558886
0.0519993589
0.0527369064
0.0565818554
0.0589758793
0.0585018804
0.0604801170
0.0598679850
0.0503900536
0.0460799498
0.0422374909
0.0414013996
0.0415694281
0.0402240931
0.0403708098
0.0409076516
0.0391765593
0.0407695088
0.0422622042
0.0434302060
0.0388680070
0.0348944195
0.0338362639
0.0361678629
0.0328218707
0.0192357191
0.0230162513
0.0159662890
0.0165089088
0.0201139985
0.0294710929
0.0164975659
0.0183625934
0.0204167298
0.0170518849
0.0224231663
0.0222994914
0.0092098805
0.0102109408
0.0140488231
0.0161406101
0.0161456195
0.0180757063
0.0078348651
0.0032783163
0.0104348523
0.0248890436
0.0240324084
0.0295509468
0.0220131950
0.0209000964
0.0133087469
0.0176008163
0.0295369982
0.0220115190
0.0264628027
0.0210852610
0.0200869726
0.0109422906
1.6294017953
1.6213870338
1.6232680034
1.6201504721
1.6074832694
1.5868707896
1.5977634082
1.6100757484
1.6114108122
1.6322853530
1.6407466700
1.6631790779
1.6589510002
1.6546018323
1.6645029087
1.6337823273
1.6149702095
1.5984519299
1.5959767157
1.5980198186
1.5967471899
1.5966691437
1.6062261401
1.6201577605
1.6374386834
1.6366219939
1.6314677793
1.6272558778
1.6251125021
1.6157701375
1.6053942274
1.6029164902
1.5993179440
1.6015506450
1.6009344951
1.5986939047
1.6025530354
1.6101080803
1.6152480915
1.6191520135
1.6219932422
1.6157180131
1.6145262742
1.6021031863
1.5979841117
1.5925582138
1.5961765672
1.5915118315
1.5874613463
1.5761642779
1.5865096532
1.5875154566
1.5854469631
1.5845352753
1.5802768411
1.5838568889
1.5779957647
1.5816595166
1.5851356750
1.5843586969
1.5841153178
1.5840560123
1.5876898153
1.5865288738
1.5866486323
1.5873760676
1.5912417640
1.5943296801
1.5957047781
1.5970802943
1.5973555114
1.5996816084
1.5975770015
1.6023421581
1.6056816690
1.6032547808
1.5988101826
1.6062267392
1.6087443183
1.6106196609
1.6096374541
1.6074425362
1.6126797278
1.6101940408
1.6081348816
0.0323583254
0.0526150953
0.0401457762
0.0253472323
0.0206966221
0.0147284465
0.0065704375
0.0056291144
0.0075243138
0.0090270258
0.0099421130
0.0114912924
0.0125159440
0.0165336448
0.0172561750
0.0211028304
0.0198073245
0.0178500909
0.0172069111
0.0177004832
0.0164526824
0.0175096748
0.0143788203
0.0191918862
0.0223087479
0.0260467519
0.0275172836
0.0292957985
0.0305934536
0.0305861800
0.0318340323
0.0294544842
0.0271191824
0.0243575220
0.0258046857
0.0272182159
0.0265853032
0.0267017282
0.0249596560
0.0228323746
0.0237900118
0.0255929440
0.0265513992
0.0261797487
0.0293692288
0.0322146455
0.0284434086
0.0303396755
0.0297338914
0.0293605080
0.0295192170
0.0293932040
0.0303170993
0.0336130971
0.0342528942
0.0372613795
0.0392792541
0.0435719262
0.0448576381
0.0445200782
0.0440135275
0.0433838108
0.0423295943
0.0422162762
0.0433039803
0.0438734722
0.0465336562
0.0459496092
0.0447191907
0.0463460199
0.0515469305
0.0557653284
0.0576126797
0.0610679211
0.0641172744
0.0658930178
0.0636892152
0.0613741783
0.0621156066
0.0622483711
0.0621604676
0.0611470740
0.0610409815
0.0615060028
0.0623526748
0.0601473171
0.0638654762
0.0634007612
0.0654798892
0.0654390383
0.0667836994
0.0681796542
0.0661641106
0.0668545779
0.0686896242
0.0693403442
0.0679088921
0.0672126047
0.0691571674
0.0670710536
0.0685610544
0.0683902416
0.0677403016
0.0672498102
0.0656865574
0.0624338744
0.0621331316
0.0601433258
0.0603292440
0.0632755183
0.0624504199
0.0619330693
0.0614625582
0.0580713280
0.0556584205
0.0526744055
0.0509650560
0.0519372420
0.0539303624
0.0531358526
0.0491118884
0.0470361168
0.0443812217
0.0441031778
0.0428388413
0.0425081804
0.0442307570
0.0450951857
0.0440459219
0.0444541158
0.0439269676
0.0451307013
0.0464946494
0.0476888363
0.0454930249
0.0458585499
0.0416025218
0.0407785939
0.0384250194
0.0362135569
0.0417072303
0.0461520883
0.0472005662
0.0469500409
0.0453090257
0.0461326480
0.0436365163
0.0405604841
0.0388323528
0.0388402839
