0.1775339610
0.1776742469
0.1778761027
0.1786060765
0.1747875357
0.1726299609
0.1727240387
0.1694668642
0.1710887600
0.1660274728
0.1596724245
0.1556758125
0.1514075009
0.1500344982
0.1447970955
0.1403384207
0.1371845030
0.1383375289
0.1411167136
0.1419293175
0.1415193001
0.1437784850
0.1469965447
0.1504923265
0.1533276927
0.1523551852
0.1528194180
0.1524788504
0.1523538745
0.1533572395
0.1542603298
0.1550588431
0.1535880040
0.1532881104
0.1527791847
0.1527961769
0.1535543845
0.1542221566
0.1541303306
0.1550571124
0.1544071201
0.1519613170
0.1504503028
0.1502960697
0.1515474557
0.1509487322
0.1503743958
0.1513131574
0.1560424046
0.1582287313
0.1607776132
0.1583668637
0.1537926251
0.1550043385
0.1510945465
0.1546426151
0.1523531100
0.1499368980
0.1437918554
0.1361605899
0.1234282355
0.1139153456
0.1053881863
0.1022415269
0.0990559456
0.0968806798
0.0952983401
0.0939780608
0.0939776436
0.0960494127
0.0996616535
0.1041958177
0.1039797148
0.1040824348
0.1129144144
0.1181949943
0.1192636068
0.1201899618
0.1175304110
0.1218683052
0.1198985964
0.1117445341
0.1036319145
0.0904693956
0.0855875197
0.0832820986
0.0808012497
0.0786750920
0.0767735290
0.0744243160
0.0740408373
0.0757572468
0.0779272737
0.0805118985
0.0818632510
0.0850109617
0.0890436732
0.0943961619
0.1017075692
0.1068612438
0.1121797455
0.1191694272
0.1266395188
0.1308127424
0.1360400282
0.1393517991
0.1428992280
0.1479382853
0.1514210951
0.1550347389
0.1571212067
0.1613159397
0.1655452344
0.1702323334
0.1764077729
0.1792981890
0.1818338934
0.1861746841
0.1881585697
0.1940702679
0.2017872722
0.2102865320
0.2190735355
0.2285115425
0.2395911102
0.2507678574
0.2592312739
0.2647043084
0.2701049897
0.2698067061
0.2692058000
0.2671121169
0.2657073383
0.2659323657
0.2676108159
0.2701743276
0.2720051719
0.2723416982
0.2737175502
0.2730349829
0.2692895788
0.2660424583
0.2605404056
0.2568555173
0.2520430425
0.2499632343
0.2476526894
0.2489054298
0.2482975783
0.2502892544
0.2497381983
0.2486035879
0.2470241496
0.2414023123
0.2357157528
0.2300794384
0.2249100180
0.2175263472
0.2116453504
0.2083524020
0.2052584133
0.2033249586
0.2024636164
0.1992569946
0.1929321192
0.1851180950
0.1768141849
0.1696072442
0.1636502617
0.1585172813
0.1541097530
0.1482868205
0.1425018150
0.1375943280
0.1358619407
0.1326988276
0.1309839318
0.1282572921
0.1247359803
0.1223833463
0.1185227868
0.1176368196
0.1165800569
0.1181767579
0.1216940026
0.1217092987
0.1279611001
0.1356181312
0.1513846070
0.1675221420
0.1611811689
0.1579486235
0.1618227582
0.1644376178
0.1674358422
0.1701096894
0.1763840642
0.1808844922
0.1854031465
0.1893590891
0.1944195502
0.1973351030
0.2029456188
0.2088536443
0.2110656732
0.2139339051
0.2142653574
0.2144922157
0.2133227572
0.2110681007
0.2113636284
0.2103020022
0.2101055077
0.2099291910
0.2035170189
0.2016042104
0.2012433787
0.2012306971
0.2018567140
0.2035921185
0.2069611114
0.2092784991
0.2112000265
0.2052781659
0.1971234170
0.1909700983
0.1859634343
0.1795850472
0.1757341830
0.1711875059
0.1696277503
0.1685018202
0.1677221466
0.1671744441
0.1660342131
0.1665330060
0.1695573434
0.1722661799
0.1755846144
0.1775149367
0.1789214915
0.1810498456
0.1835772009
0.1859511574
0.1883325286
0.1907169120
0.1929035710
0.1944524947
0.1929319045
0.1902266037
0.1872300766
0.1817039769
0.1750267063
0.1673619985
0.1580845282
0.1493240763
0.1493568610
0.1466646041
0.1442196577
0.1439986513
0.1494941434
0.1602118845
0.1687020715
0.1705222693
0.1660953332
0.1685481626
0.1700126250
0.1701396966
0.1687608060
0.1643331179
0.1608286076
0.1600230980
0.1599360237
0.1609421622
0.1617739894
0.1617284101
0.1612825312
0.1615503157
0.1625572210
0.1630745452
0.1625853507
0.1613329242
0.1588161010
0.1553731724
0.1522667538
0.1503283889
0.1493017090
0.1491290915
0.1489368195
0.1488933441
0.1482636798
0.1470821956
0.1454380930
0.1435794178
0.1411082405
0.1391814616
0.1379460734
0.1375139011
0.1378818720
0.1388603268
0.1402947432
0.1420516375
0.1441412359
0.1448891652
0.1450289226
0.1442109290
0.1434458186
0.1422812451
