0.1072475020
0.1072475020
0.1094159471
0.1094159471
0.1068402974
0.1068402974
0.1088084749
0.1088084749
0.1079763565
0.1079763565
0.1063964725
0.1063964725
0.1065160875
0.1065160875
0.1075873456
0.1075873456
0.1154583036
0.1154583036
0.1141052407
0.1141052407
0.1265860654
0.1265860654
0.1395719121
0.1395719121
0.1538536277
0.1538536277
0.1242763508
0.1242763508
0.1551466841
0.1551466841
0.1623119518
0.1623119518
0.1699621490
0.1699621490
0.1953716811
0.1953716811
0.2056833631
0.2056833631
0.2152088333
0.2152088333
0.2263915205
0.2263915205
0.2366038740
0.2366038740
0.2451623563
0.2451623563
0.2472609174
0.2472609174
0.2420017655
0.2420017655
0.2358360147
0.2358360147
0.2219154048
0.2219154048
0.2195856106
0.2195856106
0.2038744943
0.2038744943
0.2069065854
0.2069065854
0.1446032363
0.1446032363
0.1706125064
0.1706125064
0.1881438579
0.1881438579
0.2827580313
0.2827580313
0.2617252017
0.2617252017
0.2377614846
0.2377614846
0.2709689436
0.2709689436
0.2732905021
0.2732905021
0.2771831864
0.2771831864
0.2733625347
0.2733625347
0.2495072773
0.2495072773
0.2029038446
0.2029038446
0.1741584763
0.1741584763
0.0948553253
0.0948553253
0.1731340330
0.1731340330
0.1560525168
0.1560525168
0.2026510676
0.2026510676
0.2592498622
0.2592498622
0.2865776947
0.2865776947
0.2496301953
0.2496301953
0.1735704003
0.1735704003
0.1251245252
0.1251245252
0.1216051818
0.1216051818
0.1615032330
0.1615032330
0.1962623251
0.1962623251
0.1847362010
0.1847362010
0.1817039874
0.1817039874
0.1783852519
0.1783852519
0.1534119016
0.1534119016
0.1323703868
0.1323703868
0.1089949547
0.1089949547
0.1051773698
0.1051773698
0.1107258842
0.1107258842
0.1168749675
0.1168749675
0.1142092457
0.1142092457
0.1051978728
0.1051978728
0.0857239224
0.0857239224
0.1029436679
0.1029436679
0.0870913186
0.0870913186
0.0692410737
0.0692410737
0.0856164915
0.0856164915
0.0997006419
0.0997006419
0.0905812877
0.0905812877
0.0780546244
0.0780546244
0.0655404671
0.0655404671
0.0733759975
0.0733759975
0.0806562861
0.0806562861
0.0758394363
0.0758394363
0.0711577902
0.0711577902
0.0624520754
0.0624520754
0.0641090645
0.0641090645
0.0620554810
0.0620554810
0.0679609815
0.0679609815
0.0662846676
0.0662846676
0.0628176981
0.0628176981
0.0540526690
0.0540526690
0.0479504443
0.0479504443
0.0532291851
0.0532291851
0.0560264911
0.0560264911
0.0500123946
0.0500123946
0.0512313414
0.0512313414
0.0595882872
0.0595882872
0.0601047723
0.0601047723
0.0624298721
0.0624298721
0.0612846811
0.0612846811
0.0565214206
0.0565214206
0.0535925964
0.0535925964
0.0601515523
0.0601515523
0.0633649700
0.0633649700
0.0630266605
0.0630266605
0.0652702913
0.0652702913
0.0741764154
0.0741764154
0.0681874480
0.0681874480
0.0679850298
0.0679850298
0.0713152425
0.0713152425
0.0702691880
0.0702691880
0.0708121402
0.0708121402
0.0725010419
0.0725010419
0.0693620973
0.0693620973
0.0679019303
0.0679019303
0.0634811597
0.0634811597
0.0649686563
0.0649686563
0.0649950100
0.0649950100
0.0630859939
0.0630859939
0.0624250028
0.0624250028
0.0637603172
0.0637603172
0.0596734626
0.0596734626
0.0666314932
0.0666314932
0.0565044017
0.0565044017
0.0585394548
0.0585394548
0.0610565167
0.0610565167
0.0586139323
0.0586139323
0.0596896996
0.0596896996
0.0608198646
0.0608198646
0.0621976926
0.0621976926
0.0567281081
0.0567281081
0.0556812360
0.0556812360
0.0664154218
0.0664154218
0.0733349123
0.0733349123
0.0656422978
0.0656422978
0.0558140753
0.0558140753
0.0532365499
0.0532365499
0.0550903713
0.0550903713
0.0551825094
0.0551825094
0.0523154263
0.0523154263
0.0509286396
0.0509286396
0.0378029783
0.0378029783
0.0553582873
0.0553582873
0.0548152069
0.0548152069
0.0518850099
0.0518850099
0.0698222863
0.0698222863
0.0667930753
0.0667930753
0.0649959923
0.0649959923
0.0768196474
0.0768196474
0.0695888209
0.0695888209
0.0730954768
0.0730954768
0.0949219843
0.0949219843
0.0963382219
0.0963382219
0.0690560824
0.0690560824
0.0525204570
0.0525204570
0.0595213575
0.0595213575
0.0573119134
0.0573119134
0.0650769863
0.0650769863
0.0632581304
0.0632581304
0.0543505381
0.0543505381
0.0553043330
0.0553043330
0.0521835831
0.0521835831
0.0556904069
0.0556904069
0.0544814730
0.0544814730
0.0504459058
0.0504459058
0.0506212010
0.0506212010
0.0533878139
0.0533878139
0.0559204730
0.0559204730
0.0603232910
0.0603232910
0.0615217257
0.0615217257
0.0679916609
0.0679916609
0.0711248513
0.0711248513
0.0663402444
0.0663402444
0.0663949568
0.0663949568
0.0724600025
0.0724600025
0.0696894933
0.0696894933
0.0714016315
0.0714016315
0.0760108603
0.0760108603
0.0832520692
0.0832520692
0.0815055080
0.0815055080
0.0738945284
0.0738945284
0.0743592851
0.0743592851
0.0758433304
0.0758433304
0.0763232746
0.0763232746
0.0723091609
0.0723091609
0.0749461287
0.0749461287
0.0729573673
0.0729573673
0.0709482266
0.0709482266
0.0751605474
0.0751605474
0.0782630553
0.0782630553
0.0833750392
0.0833750392
0.0789543344
0.0789543344
0.0776259224
0.0776259224
0.0716077418
0.0716077418
0.0694661973
0.0694661973
0.0690173234
0.0690173234
0.0670141851
0.0670141851
0.0602238286
0.0602238286
0.0621422187
0.0621422187
0.0650842889
0.0650842889
0.0697534402
0.0697534402
0.0816673348
0.0816673348
0.0851975958
0.0851975958
0.0826351115
0.0826351115
0.0766264634
0.0766264634
0.0754628896
0.0754628896
0.0739617087
0.0739617087
0.0750167772
0.0750167772
0.0666802390
0.0666802390
0.0682487319
0.0682487319
0.0672210134
0.0672210134
0.0748634124
0.0748634124
0.0778507805
0.0778507805
0.0678504194
0.0678504194
0.0607567908
0.0607567908
0.0588103027
0.0588103027
0.0591710278
0.0591710278
0.0637622500
0.0637622500
0.0637633402
0.0637633402
0.0716762758
0.0716762758
0.0710099930
0.0710099930
0.0649971429
0.0649971429
0.0625084077
0.0625084077
0.0653450924
0.0653450924
0.0641461404
0.0641461404
0.0622662055
0.0622662055
0.0593091884
0.0593091884
0.0564313952
0.0564313952
0.0580474604
0.0580474604
0.0629265978
0.0629265978
0.0618595156
0.0618595156
0.0649841534
0.0649841534
0.0607573728
0.0607573728
0.0534513005
0.0534513005
0.0473377922
0.0473377922
0.0485895175
0.0485895175
0.0471609328
0.0471609328
0.0511927296
0.0511927296
0.0526626989
0.0526626989
0.0588949259
0.0588949259
0.0621798391
0.0621798391
0.0658027971
0.0658027971
0.0677631221
0.0677631221
0.0624322436
0.0624322436
0.0628778771
0.0628778771
0.0654510815
0.0654510815
0.0656830216
0.0656830216
0.0634524249
0.0634524249
0.0620656270
0.0620656270
0.0626313062
0.0626313062
0.0554251702
0.0554251702
0.0555392444
0.0555392444
0.0545893285
0.0545893285
0.0565532356
0.0565532356
0.0565506676
0.0565506676
0.0532283535
0.0532283535
0.0493205040
0.0493205040
0.0450747853
0.0450747853
0.0486858644
0.0486858644
0.0511676541
0.0511676541
0.0486944336
0.0486944336
0.0413473900
0.0413473900
0.0531051665
0.0531051665
0.0569129775
0.0569129775
0.0592998544
0.0592998544
0.0616842289
0.0616842289
0.0521312350
0.0521312350
0.0469105497
0.0469105497
0.0455486909
0.0455486909
0.0461413829
0.0461413829
0.0457126745
0.0457126745
0.0450774375
0.0450774375
0.0387600872
0.0387600872
0.0393464263
0.0393464263
0.0376310916
0.0376310916
0.0361737295
0.0361737295
0.0324127574
0.0324127574
0.0307583777
0.0307583777
0.0321263349
0.0321263349
0.0280185806
0.0280185806
0.0246225532
0.0246225532
0.0287884398
0.0287884398
0.0242802346
0.0242802346
0.0324549400
0.0324549400
0.0282400661
0.0282400661
0.0218447777
0.0218447777
0.0218015347
0.0218015347
0.0214350534
0.0214350534
0.0242782407
0.0242782407
0.0305619778
0.0305619778
0.0324915462
0.0324915462
0.0303337635
0.0303337635
0.0342708040
0.0342708040
0.0308849570
0.0308849570
0.0398400171
0.0398400171
0.0455391269
0.0455391269
0.0446984093
0.0446984093
0.0442851729
0.0442851729
0.0458078696
0.0458078696
0.0551432275
0.0551432275
0.0579791230
0.0579791230
0.0588840211
0.0588840211
0.0627926208
0.0627926208
0.0649296493
0.0649296493
0.0649625166
0.0649625166
0.0638170379
0.0638170379
0.0589409280
0.0589409280
0.0580419342
0.0580419342
0.0557079663
0.0557079663
0.0559246179
0.0559246179
0.0612844896
0.0612844896
0.0632346546
0.0632346546
0.0651860714
0.0651860714
0.0704033778
0.0704033778
0.0753156845
0.0753156845
0.0778334851
0.0778334851
0.0740555977
0.0740555977
0.0755764636
0.0755764636
0.0754976754
0.0754976754
0.0808216136
0.0808216136
0.0749121109
0.0749121109
0.0712296041
0.0712296041
0.0628121558
0.0628121558
0.0561265350
0.0561265350
0.0545687393
0.0545687393
0.0580472931
0.0580472931
0.0608354091
0.0608354091
0.0574293689
0.0574293689
0.0515510723
0.0515510723
0.0537325617
0.0537325617
0.0611009626
0.0611009626
0.0663969088
0.0663969088
0.0658339993
0.0658339993
0.0567860690
0.0567860690
0.0567860690
0.0584876983
0.0584876983
0.0584876983
0.0509967508
0.0509967508
0.0509967508
0.0385450838
0.0385450838
0.0385450838
0.0548486692
0.0548486692
0.0548486692
0.0643008974
0.0643008974
0.0643008974
0.0631784742
0.0631784742
0.0631784742
0.0682689338
0.0682689338
0.0682689338
0.0676917864
0.0676917864
0.0676917864
0.0740437354
0.0740437354
0.0740437354
0.0721953006
0.0721953006
0.0721953006
0.0662789690
0.0662789690
0.0662789690
0.0610796446
0.0610796446
0.0610796446
0.0539635614
0.0539635614
0.0539635614
0.0505935205
0.0505935205
0.0505935205
0.0475876373
0.0475876373
0.0475876373
0.0442543175
0.0442543175
0.0442543175
0.0395238768
0.0395238768
0.0395238768
0.0386538281
0.0386538281
0.0386538281
0.0412186522
0.0412186522
0.0412186522
0.0390752792
0.0390752792
0.0390752792
0.0392684837
0.0392684837
0.0392684837
0.0408190060
0.0408190060
0.0408190060
0.0446871690
0.0446871690
0.0446871690
0.0487991437
0.0487991437
0.0487991437
0.0512702985
0.0512702985
0.0512702985
0.0483432596
0.0483432596
0.0483432596
0.0498634600
0.0498634600
0.0498634600
0.0487994463
0.0487994463
0.0487994463
0.0480694582
0.0480694582
0.0480694582
0.0439013189
0.0439013189
0.0439013189
0.0398926374
0.0398926374
0.0398926374
0.0366601993
0.0366601993
0.0357606278
0.0357606278
0.0296954982
0.0296954982
0.0314754856
0.0314754856
0.0335722311
0.0335722311
0.0296717081
0.0296717081
0.0250084925
0.0250084925
0.0258446653
0.0258446653
0.0210223568
0.0210223568
0.0228272715
0.0228272715
0.0201739024
0.0201739024
0.0256361544
0.0256361544
0.0329264574
0.0329264574
0.0381834148
0.0381834148
0.0432244042
0.0432244042
0.0463077063
0.0463077063
0.0485717836
0.0485717836
0.0507677127
0.0507677127
0.0511556903
0.0511556903
0.0513299164
0.0513299164
0.0517655498
0.0517655498
0.0478475196
0.0478475196
0.0477704325
0.0477704325
0.0493223149
0.0493223149
0.0493907646
0.0493907646
0.0472848166
0.0472848166
0.0476921360
0.0476921360
0.0499748668
0.0499748668
0.0500124502
0.0500124502
0.0528563710
0.0528563710
0.0532666833
0.0532666833
0.0475242103
0.0475242103
0.0457415200
0.0457415200
0.0433440947
0.0433440947
0.0433440947
0.0479725997
0.0479725997
0.0479725997
0.0528972083
0.0528972083
0.0528972083
0.0542996133
0.0542996133
0.0542996133
0.0611909111
0.0611909111
0.0611909111
0.0613840230
0.0613840230
0.0613840230
0.0650876104
0.0650876104
0.0650876104
0.0675549863
0.0675549863
0.0675549863
0.0705240538
0.0705240538
0.0705240538
0.0758518762
0.0758518762
0.0758518762
0.0731864011
0.0731864011
0.0731864011
0.0683274157
0.0683274157
0.0683274157
0.0663826361
0.0663826361
0.0663826361
0.0641029824
0.0641029824
0.0641029824
0.0670890281
0.0670890281
0.0670890281
0.0663480179
0.0663480179
0.0663480179
0.0630571018
0.0630571018
0.0651031259
0.0651031259
0.0676251416
0.0676251416
0.0644922475
0.0644922475
0.0569832376
0.0569832376
0.0534658047
0.0534658047
0.0530416812
0.0530416812
0.0541690836
0.0541690836
0.0616402765
0.0616402765
0.0598321901
0.0598321901
0.0556703635
0.0556703635
0.0547337700
0.0547337700
0.0588669535
0.0588669535
0.0591988543
0.0591988543
0.0641935760
0.0641935760
0.0624240483
0.0624240483
0.0621030052
0.0621030052
0.0669911579
0.0669911579
0.0666454691
0.0666454691
0.0661978881
0.0661978881
0.0654894958
0.0654894958
0.0636336861
0.0636336861
0.0633145957
0.0633145957
0.0617934057
0.0617934057
0.0616846933
0.0616846933
0.0626128089
0.0626128089
0.0626128089
0.0666337298
0.0666337298
0.0678421261
0.0678421261
0.0672445095
0.0672445095
0.0669176578
0.0669176578
0.0660200212
0.0660200212
0.0604937961
0.0604937961
0.0628065385
0.0628065385
0.0599334393
0.0599334393
0.0599334393
0.0601012287
0.0601012287
0.0601012287
0.0573770139
0.0573770139
0.0573770139
0.0649002719
0.0649002719
0.0649002719
0.0652454787
0.0652454787
0.0652454787
0.0664604474
0.0664604474
0.0664604474
0.0656957282
0.0656957282
0.0656957282
0.0660626176
0.0660626176
0.0660626176
0.0695211084
0.0695211084
0.0695211084
0.0726695385
0.0726695385
0.0726695385
0.0728578929
0.0728578929
0.0728578929
0.0737147480
0.0737147480
0.0737147480
0.0748475366
0.0748475366
0.0748475366
0.0723421260
0.0723421260
0.0723421260
0.0745971688
0.0745971688
0.0745971688
0.0765058775
0.0765058775
0.0765058775
0.0778395156
0.0778395156
0.0740575966
0.0740575966
0.0718475058
0.0718475058
0.0703514745
0.0703514745
0.0703515882
0.0703515882
0.0628752981
0.0628752981
0.0629339977
0.0629339977
0.0607772703
0.0607772703
0.0563802807
0.0563802807
0.0591862934
0.0591862934
0.0602636633
0.0602636633
0.0595389687
0.0595389687
0.0593781730
0.0593781730
0.0545559142
0.0545559142
0.0519395185
0.0519395185
0.0483857851
0.0483857851
0.0486086534
0.0486086534
0.0554184107
0.0554184107
0.0573265650
0.0573265650
0.0529912064
0.0529912064
0.0536446481
0.0536446481
0.0526403809
0.0526403809
0.0626739893
0.0626739893
0.0666863916
0.0666863916
0.0614928524
0.0614928524
0.0571176326
0.0571176326
0.0494331418
0.0494331418
0.0409097512
0.0409097512
0.0586201526
0.0586201526
0.0536191291
0.0536191291
0.0556168199
0.0556168199
0.0522787163
0.0522787163
0.0672852069
0.0672852069
0.0596864934
0.0596864934
0.0596864934
0.0865842457
0.0865842457
0.0865842457
0.0474310317
0.0474310317
0.0474310317
0.0261349095
0.0261349095
0.0261349095
0.0384399330
0.0384399330
0.0384399330
0.0327512384
0.0327512384
0.0327512384
0.0388840630
0.0388840630
0.0388840630
0.0182426167
0.0182426167
0.0182426167
0.0383692717
0.0383692717
0.0383692717
0.0219494803
0.0219494803
0.0219494803
0.0225688055
0.0225688055
0.0225688055
0.0190956788
0.0190956788
0.0190956788
0.0221050282
0.0221050282
0.0221050282
0.0278949617
0.0278949617
0.0278949617
0.0200156558
0.0200156558
0.0200156558
0.0203642596
0.0203642596
0.0203642596
0.0190623192
0.0190623192
0.0190623192
0.0208021882
0.0208021882
0.0226208201
0.0226208201
0.0262283304
0.0262283304
0.0360578570
0.0360578570
0.0447847801
0.0447847801
0.0517214847
0.0517214847
0.0568238302
0.0568238302
0.0500916492
0.0500916492
0.0506130802
0.0506130802
0.0506130802
0.0508264381
0.0508264381
0.0508264381
0.0528526334
0.0528526334
0.0528526334
0.0538109621
0.0538109621
0.0538109621
0.0549470147
0.0549470147
0.0549470147
0.0538999633
0.0538999633
0.0538999633
0.0555802863
0.0555802863
0.0555802863
0.0608866532
0.0608866532
0.0608866532
0.0650325426
0.0650325426
0.0650325426
0.0636121838
0.0636121838
0.0636121838
0.0625675066
0.0625675066
0.0625675066
0.0524213934
0.0524213934
0.0524213934
0.0534870207
0.0534870207
0.0534870207
0.0520791222
0.0520791222
0.0520791222
0.0480964395
0.0480964395
0.0480964395
0.0512956978
0.0512956978
0.0512956978
0.0590403834
0.0590403834
0.0590403834
0.0653286846
0.0653286846
0.0653286846
0.0686610078
0.0686610078
0.0686610078
0.0686988560
0.0686988560
0.0686988560
0.0803403938
0.0803403938
0.0803403938
0.0686930014
0.0686930014
0.0686930014
0.0652203418
0.0652203418
0.0652203418
0.0724893340
0.0724893340
0.0724893340
0.0789647395
0.0789647395
0.0789647395
0.0747063659
0.0747063659
0.0747063659
0.0712675275
0.0712675275
0.0712675275
0.0606702705
0.0606702705
0.0606702705
0.0516642738
0.0516642738
0.0516642738
0.0579627144
0.0579627144
0.0579627144
0.0634744077
0.0634744077
0.0634744077
0.0594123791
0.0594123791
0.0594123791
0.0610958160
0.0610958160
0.0610958160
0.0721119881
0.0721119881
0.0721119881
0.0752303245
0.0752303245
0.0752303245
0.0911611050
0.0911611050
0.0911611050
0.0847773322
0.0847773322
0.0847773322
0.0801840280
0.0801840280
0.0801840280
0.0620122427
0.0620122427
0.0620122427
0.0687445730
0.0687445730
0.0687445730
0.0743094933
0.0743094933
0.0743094933
0.0779568100
0.0779568100
0.0750802510
0.0750802510
0.0747795752
0.0747795752
0.0704234281
0.0704234281
0.0661486016
0.0661486016
0.0667479102
0.0667479102
0.0654503068
0.0654503068
0.0688229206
0.0688229206
0.0671937258
0.0671937258
0.0605069802
0.0605069802
0.0521965230
0.0521965230
0.0509100945
0.0509100945
0.0446698970
0.0446698970
0.0433719813
0.0433719813
0.0472018751
0.0472018751
0.0461605413
0.0461605413
0.0390845564
0.0390845564
0.0390845564
0.0492203074
0.0492203074
0.0492203074
0.0456009598
0.0456009598
0.0456009598
0.0467470328
0.0467470328
0.0467470328
0.0442233710
0.0442233710
0.0442233710
0.0432461437
0.0432461437
0.0432461437
0.0357766724
0.0357766724
0.0357766724
0.0429082886
0.0429082886
0.0429082886
0.0476984787
0.0476984787
0.0476984787
0.0571053465
0.0571053465
0.0571053465
0.0629926891
0.0629926891
0.0629926891
0.0713704272
0.0713704272
0.0713704272
0.0764562278
0.0764562278
0.0764562278
0.0757381065
0.0757381065
0.0757381065
0.0804150325
0.0804150325
0.0804150325
0.0857001542
0.0857001542
0.0857001542
0.0821108401
0.0821108401
0.0821108401
0.0778827027
0.0778827027
0.0778827027
0.0829681539
0.0829681539
0.0829681539
0.0833766279
0.0833766279
0.0833766279
0.0789544026
0.0789544026
0.0789544026
0.0705909784
0.0705909784
0.0705909784
0.0818407190
0.0818407190
0.0818407190
0.0958224504
0.0958224504
0.0958224504
0.1013692517
0.1013692517
0.1013692517
0.1046470620
0.1046470620
0.1046470620
0.1038636958
0.1038636958
0.1038636958
0.0971779335
0.0971779335
0.0971779335
0.0950664090
0.0950664090
0.0950664090
0.0843137126
0.0843137126
0.0843137126
0.0776253425
0.0776253425
0.0776253425
0.0679925890
0.0679925890
0.0679925890
0.0614227709
0.0614227709
0.0614227709
0.0642218250
0.0642218250
0.0642218250
0.0507610712
0.0507610712
0.0507610712
0.0497579663
0.0497579663
0.0497579663
0.0483400815
0.0483400815
0.0483400815
0.0568797625
0.0568797625
0.0568797625
0.0570808933
0.0570808933
0.0570808933
0.0689176070
0.0689176070
0.0689176070
0.0713559957
0.0713559957
0.0713559957
0.0657305043
0.0657305043
0.0657305043
0.0605411623
0.0605411623
0.0605411623
0.0717458610
0.0717458610
0.0717458610
0.0831937215
0.0831937215
0.0831937215
0.0925882583
0.0925882583
0.0925882583
0.1013457814
0.1013457814
0.1013457814
0.1045481793
0.1045481793
0.1045481793
0.1008677594
0.1008677594
0.1008677594
0.1132004718
0.1132004718
0.1132004718
0.1101938097
0.1101938097
0.1101938097
0.0978100941
0.0978100941
0.0978100941
0.0986234014
0.0986234014
0.0986234014
0.1021432818
0.1021432818
0.1021432818
0.1053869280
0.1053869280
0.1053869280
0.1046604777
0.1046604777
0.1046604777
0.0976158107
0.0976158107
0.0976158107
0.1018751221
0.1018751221
0.1018751221
0.1043900039
0.1043900039
0.1043900039
0.1268329717
0.1268329717
0.1268329717
0.1297557331
0.1297557331
0.1297557331
0.1248743851
0.1248743851
0.1248743851
0.1199779614
0.1199779614
0.1199779614
0.1119148078
0.1119148078
0.1119148078
0.1037655316
0.1037655316
0.1037655316
0.0972878214
0.0972878214
0.0972878214
0.1003890299
0.1003890299
0.1003890299
0.0993019486
0.0993019486
0.0993019486
0.0830343473
0.0830343473
0.0830343473
0.0837551172
0.0837551172
0.0837551172
0.0842656743
0.0842656743
0.0842656743
0.0749858320
0.0749858320
0.0749858320
0.0576692849
0.0576692849
0.0576692849
0.0523321535
0.0523321535
0.0523321535
0.0611036957
0.0611036957
0.0611036957
0.0699050853
0.0699050853
0.0699050853
0.0715318281
0.0715318281
0.0715318281
0.0715983114
0.0715983114
0.0715983114
0.0692930941
0.0692930941
0.0692930941
0.0731819565
0.0731819565
0.0731819565
0.0872625903
0.0872625903
0.0872625903
0.1203338539
0.1203338539
0.1203338539
0.1365391459
0.1365391459
0.1365391459
0.1414328951
0.1414328951
0.1414328951
0.1426108364
0.1426108364
0.1426108364
0.1298466338
0.1298466338
0.1298466338
0.1344826385
0.1344826385
0.1344826385
0.1325863048
0.1325863048
0.1325863048
0.1423655539
0.1423655539
0.1423655539
0.1408999899
0.1408999899
0.1408999899
0.1419563856
0.1419563856
0.1419563856
