3.410506526207194966e+00
3.407541045597141327e+00
3.410333241171917162e+00
3.405021340942388175e+00
3.470556743760288665e+00
3.473586803703676118e+00
3.472059656672459749e+00
3.468753337239910639e+00
3.488905836220304035e+00
3.499305223073275517e+00
3.516163901349783405e+00
3.514065722535990144e+00
3.530553633294043703e+00
3.479389968495919749e+00
3.492254333476950023e+00
3.352193251391881734e+00
2.257205567308987249e+00
2.279547997330693132e+00
1.972130885777059639e+00
1.995506620983508395e+00
2.012570909026885069e+00
2.038286866723519442e+00
2.055742618237259123e+00
2.065222519550856894e+00
2.067419435366494529e+00
2.067828987792428741e+00
2.052771690644048075e+00
2.038451971547689645e+00
2.020520611918922071e+00
2.009651790773566482e+00
1.991963019301480786e+00
1.975777175308015776e+00
1.953962848186676204e+00
1.916085148141338568e+00
1.850017678985576675e+00
1.753949758455621399e+00
1.635011570655634072e+00
1.588108081755366330e+00
1.473357291168014394e+00
1.355265316795755348e+00
1.228135760472847782e+00
1.153123568918652531e+00
1.060244274018559585e+00
1.059843520614523804e+00
1.609991333665031998e+00
1.686949338940955556e+00
1.625440940534474965e+00
1.547822836219336917e+00
1.494838568029395409e+00
1.432618879964679737e+00
1.373083610780155395e+00
1.311286030320894191e+00
1.252535551060014019e+00
1.072137711036153185e+00
9.705958313079657840e-01
1.046192072349016122e+00
9.926401803362423504e-01
9.097955558149533051e-01
8.223955361928309005e-01
7.299424344892716521e-01
6.700538799561532866e-01
6.744430212115561929e-01
6.585165187291536215e-01
6.362503939249989360e-01
6.083047048630260134e-01
6.192041573881927885e-01
6.084764617779557794e-01
6.083723545561655621e-01
5.945637764133452352e-01
5.788586846766584637e-01
6.047084429421344387e-01
6.249264069082061113e-01
6.351437124066825479e-01
6.489159402568218660e-01
6.549996844269827534e-01
6.594287985030957699e-01
6.494509369943299859e-01
6.288513473584625979e-01
6.080145272298360659e-01
6.127802941570734685e-01
5.895217549987376016e-01
7.838041403560090936e-01
1.108006691851086689e+00
2.475371171255205116e+00
2.560189859743618790e+00
2.539555482198412761e+00
2.490696560912641466e+00
2.437721216374535871e+00
2.407772539564439818e+00
2.388850270830321865e+00
2.359183979162499334e+00
2.354513158928904559e+00
2.333005668205081928e+00
2.334682737976788047e+00
2.321712280808285733e+00
2.288018887814461166e+00
2.288820064904667273e+00
2.242891985007386957e+00
2.212059858614938701e+00
2.169646585894589030e+00
2.193458587954268513e+00
1.917309962715131766e+00
1.726533378873023050e+00
1.649296132461187003e+00
1.572338213781257155e+00
1.524908639144624711e+00
1.469655353285675758e+00
1.454279031341924044e+00
1.465610602490071024e+00
1.509889417702654724e+00
1.589099875254805339e+00
1.690571222025957443e+00
1.800147066584096622e+00
1.913074044611512869e+00
2.018294581392787723e+00
2.098716294882688516e+00
2.168713426767148178e+00
2.177077818863236924e+00
2.142499265432999511e+00
2.078390550195339248e+00
2.023259889607612383e+00
1.949512124301848059e+00
1.891020061225580529e+00
1.880006299230293276e+00
1.861652725503502470e+00
1.866252761555698081e+00
1.851315271650759486e+00
1.825251748899140436e+00
1.829038895856555547e+00
1.860659388904771561e+00
3.962136494746570037e+00
3.936106999142251262e+00
4.028571213907998327e+00
4.030095999624276892e+00
4.000225158019829585e+00
3.971330386698726844e+00
3.945887224694466511e+00
3.906800631689962167e+00
3.879751220867815764e+00
3.880869263248047041e+00
3.873760963030562721e+00
3.858284445216288105e+00
3.839112474014368726e+00
3.837433464525725313e+00
3.842053908080632851e+00
3.864846859979826466e+00
3.888313779182350771e+00
3.905029348779386567e+00
3.911563185643132545e+00
3.913212881585444780e+00
3.916195928670435755e+00
3.920443734834195393e+00
3.922234005900256726e+00
3.952848919806228434e+00
3.989196022550902221e+00
4.016612765069266011e+00
4.033089680095271135e+00
4.061288972479940362e+00
4.095466703262946595e+00
4.117361354301802834e+00
4.152403665828263257e+00
4.190616042815760167e+00
4.257818251698128442e+00
4.345111384117301689e+00
4.361033064301270912e+00
4.380906177074211705e+00
4.372446983461504288e+00
4.362054899174983902e+00
4.349691686921915768e+00
4.328896601362328234e+00
4.309486099205545706e+00
4.269247401749453275e+00
4.249947312998925142e+00
4.229949652438286911e+00
4.245191738339168630e+00
4.269014600351171751e+00
4.284651338937447207e+00
4.307478930676292173e+00
4.342765879030612730e+00
4.430076347339721998e+00
4.495628778930726988e+00
4.582056712871752424e+00
4.619938432889290958e+00
4.539533191964030934e+00
4.534958078334677900e+00
4.175356605122387599e+00
4.163398669593685320e+00
4.178985839773481814e+00
4.185328739176970458e+00
4.206993038130129037e+00
4.226828688863039751e+00
4.237159643280436150e+00
4.256761424206036537e+00
4.270145623451259809e+00
4.297850005887688063e+00
4.319119043763991250e+00
4.334643964795011684e+00
4.363996415915059046e+00
4.397721153962134366e+00
4.433805346366497702e+00
4.462451215998836318e+00
4.443827324305420490e+00
4.600694062697287201e+00
4.730180805803793298e+00
4.660366133037258329e+00
4.696190097256951468e+00
4.707170733799316942e+00
4.716568899664636660e+00
4.806280566254232944e+00
4.849977308973562273e+00
4.893274553596474341e+00
4.918350213934885140e+00
4.982670942063633923e+00
5.045641153415905578e+00
5.131063811823476151e+00
5.177719953340723436e+00
5.217508190714178262e+00
5.226398400939534561e+00
5.232487365140475077e+00
5.225994920688516565e+00
5.107074201092987487e+00
5.088421616055245345e+00
5.068425606856768795e+00
5.054157565664000096e+00
5.012382234489722421e+00
4.868435573589607657e+00
4.832855636287444412e+00
4.835381703823274258e+00
4.880922477599452414e+00
4.909307191101142998e+00
4.940554412493053604e+00
4.944225094209144800e+00
4.932556429806735920e+00
4.925874268814155243e+00
4.914652769437441115e+00
4.917653794623107366e+00
4.929367210825468248e+00
4.921684788401307742e+00
4.887542331977523524e+00
4.874092154750981010e+00
4.868929840508600115e+00
4.890955448389598281e+00
4.911390417785355567e+00
4.918146801612614638e+00
4.909139051576367763e+00
4.895056658923698123e+00
4.863583580194866585e+00
4.866004261661379005e+00
4.897436188457913175e+00
4.901502304392478138e+00
4.894700014155231038e+00
4.891652793546259481e+00
4.895876324754722120e+00
4.871956391611362847e+00
4.833749729367344372e+00
4.862597348555742549e+00
4.931496377805085096e+00
5.007017822040122468e+00
5.032465869670139647e+00
5.090279257480339048e+00
5.067150622736924959e+00
5.008611614045696214e+00
4.994694704526519757e+00
4.988924112658073007e+00
4.963169727161190536e+00
4.945981385499431227e+00
4.922459452365451682e+00
4.904634920692718225e+00
4.885185437948217135e+00
4.878311705453649338e+00
4.874651809284648252e+00
4.858459511286815413e+00
4.854756004178491402e+00
4.876260253791422805e+00
5.256556187468457431e+00
5.898431910103266951e+00
5.924484596099818923e+00
5.925878782068884298e+00
5.912817355967017185e+00
5.920359252191176758e+00
5.922752915981220667e+00
5.926905341646571124e+00
5.941090821975182124e+00
5.946510574344568312e+00
5.942971535455168208e+00
5.936604320130263623e+00
5.931324732775069997e+00
5.927320675420920004e+00
6.085370037425951395e+00
6.135529634444814029e+00
6.135602464737674566e+00
6.168804065448922458e+00
6.179838799245535697e+00
6.176058215213767966e+00
6.202515596148515442e+00
6.196679928825751915e+00
6.197730510618226774e+00
6.214641010896709616e+00
6.222616513769822610e+00
6.242727681413747121e+00
6.255314927957105198e+00
6.263299249043171812e+00
6.280923686831282104e+00
6.310199665393374957e+00
6.350105245995756320e+00
6.375108454594446528e+00
6.390613406488376391e+00
6.397192641516118883e+00
6.394831217508437859e+00
6.404021756091046846e+00
6.733541427618314756e+00
6.738354542930756530e+00
6.742337217078082645e+00
5.967187310848838244e+00
5.971760363931086779e+00
5.944933241890363540e+00
5.948825085742059926e+00
5.948239851243370069e+00
5.943291053800988877e+00
5.928643246064431160e+00
5.919071913549069031e+00
5.891083030447140878e+00
5.846414705267802603e+00
5.823256822785923603e+00
5.812630618357232493e+00
5.797576679285850076e+00
5.786856284747540435e+00
5.795992203845917068e+00
5.838679673149486327e+00
5.879534553519363271e+00
6.026999009977949129e+00
6.078601504165357383e+00
6.106599644082097100e+00
6.113840858013036339e+00
6.146041877073489701e+00
6.178349332576331676e+00
6.228624821212475737e+00
6.272342639500878114e+00
6.301964972819351196e+00
6.320339456112217036e+00
6.341329810629634522e+00
6.351287573201347847e+00
6.354751368528765099e+00
6.363536472508262598e+00
6.369792786449028021e+00
6.381149348340481531e+00
6.393813682748603178e+00
6.410782220644937190e+00
6.421390216816319274e+00
6.431327182678274745e+00
6.429579322039193912e+00
6.461546259323551311e+00
6.470058865120597247e+00
6.466938639236822439e+00
6.510771679135812562e+00
6.549441590453195516e+00
6.558327018015095433e+00
6.553979542779408085e+00
6.563102923244734654e+00
6.551563049014943907e+00
6.539116933661365927e+00
6.525811050232435129e+00
6.498808179000532981e+00
6.494501467743116763e+00
6.495457656692444459e+00
6.503029419042278825e+00
6.514046878925586093e+00
6.533144495824667608e+00
6.543032089211150648e+00
6.559741038008535696e+00
6.587583000562153401e+00
6.608589892035294788e+00
6.633841738596098381e+00
6.640554931799576899e+00
6.637819986617334855e+00
6.640657122628286224e+00
6.636208715909737599e+00
6.636329238795704022e+00
6.630395885160144331e+00
6.621375778809494683e+00
6.613601706059150764e+00
6.604363644665887989e+00
6.595845153305315733e+00
6.582058692459273885e+00
6.584483920764111708e+00
6.589988667396812438e+00
6.599771258177730360e+00
6.609188528009886099e+00
6.625967599935237651e+00
6.650451279184335540e+00
6.667296781901428382e+00
6.676465857295060147e+00
6.675639677360066138e+00
6.664053615963065447e+00
6.654973627022702232e+00
6.647579982350605654e+00
6.699028282127385658e+00
6.687166505093165902e+00
6.568820289102907495e+00
6.478935620750177371e+00
6.593353766470636756e+00
6.616090980333521721e+00
6.592001381513200364e+00
6.519569185857698734e+00
6.421175897383199604e+00
6.395377945215114046e+00
6.383659836208726013e+00
6.376969442661036602e+00
6.361862234925447446e+00
6.340907100923863560e+00
6.296396689307232286e+00
6.255861093380120863e+00
6.222338022206382213e+00
6.171399412102164028e+00
6.144334397404456638e+00
6.205422739488700934e+00
5.947087744848522206e+00
5.820136021740456300e+00
5.732758656809568976e+00
5.691957089354413135e+00
5.705098083934571740e+00
5.939561849590583087e+00
5.924933792998150928e+00
5.925246198874191350e+00
5.903471791104350608e+00
5.870915217445485723e+00
5.852385015938691204e+00
5.840209661689672593e+00
5.801435744450853527e+00
5.796362689269169088e+00
5.792189346967762553e+00
5.772463025955075544e+00
5.764541969104064911e+00
5.750973936782243001e+00
5.742585098796304521e+00
5.707081934745672491e+00
5.688069193859241146e+00
5.683973728383080015e+00
5.680854542346589042e+00
5.656204365129852363e+00
5.643420708461105662e+00
5.644619586485447371e+00
5.643159304114306885e+00
5.637601684042508943e+00
5.581795822135755536e+00
5.555753300500593461e+00
5.564194586616339144e+00
5.538085198975226220e+00
5.505714122063812610e+00
5.494604176656215699e+00
5.476390418307206076e+00
5.335365534844306978e+00
5.296447674761911806e+00
5.144283242616454643e+00
4.995164618414632329e+00
4.881903578861497728e+00
4.856279709632925545e+00
4.870199395772333517e+00
4.850575695253620090e+00
4.887516823455719361e+00
4.915800028061116045e+00
4.948165023651056593e+00
4.952375759932083454e+00
4.975155686976077796e+00
5.037508789915844609e+00
5.006120649968925918e+00
5.086989816003805842e+00
5.102700640243142516e+00
5.091526482295173572e+00
5.055135221015723879e+00
5.055945926750420760e+00
5.059389502497880109e+00
5.036981300881492984e+00
5.029763074894534114e+00
5.028818586382779898e+00
5.028339033136731473e+00
5.031712566170931211e+00
5.037457281654083019e+00
5.043247023678228302e+00
5.045895293985762642e+00
5.053960403764208742e+00
5.059928707084607069e+00
5.063968013592751838e+00
5.060945250509019111e+00
5.060192571329052313e+00
5.071192309464476189e+00
5.113224339359875970e+00
5.036980705255836632e+00
5.019859431497155633e+00
5.033941921211781967e+00
5.090850483526225823e+00
5.241230126175365100e+00
6.426553378829758856e+00
6.778066070823672185e+00
6.776128491183333047e+00
6.766139781956335142e+00
6.762813533373174479e+00
6.769028525076703495e+00
6.770733589643300299e+00
6.769727158755161511e+00
6.770042551112500639e+00
6.764240846363433590e+00
6.756530428865661797e+00
6.753174026870610192e+00
