2.3763841739
2.3150517901
2.2635112570
2.1936446136
2.1874286362
2.1657550867
2.1446253851
2.1313235780
2.1015991408
2.0698185093
2.0719797189
2.0863362588
2.1040008756
2.1163274619
2.1072450409
2.0883120464
2.0555272470
2.0297164080
2.0083006768
1.9746605987
1.9422366563
1.9111765459
1.8787286648
1.8669406544
1.8211856991
1.7735175816
1.6972844209
1.6621065082
1.6340559026
1.6263543051
1.6209714857
1.5976856292
1.5485809687
1.5175649298
1.4706245975
1.4352974451
1.4020327762
1.3745623786
1.3389907610
1.2740163832
1.2203479491
1.1611237094
1.1384821469
1.0519041738
0.9572766381
0.8990276869
0.8231343027
0.8051820099
0.7693803367
0.7038011789
0.6694547056
0.6191415520
0.5413416973
0.4666377636
0.4385409641
0.4017196762
0.3670494187
0.3295133570
0.3155819923
0.2910789999
0.2587320799
0.2409532609
0.2265522269
0.2381410233
0.2676689938
0.3034033309
0.3210359631
0.3642900142
0.4050141208
0.4255334149
0.4549122648
0.4750890603
0.5050267649
0.5251940393
0.5498905400
0.5710216157
0.5913643646
0.6135223982
0.6374076965
0.6537047856
0.6704514708
0.6975126700
0.7244160320
0.7469798543
0.7623241900
0.7870502033
0.8219395428
0.8521628555
0.8799420102
0.8964336382
0.9188424402
0.9360725955
0.9821605394
1.0216932536
1.0540037081
1.1276888042
1.2061271788
1.2656376354
1.3399416468
1.3956533094
1.4384255830
1.4958675876
1.5477061978
1.5886087709
1.6272933111
1.6633704915
1.6966725173
1.7300843417
1.7695650960
1.7964431026
1.8297776279
1.8469885358
1.8700036218
1.8839299037
1.8941666103
1.9066661502
1.9221225926
1.9257795765
1.9157044052
1.9118729145
1.8959771922
1.8828368660
1.8696488048
1.8575090405
1.8401404883
1.8315656181
1.8282686304
1.8135052810
1.7901509833
1.7749891206
1.7638643701
1.7506420395
1.7377053934
1.7214421893
1.7004656122
1.6615608598
1.6207441728
1.5915473429
1.5569864022
1.5073942220
1.4772125842
1.4614474506
1.4524988994
1.4263763445
1.4093518056
1.4003819876
1.4216031348
1.4408090044
1.4614978531
1.4748273743
1.4804998689
1.4811071670
1.4811170300
1.4828219792
1.4904115151
1.5096045500
1.5224777735
1.5480329796
1.5611328899
1.5823673839
1.5992235084
1.6157777419
1.6261426631
1.6237990555
1.6112030527
1.5984312891
1.5831066950
1.5829492758
1.5724431994
1.5638684412
1.5539224226
1.5522547338
1.5534822135
1.5505283046
1.5621762906
1.5767936140
1.5955661940
1.6164041707
1.6258080667
1.6263198697
1.6354778590
1.6516897609
1.6683008930
1.6927859686
1.7173087500
1.7412655598
1.7683648143
1.7974080461
1.8041106091
1.8268455616
1.8241834857
1.8298858441
1.8240952027
1.8202892732
1.8193065082
1.8145354613
1.8135782760
1.8090077611
1.8073727395
1.8064275138
1.8053855142
1.8011851767
1.7937335856
1.7948743689
1.7943366240
1.7940544780
1.7940703144
1.7926587579
1.7889150040
1.7864912534
1.7821189089
1.7789540837
1.7781080789
1.7738394931
1.7712454645
1.7694937200
1.7670838445
1.7690416998
1.7683334986
1.7691302934
1.7673319356
1.7691178189
1.7639946674
1.7627121157
1.7627995804
1.7630586970
1.7610721159
1.7588907272
1.7493715946
1.7561976405
1.7542380496
1.7521725115
1.7517451136
1.7490185481
1.7478924042
1.7487823145
1.7481748126
1.7474334949
1.7433923285
1.7370676720
1.7350969295
1.7370624605
1.7377001916
1.7369868551
1.7376113612
1.7389151506
1.7349424712
1.7366603722
1.7362976620
1.7337516163
1.7345297107
1.7359207661
1.7386737422
1.7411843100
1.7450347148
1.7462856679
1.7468063589
1.7441128335
1.7420969085
1.7390008954
1.7378130768
1.7358222823
1.7323918171
1.7285885564
1.7272089377
1.7258693917
1.7259719464
1.7246248909
1.7268377988
1.7273893164
1.7297667225
1.7296310539
1.7262263411
1.7241356625
1.7233340296
1.7250881587
1.7277021102
1.7279996102
1.7269079774
1.7252596162
1.7242365822
1.7236088819
1.7243585439
1.7229637517
1.7270108452
1.7254821166
1.7251484393
1.7201608984
1.7156493122
1.7231610606
1.7366336663
1.7626041976
1.8013918743
1.8363529882
1.8636681494
1.8889127742
1.9116538950
1.9215736688
1.9205623834
1.9230301258
1.9287942205
1.9315845592
1.9321413952
1.9316434732
1.9342705729
1.9412625635
1.9463888787
1.9501574279
1.9485310023
1.9440218369
1.9419370163
1.9453907333
1.9415703877
1.9361003547
1.9421119813
1.9466862628
1.9459015675
1.9457770433
1.9493038252
1.9525399003
1.9567619012
1.9580249605
1.9578298740
1.9584364358
1.9585298886
1.9548875904
1.9554782365
1.9532168794
1.9522362525
1.9507323644
1.9512967998
1.9519598303
1.9522092744
1.9519501572
1.9500582480
1.9496834430
1.9481827828
1.9478270322
1.9532345845
1.9554941705
1.9519415136
1.9500756969
1.9525254113
1.9540971364
1.9575878111
1.9604712212
1.9597789907
1.9627032199
1.9665374246
1.9665803281
1.9709333392
1.9751401985
1.9779916257
1.9780348361
1.9817193809
1.9850067012
1.9823779748
1.9790440847
1.9797200708
1.9840210041
1.9841651960
1.9846600170
1.9865829917
1.9864076113
1.9858604734
1.9862543168
1.9855100861
1.9898531420
1.9950350930
1.9990126294
2.0035570856
2.0053799236
2.0060573367
2.0081587837
2.0047936201
2.0036259816
2.0078972061
2.0095631034
2.0071689640
2.0040601136
2.0072291610
2.0211130196
2.0226154238
2.0258854981
2.0390758014
2.0411941373
2.0399337814
2.0428612819
2.0419657723
2.0410356285
2.0445656997
2.0438781944
2.0462849436
2.0467977993
2.0449894955
2.0444852911
2.0431990858
2.0397505951
2.0376141756
2.0389930212
2.0352043538
2.0320659967
2.0324173118
2.0303276219
2.0288832866
2.0303751987
2.0295188475
2.0278741963
2.0316986828
2.0355043166
2.0338625515
2.0293804642
2.0291091219
2.0297846791
2.0319349174
2.0309446417
2.0291212403
2.0341047638
2.0395341894
2.0422901224
2.0445068038
2.0422123844
2.0376868526
2.0353655474
2.0346708897
2.0320145362
2.0341501453
2.0370874533
2.0409199984
2.0386035404
2.0274956513
2.0093671584
2.0335061996
2.0347503018
2.0580246195
2.0306256472
2.0121831031
2.0082790321
1.9978048566
1.9792030137
1.9562883693
1.9236301747
1.9147675278
1.8984451480
1.9024903440
1.9118028275
1.9220466870
1.9279945791
1.9354914658
1.9459903528
1.9622279625
1.9514721724
1.9634450201
1.9419983438
1.9409905575
1.9153589826
1.9049320430
1.8865687811
1.8695067398
1.8445277369
1.8219991722
1.8133296991
1.8038874956
1.7960617501
1.7629355982
1.7413784057
1.7405124602
1.7538370746
1.7565063781
1.7522421012
1.7444126408
1.7391806866
1.7421640495
1.7413207855
1.7373048957
1.7293352263
1.7348708818
1.7235376880
1.7018192236
1.7216939806
1.7277495985
1.7429770421
1.7999070830
1.8465015332
1.8806020589
1.9633380764
2.0023539101
2.0812676355
2.1587371440
2.2167060836
2.2920300343
2.3523491384
2.4347429196
2.4996324619
2.5539362754
2.6682125575
2.7072110035
2.7402628266
2.7528789696
2.7471358733
2.7340923817
2.6910327685
2.6683004808
2.6312439096
2.5985689484
2.4827216210
2.4481936340
2.3853313968
2.3619347116
2.2174196283
2.1660903577
2.1253940820
2.0130036118
1.9808261793
1.9500751005
1.9366050794
1.8938671717
1.8702434300
1.8511365094
1.8656897109
1.8514366419
1.8365378659
1.8567197421
1.8563688359
1.8374606736
1.8512060145
1.8247776886
1.8423952884
1.8273402628
1.8586595345
1.8891408919
1.9174946596
1.9353330741
1.9274286671
1.9169558962
1.9239901207
1.9564835401
1.9702848901
1.9754169617
1.9790986669
1.9729481632
1.9772880233
1.9764670168
1.9754638799
1.9629970378
1.9586732655
1.9466640134
1.9572644584
1.9623287136
1.9552362977
1.9800016428
1.9810857599
1.9825432475
1.9865570945
1.9917444146
1.9965611515
1.9969912261
1.9924786024
1.9900417978
1.9943367805
1.9903742388
1.9719270406
1.9611738249
1.9583494352
1.9699716654
1.9773300862
1.9961364699
2.0082568627
2.0264789356
2.0613462546
2.0721927905
2.1176921396
2.1383799893
2.1632786503
2.1825867251
2.2333084616
2.2650629904
2.2666922317
2.2636156497
2.2785124267
2.2457690053
2.2262887943
2.2371644666
2.2212675649
2.1950830821
2.1911779761
2.1849975279
2.2067398608
2.2388553707
2.2524583299
2.2739565624
2.3113059721
2.3350968767
2.3886209512
2.4309457440
2.4723637387
2.5338520922
2.5517439870
2.5800595366
2.6013345610
2.6226179734
2.6310835665
2.6351603797
2.6040304146
2.6061272863
2.5852532769
2.5613170350
2.5479580717
2.5005159602
2.4947997980
2.5008693291
2.4921360772
2.4896316886
2.4891097978
2.4984721071
2.5070026075
2.5126146849
2.5212369568
2.5286718534
2.5352402526
2.5363365684
2.5386411065
2.5225849164
2.5182999288
2.5140545645
2.5076998776
2.5084649609
2.4996212857
2.4868289736
2.4854991166
2.4804245690
2.4753110678
2.4750607649
2.4761597911
2.4747003947
2.4588786294
2.4450075146
2.4278441043
2.4242779333
2.4204563331
2.4106865522
2.3972234278
2.4041785166
2.3902288727
2.3902760717
2.3749416322
2.3695609281
2.3494218581
2.3454038655
2.3285312328
2.3180114635
2.3038685729
2.2734455160
2.2616820496
2.2584212240
2.2579545654
2.2637346716
2.2699865885
2.2803052225
2.2817479026
2.2809654594
2.2668121818
2.2596896406
2.2606604585
2.2191036717
2.2082414971
2.1572423227
2.1294022497
2.0415005656
1.9597560620
1.9194645720
1.8834588219
1.8615187606
1.8539543267
1.8455224051
1.8431853633
1.8531512213
1.8867189966
1.9337546532
1.9801378928
2.0108639088
2.0062574096
1.9829620800
1.9448079658
1.9291660486
1.9242200111
1.8828341429
1.8377587322
1.8004920832
1.7441160254
1.7270009990
1.7249719457
1.7222516803
1.7309113324
1.7237160433
1.7286547323
1.7566681982
1.7739891405
1.7898100798
1.8019277851
1.8167667460
1.8159729530
1.8085052508
1.8090452211
1.7977828632
1.7587601497
1.7446105270
1.7156958172
1.7102803157
1.6803431088
1.6579561307
1.6437941955
1.6351377964
1.6463181467
1.6637260000
1.7056542466
1.7570801444
1.8089903439
1.8589622655
1.8930945784
1.9480851111
1.9781794503
2.0125068115
2.0302327060
2.0345522917
2.0175261133
1.9966177460
1.9742050475
1.9462195679
1.9269651970
1.9014847583
1.8789406551
1.8390756756
1.8195280466
1.7910031157
1.7636444299
1.7317089547
1.7020543005
1.6628279241
1.6319267899
1.6079169036
1.5944322336
1.5884201001
1.5641265990
1.5625425838
1.5661371608
1.5773230940
1.6000114804
1.6159232746
1.6228554668
1.6343536936
1.6624092445
1.6858635090
1.7059143875
1.7239426630
1.7447828365
1.7502931348
1.7678359445
1.7791005474
1.7775108197
1.7747569197
1.7879941490
1.7984738479
1.7845607871
1.7728596144
1.7405232062
1.7088238586
1.7210043006
1.7421460573
1.7538041156
1.7611104554
1.7715063961
1.7484727128
1.7236957627
1.6697751504
1.6877526204
1.7085363532
1.7328429972
1.7379384743
1.7593595042
1.7652005050
1.7700893362
1.7696353337
1.7837544848
1.7891829974
1.7790723894
1.7810275819
1.7809272188
1.7914420903
1.8116211472
1.8323741316
1.8434155300
1.8502409855
1.8427655738
1.8505771277
1.8625152620
1.8818182445
1.8865214847
1.8702747544
1.8601622142
1.8340598506
1.8096078522
1.7779608355
1.7617841406
1.7578144701
1.7456595616
1.7422694437
1.7301036082
1.7258826148
1.6961933495
1.6840196270
1.6454266109
1.6309412759
1.6127002542
1.5819675174
1.5959988391
1.5805439786
1.5765105798
1.5760662862
1.5929125418
1.5895415244
1.5846036850
1.5927169274
1.5883554505
1.5924879569
1.6045138231
1.6157552973
1.6192770620
1.6278865547
1.6269577037
1.6197952588
1.6106711071
1.6014012877
1.6011800747
1.6052031425
1.5961780580
1.6017122303
1.6163536792
1.6309041354
1.6367167959
1.6308825125
1.6285523707
1.6205176413
1.6219225033
1.6156337295
1.6135505226
1.6098755286
1.6113558160
1.6189090434
1.6183528603
1.6058693790
1.5880469010
1.5800641409
1.5587328879
1.5453274668
1.5344553972
1.5405443221
1.5386878322
1.5270190607
1.5248506522
1.5244319348
1.5121625207
1.4955061488
1.4771459816
1.4869787477
1.4821562261
1.4674639788
1.4684511059
1.4708008467
1.4677515920
1.4653068974
1.4676064665
1.4588281451
1.4588240457
1.4575502126
1.4503920475
1.4457253687
1.4404679988
1.4342176417
1.4297808440
1.4342893775
1.4466416459
1.4401210113
1.4429212678
1.4418246571
1.4311340358
1.4236906019
1.4182218410
1.4152440601
1.4205001982
1.4300582630
1.4298390420
1.4357308586
1.4396365720
1.4408456601
1.4341638554
1.4235837403
1.4195113851
1.4126144565
1.4074132409
1.3933165210
1.3878949546
1.3893074984
1.4053129063
1.4316418613
1.4229728472
1.4102893057
1.4237313083
1.4203340682
1.3767039407
1.3226905352
1.2944428038
1.2675822620
1.2450312647
1.2189325907
1.2204525066
1.2286677711
1.2318044249
1.2406157621
1.2335876473
1.2575479508
1.2630979894
1.2666674720
1.2733720337
1.2732870990
1.2741211562
1.2657166809
1.2577725285
1.2393137700
1.2204450291
1.2218992669
1.2283814673
1.2270368127
1.2157236221
1.2104033185
1.2080829797
1.2049889643
1.2066584682
1.2018502601
1.1955292818
1.1756996161
1.1455332305
1.1327282494
1.1031638993
1.0944094829
1.1227901310
1.1835685704
1.2346008971
1.2522002397
1.2499738744
1.2337798650
1.2223273020
1.2068207846
1.1987469600
1.1812485916
1.1865073077
1.1895136090
1.1923382221
1.1852853349
1.1973415384
1.1888960630
1.1862960044
1.1584285452
1.1546619554
1.1397938220
1.1343528440
1.1133649848
1.0925344040
1.0788385311
1.0708436807
1.0659546622
1.0540904008
1.0338026447
1.0175124564
0.9968471882
0.9865609163
0.9805597461
0.9666593373
0.9539885587
0.9324588183
0.8997810189
0.8748958141
0.8425171018
0.8131495918
0.7918998130
0.7730043342
0.7529715931
0.7246707744
0.6902185800
0.6636533570
0.6357011958
0.5979452811
0.5704656607
0.5480956100
0.5348389657
0.5048946052
0.5035214051
0.5172164731
0.5422780851
0.5486696839
0.5431874022
0.5418228547
0.5498792245
0.5507240994
0.5665646528
0.5762681319
0.5918575105
0.6049855031
0.6319746569
0.6531225230
0.6688281135
0.7056724379
0.7449822378
0.7504487417
0.7471985169
0.7389030754
0.7221385923
0.7359799663
0.7368395199
0.7682282910
0.8071238308
0.8258167868
0.8421035592
0.8797182745
0.8997879010
0.9376426981
0.9500532326
0.9920034393
1.0055717572
1.0425988646
1.0485133912
1.0697333891
1.1255868457
1.1629368668
1.1708478495
1.1832688315
1.1912225137
1.2101541823
1.2179091667
1.2190107174
1.2450607894
1.2528673134
1.2453070952
1.2551101512
1.2693038635
1.2635063852
1.2735738126
1.2997986578
1.3193878689
1.3305096788
1.3562807727
1.3881765272
1.3935241135
1.4046147579
1.4186224439
1.4113442282
1.4200226973
1.4270246106
1.4322617446
1.4445536309
1.4500233282
1.4626576616
1.4624980903
1.4527226860
1.4849281830
1.4778031014
1.4845187906
1.4935701382
1.4961676333
1.5046486486
1.5013975270
1.5015184258
1.5135012257
1.5156836123
1.5338031616
1.5360071750
1.5433631136
1.5453310667
1.5393041101
1.5294689461
1.5206858198
1.5155596953
1.5059119076
1.4932045643
1.4960816881
1.4945804236
1.5088805334
1.5217639379
1.5415470820
1.5561961440
1.5805332820
1.5788589172
1.5911015386
1.6275844095
1.6339758671
1.6677887025
1.6715829080
1.6746681857
1.6960044317
1.6939357569
1.6908642593
1.6865116557
1.6714642111
1.6782984657
1.6705427203
1.6494924297
1.6282285667
1.6239269009
1.6575512022
1.6938298527
1.7042760291
1.7195898929
1.7269876007
1.7105165515
1.6918567226
1.6854359963
1.6756695603
1.6667636782
1.6533862450
1.6507899157
1.6465161032
1.6585763300
1.6738208277
1.6651857176
1.6806699036
1.6787858153
1.6831666045
1.6800969426
1.6605360814
1.6507677302
1.6418150220
1.6272418325
1.6248462746
1.6038731215
1.6009031667
1.5944916768
1.5891482931
1.5870796377
1.5835815888
1.5514329484
1.5406169211
1.5368838687
1.5315833865
1.5323444607
1.5375487291
1.5346884192
1.5410910738
1.5425056696
1.5483282857
1.5528062446
1.5512019178
1.5512352481
1.5314713192
1.5456344739
1.5639983405
1.5826364755
1.5830485357
1.5841008335
1.5816127027
1.5566327235
1.5525907601
1.5612821199
1.5443984037
1.5413772986
1.5264302250
1.5038953236
1.5063384712
1.5116082149
1.5141377768
1.5056233581
1.4831883236
1.4582470901
1.4552615315
1.4223030354
1.4154132125
1.4188271396
1.4526809377
1.4638482872
1.4551994906
1.4356673934
1.4134732725
1.3940336142
1.3815555383
1.3766655610
1.3717301532
1.3588148351
1.3509029365
1.3437857176
1.3393503735
1.3524535340
1.3706752156
1.3832048522
1.4061981666
1.4133871033
1.4540027189
1.4860965560
1.4976561818
1.4924910441
1.4746280810
1.4707437935
1.4558009854
1.4591999666
1.4586449477
1.4783200168
1.4931523503
1.5134111222
1.5342675963
1.5333866098
1.5259019353
1.5374944399
1.5331355934
1.5259780138
1.5117060465
1.5066086021
1.5075333092
1.4997147749
1.4919837764
1.4840644927
1.4957821545
1.4965935446
1.5091659055
1.5154068845
1.5329874234
1.5324437024
1.5447736600
1.5612221549
1.5722606645
1.5765851872
1.5817671388
1.5973557082
1.6591320715
1.7518622958
1.7979956131
1.8395072764
1.8578017216
1.8639093564
1.9020459517
1.8931276347
1.8916136403
1.8952074889
1.8983945776
1.8863534923
1.8952422571
1.9096780338
1.9152095015
1.9271757155
1.9376183854
1.9443441034
1.9582743556
1.9727188079
1.9733437403
1.9906746841
1.9847382726
1.9896177831
2.0013860784
1.9957574151
2.0214922719
2.0055300054
2.0220030261
2.0083822555
2.0230921491
2.0209908868
2.0237370215
2.0266421060
2.0341215587
2.0471612264
2.0637657600
2.0782755796
2.1070538401
2.1085900846
2.1107171797
2.1180735576
2.1152688589
2.1324436591
2.1483108002
2.1515401394
2.1018225406
2.0592038640
2.0293051585
2.0319453061
2.0300278074
2.0141368231
2.0002536512
2.0053580706
2.0068787109
2.0101874887
2.0140083349
2.0183243190
2.0224515765
2.0192735009
2.0182679903
2.0115281005
2.0140330167
2.0023060433
1.9981240790
1.9961363788
2.0020510618
2.0127098392
2.0247314611
2.0278762905
2.0236621972
2.0131651111
2.0045725125
2.0003991868
1.9968917100
1.9940771267
1.9953843309
2.0024571439
2.0131934451
2.0211526105
2.0363072276
2.0454431304
2.0501501693
2.0541514911
2.0522205818
2.0448381647
2.0368143452
2.0323246186
2.0208967231
