0.0221727386
0.0227227977
0.0227119061
0.0227561220
0.0226087161
0.0224801117
0.0227557489
0.0232599965
0.0237336097
0.0240077934
0.0233873769
0.0238879122
0.0250084614
0.0259843018
0.0249677352
0.0225601782
0.0231201435
0.0248779399
0.0246035845
0.0218851339
0.0256629945
0.0272332919
0.0247245472
0.0250965834
0.0296290839
0.0310384675
0.0275226820
0.0247284740
0.0340149355
0.0310976265
0.0301189961
0.0278349058
0.0247807451
0.0212578256
0.0217709610
0.0222039197
0.0205905929
0.0181914178
0.0185471620
0.0194534765
0.0170098377
0.0139954876
0.0127378903
0.0130781584
0.0127078435
0.0115891701
0.0092247324
1.0410112936
1.0391783138
1.0407755424
1.0402207093
1.0414152481
1.0409974512
1.0433695738
1.0439441680
1.0459254436
1.0418111382
1.0423132509
1.0398060908
1.0371207512
1.0381725913
1.0350075211
1.0310763448
1.0290740614
1.0279192016
1.0255485598
1.0236148209
1.0264928040
1.0213032565
1.0174278051
1.0144880093
1.0164865967
1.0135144395
1.0103348103
1.0085752505
1.0083025185
1.0034081303
0.9926103768
1.0042046934
0.9943320434
0.9960284599
0.9920177353
0.9919712575
0.9953591253
1.0023974138
1.0033787556
1.0020661048
1.0011852817
0.9984972508
0.9979909581
0.9952940633
0.9925900395
0.9925795317
0.9947657245
1.0008542753
0.9980721322
1.0011423580
1.0023180158
1.0018862225
1.0269907746
1.0297725801
1.0296846518
1.0233243824
1.0220876586
1.0192550172
1.0175963435
1.0170259035
1.0113443282
1.0090236218
1.0118880760
1.0125066864
1.0117510866
1.0089766127
1.0135496029
1.0126578255
1.0175334556
1.0149801894
1.0157204264
1.0169780258
1.0192632820
1.0152748458
1.0131236441
1.0102583029
1.0060200473
1.0027199150
1.0112202896
1.0109724667
1.0099847942
1.0084039359
1.0070483730
1.0074662148
1.0067098801
1.0081695283
1.0090657246
1.0076021341
1.0095369526
1.0147310143
1.0146051232
1.0141232679
1.0135864153
1.0121362515
1.0095210949
1.0096052501
1.0095741972
1.0100897398
1.0096992003
1.0100716367
1.0113619292
1.0116468816
1.0120305000
1.0118135291
1.0116145087
1.0030283556
1.0023923203
1.0019779326
1.0029919265
1.0058153026
1.0081236075
1.0088592079
1.0092930332
1.0089708187
1.0087964799
1.0080161789
1.0068114149
1.0085874770
1.0080239157
1.0082687713
1.0081732949
1.0093528736
1.0102454703
1.0115111504
1.0132034558
1.0163087534
1.0175428522
1.0178938329
1.0181316321
1.0142360625
1.0146306062
1.0163602318
1.0131883031
1.0146338074
1.0157321343
1.0164721124
1.0190013841
1.0210089178
1.0215615564
1.0211800969
1.0236198276
1.0250797182
1.0261370866
1.0259703159
1.0248977428
1.0254001680
1.0240487726
1.0245895463
1.0281404155
1.0298236036
1.0332198843
1.0352078342
1.0378934798
1.0375441335
1.0360536313
1.0303898212
1.0268947303
1.0236999699
1.0194916829
1.0210658128
1.0227818858
1.0219081841
1.0209873697
1.0203783688
1.0195212962
1.0147752879
1.0128440705
1.0115708191
1.0078804010
1.0046757715
1.0099665190
1.0088997607
1.0114004785
1.0115920978
1.0109097549
1.0110000399
1.0113511233
1.0090830306
1.0093227898
1.0083325444
1.0073145522
1.0065681031
1.0060311460
1.0054905348
1.0051767774
1.0035255247
1.0028323393
1.0031099608
1.0019260942
1.0030001653
1.0031843483
1.0031654515
1.0019220608
1.0023044364
1.0002168711
0.9993446143
0.9936786396
0.9967966182
0.9950445264
0.9909322143
0.9909861797
0.9822061284
0.9872941062
0.3118178051
0.3460103550
0.3286440704
0.3135723761
0.3255298118
0.3275426920
0.3259644605
0.3289497830
0.3362418797
0.3312920635
0.3355006843
0.3389052426
0.3380876254
0.3357426372
0.3365272596
0.3397095975
0.3417714965
0.3406859548
