0.4495281067
0.3757049483
0.3535779691
0.3047326837
0.4654034029
0.3829239928
0.4716351266
0.4413640736
0.4201948689
0.3957290160
0.3888294542
0.3549933132
0.4436046384
0.4921377020
0.3304101344
0.4732808776
0.5863249017
0.4867117904
0.4001569490
0.6189691855
0.6752086734
0.5582458774
0.5044742348
0.4546429601
0.6584406148
1.3182088833
0.8485619009
0.4763890118
0.4244040994
0.4822400744
0.3394492694
0.1378493382
0.1308159423
0.1618088043
0.1190774182
0.2421866010
0.6125663343
0.5697698913
0.5729121866
0.5438911113
0.5223747188
0.4581755658
0.4965569883
0.4399192999
0.4847750432
0.3273996721
0.2774282053
0.3136974835
0.2894516830
0.1715205452
0.2438599741
0.2253561721
0.1472883507
0.2551644526
0.0743559424
0.3091791407
0.3794639114
0.2203644932
0.3828500613
0.2508929565
0.5692588649
0.6416735685
0.4859683122
0.2110686607
0.3733516395
0.3096113139
0.1875849881
0.8093921965
0.4716603771
0.5697638659
0.3454417211
0.4452164187
0.3891801219
0.1936110186
0.3381752899
0.7298093572
0.5479076976
0.6305601576
0.8801686873
0.6692749363
0.3966976811
0.2075956436
0.0922022587
0.3780346436
0.2334277943
0.1843203735
0.3615043424
0.7004794313
0.2249100700
0.2272395415
0.2787845606
0.2954049543
0.3076593266
0.3316516357
0.1960831660
0.2990120515
0.2651150127
0.0877348294
0.2864261906
0.1749510561
0.2529407709
0.3125906526
0.3660932462
0.4524429173
0.5894679043
0.5064626617
0.4456775373
0.5945334215
0.4169886312
0.5275549999
0.6504373184
0.7065213695
0.4244106245
0.4291145234
0.4995110909
0.3089069153
0.2263230333
0.2660906033
0.5097365935
0.5791021057
0.3183642882
0.3470093490
0.3876042960
0.3669434049
0.2753773134
0.3234468936
0.7060609156
0.6810555737
0.6789845511
0.6469493839
0.6933328708
0.7090940872
0.8212992205
1.3975499660
0.4738477925
0.5468042534
0.6743766093
0.5455845849
0.3844663014
0.4013113228
0.5008504311
0.4258405782
0.4598062586
0.4834751124
0.3819578349
0.6759962755
0.4628689225
0.3918749907
0.5122208840
0.5880179009
0.8382701460
0.6995264963
0.7805820382
0.5811778496
0.4570378904
0.7003498609
0.5510465401
0.5016806871
0.5766827163
0.5142498957
0.4838706307
0.4900847843
0.5299170818
0.3950211641
0.6384583101
0.5201363652
0.5305341434
0.4221680028
0.5343086627
0.6799145823
0.6769514768
0.6741407462
0.6003144359
0.4944743133
0.4303391208
0.3370680715
0.2977815466
0.4377728025
0.6759986159
0.6195392851
0.8287901934
0.8249047001
0.6719186358
0.7782091195
0.7100325715
0.7642448389
0.6453875434
0.5274819939
0.5436758575
0.5542862086
0.6240433223
0.4648450424
0.4376471332
0.5925960081
0.4951530814
0.5009465759
0.4855958112
0.3921548856
0.4125089483
0.4502646412
0.4128784256
0.4086532426
0.4349577936
0.7901373733
0.7229452816
0.4216604229
0.8753168026
0.7285868644
0.5484821720
0.3109960933
0.3002242213
0.7491701335
0.8910038161
0.9620338572
0.5694109465
0.5209734043
0.8654013716
0.4528654944
0.5542499772
0.1296706620
0.2047636782
0.5963661358
0.9640507334
0.8647353161
0.2065958776
0.9077844720
0.5010514418
0.8625618043
0.9571757814
1.0652136316
0.9119989573
1.1042061878
0.5014845100
1.1638128786
1.2488407947
1.0981792182
0.3373303009
0.6162576424
1.1845136265
1.2349589319
1.0791986610
1.0997538337
1.0673017432
0.3394953734
0.4783913400
0.3949346338
0.5184148218
0.3440947208
0.3397792131
0.5615174960
1.1616734785
1.4907695677
0.5791519425
0.5661561115
0.3795188095
0.4294193232
0.5648767890
0.4317524589
0.5549308802
0.7649334402
0.5087836020
0.1950134559
0.2253651820
0.3162922778
0.3665271807
0.2353779542
0.2650653590
0.4254159457
0.4675842205
0.6108150761
0.5161465178
0.4262485590
0.5550688354
0.5660970408
0.5492533461
0.7732734729
0.5624015132
0.5248042068
0.3881147238
0.4532316587
0.2300485421
0.4344741140
0.4064380999
0.3657217346
0.4214521489
0.4496947161
0.4815182951
0.4506244286
0.4010181447
0.4151912660
0.3450864707
0.1664055067
0.1745525323
0.2588874999
0.2740474837
0.4658604221
0.8682080545
1.1751055713
1.1555486567
1.0428617688
0.9525799528
0.8733852252
0.8028843952
0.5181024158
0.2742089552
0.1710218034
0.1889149131
0.3727485179
0.2593802866
0.3213793792
0.3418805828
0.2048249335
0.5863411797
0.6644633551
0.9562026201
0.8024437440
0.5585091000
0.4849755399
0.3881431719
0.2522442513
0.4845436363
0.4682186497
0.4023843822
0.2593304008
0.3877806545
0.4089972817
0.5918901797
0.7713716499
0.8118713254
0.6924820002
0.7610402954
0.5442297572
0.4153324967
0.2371203636
0.2418190597
0.4393375098
0.4553168956
0.3928284168
0.4092311819
0.4216161953
0.3896614577
0.2564963154
0.5039930019
0.5937507406
0.7475423416
0.6731952627
0.4647957184
0.4209084188
0.2790409311
0.3199005595
0.5058892778
0.5214490229
0.4209373539
0.3498784761
0.4980303529
0.6596594493
0.7328896646
0.7671219542
0.4697189869
0.3251761922
0.5346521522
0.6191793938
0.4512598637
0.2938083327
0.3512327685
0.4327126928
0.5237300591
0.7476457536
0.8249012915
0.6984432735
0.7113435913
0.7976825848
1.2041816893
1.3612279177
1.2072574521
1.1271034350
0.9790266866
0.8255096905
0.5588066428
0.4168995996
0.4755955599
0.6725327331
0.7174830662
0.9220072179
1.1190473337
1.0904554230
0.3378172037
0.3777984520
0.6897265384
0.6274125921
1.2106140104
0.9592980393
0.7123133323
0.3418797750
0.8011413857
0.8375754701
0.7923772421
0.7189664821
0.6222064553
0.5771908981
0.8976489503
0.8259640725
0.6310541028
0.7141414089
0.2204151199
0.4368693098
0.3365830641
0.3824589038
0.5674248136
0.2514498436
0.3243150929
0.4954761532
0.6391802734
0.5002983144
0.3163556439
0.2009511631
0.3260255934
0.3210468909
0.4732793296
0.4358996792
0.4949046856
0.6395325028
0.3680444123
0.3913691031
0.3213031578
0.1617364600
0.2587200220
0.3217920711
0.3459492613
