0.5659038313
0.6348169061
0.5280406067
0.6408865598
0.5678628194
0.5775831442
0.5228965204
0.6374165147
0.7991437967
0.7830443066
0.9164520221
0.9683080420
0.8544822556
0.6369065802
0.6894923892
1.0703335122
1.0404274278
1.0299198121
0.9280369818
0.9092336622
0.8372758503
0.5666048694
0.7723656521
0.7304354098
0.8834014918
0.7178370922
0.7495306545
0.7065053404
0.7377259901
1.6623668988
1.1088541835
1.2124296734
0.9505523481
1.0368889529
1.0164019917
0.9277534239
1.0016119007
1.0958617465
1.1691893085
1.0618989338
1.1261446694
1.3176465491
1.1599211638
1.0153754295
1.2094137269
0.9935027682
0.9699157242
0.8965406857
1.0030686055
0.9036554006
1.0897095963
0.9884567892
0.9282646941
1.0197625715
1.0619394124
0.8857240981
0.9771293206
0.8705737704
1.0271530483
0.9754082945
1.0354483877
1.0497911757
1.1752477086
1.2778461091
1.2014627936
1.3207435137
1.4942902060
1.2877835921
1.1807164836
1.0380187872
0.9548036411
0.8727406165
0.6493097815
0.7451248522
0.6780578952
0.8734243941
1.0382702753
1.1202612478
1.2736108717
1.2698769870
1.2391330479
1.3944197602
1.2097457664
1.1773456396
1.0395931804
0.8606548371
0.8636538355
0.5407278779
0.6592130893
1.0164601874
1.1696741642
1.1871540592
1.3247744769
1.7005174084
1.5457055367
1.0001890031
1.0945022185
0.9755180020
0.9967843344
0.9782623195
0.7367304944
1.1438834724
1.1503691091
1.2892970909
1.0357891725
1.5573055126
1.1804499038
1.2706287986
1.4202271792
1.2598799478
1.3722619001
1.2243796755
1.3601342625
1.2472438421
0.9598531960
0.5703883443
0.5856257657
0.7507221680
0.8711281246
1.2103851864
1.0267263292
1.5838815358
1.6921677839
1.2160440300
0.9128740286
1.2383116499
1.2676769420
5.0027357354
5.0424928076
5.0703273239
1.4159537517
1.2440063127
2.1234394647
2.0939085895
0.7113317579
1.0024051788
0.9970594633
1.1705798330
1.1392802401
1.2303267050
1.8022122450
1.4560802551
1.8087946015
1.4700113816
1.5530260248
0.6418070321
0.3783808865
3.2481738318
1.2127079571
1.1759616970
1.9052955714
1.8016229611
1.6925588594
1.6330178017
1.6946056802
0.9550118298
1.0707315234
1.3163220244
1.2890567876
1.4149135656
1.2488231607
1.1908797718
1.5342742335
1.2906951355
1.0258046155
1.3884791111
1.3257567062
1.4117475762
1.3777369533
2.0496717625
1.9203702757
1.3258423645
1.3855593322
1.3406506365
0.9836998221
1.2499685499
0.9536964167
1.2180879172
1.3139908511
1.8638661855
1.8478095677
1.7888144081
1.9301108737
2.1323578613
1.3718622816
1.1675692890
0.8713173440
0.9488440935
0.8526244765
0.9078066685
0.9037175102
0.7636879885
0.9065529411
0.9511414381
1.0281994539
1.2097541767
1.5887809890
1.4818509464
1.4561747566
1.1925390820
1.3931124605
1.5728896965
1.3785760173
1.1723109610
1.1001851781
1.2711396076
1.1280786355
1.3016521662
1.2804204930
1.5401755073
1.4039874441
1.3740298529
1.4589678084
1.5212320532
1.4800995760
1.2105588145
1.3689098991
1.4196071432
1.3357517823
1.3551901494
1.2092615630
1.4417152092
1.6266169145
1.6061133312
1.4864007352
1.5840339110
1.5066293941
1.4923691320
1.6835513649
1.4356897090
1.4973689495
1.4659883990
1.4821719628
1.4401852611
1.4460871679
1.5393025398
1.5530932297
1.4714121737
1.3473325521
1.3118437110
1.3678118287
1.2588692351
1.2910964647
1.3707360796
1.4404660577
1.2409775437
1.5925579834
1.4127707238
1.3929617486
1.4139383073
1.2663220438
1.2702719758
1.2055819627
1.4019677254
1.3738347179
1.3301233889
1.3308593164
1.3877619452
1.3389317583
1.4321145934
1.3014522719
1.1572018320
1.1172309979
1.0180321732
1.1294025196
1.0444903350
1.0512672943
1.0636324226
1.0875349999
1.1471038251
1.1552151038
0.9934654037
1.0013827676
1.0156389262
1.1386968287
1.1076104602
1.0515116207
1.0059994730
1.0841377700
1.2008406742
1.3758214281
1.3372122871
1.3968213938
1.3991684875
1.3262579465
1.4124657565
1.2884789273
1.1988816158
1.1552041605
1.2028963734
1.2022704458
1.2071040060
1.1458374645
1.1905725114
1.0852287099
1.2478613706
1.3392002762
1.2222666159
1.1187044227
1.1179682866
1.1714617808
1.2626685883
1.4561965696
1.3984525028
1.4990660054
1.5009716124
1.3122824346
1.3904071721
1.4244733400
1.4216299849
1.0706522550
1.1847541333
1.2248979991
1.2772107531
1.3263088413
1.3077609917
1.2960191880
1.2706865189
1.1957345339
1.1973556023
1.0879029714
1.0598381922
1.0698953800
1.0770147538
0.9669363925
1.0737500414
0.9709049297
1.0314874087
0.9670148601
0.9937800168
1.0418109210
0.9765478933
1.0136436713
0.8920474250
0.7880139358
0.7836655941
0.7159969231
0.8926279265
0.7895124822
0.8474121495
0.9665083363
0.8658008079
0.8410090887
0.7936152777
0.9349681302
0.8440351203
0.8167332580
0.8965380705
0.9841397407
0.9816925189
0.8722988556
0.8774276173
0.9056613305
0.8469628577
0.8688227080
0.7971021672
0.7640934389
0.8089866823
0.8484882213
0.8206626332
0.8540621959
0.8551977706
0.8785084414
0.6993010988
0.6719758089
0.9114245532
0.7679701499
0.7324215635
0.7423809034
0.8580671827
0.9282593068
0.8604239701
0.8637879425
0.9579539289
0.6499615622
0.9626245429
0.5587150227
1.0871575182
1.0284608179
0.4362339511
0.4695926035
0.6120225363
0.8842624020
0.5610260644
0.4704517262
0.4637678319
0.3515608862
0.3601693189
4.9204865261
0.4211015778
5.0067188345
4.8598419435
0.2773053142
0.4295883286
0.6837253413
1.4691445089
1.3915040312
1.1289071760
0.9886780261
0.6237133075
0.8810744008
0.7628494613
0.5829104570
0.8501306501
1.2628812742
1.0830442587
1.5266106349
1.3212596961
1.0401204807
1.6691910363
1.4702455217
1.6953906460
1.9890531991
3.9714764645
2.4672742056
0.5638533762
0.3470857620
0.1074694354
1.0696081773
0.8344069285
1.4344090657
1.4365586445
0.5549087196
1.0192910242
0.5598111364
0.2670432734
0.7934096581
0.4603935502
0.3859482885
0.7436223757
0.5036685223
0.4560791656
0.4835454083
0.3579141234
0.1927436663
0.3857145128
0.4524385268
0.2831886528
0.1907620415
0.3050211128
0.3702367462
0.3593328848
0.3197833236
0.3095873149
0.5044657364
0.3292459616
0.3833412826
0.4099330354
0.2963498768
0.4401888597
0.7240361362
0.3952889643
0.6572881052
0.5304636680
0.3653501359
0.3066458391
0.1720866066
0.1973438375
0.3915052734
0.1644013285
0.2344572661
0.0410041477
0.1100908007
0.2529941944
0.2583619958
0.2438452340
0.3591521876
0.3300401354
0.3632793306
0.4663354804
0.2522664150
0.3581771199
0.1499306063
0.2947756580
0.2603222546
0.2671046157
0.1055969836
0.2044963285
0.2509748042
0.2045212546
0.3114659179
0.2914332843
0.1229365267
0.3206998032
0.2202155452
0.2605056021
0.2858411494
0.3346421509
0.4712180783
0.3237657881
0.1963645346
0.3033402316
0.3406071609
0.3685700228
0.5110824182
0.3550784588
0.4017937479
0.3568877119
0.4611583444
0.6097636037
0.4272882979
0.4025822076
0.3605094056
0.3745385062
0.5555520544
0.4315991430
0.3691676702
0.1724226400
0.1389454428
0.0703042280
0.3859170278
0.3726344747
0.3034212326
0.6098981688
0.8498526007
0.3113570921
0.4871925350
1.6065834536
1.6776089727
1.1067415859
1.4108185780
0.6307643397
0.2843915667
0.6555804459
0.6038183429
0.8424111233
1.8719932630
1.9026691325
1.8850382016
1.1815247370
1.6357031905
1.6078481372
1.5423646625
0.8829273217
0.4113373815
0.7551499717
0.8716313810
1.0125173885
1.0223256831
1.0417819275
0.8999422879
1.5482532451
0.8701584344
1.1165786060
1.2882644528
0.7374111509
0.5418406415
0.4374015474
0.5924853577
0.6683151959
0.8231274726
0.5842933059
0.7790805113
0.9077578779
0.8420017977
0.6100218214
0.6552302607
0.5821747620
0.7142275704
0.8523226799
0.8822754893
0.9645527001
0.9087641388
0.9290276918
0.9118896899
0.8611796850
0.8333166696
0.8516765072
0.8541922388
0.6924439944
0.6407600777
0.6471097090
0.6734621655
0.6865087106
0.7150773841
0.6846505213
0.7586900630
0.6202213766
0.5866445016
0.4460150302
0.4352957569
0.4665865045
0.4003874364
0.4418817852
0.1908138036
0.2991266702
0.3631485324
0.6031256854
0.6282166945
0.4818040474
0.4259971182
0.2979578372
0.3355747365
0.3707525231
0.3820332390
0.4582689795
0.4492225989
0.2888938555
0.3708667193
0.3685170260
0.2940615142
0.3466398229
0.3344739299
0.2003451147
0.3892831968
0.3854370001
0.4206128049
0.4383222457
0.4504512414
0.4342076780
0.4189431145
0.3231395391
0.2877087476
0.2994212617
0.3126404067
0.2567817731
0.2680025868
0.1442090407
0.1530664238
0.3827023273
0.3683958458
0.2442741970
0.2850343601
0.3125022255
0.3577142117
0.1807996533
0.2208482326
0.3151730065
0.3149405971
0.3659968153
0.3807252514
0.4632992488
0.3644356617
0.1885135800
0.3664203843
0.3962848391
0.4421782052
0.1310221996
0.2040660670
0.0929629061
0.2599355568
0.3559587587
0.4010450079
0.2715868924
0.3686514865
0.3509605760
0.6817071559
0.5181751429
0.1626890349
0.1827019633
0.3601036108
0.7759364916
0.3688697935
0.7230611223
0.5650130728
0.8279827701
0.6188944192
0.4946722465
0.6487539512
0.6023435885
0.5998653241
0.5780855593
0.4959443575
0.7593310858
1.1047281422
0.2958277758
0.4420603264
0.5513042299
0.6348552469
0.9034807876
0.7099741686
0.8216586558
0.9176606623
0.9826116824
0.8153237103
0.4975249465
0.5469114161
0.3687953907
0.4073114780
0.2695316981
0.5951485421
0.3748234783
0.4558203973
0.3184420601
0.2074606494
0.1796253367
0.1664385248
0.2077581566
0.6405859200
0.4492798950
0.2768952574
0.2779635463
0.1649819506
0.2167965786
0.0649429790
0.2386624669
0.2267932699
0.2905827202
0.4253594954
0.3825128267
0.3466475741
0.3340513456
0.1732401000
0.1214128464
0.1303631797
0.1654638958
0.2504217515
0.1804713539
0.1591754386
0.1781386578
0.1128253728
0.0977403700
0.2065722455
0.2715279725
0.2308300991
0.2291643122
0.1178135012
0.1511386785
0.1508457676
0.1893271012
0.2494165935
0.2417570702
0.2149916049
0.3681337817
0.3417387202
0.2586284975
0.4651385212
0.4182616104
0.3526494052
0.2192018741
0.2928312810
0.1414046376
0.5993291600
0.4567324252
0.3005951427
0.3698729008
0.2359190688
0.1375854307
0.1591069801
0.2867776858
0.5995532595
0.5490878268
0.3204544807
0.1873834057
0.3616620590
0.9099267888
0.6149872506
0.6089514840
0.2195090524
0.6101204933
0.3133271742
0.2481387419
0.4195585934
0.4803781837
0.3607627650
0.3065543790
0.2115974228
0.2442316521
0.3551628482
0.2982521171
0.3631282691
0.3787687304
0.2893084863
0.4155373548
0.4079608250
0.5132392272
0.3332079252
0.4054538141
0.3239006378
0.2562361937
0.2877368851
0.3892441785
0.3651421503
0.4478628745
0.2754364973
0.2968155977
0.3372631013
0.3198483938
0.4573196889
0.4186910598
0.5604570638
0.5443155365
0.4323043290
0.3956006034
0.3788563876
0.3613069946
0.3990350935
0.2911901877
0.2545173723
0.2365052280
0.2861361931
0.2682487892
0.2586708305
0.3928620544
0.4075478581
0.3077802112
0.3475178386
0.1301194271
0.1995085472
0.4302771457
0.5892841083
0.4497547553
0.8399684904
0.8063315637
0.3997947264
0.5194472929
1.6930172552
1.0519232999
1.2720595389
0.4233800057
0.1241440562
0.6668933381
2.1394991113
0.8421934310
1.1886514500
1.2112250183
0.7652854713
0.4076643380
0.4919027189
0.6087058358
0.5777903270
1.3062962418
0.5179093949
0.5743205958
0.8932342557
1.0408472002
0.6973364026
0.5463488001
0.4251119933
0.6713599928
0.3727989460
0.1944663781
0.3864390053
0.6388718642
0.5257087753
0.2902298556
0.6059179656
0.6072264414
0.7203037001
0.6043481129
0.6049353222
0.7014225423
0.7256152455
0.6644070259
0.5234645785
0.5956619861
0.5699079212
0.5918087091
0.6885827936
0.6055882118
0.6310047346
0.6223092762
0.6329904755
0.6062051315
0.6640247202
0.6165154143
0.5852790873
0.7452713853
0.4928312429
0.5394131592
0.5361330394
0.5627084246
