5.324510865037387908e-02
5.240853440198501439e-02
5.329715082092344181e-02
5.584846589914674309e-02
5.375961628566858219e-02
5.149127246303478872e-02
4.939038242474183549e-02
4.826851234318824124e-02
4.723037628258176801e-02
4.606174246527214994e-02
4.570947916140195855e-02
4.117774220338334124e-02
4.332348561558044958e-02
4.106036281222539414e-02
4.257764655199207382e-02
4.424421750787206620e-02
4.193921450091027403e-02
4.249685874602483066e-02
4.254107484741846690e-02
4.332030796589846772e-02
4.394222544986594453e-02
4.241819493306273753e-02
4.295207388800947185e-02
4.163052503750222511e-02
4.209889034716936956e-02
4.204735177118858885e-02
4.175314689260760381e-02
4.061436207983142727e-02
4.120620881358483950e-02
4.045144991246937133e-02
3.989194220953615894e-02
3.919756985677450706e-02
3.766755525625872097e-02
3.689070354311722172e-02
3.518002384418322109e-02
3.401255714864533791e-02
4.116444356997926712e-02
3.975063721407486733e-02
4.041446583116750646e-02
4.159162868117768225e-02
4.164956954774464565e-02
3.957339375289108813e-02
3.861471413976937106e-02
3.698933231156758400e-02
3.606054719514070056e-02
3.381349716963222979e-02
3.408246744427782110e-02
3.356912991858117951e-02
3.138083123527999480e-02
3.117744091976915738e-02
2.907525180104051504e-02
2.612497069910109382e-02
2.431906123443753134e-02
2.386698199314942620e-02
2.476137263823124240e-02
2.435349971698270652e-02
2.430738687148203611e-02
2.391081235979235220e-02
2.386945463983667845e-02
2.381926708155938238e-02
2.157093643088144053e-02
2.089168170403123484e-02
2.020059060545705693e-02
2.139725986591065401e-02
2.155287077164476026e-02
2.267306181212492763e-02
2.162767691818320848e-02
2.077329415681874666e-02
2.031502783224457126e-02
2.563107883134219458e-02
2.405093428845418019e-02
2.316580609023780740e-02
2.479559737842821493e-02
2.434612538662700790e-02
2.411521488677279002e-02
2.459766997761092186e-02
2.597759504090266930e-02
2.638172482725440610e-02
2.619303765696609845e-02
2.545298317543051927e-02
2.566931453109260255e-02
2.716544993328086702e-02
2.743667175937148858e-02
2.564795891857286902e-02
2.484746595720579640e-02
2.458330114255193738e-02
2.421142689663084019e-02
2.426436409828871751e-02
2.514845614359675213e-02
2.603498608112238613e-02
2.369392451368312544e-02
1.866753990767899482e-02
1.824628143399166166e-02
1.616009084964206005e-02
1.461616130105700996e-02
1.459506667528717369e-02
1.399045583567160196e-02
1.225851150660001859e-02
1.502832469980000356e-02
1.612101232504093221e-02
1.695944451140138712e-02
1.728158940019439496e-02
1.770058504560745316e-02
1.703184783001831376e-02
1.704721471546542799e-02
1.907853120686789708e-02
2.046962769572437113e-02
2.170246774568514170e-02
2.637882444707776233e-02
2.841978375830266426e-02
2.555900406249525525e-02
2.335300687009830498e-02
2.384361518793108939e-02
1.806652247667644290e-02
1.863194901202370676e-02
1.817374218496442539e-02
1.763367884867747190e-02
1.806453137176034646e-02
1.836754062608057791e-02
1.846543562484242312e-02
1.874337969207182791e-02
1.781539545166009944e-02
1.623536780620325401e-02
1.427267356087176704e-02
2.058697311553593992e-02
2.908967581470167652e-02
2.137963831437457093e-02
1.723366148866509878e-02
1.271589267772735635e-02
1.548910055620940536e-02
1.585580483366109614e-02
1.507173102335375957e-02
1.768544861949602337e-02
1.485707101094168973e-02
1.536780535033550540e-02
1.459613306053767455e-02
8.639392267958668353e-03
1.070487692745559875e-02
1.037060797557375243e-02
5.961107844387974683e-03
6.469826821183633815e-03
1.404976455592734513e-02
2.020061087733678040e-02
2.010269292499866634e-02
2.570739760159680698e-02
3.317782383986495054e-02
3.343936165417337597e-02
3.905791098232810205e-02
3.932617397271251369e-02
3.981694106503728264e-02
3.961949005443662908e-02
3.876379093073614723e-02
3.889698213012672545e-02
3.870533107976697335e-02
3.944448113594742344e-02
4.075137483473824374e-02
4.116548901382637710e-02
4.159295762189719331e-02
4.169572747166098992e-02
4.595873875938664282e-02
4.629218496252252013e-02
4.664792668971482620e-02
4.710142818034199902e-02
4.734012350295000587e-02
5.194685283702531187e-02
5.249696721661515492e-02
5.233281629387013384e-02
5.208784384844327570e-02
5.203820555929704328e-02
5.191731360685203356e-02
5.179778371929524838e-02
5.166219741828504547e-02
5.205813962093767261e-02
5.249517695863303163e-02
5.296062002720702822e-02
5.992406282085592506e-02
6.031277371120410957e-02
6.093913120297337477e-02
6.114602677067545317e-02
6.105209092758722561e-02
6.115665274531500301e-02
6.136866606746799180e-02
6.406942084966581186e-02
6.487077566476280588e-02
6.558014474435927554e-02
6.482433482015104165e-02
6.444037425612751668e-02
6.408789887323669554e-02
6.179017902087676622e-02
6.256164260889517104e-02
6.203964703018811921e-02
6.185726183194675820e-02
6.175445479058012943e-02
6.144417107723593868e-02
6.075218007419647820e-02
6.047203245267492727e-02
6.054119265502515279e-02
6.026474155282716960e-02
6.004964623047121669e-02
5.974176556747058664e-02
5.938211779828844739e-02
4.975544734863218688e-02
4.850146737553336085e-02
4.801631992824152706e-02
4.294841435834387267e-02
4.285512238928172041e-02
3.752230316450677616e-02
3.888001218746099663e-02
3.880693353566429943e-02
2.191676881964726292e-02
1.922086733429075739e-02
1.893017282112998551e-02
1.942310381526961283e-02
2.454998059452914369e-02
2.114659494032306367e-02
1.615869744749724723e-02
1.798448495059457725e-02
2.439772882665326020e-02
3.756574987822993567e-02
3.704704381896713195e-02
4.238553364191192940e-02
4.935854899397366935e-02
5.150323715499569022e-02
4.594346608490167821e-02
4.723556904006412371e-02
4.889917727168813927e-02
5.139324068206158058e-02
5.195499925820459830e-02
5.354194824505673078e-02
5.344691300179400112e-02
5.296675644683707801e-02
5.265057885388935849e-02
5.309876582031315684e-02
5.381115075121913754e-02
5.462123303438184974e-02
5.488692900419508969e-02
5.252505733004352029e-02
5.302860512051382064e-02
6.317682368715799024e-02
6.328162853509168573e-02
6.942674463137983587e-02
7.226153471046603549e-02
7.126697948119706250e-02
7.177759066077867012e-02
7.731521021450944720e-02
8.076630588594310711e-02
7.913113035823474140e-02
7.909275039455909706e-02
8.681687423433634421e-02
8.299143252353971545e-02
7.066364093836997873e-02
6.319759633427919632e-02
5.221216981843067317e-02
5.084734814027767197e-02
5.872713058584456275e-02
6.931608991851799517e-02
6.683982701877186350e-02
6.501875532291646886e-02
6.392973725324650747e-02
6.450708029928438336e-02
7.187123246660501175e-02
7.205899709489588245e-02
7.104244808589009474e-02
7.063197566556983498e-02
7.032573214504017622e-02
7.044376144677792773e-02
6.939319307113731017e-02
8.175951017674899790e-02
8.108975245832998613e-02
8.770814098167416251e-02
8.824007325714570971e-02
8.955619668575831582e-02
9.426990766823395429e-02
1.001456765367632340e-01
1.045610101802554037e-01
1.115862564961398323e-01
1.124008804498569936e-01
1.275446254478373176e-01
1.303944145049555914e-01
1.311655654704345086e-01
1.419621483820293906e-01
1.433555800788141599e-01
1.547203775366911560e-01
1.619657003181740329e-01
1.622263011101117980e-01
1.582386060081709678e-01
1.572548603937617695e-01
1.608135933852192223e-01
1.619188408448061778e-01
1.631158041079923682e-01
1.634943223656973310e-01
1.636775584870987788e-01
1.639510090974046208e-01
1.644379444537299451e-01
1.656827540947179433e-01
1.666696236558029842e-01
1.640198221118607247e-01
1.640145713633119617e-01
1.587406714782129413e-01
1.467618094132145667e-01
1.427781270448813811e-01
1.446856107034959482e-01
1.538654762707992452e-01
1.564053650198736767e-01
1.446584937003546900e-01
1.569976350893347306e-01
1.553773365461835199e-01
1.599356831070810891e-01
1.657084511188447462e-01
1.650660642544613810e-01
1.665629441682636158e-01
1.710217404709406808e-01
1.703903300689179612e-01
1.749448602046801970e-01
1.767030974789212117e-01
1.774354243084436678e-01
1.726650947188040353e-01
1.721551372582287021e-01
1.684927780682045628e-01
1.671155105930828277e-01
1.609072081376540786e-01
1.494022949186128435e-01
1.413573387706110740e-01
1.415831793290619756e-01
1.417880039435412132e-01
1.531468502902526840e-01
1.533677613905737591e-01
1.592958469149883538e-01
1.705087080094667418e-01
1.794464047262148421e-01
1.793140780004311430e-01
1.860010929559605397e-01
1.821747097661889636e-01
1.840531039143256664e-01
1.760410941525002715e-01
1.779924964541266530e-01
1.746982482785763569e-01
1.672234994540208186e-01
1.724738447331353453e-01
1.750149940242496094e-01
1.766596912311128309e-01
1.826096944358114593e-01
1.880179436210583643e-01
2.005206159953293321e-01
1.999813529401479884e-01
1.953174684386811133e-01
1.955546056756856388e-01
2.070099221625594510e-01
2.231941267665504269e-01
2.239145781576855898e-01
2.005107030539579893e-01
1.839667984003282852e-01
1.798570844293492510e-01
1.747630279312944457e-01
1.714310628868811470e-01
1.812672072824861313e-01
1.876380930279046844e-01
1.770291435963807225e-01
1.947124673396219974e-01
1.839478961171797100e-01
1.852425622564363439e-01
1.869885561761981119e-01
1.919454320447714912e-01
1.861838578216098716e-01
1.901243767131679807e-01
1.891539720456863749e-01
1.934763952890551086e-01
2.020669194391789547e-01
2.030615589991511538e-01
2.222618622068721350e-01
2.213608413213383475e-01
2.197831141349092798e-01
2.138572182530899535e-01
2.061308641622341953e-01
1.977527951531800610e-01
1.968424409376049455e-01
2.063971769705302550e-01
2.039605395010045674e-01
1.862156045327728049e-01
1.660161239322284765e-01
1.484764447378661145e-01
1.525602300934977007e-01
1.173581560851278821e-01
1.228086629391651474e-01
1.221478448644754550e-01
1.310511131644638561e-01
1.263606384481622269e-01
1.265345990926421416e-01
1.322125085766524821e-01
1.321570058329209485e-01
1.370577451598065932e-01
1.373255226886733738e-01
1.544536669097182624e-01
1.561721518692072985e-01
1.574728928887790813e-01
1.676185713300012703e-01
1.698946732196371656e-01
1.780707493981360245e-01
1.780298162738732648e-01
1.901844452306480915e-01
1.907290553242577957e-01
1.918839068491072775e-01
2.058209247356059812e-01
2.079763833118931093e-01
2.094305805848892810e-01
2.201106285560013587e-01
2.212663424840244641e-01
2.295965691637004980e-01
2.297997164613048704e-01
2.682754824438519092e-01
2.671876721269988986e-01
2.667791528769220544e-01
2.673294233763388039e-01
2.861018678004451088e-01
2.855118470587092450e-01
2.819837815729726027e-01
2.716246033545490213e-01
2.720306316755051745e-01
2.751154302425024012e-01
2.818887369298848644e-01
2.826629811984902041e-01
2.815741990196145017e-01
2.789271610836150939e-01
2.683252217490138536e-01
2.540684246475506947e-01
2.500641010959822608e-01
2.395272394078740430e-01
2.385922673086288415e-01
2.404659852631490236e-01
2.405062110586165258e-01
2.402348893724751966e-01
2.387715932669666474e-01
2.375254881110581417e-01
2.345959792846349645e-01
2.140751824115975921e-01
2.082363588739314930e-01
2.057250163808894694e-01
2.046164170491808765e-01
2.014229018348552558e-01
2.045255221545019264e-01
1.982978535371509865e-01
2.000939148009662771e-01
1.927559137726149452e-01
1.898997970338661134e-01
1.886383893422438895e-01
1.824446487830816421e-01
1.747634852038567610e-01
1.745141652062860982e-01
1.775362723643873208e-01
1.842300151959774535e-01
1.545641851410180234e-01
1.642204776237051189e-01
1.675282412300418688e-01
1.681783667437938556e-01
1.777601769151655464e-01
1.786503917512357875e-01
1.792406153155773618e-01
1.847104753969833202e-01
1.851215887866999588e-01
1.866850812264977677e-01
1.879054911677920936e-01
1.883065876968355312e-01
1.934332333604032728e-01
1.936848051524863168e-01
1.938028179750598823e-01
2.008030157245891956e-01
2.018780167200968090e-01
2.086582641608500099e-01
2.079806378041031412e-01
2.171714572297303025e-01
2.162990511291640883e-01
2.182897862010775569e-01
2.109739017228222102e-01
2.109216179636538568e-01
2.006870624487837595e-01
1.954829581046358400e-01
1.954383572100303890e-01
1.948595280513951700e-01
1.944184629718286872e-01
1.942726310244005383e-01
1.940058341867076652e-01
1.938368107630564496e-01
1.934710812442667904e-01
1.931305541656078983e-01
2.000798027904844845e-01
1.999027383908665301e-01
1.998675712348923772e-01
1.994821628681291148e-01
1.990992441589799211e-01
1.992918584535879611e-01
1.990235650141338186e-01
1.992970108064650581e-01
1.992601534393847462e-01
1.993019987631655943e-01
1.995312902533412924e-01
1.999521042706562113e-01
2.002150257409022194e-01
2.004643591065556896e-01
2.008645762448599548e-01
2.011555234415710047e-01
2.016039443886523397e-01
2.018787126904383056e-01
2.019439922032591483e-01
2.018115641688601747e-01
2.016423231866524834e-01
2.016934909965666101e-01
2.018135490044776215e-01
2.020179421069441539e-01
2.020813821483425643e-01
2.021378443680776626e-01
2.016762166223432517e-01
2.017598592037807281e-01
2.018373115810722929e-01
2.018903181601139629e-01
2.020569986491645154e-01
2.022034124244020126e-01
2.024242452723526153e-01
2.028037590324524575e-01
2.034246462072403505e-01
2.034193497333184886e-01
2.032839445471469053e-01
2.032244994914725045e-01
2.028775457467854870e-01
2.025013131594683990e-01
2.026291555618695561e-01
2.026164452766051338e-01
2.030655683784952925e-01
2.027982451855467605e-01
2.031021498111827417e-01
2.034775855113940823e-01
2.036326921265941836e-01
2.038048034154334165e-01
2.038990094710303180e-01
2.039952516452991638e-01
2.042244603327301455e-01
2.043445536742759250e-01
2.042765652520117103e-01
2.043855000623323592e-01
2.042421091427038815e-01
2.041004829975775481e-01
2.040575703543798247e-01
2.041582286563344006e-01
2.044565857065337722e-01
2.045828934995178039e-01
2.046371678903187719e-01
2.047092030695941145e-01
2.045586331907233435e-01
2.042118568785354638e-01
2.041798317221356351e-01
2.042830742686617684e-01
2.044659938969639046e-01
2.044863304345938271e-01
2.045342706695339741e-01
2.046374325842464648e-01
2.047964308152865065e-01
2.047482534846635782e-01
2.048576605580526289e-01
2.046561606858092741e-01
2.047082270355396749e-01
2.046112171877469965e-01
2.044584969151365395e-01
2.046846872720805566e-01
2.046326854190876621e-01
2.044871071853542610e-01
2.043775251718271124e-01
2.041727564618444901e-01
2.041405788952203315e-01
2.041061567719890391e-01
2.041918641302871429e-01
2.042010584957048014e-01
2.041903774737552357e-01
2.042694351375205497e-01
2.042635136701946574e-01
2.041329218111747612e-01
2.040572376087491369e-01
2.039512444168137262e-01
2.039122164091242695e-01
2.038720917257800525e-01
2.038166919520486564e-01
2.038860667321719944e-01
2.039870147208935891e-01
2.039134417728477866e-01
2.040383688120324113e-01
2.037695838091994616e-01
2.036178835117452568e-01
2.043034498490579332e-01
2.047497656858639492e-01
2.049308614949293950e-01
2.056873233955837377e-01
2.126386020880604300e-01
2.131724764524612070e-01
2.136308519396180050e-01
2.139173677277045604e-01
2.139334962465542500e-01
2.140785434902373330e-01
2.141976193319658495e-01
2.143550764169339928e-01
2.141259616818368960e-01
2.142709497959893183e-01
2.141682816139210410e-01
2.143200196178863814e-01
2.144442060619617396e-01
2.146006989145021193e-01
2.147148372508390912e-01
2.149219900621194557e-01
2.147736511955179728e-01
2.147737202920841360e-01
2.149749629224947112e-01
2.151790307696352378e-01
2.153946023193727688e-01
2.151492150232914291e-01
2.150040938701268112e-01
2.147774502394191598e-01
2.145371803288272372e-01
2.140371346916535022e-01
2.141025793021119061e-01
2.139553598766232301e-01
2.140390793861115248e-01
2.143633151817810889e-01
2.146608168084172819e-01
2.143555683712709548e-01
2.147310950844110722e-01
2.148775637407617511e-01
2.148394845723105573e-01
2.152805236775546804e-01
2.153286609837386234e-01
2.152146792234419237e-01
2.147988999314835445e-01
2.142194603927948804e-01
2.137060112291742087e-01
2.131473636776077263e-01
2.115074835368175310e-01
2.112157115457589662e-01
2.112806266602000327e-01
2.112776448533152662e-01
2.111953337877643389e-01
2.112452892225058776e-01
2.115059332321129748e-01
2.116057522716519312e-01
2.115710093431375782e-01
2.112504573233242311e-01
2.112309687328033370e-01
2.111684278614431032e-01
2.111701701997696357e-01
2.111113619671139419e-01
2.110266600478983290e-01
2.109410727515754480e-01
2.110428468024646009e-01
2.111937176984439724e-01
2.111881958164741890e-01
2.114133534502601608e-01
2.113764943716567868e-01
2.114237217129762425e-01
2.114654848107412055e-01
2.115402021475884242e-01
2.116096559593841908e-01
2.117166689271515190e-01
2.118515761345656223e-01
2.120806103545085364e-01
2.121598903209825082e-01
2.119426274461210791e-01
2.118169056270852724e-01
2.116328113984172754e-01
2.117944030744423611e-01
2.117741345291988264e-01
2.117298057527071398e-01
2.116619548935810002e-01
2.114013711031690335e-01
2.114543828515486612e-01
2.115238832783956358e-01
2.115017669022526414e-01
2.115158904511078852e-01
2.115548930913042358e-01
2.116876209455706148e-01
2.116915565599100657e-01
2.117031448523762072e-01
2.117106532078589509e-01
2.116782349493486481e-01
2.117434837421103000e-01
2.117259048392992060e-01
2.116743626069964024e-01
2.116930640199520541e-01
2.116092255474975314e-01
2.115148914675191172e-01
2.113683175044384077e-01
2.111621389275243621e-01
2.110245265316301466e-01
2.111660508177486406e-01
2.109931183543751754e-01
2.110089014832035592e-01
2.111355208370702397e-01
2.112132909683461790e-01
2.111995507316861975e-01
2.112183677912254087e-01
2.111222953743611130e-01
2.112705360594445136e-01
2.112691654426860632e-01
2.113443523656490242e-01
2.114633272723628055e-01
2.112540657066425409e-01
2.113822213777974690e-01
2.114985115944306437e-01
2.113799975985883317e-01
2.114927581503662501e-01
2.108658791078176220e-01
2.108903725341804980e-01
2.109417487938106406e-01
2.111547198024882332e-01
2.112577896179710646e-01
2.112560083276829592e-01
2.111680877959604130e-01
2.110695423528487769e-01
2.110498128388711703e-01
2.108990035724258860e-01
2.108698809772293348e-01
2.108250270792621783e-01
2.107991862743038292e-01
2.107947293358968521e-01
2.108175536425199448e-01
2.109132632611375735e-01
2.111066681717715388e-01
2.110674992542836692e-01
2.112321491861279266e-01
2.113407692099624757e-01
2.113536321556119257e-01
2.115519287091728595e-01
2.116699123726688003e-01
2.117042573367466651e-01
2.115838638479266842e-01
2.116065721900649288e-01
2.113839598231943284e-01
2.113771717163249464e-01
2.114027346281929509e-01
2.112823742004792671e-01
2.111603639680882660e-01
2.114022177760991883e-01
2.112842045198585761e-01
2.110916648024207809e-01
2.110197367805918822e-01
2.110801555307871835e-01
2.110014346420198972e-01
2.109933655243884931e-01
2.107356741023257707e-01
2.103713030195380751e-01
2.101217065436654929e-01
2.097202880646550638e-01
2.099840799004990266e-01
2.099612696494023156e-01
2.099188705673100674e-01
2.099963218641428819e-01
2.101672401889136399e-01
2.103145014730682938e-01
2.101942403687792615e-01
2.097979178230492125e-01
2.125593429085698705e-01
2.117387651898796908e-01
2.110085264519321879e-01
2.110086823817270696e-01
2.104063170833685437e-01
2.101104132078533415e-01
2.078737276132435474e-01
2.070974090408389257e-01
2.072103073706217935e-01
2.093159778275641980e-01
2.091998644542169550e-01
2.101051782073911356e-01
2.149567567293339809e-01
2.154402622809291346e-01
2.162401305106328164e-01
2.189542151950788218e-01
2.194696354003089767e-01
2.197205212696263787e-01
2.202784301453763471e-01
2.181843481692767317e-01
2.188770328180490166e-01
2.198074833212551871e-01
2.203682304307447992e-01
2.204469050225151272e-01
2.204261465831012234e-01
2.178352195583823370e-01
2.205877842494117780e-01
2.205450092971798504e-01
2.205682301718213667e-01
2.195997632230209939e-01
2.202547283422758018e-01
2.199579472523686685e-01
2.123886242181718675e-01
2.116235760849892178e-01
1.927307806967088200e-01
1.917691249980226220e-01
1.858458736460714689e-01
1.854154430064587911e-01
1.830883703323774869e-01
1.834557125983315995e-01
1.835180279003002790e-01
1.848699762798352020e-01
1.848314232646294519e-01
1.848202390781695237e-01
1.775790564156151385e-01
1.772727781007608638e-01
1.786377908862809838e-01
1.754149348626401761e-01
1.757800720006124917e-01
1.744760167130655626e-01
1.754595466116311286e-01
1.762606475797239836e-01
1.740346301344238567e-01
1.747372628936829375e-01
1.725519415514405186e-01
1.735737844399307672e-01
1.837734631413776021e-01
1.845606296054391193e-01
1.847769202418524659e-01
1.878455462356404537e-01
1.977167838666796518e-01
1.992916700711614975e-01
2.001666352130234139e-01
2.232021604659114311e-01
2.220037986719501366e-01
2.225481764706689347e-01
2.251763438232854408e-01
2.270279325662428183e-01
2.258657949757734706e-01
2.125588966109879518e-01
1.998718715844410576e-01
1.908814707088551665e-01
1.921747680316259199e-01
1.850548707423966543e-01
1.829502673252015044e-01
1.825027473216200569e-01
1.885733739142564369e-01
1.875471303762240305e-01
2.022409116375550320e-01
2.070665103635501714e-01
2.114352315409784577e-01
2.151618711547091944e-01
2.379464133115415103e-01
2.345933124758365074e-01
2.709843077883395401e-01
2.733367219711090867e-01
2.712820380753088179e-01
3.146681245577098163e-01
3.181027519917030144e-01
3.457960953860894637e-01
3.389643918760126828e-01
3.558951820456632276e-01
3.566362610264464106e-01
3.634721812655650197e-01
3.583292792737698407e-01
3.637926438098330606e-01
3.615543942590156434e-01
3.599781479250612204e-01
3.715586911179067919e-01
3.696613719662124042e-01
3.682077681106007416e-01
3.677038770055550687e-01
3.512915486638440998e-01
3.579552986757508770e-01
3.621609297793976223e-01
3.786654674213896787e-01
3.913769845200819053e-01
3.815546908021620887e-01
3.616481861157940236e-01
3.748679453510311288e-01
4.012977007594453749e-01
4.127208436250651147e-01
4.079033695829514805e-01
4.093479975827057915e-01
4.104481210870629115e-01
3.984596156513158793e-01
4.244228788744509040e-01
4.134106440066023236e-01
4.013009972967228611e-01
3.744828769968460702e-01
3.507043345542925072e-01
3.253290045271463593e-01
3.307482377729668022e-01
3.507999061235383409e-01
3.506074416114167147e-01
3.648112122545507097e-01
3.538337187859704192e-01
3.752070492447962535e-01
3.728653339072289241e-01
3.800708026200126932e-01
3.853501288517544032e-01
3.902842822049417126e-01
3.999973138750852475e-01
3.968093251703134205e-01
4.082480647663826456e-01
4.026385216013180779e-01
3.993697500952800294e-01
4.040939060403544447e-01
4.112417572804941690e-01
4.250245871590114799e-01
4.228757315764556379e-01
4.247113480285339415e-01
4.391998238098511198e-01
4.414485253053873626e-01
4.373614447164422825e-01
4.340676681770534451e-01
4.359297369095118668e-01
4.327044163181494874e-01
3.544253623634123218e-01
3.623074052485307228e-01
3.643641229681487959e-01
3.260739300017537201e-01
3.064758963174978312e-01
2.812704151567360089e-01
2.758556861429858342e-01
2.582320755326151795e-01
2.656372658763283545e-01
2.050433895144237739e-01
2.066748275726133788e-01
2.002078106654021916e-01
2.022700888710116662e-01
2.210848717222170801e-01
2.149846272667289004e-01
2.184265101225040251e-01
2.348856774430573557e-01
2.169087918542872695e-01
2.304553440200154124e-01
2.381947868534800838e-01
2.249357620756206322e-01
2.147710936914670188e-01
2.331609057798721685e-01
2.393216406801707830e-01
2.465384048868142775e-01
2.764719792810215737e-01
2.820411567408290243e-01
2.906566308183278768e-01
2.838521918801470423e-01
2.575561040058412243e-01
2.405531803281108771e-01
2.531943349767568630e-01
2.566776736508610823e-01
2.563217910031773683e-01
2.589151064681137204e-01
2.723994468440981698e-01
2.888994289338747135e-01
2.971828457155049064e-01
2.949613575871356530e-01
2.839024902203174383e-01
2.903245713502376479e-01
3.021481176346783593e-01
2.876275075833149009e-01
2.704680503053897844e-01
2.616609573098415686e-01
2.455604619746198924e-01
2.539428386515024672e-01
2.630587296247673401e-01
2.726488987144162213e-01
2.722834827681731018e-01
2.948696800421919395e-01
3.004971759283933119e-01
2.823954264897041710e-01
2.699942537199559456e-01
2.651183292859001783e-01
2.416160301066085647e-01
2.296631607907711203e-01
2.474439623416935241e-01
2.541215906139967506e-01
2.554963731334043975e-01
2.392114499985363296e-01
2.226099920572077451e-01
2.024195262034073906e-01
2.042023613852123609e-01
2.235829932822648025e-01
2.435394231487881256e-01
2.322635414234845430e-01
2.306691498269836937e-01
2.560997076115829052e-01
2.580701220963316778e-01
2.357014922143980673e-01
2.476332191131330740e-01
2.513086415596704759e-01
2.615269664017395024e-01
2.801519942968276333e-01
2.870901626316138544e-01
2.841360900726004890e-01
2.924300325453552118e-01
2.990621650762594341e-01
3.125772807702855705e-01
3.088620525863179922e-01
2.992563910511812919e-01
3.004918420363556497e-01
3.103834766064027528e-01
3.173605077261954510e-01
3.107297560691398841e-01
3.044233865262410133e-01
3.127854296575837134e-01
3.385944724445956178e-01
3.508676131170552770e-01
3.723505964602034091e-01
3.681720823023091338e-01
4.016276984396342509e-01
4.211728316943542105e-01
4.222441163137627962e-01
4.203937481514168906e-01
4.312904280491995923e-01
4.341683140547632491e-01
4.356922189498622089e-01
4.266403236994937842e-01
4.230851667585710518e-01
4.321735353601725005e-01
4.049999155899612902e-01
3.956828840349234100e-01
4.008059013255495517e-01
3.916531399047841755e-01
3.978158818785701434e-01
3.604287538571903649e-01
3.342506648567447614e-01
3.323805484124123799e-01
3.445761835999166522e-01
3.404197390551730873e-01
3.315391510788723295e-01
3.472950171276000253e-01
3.594101392232135761e-01
3.685846094626523128e-01
3.745388059206830600e-01
3.827732467902050240e-01
3.928688830875432525e-01
4.018482777992695709e-01
3.897209678105356123e-01
3.983707552211315783e-01
4.128178428935084243e-01
4.311969282935734782e-01
4.407853541278097254e-01
4.535811163647782140e-01
4.273558483626533344e-01
4.380061300000009372e-01
4.458592917468905403e-01
4.432628283127814650e-01
4.498828887116474440e-01
4.633573864121354191e-01
4.590575833751182055e-01
4.760242953669701627e-01
4.774284685304191478e-01
4.505492196068006661e-01
4.410008291944804704e-01
4.401865795520111257e-01
4.601733702738145526e-01
4.831677992027493262e-01
4.786508691885676958e-01
4.834112221031838796e-01
4.716484068670829810e-01
4.786173280075218806e-01
4.775316663203695300e-01
4.715450445833266335e-01
4.715711651758364154e-01
4.623365289666380717e-01
4.501730635393331736e-01
4.536558940120379857e-01
4.608419076218809862e-01
4.723072874657646691e-01
4.990295998317322290e-01
5.000514788321118731e-01
4.947121047242354908e-01
4.840460852083159349e-01
4.754042154168003353e-01
4.784720287014996298e-01
4.761758733740653615e-01
4.716939120713640188e-01
4.750710485520804327e-01
4.781016808989140277e-01
4.869834299702328062e-01
4.834883216681420404e-01
4.851835428689973417e-01
4.934781384572036744e-01
5.254918605506536666e-01
5.318075404155643282e-01
5.425541834343960979e-01
5.339720018845167671e-01
5.412893905633801017e-01
5.560330335180256878e-01
5.600819148942921544e-01
5.779578378308979358e-01
5.816446366137987267e-01
5.785890913207990538e-01
5.613408929730261399e-01
5.294660889720090857e-01
5.325089203803842208e-01
5.339204513646435002e-01
5.593731271454270848e-01
5.754926228053846016e-01
5.839940980373474755e-01
6.143463783950920964e-01
6.187174873645002737e-01
6.079176975352365009e-01
5.907734364183944153e-01
5.506031441876922949e-01
5.152213752070661235e-01
4.901006833409469743e-01
4.757691448568638348e-01
4.780986896320228996e-01
4.748550815612550546e-01
4.700689716737366797e-01
4.746363193686501947e-01
4.842606964966653660e-01
4.864668758354497857e-01
4.802427397846020796e-01
4.704810332793343264e-01
4.415418669687031783e-01
4.388675462188951215e-01
4.468992985951315000e-01
4.445265036115807478e-01
4.486994750459876724e-01
4.443214919850277389e-01
4.407799614787781262e-01
4.505640424388706045e-01
4.494281488680533787e-01
4.537052919072506740e-01
4.517701198721918998e-01
4.504896297765533797e-01
4.616335035490252703e-01
4.540570356063842739e-01
4.337697926889811928e-01
4.429556772244559459e-01
4.357560317129534067e-01
4.366214435376765679e-01
4.318158058542984623e-01
4.216111611587640695e-01
4.371224408030289776e-01
4.425013099821141771e-01
4.521622981325682522e-01
4.662864658680017649e-01
4.624382046435331906e-01
4.526447716516873720e-01
4.375546791295967797e-01
4.229332961046817774e-01
4.269746593778573907e-01
4.130944894672833323e-01
4.089528415291788233e-01
4.146774009514345161e-01
4.042440501109385576e-01
4.021692543725940427e-01
4.016452495445019810e-01
3.926395979328985986e-01
4.000495011157873537e-01
3.996016216377492603e-01
3.809743310358678081e-01
3.643461670047470347e-01
3.554354584684063512e-01
3.512977448631265376e-01
3.524901225126151894e-01
3.378569822764672659e-01
3.221788714606434456e-01
3.168146490927667425e-01
3.360046885138094352e-01
3.511523894320752737e-01
3.637949641697175718e-01
3.546959793431272434e-01
3.554167816969501237e-01
3.519769403257472784e-01
3.579793231445048685e-01
3.588877858626577377e-01
3.545131516023440899e-01
3.620344100048391023e-01
3.621779617620916047e-01
3.654797135984336198e-01
3.532771170704858688e-01
3.530470002191463674e-01
3.588211122335191461e-01
3.649284164563781352e-01
3.660413766943369507e-01
3.556206441215540304e-01
3.631765793268244558e-01
3.698696518614306150e-01
3.884545799486961992e-01
3.978389823200910169e-01
4.017989976548406728e-01
3.975459037833325437e-01
3.965733987802267380e-01
3.868185585936732562e-01
3.884392580219888091e-01
3.914599956205469522e-01
3.870234443334935048e-01
3.886593686994614383e-01
3.883087956773330629e-01
3.877731701880671178e-01
3.694921207686704401e-01
3.697778898707679840e-01
3.781366357069576578e-01
3.760588630708814328e-01
3.774179527793386502e-01
3.653797374394834319e-01
3.796426052473545476e-01
3.745343011950042489e-01
3.838721165054290174e-01
3.860999888133793134e-01
3.704808938592360490e-01
3.401810383553233175e-01
3.335009909083882507e-01
3.314448064299967966e-01
3.296452125348942053e-01
3.430982063688220451e-01
3.536199896054975089e-01
3.344149836106939944e-01
3.257503830185794480e-01
3.255781400832388761e-01
3.163136793882735387e-01
3.102380325344772927e-01
3.006299852075429713e-01
2.992291512566301881e-01
3.031079859423391754e-01
2.978535146890498031e-01
3.015740301796631107e-01
3.010850269846243599e-01
3.004362894307122667e-01
3.003911008466794152e-01
2.864603304216624124e-01
2.785043262428499866e-01
2.723417855692403244e-01
2.645911881865400939e-01
2.693571614596795838e-01
2.680136264223421660e-01
2.737538728373628549e-01
2.746339244822815773e-01
2.862906692701384648e-01
2.824905370149956019e-01
2.839232981442096349e-01
2.764229778907020263e-01
2.740348883905500688e-01
2.688345512379499147e-01
2.714957857265081209e-01
2.644343842123182409e-01
2.670160338967860758e-01
2.719157193866565958e-01
2.767731169040644756e-01
2.777228471965360601e-01
2.781634690987551672e-01
2.837618645881886392e-01
2.873934138728576615e-01
2.870350808032805512e-01
2.787269668738648343e-01
2.641342876721565758e-01
2.594878924949234889e-01
2.639034440101534762e-01
2.708206334684721273e-01
2.810252226163896805e-01
2.828365403880339635e-01
2.827670197026408427e-01
2.783249408130912261e-01
2.785523443705337221e-01
2.831320179432124107e-01
2.830073123007580960e-01
2.692048751183428457e-01
2.646360354379486690e-01
2.692298449416835049e-01
2.689033259468722181e-01
2.752871641058026730e-01
2.955395684852331617e-01
2.997807398055695183e-01
2.764204834739361627e-01
2.715298970118557031e-01
2.619190279092654117e-01
2.607185022982745903e-01
2.592840143604303593e-01
2.860028468271249014e-01
3.018969092123591769e-01
3.160146027960723525e-01
3.194200239166548050e-01
3.239480171229101035e-01
3.349222223443354962e-01
3.339582050756446652e-01
3.324874123511307178e-01
3.371632610647939954e-01
3.309708508181965492e-01
3.348688227808025442e-01
3.295488959741053603e-01
3.290547020598283412e-01
3.316178172956922854e-01
3.249150620094203856e-01
3.234462292100561687e-01
3.236071067466810280e-01
3.251914980696665736e-01
3.181574655489460834e-01
3.213156600361695148e-01
3.094130792868581836e-01
3.004338529353690057e-01
2.970255878727427468e-01
3.098725836555329405e-01
3.117573199376802995e-01
3.085595164432540227e-01
3.013485743286544727e-01
2.917707062986927280e-01
2.918442329158294490e-01
2.928768927855884829e-01
2.863704193045811253e-01
2.905132340494709364e-01
2.835876673316650720e-01
2.808943924645591061e-01
2.746906108679578740e-01
2.715627712026782992e-01
2.713472357224746001e-01
2.705560819336130796e-01
2.615347524644774935e-01
2.678536848499651901e-01
2.601715916543239637e-01
2.657191700193918260e-01
2.681636231555205585e-01
2.665659295072769774e-01
2.571072280451616177e-01
2.508792143120378015e-01
2.360426079913444664e-01
2.383854123603796615e-01
2.249700372043216823e-01
2.266060649809668315e-01
2.770726865221402324e-01
2.817409740359708703e-01
2.717523218340433533e-01
2.511216770667243914e-01
2.577462168575534451e-01
2.570572133072313026e-01
2.521878746245347358e-01
2.450096214538713124e-01
2.558350863089444704e-01
2.567613655133661466e-01
2.634158267909749718e-01
2.555780475307911637e-01
2.382196113208397970e-01
2.377829053001944692e-01
2.518597319336319806e-01
2.683172345227588518e-01
2.636700747523865185e-01
2.635117600051977704e-01
2.765536931334143800e-01
2.979291723295579564e-01
3.026350341302863622e-01
2.926199963200949439e-01
2.939023897986624001e-01
2.946354888374073111e-01
3.045968894789508052e-01
2.991044230556929029e-01
3.119495944175573188e-01
3.112937801796657467e-01
3.102912728131931308e-01
3.001678928128193036e-01
2.751647183305108713e-01
2.657510051768767756e-01
2.587516196193526130e-01
2.538858601441383311e-01
2.424834314455809881e-01
2.193662431637297128e-01
2.312578951218372536e-01
2.232855247475776517e-01
1.814200076737622069e-01
1.808312813332425550e-01
1.584927229647546121e-01
1.714837971468238242e-01
1.889102927360068740e-01
1.982978589141787262e-01
1.968302746513090340e-01
2.046654579956475595e-01
2.146421727418863223e-01
2.022055495141608927e-01
1.748389587584393834e-01
1.670099401767012048e-01
1.733366152716369901e-01
1.804709914548914829e-01
1.930417364169557948e-01
1.874957569453034600e-01
2.114465756199482016e-01
2.286106608267418905e-01
2.383672471450532238e-01
2.211272331301421534e-01
2.219602199349606508e-01
1.618595463803661760e-01
1.503070292771593042e-01
1.419802082235427643e-01
1.323138288334519408e-01
1.348143782901151388e-01
1.284643223940593881e-01
1.254407578070046436e-01
1.222337957574676504e-01
1.212943292953215096e-01
1.147859320188603371e-01
1.167279251733564505e-01
1.134977985272030837e-01
1.032991726210504002e-01
9.845941237634453502e-02
9.856031744268162198e-02
9.718523468607043192e-02
9.041340904175615423e-02
7.257037590736691024e-02
7.244533778619506592e-02
7.131885050093840495e-02
6.731003437911593779e-02
6.534001208595749399e-02
6.540762489971164995e-02
6.413624795608825757e-02
6.520651891961355695e-02
6.745657007219710288e-02
7.251721224959550849e-02
6.324431667271925017e-02
4.248048809300022932e-02
3.874985684280154302e-02
3.886987952524334489e-02
3.718645838099660095e-02
3.532608793254192470e-02
3.200246534557644323e-02
3.070312900336230957e-02
2.787137929086890356e-02
2.806226048548127877e-02
3.556974781666209784e-02
2.441311368743455390e-02
2.720781241635443840e-02
2.470847310707311242e-02
2.809392481756350229e-02
2.801441289603965809e-02
3.143857648766155977e-02
3.498309082074112231e-02
3.967663760456315719e-02
3.810849779572941104e-02
5.767792712016682477e-02
4.733852869485470627e-02
3.940316662906875878e-02
2.777537372814095976e-02
2.379721002590906576e-02
2.474404395948560931e-02
3.726550925174814538e-02
4.321760392191998507e-02
3.799262846121825160e-02
5.300511217022252364e-02
5.264043440659842144e-02
6.982435555327394516e-02
6.256807033915558203e-02
5.812716598567719412e-02
6.300211128665304805e-02
6.538344514457447576e-02
7.079515350996642975e-02
5.634292010573586917e-02
5.542798048466031358e-02
4.139101483118795555e-02
4.276355472605122138e-02
4.421374488165066841e-02
3.686402903724085578e-02
2.903078581961543100e-02
3.106253901839258966e-02
3.044851811061978497e-02
3.503231514856903345e-02
3.861023234282493638e-02
4.316408668504562174e-02
3.966390399310599363e-02
4.264397088409907499e-02
4.461897725030112422e-02
4.146371047167388135e-02
4.861359652259666930e-02
5.797868039017793629e-02
5.701937868818008487e-02
5.910986064346402530e-02
5.706823979294674970e-02
5.486097790885165193e-02
4.965458520479563292e-02
4.908647592732149484e-02
5.074223296737293692e-02
5.464708913776167992e-02
5.916975786618505762e-02
5.701886400215670780e-02
6.182903935292259623e-02
6.038444433637015635e-02
6.311861002624064021e-02
6.406972380020065083e-02
6.876264523197830880e-02
7.183855369921600398e-02
9.025085674264879398e-02
8.794878442051799750e-02
9.914896998025359010e-02
9.902385261788253235e-02
1.165142231078547669e-01
1.276400419011610721e-01
1.307472318012180834e-01
1.398137647006335027e-01
1.496117955040968395e-01
1.306082901399576168e-01
1.442097724149079552e-01
1.428462807642917887e-01
1.390673436410824193e-01
1.379095703715053356e-01
1.559876283173134981e-01
1.528793475677881764e-01
1.413736424561801153e-01
1.398280979529763768e-01
1.480241068576983732e-01
1.570125489313443923e-01
1.626286531921523337e-01
1.595560521722094727e-01
1.567625807185620834e-01
1.658540625671383884e-01
1.663464205579761879e-01
1.701215039297159504e-01
1.676346554397421806e-01
1.683766687460223066e-01
1.684317095428969902e-01
1.636905848120201734e-01
1.599808313102690505e-01
1.616219153858694801e-01
1.648860277342352465e-01
1.557394082350306297e-01
1.572501829719477606e-01
1.557482874487135238e-01
1.577363015877292773e-01
1.592891613383019822e-01
1.638277064743584310e-01
1.717602747719585154e-01
1.782805304699781601e-01
1.798243666990010370e-01
1.840827852389801123e-01
1.855183345975809361e-01
1.882534368981712836e-01
1.872952156731131079e-01
1.871823008922542109e-01
1.825521902494444959e-01
1.765545985815501207e-01
1.735084241364436286e-01
1.679212826496801203e-01
1.676533661700537470e-01
1.610440245439742624e-01
1.502325137635430741e-01
1.488567157558347009e-01
1.490646734611509316e-01
1.488895123746755145e-01
1.521953201265801026e-01
1.520943469548413640e-01
1.517383822422952444e-01
1.533934061259909498e-01
1.458231863305314846e-01
1.471802327772419872e-01
1.515581777098046756e-01
1.535752873791464135e-01
1.470636815598004299e-01
1.645939737447228435e-01
1.678199332755803963e-01
1.706428239063930152e-01
1.586417495770526820e-01
1.569526169920926750e-01
1.672563463918012305e-01
1.727704227757536903e-01
1.746832977808206178e-01
1.564549747890988107e-01
1.474850688815557975e-01
1.391275306245658983e-01
1.271725229726612949e-01
1.196293873773627142e-01
1.290011588301479828e-01
1.247101227714569882e-01
1.371425687252365300e-01
1.330712928628717817e-01
1.405721425305635763e-01
1.343244974943368364e-01
1.341846086810588035e-01
1.421512220182221675e-01
1.486266176645681947e-01
1.577041602462373460e-01
1.534334102839682024e-01
1.359045930526429080e-01
1.275846213554153452e-01
1.213850093779460376e-01
1.214529221371743184e-01
1.092379375292971272e-01
1.087878929481068957e-01
1.181963914493227158e-01
1.179893179802972980e-01
1.241843088533893247e-01
1.213061706058092687e-01
1.315689819184574783e-01
1.382181704557715329e-01
1.430448881642694681e-01
1.436136774236118074e-01
1.290424490089971954e-01
1.343056507519754528e-01
1.326369865542831317e-01
1.443960629885004121e-01
1.428853236697365248e-01
1.453387927779939692e-01
1.552027979554953252e-01
1.474581116732425756e-01
1.578912276067056530e-01
1.773720636790740157e-01
1.849599670775426141e-01
1.829146680981425521e-01
1.329435282565180343e-01
9.923748763010986629e-02
1.003339387585980153e-01
9.640209500587401670e-02
9.793797695721492835e-02
1.074050036569777627e-01
9.914099634567355435e-02
9.115758836276786903e-02
9.340812855252211833e-02
8.085487364788263021e-02
7.678261743633744973e-02
5.765870159786649213e-02
4.618822019824225800e-02
4.354938200702030554e-02
3.641789730759491944e-02
3.824972945033611876e-02
4.379931819855953368e-02
4.392793179870189968e-02
2.694554026129952762e-02
2.841356135984914738e-02
2.942689229577430399e-02
3.619486181379321516e-02
2.017601157952175067e-02
1.418095098345887282e-02
1.598008269733712863e-02
1.883580613503224935e-02
2.468670373453460756e-02
3.070257705625911368e-02
2.926572155496868013e-02
4.171085761479004228e-02
4.104590300104668521e-02
5.695391315113498137e-02
5.724312523559879629e-02
5.465112836296524834e-02
3.818964178801915327e-02
3.321195405265423700e-02
4.526927560131299710e-02
6.014202229916808945e-02
7.700749625434358259e-02
1.181967746869153346e-01
1.291388381477573399e-01
1.099303283400000913e-01
1.045522416162761592e-01
1.004094853288000494e-01
9.757764626038235856e-02
1.464013826125835083e-01
1.585906677036824364e-01
1.666764103103503813e-01
1.299559107267659330e-01
1.184827276854577977e-01
9.685371774745710205e-02
1.067526544112394477e-01
1.306477215071109033e-01
1.395101515972708428e-01
1.476045867667046541e-01
1.486103820156667865e-01
1.416420797129962772e-01
1.333196574246570953e-01
1.280776035500067744e-01
1.287432854021054451e-01
1.352800648809695805e-01
1.444851385546382927e-01
1.451243800016239760e-01
1.525126419905584174e-01
1.538181939809287746e-01
1.659520913279900756e-01
1.679129027897645621e-01
1.576103588242060982e-01
1.656653589359128598e-01
1.712766057096211103e-01
1.893421257921065470e-01
1.952749567343763093e-01
2.003441511403283581e-01
2.014611429552938260e-01
2.014585656647943646e-01
2.125892934428940950e-01
2.039706976714266984e-01
1.979670440811539533e-01
1.848297967228582916e-01
1.682832304377706867e-01
1.336499405707295418e-01
1.407248221601020977e-01
1.261683982305084606e-01
1.185707518249775327e-01
1.455177722298821308e-01
1.513947706275061145e-01
1.608442361007205723e-01
1.523175641021881910e-01
1.490970776294466282e-01
1.395409465392779547e-01
1.415898449134081472e-01
1.304557303076876451e-01
1.164699877764446140e-01
9.820937546263262818e-02
1.151324821335706766e-01
1.020455510983923481e-01
1.026275909921579993e-01
8.582719474851863151e-02
8.190083398675360171e-02
8.427754849960404637e-02
8.136514044988925332e-02
8.244669328162393396e-02
8.668872663409507573e-02
8.117155153445512750e-02
8.323637570048265932e-02
9.489349347998329853e-02
1.171546404946252201e-01
1.484860169286096876e-01
1.556771443971203539e-01
1.678340522101627874e-01
1.474709061835073332e-01
1.583531106871532423e-01
1.474882508513347124e-01
1.367405041861544379e-01
1.306215294155175233e-01
1.132771883633032495e-01
1.046906796264724798e-01
1.054810215732699813e-01
1.029222188090051088e-01
1.025209017292585262e-01
9.645904912049223234e-02
9.738362623616285407e-02
9.287227214140351961e-02
8.779192952849684817e-02
9.252431544295168508e-02
8.277341069392608885e-02
7.191767315286394513e-02
7.332627603929753324e-02
7.225167732769174900e-02
7.766963414456859449e-02
8.574808616240166270e-02
9.320513803372713901e-02
1.018074965079431987e-01
1.039156502951759098e-01
1.034866111763264734e-01
1.007526894723720784e-01
1.058954239454771157e-01
1.093666975458772728e-01
1.001307615169912402e-01
1.004382273288935840e-01
9.611294245869272945e-02
9.170963526684357270e-02
9.589140670274778899e-02
9.448270470038327984e-02
8.514615845994011334e-02
8.524045111468500635e-02
8.547396157813819118e-02
8.670058076888978449e-02
8.045262370409468622e-02
7.878184395976743637e-02
7.421336782859086489e-02
7.319757218968732382e-02
7.347646906098485864e-02
7.312398298237500482e-02
6.368185457322901588e-02
6.807434744810440808e-02
7.153341194203681475e-02
6.507366307358765367e-02
6.386325060830476408e-02
5.925854392681637745e-02
6.361134629565681764e-02
6.897688036608083662e-02
6.658696313933348820e-02
7.560054553612054196e-02
6.760247871134758557e-02
6.520364937069678124e-02
6.386918703779526085e-02
6.407915205982880891e-02
7.362557722232297708e-02
7.442208509823305951e-02
8.161501076898272644e-02
8.225984974550845652e-02
8.552431198513066324e-02
8.835715118944535706e-02
8.538782419015450431e-02
8.284673981789798802e-02
8.868271791692701467e-02
8.722494308372760741e-02
8.598048802692981329e-02
8.688804358505607117e-02
8.576799111977267964e-02
8.547338096920052697e-02
9.211780889021056740e-02
9.295138567525162987e-02
9.881381959044792385e-02
9.849936102968498419e-02
9.853534084772454238e-02
9.793029577447710798e-02
9.856059726737328996e-02
1.041630880217720712e-01
1.070142049586425420e-01
1.091588729348960951e-01
1.100852522520552046e-01
1.105343830890593015e-01
1.098183851006589717e-01
1.095993624174217834e-01
1.083007823672954562e-01
9.994092082515887432e-02
1.012507175718924818e-01
1.013990119771619736e-01
9.742887550074746938e-02
9.645856002194280743e-02
9.555627928848266228e-02
9.352779358018398215e-02
8.715957350285914729e-02
8.250577996522923119e-02
8.060149517409584408e-02
8.286109919430936777e-02
7.782217953473231919e-02
7.402631604979663382e-02
7.412081115043420154e-02
6.575963126188348606e-02
7.054677602329911812e-02
7.271030885426392476e-02
6.993287074913553947e-02
7.410044484362041106e-02
7.454557703004013880e-02
8.345747972609317278e-02
8.654258420993551915e-02
9.001020836877841880e-02
8.434631681600544828e-02
8.163157687467709200e-02
8.635667403512557738e-02
8.877735033917558138e-02
8.991651574817915993e-02
8.845122276235550807e-02
8.498816893603575173e-02
8.769306935600766628e-02
8.744626275112464542e-02
8.957832158006792667e-02
9.225684056385061171e-02
9.364286357498263769e-02
9.426292008510661624e-02
9.550938319211677019e-02
9.432448218358388536e-02
9.387650806742126042e-02
9.174434251965320197e-02
9.336834735487130332e-02
9.809410838767464169e-02
9.925146899138782841e-02
9.933732013466332889e-02
1.000726906521622467e-01
9.852962037343389323e-02
1.036886038600753762e-01
1.025542700188708523e-01
1.068078574465741448e-01
1.061648006133073252e-01
1.060784810763859692e-01
1.101452597789011473e-01
1.095750903058645698e-01
1.012683335216367775e-01
1.005530609670987341e-01
9.391350587725628973e-02
9.523147706868803630e-02
9.457463133018001455e-02
9.320672394872571431e-02
9.438710152590935876e-02
9.437663351777532406e-02
9.363273869105726011e-02
9.503437896241456739e-02
9.776555601635669723e-02
9.444131842271499822e-02
9.359616212239786626e-02
8.861473340350124739e-02
8.671437573945854627e-02
8.657933937130828095e-02
8.756868498841099968e-02
8.652332063858861333e-02
8.943766748650396059e-02
9.236223620779371313e-02
9.333274888799052149e-02
9.962098877432495891e-02
9.915431050672839086e-02
1.013764096261097480e-01
9.453533131246193155e-02
9.521233524259670178e-02
1.025106346486762410e-01
1.018985579925142243e-01
9.866867004398480190e-02
9.716024349140746363e-02
9.724863388963086996e-02
9.015142065525583170e-02
9.106689670694612104e-02
8.572963698144724087e-02
8.488777430574317995e-02
8.437343974298923410e-02
8.588107069934690363e-02
8.569096606505480218e-02
8.469718869013621865e-02
8.403978446031744320e-02
8.255570199813050403e-02
8.291208745144980352e-02
8.229233770972609052e-02
8.317462298018631073e-02
7.556597889560531800e-02
8.006849919383046688e-02
8.081525345755818934e-02
8.001512315108383344e-02
8.056919268229922881e-02
8.120325339333175907e-02
7.973890420311972871e-02
8.274316198902495478e-02
8.863413355345257927e-02
8.808944757058263797e-02
9.475661195893346489e-02
9.891604224778731413e-02
1.004964071347167615e-01
1.051302272189995196e-01
1.028108120663572822e-01
1.041515698778800875e-01
1.036662628748447612e-01
9.490926232120684702e-02
9.854883121727411877e-02
9.651937740327405646e-02
1.042217221381932096e-01
1.019275330125259255e-01
9.899686151958335401e-02
1.002665992112153348e-01
1.013589553538035426e-01
1.000154859740547270e-01
9.959411299182338584e-02
9.745768332024130898e-02
9.498780593795849714e-02
9.341448905358257226e-02
8.963764010120491010e-02
8.524753269788383492e-02
8.578459932294042745e-02
8.398712708459979415e-02
8.121066457931183646e-02
8.027290112460942761e-02
9.131401285486387409e-02
8.977234905942051146e-02
9.446984548143520788e-02
9.799185752380711045e-02
9.223154957053848746e-02
9.692539807414563002e-02
9.307634041824952575e-02
8.936986725237289209e-02
8.698176162332081629e-02
8.450468706952876663e-02
8.285561506232720641e-02
8.367751456527233733e-02
7.961409853510280354e-02
7.364960569470019314e-02
8.062421013925914759e-02
7.815311888497150639e-02
7.504680674439961896e-02
7.087483772231951973e-02
7.086824082437295780e-02
6.940058919894258327e-02
6.297248306185275479e-02
6.559932567199106002e-02
7.196408031401566041e-02
6.994131952231275040e-02
8.041744735722554382e-02
7.786302326176562649e-02
8.751639339234740245e-02
8.670524313711557018e-02
8.508165622735811007e-02
9.687680661297749796e-02
9.193495784373485746e-02
9.067318046201525150e-02
9.689064079964601617e-02
8.893607261356641092e-02
8.440121870203237675e-02
8.675319501308943748e-02
9.180391682533479980e-02
9.755085300855477481e-02
9.031975693173199815e-02
9.498689683115782434e-02
1.028242866854054693e-01
1.109861696167062373e-01
1.024370290535034228e-01
1.080135707914659515e-01
8.954608677350753276e-02
9.666686839005803056e-02
8.123693362726358558e-02
1.004811840123759209e-01
1.089014594640172889e-01
1.148096611539702466e-01
1.182702456978517308e-01
1.089288290666234615e-01
1.100872371688599582e-01
1.190700617678494139e-01
1.207965659129893177e-01
1.211106270618415581e-01
1.376496795344279989e-01
1.344720684866173022e-01
1.283251872949485728e-01
1.337665239248596316e-01
1.372321439194811310e-01
1.383712832791226255e-01
1.383260089936920734e-01
1.401926468613748922e-01
1.490333846454271749e-01
1.408333798582284968e-01
1.417721247883192981e-01
1.435024415584359725e-01
1.352405378274746384e-01
1.309148617904188905e-01
1.246685778004559958e-01
1.196643146814427017e-01
1.084653974444817204e-01
1.075270216799626422e-01
1.048488631072376220e-01
1.037336493388359010e-01
9.914976057236229989e-02
9.671675818571201511e-02
9.604161625807004776e-02
9.664418960009715787e-02
9.657962743169122566e-02
1.010907488933849296e-01
9.961053084360697862e-02
1.009173321337726581e-01
1.030855173452921436e-01
1.081185544238138646e-01
1.023123834383008329e-01
1.029512899904453799e-01
1.017017488532041131e-01
1.018497803175833355e-01
1.029972138069084331e-01
9.868560205019925868e-02
9.820093240513938504e-02
9.754782625603947155e-02
9.714874634778412898e-02
9.795372404265319244e-02
9.958170332789126333e-02
1.024116474205300636e-01
1.034902345213185443e-01
1.028877464057796481e-01
1.032806949683920950e-01
1.133939293328253411e-01
1.102286496368027890e-01
1.082838605035340296e-01
1.078492058759451394e-01
1.017421385926301075e-01
9.807912970113817630e-02
9.373316995035789467e-02
9.303490954323791196e-02
9.224750287881930411e-02
8.584276017030699479e-02
8.576018442658010776e-02
8.925032345104171039e-02
8.680892634636028227e-02
8.962903954896365988e-02
8.493784837449253056e-02
8.604298465355202097e-02
8.477095691391559051e-02
8.605628107341399546e-02
7.942026792182955985e-02
7.889273864868419361e-02
7.566601033144999822e-02
7.175787616278658798e-02
7.652519550239476886e-02
8.534449134237860612e-02
9.343536050853717967e-02
9.453030789427337155e-02
9.116572620584610653e-02
9.153361322080690032e-02
9.166674631091351055e-02
9.284140290769572756e-02
1.086781685821319038e-01
1.079112009368452113e-01
1.236164936471072784e-01
1.185828165588805466e-01
1.179151480002366276e-01
1.183589058411379374e-01
1.256311753498404737e-01
1.279019357314868377e-01
1.285755873448048980e-01
1.296503345391574469e-01
1.305383588283139107e-01
1.296328375015944612e-01
1.340972378142846755e-01
1.333384656502765997e-01
1.394868698289236097e-01
1.549401233163169023e-01
1.595808033813672089e-01
1.688173955755947475e-01
1.717636040340884962e-01
1.715620128553399515e-01
1.660834045983686225e-01
1.563409275488794048e-01
1.607257461964945178e-01
1.556294194171713996e-01
1.535913885391995692e-01
1.495989324986416735e-01
1.551474126373733886e-01
1.500238190141453820e-01
1.411132099767269110e-01
1.410933180686472499e-01
1.366093721057111965e-01
1.283917629021504025e-01
1.280115733516559717e-01
1.322358547140803642e-01
1.346124671192180100e-01
1.296700652990570302e-01
1.320733851549057702e-01
1.337191998056302955e-01
1.289010929883585010e-01
1.275451037388980746e-01
1.262768538857086120e-01
1.295788547982370809e-01
1.298572642288589318e-01
1.294706283453996576e-01
1.242983975212514081e-01
1.262106021068094275e-01
1.211145742527046515e-01
1.210065055230412634e-01
1.232900427685166139e-01
1.184506921880702640e-01
1.086710610264842169e-01
1.094704422858478743e-01
1.158390964069124229e-01
1.115260776727418635e-01
1.126510441200133661e-01
1.145604407788378132e-01
1.122762430086898799e-01
1.108118775608260831e-01
1.070809377046220146e-01
1.062052185103138507e-01
1.072212901962771997e-01
1.087326242174841140e-01
1.059948311007946065e-01
1.057739069137860061e-01
1.064934827471150092e-01
1.127077824855788474e-01
1.149281153392190530e-01
1.269458071599030291e-01
1.214952707941752974e-01
1.157760553567122597e-01
1.097116200681777093e-01
1.096826156991239642e-01
1.056743805491091454e-01
9.837714685519247104e-02
1.011217299828756910e-01
9.973400684649078030e-02
9.597797506283084479e-02
9.556462851811371728e-02
1.019146866714904370e-01
9.988412590240663969e-02
9.906193009635924640e-02
1.077700060215545097e-01
1.071981227363800748e-01
1.074014613775393506e-01
1.114415942861615716e-01
1.299937595373288068e-01
1.336113650771876549e-01
1.322508312642272921e-01
1.333369182329201819e-01
1.308299745301977901e-01
1.283219276800422470e-01
1.300154656723213897e-01
1.346946340670744369e-01
1.379649103779899966e-01
1.450018857508007519e-01
1.429734673671459455e-01
1.428678356038020070e-01
1.399490245503149932e-01
1.389573368943712306e-01
1.242770635321486794e-01
1.075792997286542374e-01
9.834934059206108803e-02
8.830354395107013754e-02
9.236288673859627263e-02
9.329345806562099053e-02
9.135973619257302392e-02
8.873349683076614536e-02
8.301081659948159053e-02
8.659438236561506352e-02
8.425126410537801813e-02
8.307192733297191767e-02
7.266595493086572266e-02
7.795806426640886078e-02
7.842032383711575183e-02
6.808560936814762876e-02
6.034749198721336971e-02
5.927890628821287644e-02
5.981302957321232849e-02
5.824066384275315700e-02
5.635575347819617165e-02
5.413789259865928183e-02
5.140185022210468080e-02
4.937892147179351321e-02
5.666889876729293979e-02
4.910747044645837056e-02
5.401805992382185256e-02
5.095934787576315850e-02
5.191284399116817549e-02
5.351787825898998013e-02
5.323498067964355096e-02
6.232884579559418853e-02
6.206425150327728180e-02
5.294216968390121764e-02
5.446039892352043388e-02
5.264332369943274664e-02
4.839646250024608881e-02
3.839961156738988524e-02
3.359415750426445607e-02
3.144077349246428982e-02
2.932937865846107009e-02
3.088135055956005293e-02
2.984114673122255021e-02
2.300036723948907166e-02
7.050550574895358968e-02
7.602556704173071833e-02
8.520881901212956633e-02
9.922324469586865647e-02
9.933581498691451683e-02
9.529961296060146525e-02
9.470222639850400803e-02
9.332245590720289474e-02
9.353912460378616123e-02
1.001288967248043227e-01
8.044583567853384742e-02
7.237197375316464787e-02
7.807572208796714763e-02
8.464157106293468402e-02
8.407418957379191038e-02
9.085969411295687082e-02
1.029162971624780348e-01
1.037985017334024512e-01
1.233315768037934468e-01
1.234260238117200897e-01
1.219037099591659401e-01
1.278216344497373202e-01
1.273983240933053984e-01
1.356748043366200751e-01
1.573479335900414000e-01
1.544346803850806804e-01
1.536750684923185450e-01
1.518962811786827016e-01
1.629147942209266953e-01
1.565834954018016922e-01
1.541362726093844782e-01
1.507361759169725535e-01
1.705848411332125114e-01
1.737338481405574786e-01
1.947866402652107254e-01
1.972689502829902131e-01
2.116433253751366372e-01
2.125174751903444736e-01
2.319524039878863575e-01
2.502043794396186516e-01
2.468795749066895195e-01
2.661462945873674379e-01
2.709969227417426407e-01
2.835689558939344934e-01
3.014033631881333219e-01
3.063623508826734398e-01
3.201575416852841527e-01
3.163665763417728982e-01
3.247533467787592221e-01
4.431171092509506027e-01
4.396647093798035644e-01
4.305575656692727238e-01
4.263211412987542581e-01
4.362282592082522559e-01
4.394028071725209483e-01
4.454477061394370163e-01
4.480299060428823421e-01
4.280598369256199409e-01
4.269767388205732428e-01
4.211267526260349947e-01
4.214896956345808299e-01
4.251884889500139875e-01
4.240474734721829675e-01
4.250085487199551371e-01
4.254582592448132861e-01
4.446210673898607357e-01
4.490981493786882495e-01
4.504584603164706325e-01
4.412376491356896913e-01
4.412129566893315813e-01
4.394003575182446886e-01
4.451063529412933040e-01
4.438274055877735602e-01
4.392253624532585499e-01
4.409361285104596573e-01
4.364237877143760658e-01
4.010687699949780360e-01
3.799237129218360209e-01
3.738994261383803419e-01
3.698711299766903604e-01
3.643221253119555136e-01
3.614642139301642021e-01
3.590632389656620016e-01
3.567723573239018342e-01
3.538838111215016902e-01
3.382904966872712360e-01
3.387009598722557913e-01
3.406253265188299850e-01
3.425273592043999726e-01
3.430795329409699335e-01
3.424372437668843916e-01
3.419243147003028782e-01
3.442882726731102960e-01
3.221157845005944709e-01
3.269424960278035641e-01
3.312269946385806851e-01
3.251295108540821488e-01
3.276812837935855760e-01
3.119782993191310694e-01
3.148310042092728467e-01
3.008237302194362028e-01
3.015956301027614139e-01
3.035554890902976144e-01
3.047266203948450491e-01
2.910049928758253746e-01
2.858080637482438568e-01
2.872612974127465302e-01
2.860943438755064738e-01
2.859227775894318535e-01
2.866106508174532386e-01
2.892766070103915954e-01
2.911349186996839422e-01
3.049491942536373679e-01
3.063735807440734482e-01
3.062154227074914137e-01
3.061227431425171397e-01
3.052813354912808363e-01
3.067878170840251939e-01
3.090273070652917453e-01
3.129760997862098271e-01
3.460457568721987953e-01
3.482476108353407263e-01
3.459400131457189831e-01
3.460914391479682495e-01
3.476058973797540586e-01
3.446068976798230543e-01
2.948887212017816672e-01
2.923444033825418065e-01
2.920142328206749571e-01
2.916240214700906996e-01
2.818763618083615641e-01
2.817416614438699174e-01
2.803780896846008175e-01
2.802201911782216115e-01
2.805309570813686593e-01
2.763014529073421488e-01
2.753211895179202839e-01
2.753456253056789649e-01
2.750346019391050612e-01
2.740144564158803475e-01
2.739185974916754085e-01
2.510618666443987790e-01
2.500049406803973029e-01
2.470251490286493323e-01
2.237097437558439039e-01
2.229561648391818751e-01
2.245704611975943010e-01
2.002054374134757952e-01
2.009199020081681164e-01
2.017337153757628454e-01
2.032907723096264441e-01
2.045864452716425197e-01
2.087590810310982203e-01
2.090024311317549288e-01
2.083896713648627497e-01
2.051226009239608405e-01
2.045840784326503625e-01
1.787545568658069350e-01
1.706052257338381561e-01
1.715251299160667486e-01
1.653210645558585712e-01
1.754546315084455632e-01
1.736479447469686521e-01
1.692486969946439823e-01
1.698536671134559251e-01
1.699465596237004217e-01
1.712153496743550329e-01
1.743839855608077249e-01
1.719754457667314607e-01
1.676913890402594864e-01
1.646562649282552471e-01
1.647244254816992437e-01
1.625584368915078404e-01
1.632209389978939162e-01
1.659771451502642381e-01
1.583996387324635713e-01
1.695017577864771641e-01
1.696580089787497192e-01
1.722084708713206291e-01
1.484024262412337591e-01
1.585581016009879884e-01
1.457196233648039019e-01
1.440886812457487232e-01
1.373176995384335630e-01
1.375087079580770144e-01
1.399474464047924804e-01
1.428734115506715419e-01
1.447324717381398562e-01
1.426891425598098007e-01
1.407958968014338674e-01
1.437468413356244867e-01
1.416543103150106064e-01
1.430996123814421706e-01
1.395896480224289582e-01
1.330783419098759135e-01
1.370616639124859482e-01
1.323083235181069239e-01
1.335168772950484084e-01
1.399931640907140229e-01
1.409963326626008373e-01
1.418752190313589123e-01
1.500110869256922053e-01
1.524171526464800364e-01
1.546824812461269072e-01
1.514130854231391654e-01
1.556592781144036930e-01
1.576028127226443976e-01
1.563378106605327056e-01
1.519779211613922487e-01
1.574482809324989074e-01
1.623105000289247479e-01
1.619692234988073798e-01
1.624454726123883974e-01
1.605291651305974787e-01
1.617309409226381500e-01
1.644233463834692821e-01
1.661335239870067038e-01
1.739584195181060611e-01
1.725867683916787465e-01
1.750105556312664401e-01
1.786013078145513577e-01
1.819314079554288366e-01
1.834951191883772981e-01
1.875997490031976744e-01
1.915617227765258612e-01
1.887776172499486815e-01
1.819504579299032754e-01
1.777392610293400677e-01
1.797655849427978736e-01
1.755283989287925728e-01
1.755896635794549354e-01
1.771288446734970157e-01
1.745252942230850757e-01
1.726230782339527592e-01
1.713300703507507627e-01
1.640975790830861425e-01
1.592664857802558731e-01
1.544234613179237547e-01
1.442353069373615293e-01
1.405292703774728702e-01
1.388214723964248110e-01
1.404856287893148925e-01
1.395288822671559847e-01
1.385702148370596409e-01
1.551531355879312568e-01
1.616122632645006774e-01
1.663475651470366634e-01
1.687126567513916875e-01
1.792582253044426588e-01
1.779089357574441255e-01
1.780256964406712605e-01
1.760127243578117895e-01
1.711064553554449974e-01
1.737493222270308779e-01
1.789586033939321308e-01
1.666533091711531189e-01
1.663189221924767924e-01
1.735945916501989705e-01
1.784360928943065361e-01
1.794536880540655577e-01
1.790866403130710605e-01
1.786780531752243939e-01
1.744408877359867605e-01
1.919164050598951565e-01
2.001945149342831964e-01
2.103226824035935583e-01
2.258215759332649342e-01
2.305938913258197831e-01
2.301869497049654489e-01
2.347268416597675655e-01
2.404631427780541675e-01
2.482280049054204629e-01
2.528327250305951734e-01
2.596940317844999568e-01
2.642415664905522488e-01
2.833199901627997397e-01
2.531195902615454019e-01
2.579891014222907564e-01
2.521559098847651614e-01
2.588610684546556184e-01
2.452265913292447641e-01
2.382432581768858804e-01
2.388679638010340334e-01
2.262836495942848192e-01
2.001650565356553335e-01
1.946776814225764929e-01
1.906427536022963221e-01
1.893694580859816012e-01
1.763549335222129033e-01
1.748310904318152170e-01
1.637767891746201021e-01
1.783163139974700273e-01
1.821603283560966346e-01
1.686861631190244015e-01
1.007673994826915886e-01
9.503735148464953486e-02
9.006650640248858863e-02
9.083665372923659109e-02
9.261168138165298824e-02
9.574401868688867112e-02
1.019581175014026148e-01
1.005628383092388028e-01
1.033359423667274124e-01
1.056828810043300704e-01
1.089164599388320054e-01
1.100950749437322462e-01
1.061734384988381741e-01
1.124447256267116085e-01
1.148762521292549244e-01
1.233521028810127401e-01
1.330786343599543731e-01
1.343780697317971951e-01
1.470892978098072845e-01
1.502178870750573714e-01
1.609047405511971895e-01
1.561598210893638261e-01
1.647195603681666232e-01
1.675405162922283808e-01
1.762430624276159763e-01
2.201592218482547325e-01
2.322634734267006729e-01
2.357947188434644514e-01
2.367958047197810667e-01
2.399880845638915905e-01
2.452513222233513313e-01
2.468906305284534752e-01
2.617399924615973483e-01
2.695890758512662910e-01
2.864560304436640781e-01
2.980897845712189853e-01
3.231825576509316789e-01
3.456405885963434454e-01
4.060340650815849051e-01
4.284637440262205610e-01
4.379201043571451790e-01
4.430590163539733783e-01
4.460288240143460703e-01
4.584512777410463258e-01
5.775178592981342618e-01
5.975593532847272016e-01
6.077415554529115305e-01
5.952585828086099928e-01
5.900966009297801129e-01
5.881102571239607002e-01
6.046746079793277051e-01
5.926150835672322481e-01
6.121013273608838512e-01
5.760172071326640220e-01
5.731092851017534073e-01
5.711022716119142917e-01
5.562912570837211801e-01
5.589985512340303053e-01
5.257354884140765794e-01
5.207970964144484904e-01
5.145391043657324692e-01
4.984321559607788887e-01
4.865487331035482366e-01
5.041563490372797940e-01
5.059088807430912604e-01
5.240022255133545137e-01
4.751304196749124298e-01
4.732961942438604352e-01
4.641148081407475146e-01
4.418009726027401496e-01
3.560326152858735993e-01
3.088101311446905806e-01
3.112031329065156338e-01
3.079778831918002502e-01
2.804302096051760618e-01
2.713575385407646645e-01
2.694664105907859097e-01
2.834719425469511278e-01
2.793984576564637612e-01
2.931355809473707996e-01
2.918692188097430362e-01
2.839371718358648100e-01
3.016456202646814466e-01
3.025731843374127039e-01
3.133994162329871713e-01
3.026763057999887208e-01
2.914673289670988710e-01
3.046467449325401255e-01
3.219028240828237797e-01
2.914346049325266530e-01
2.959579263568999918e-01
2.757213933084830537e-01
2.817912657368595863e-01
2.707872820703544625e-01
2.791856106944558547e-01
2.638737150827121791e-01
2.665313291805720963e-01
2.709769554760904642e-01
2.676499981246634463e-01
2.636894180686833455e-01
2.632336994365941929e-01
2.662572861065348739e-01
2.658023756683561278e-01
2.605801908316311977e-01
2.547947151508669905e-01
2.683486085262696275e-01
2.661028957221399094e-01
2.614941890902605093e-01
2.577821640714990648e-01
2.568129424985707843e-01
2.628164014307782237e-01
2.505741338959789899e-01
2.266396969909234560e-01
2.146919543660568974e-01
2.179338309010369623e-01
2.088667442866913582e-01
2.071670927284444963e-01
2.111850940827212364e-01
2.142147108956439228e-01
2.059920651634317146e-01
2.046131255107630220e-01
1.873368484140433832e-01
1.932558857031035360e-01
1.974597007804949900e-01
2.021680460515063726e-01
2.054955787918682220e-01
2.148272694056658494e-01
2.131387557519507647e-01
2.287510707863084636e-01
2.403062077267619778e-01
2.452750478942329337e-01
2.522109736905855937e-01
2.632470560531188775e-01
2.680306197009555969e-01
2.569665563861068258e-01
2.598015069356877094e-01
2.656997727677289922e-01
2.704889515938891376e-01
2.767950025386426982e-01
2.835752963025340856e-01
2.905664834143260045e-01
2.868267059895633353e-01
2.829423620124486560e-01
2.827333179453490053e-01
2.873122969600461762e-01
2.912851147143877273e-01
2.858991067403894859e-01
2.869151324672548631e-01
2.855604582762303334e-01
2.870099614113094111e-01
2.806626025891929554e-01
2.862704310682906428e-01
3.023333417457659822e-01
2.948714603198934192e-01
2.844812253920312450e-01
2.666905281705091446e-01
2.603425475383986387e-01
2.503224695247048825e-01
2.472635979190832833e-01
2.512420080346761120e-01
2.560978764356263149e-01
2.587842221386834618e-01
2.697173670450423999e-01
2.563840327822872744e-01
2.272377677902970294e-01
2.165833201922215123e-01
2.305705368357838236e-01
2.225908373401447871e-01
2.222765229748464577e-01
2.240410540874452905e-01
1.774353541520916899e-01
1.708603028930154311e-01
1.678362542611361308e-01
1.536216990437975216e-01
1.425876569109671144e-01
1.475309973659557627e-01
1.395976927463948580e-01
1.486956367426167935e-01
1.474790846936238908e-01
1.491215071881254184e-01
1.602961067419316488e-01
1.673685033246069265e-01
1.680041968064376612e-01
1.708423489190081523e-01
1.724673875773113929e-01
1.584472986964614027e-01
1.610805137815566057e-01
1.523746367494992482e-01
1.449634628857391083e-01
1.437085547244135453e-01
1.346061535531942743e-01
1.374346103718017409e-01
1.407127266338959182e-01
1.423889219232569447e-01
1.399139483270724627e-01
1.378323808178971710e-01
1.348370558103161587e-01
1.412376204899984666e-01
1.391147160366006663e-01
1.467485945605773168e-01
1.315868444820746108e-01
1.274654348082857047e-01
1.293430728633097326e-01
1.401393348288968443e-01
1.276473741632611347e-01
1.239251714382348657e-01
1.126830196775579773e-01
1.116834141945914488e-01
1.174592348666515657e-01
1.254765604068690255e-01
1.294443564479550446e-01
1.246869686352784223e-01
1.210222509968255089e-01
1.223527697166965911e-01
1.189945892291168622e-01
1.208851231846836682e-01
1.195431717340178085e-01
1.176472710188881526e-01
1.220548875411719553e-01
1.181402544857476644e-01
1.251901910532950413e-01
1.452367773097087422e-01
1.497466166491363271e-01
1.551426237103827321e-01
1.606723513315989615e-01
1.658664818177573441e-01
1.698552386898544431e-01
1.668743195049390560e-01
1.645447943195976481e-01
1.604236598195676600e-01
1.630669197692712347e-01
1.670210688406841004e-01
1.691271721962071817e-01
1.782433726967166954e-01
1.877772357855027052e-01
2.272116949348829129e-01
2.256684469255421377e-01
2.325133258895817900e-01
2.357621379619222468e-01
2.309793485522502743e-01
2.298726153466586208e-01
