1.735617840327948080e+00
1.580262830894578752e+00
1.530101234179606084e+00
1.490115563077715644e+00
1.494171582350062533e+00
1.471966042071376934e+00
1.499628486895852930e+00
1.479106555462648798e+00
1.577455705359170235e+00
1.542942379946482756e+00
1.531143976860837030e+00
1.543594737073794576e+00
1.517847783434287390e+00
1.538729575329387256e+00
1.564297434925648211e+00
1.648932916093458267e+00
1.702315773398795917e+00
1.707860771271984879e+00
1.711135606930918041e+00
1.732713452715866742e+00
1.693277118971858508e+00
1.655260686462178166e+00
1.640034126322089669e+00
1.656558493473363702e+00
1.639315098916861668e+00
1.640291157729765636e+00
1.682956776142845889e+00
1.713176994252447738e+00
1.720802046796824580e+00
1.694749456004996491e+00
1.657500153944626797e+00
1.635887743176767772e+00
1.632007571706901139e+00
1.606560835218104444e+00
1.606650628848929729e+00
1.619193813142785876e+00
1.626937016208156894e+00
1.605202838477051586e+00
1.612358140825369102e+00
1.583468432341352372e+00
1.591685903264527413e+00
1.561503760872798185e+00
1.562196940395672806e+00
1.582517576116402314e+00
1.602077274438762355e+00
1.614117184499600732e+00
1.619431809948061352e+00
1.650529950305035687e+00
1.625321276202740695e+00
1.606837800363162039e+00
1.619585836386165711e+00
1.618012844978382825e+00
1.606670063532771531e+00
1.624787102197769784e+00
1.616115713868592652e+00
1.614791042044195546e+00
1.620905043767055576e+00
1.612722517282926926e+00
1.609391536036424153e+00
1.630042550464371631e+00
1.619913404021054770e+00
1.616759176998060932e+00
1.601326325171458231e+00
1.578821008581902996e+00
1.639617617544589789e+00
1.628575179392471650e+00
1.607898855324864540e+00
1.611372796552854370e+00
1.590852396711435635e+00
1.598942697180404382e+00
1.616631189659975876e+00
1.621793270674926513e+00
1.606962815920851551e+00
1.611889018399753182e+00
1.584710144574105417e+00
1.583240014409493357e+00
1.591531563531849214e+00
1.574165302699569668e+00
1.580631968841810453e+00
1.582717784853399978e+00
1.560076120647435838e+00
1.566045732436668780e+00
1.555215466099966637e+00
1.550238324574625626e+00
1.556065460439653769e+00
1.551580450280724000e+00
1.522477068060798855e+00
1.526600357445939471e+00
1.519561184850021451e+00
1.518668742920759041e+00
1.515381610643370180e+00
1.519969369486518396e+00
1.517961785184430923e+00
1.522113181581851604e+00
1.516358317440569037e+00
1.502194635746784135e+00
1.513933734722285873e+00
1.522959496091181864e+00
1.512400666869483157e+00
1.490783408549987143e+00
1.486591755718154717e+00
1.476708802959439737e+00
1.461637160302330152e+00
1.461561110758177628e+00
1.457487650939164769e+00
1.461976786376291360e+00
1.455827443234512630e+00
1.461403103201781128e+00
1.473373975236446309e+00
1.467226399976612194e+00
1.466731959592632695e+00
1.499558493195696451e+00
1.473021136348095395e+00
1.469746953820501023e+00
1.463237192456031011e+00
1.458172377589849189e+00
1.450154287850958124e+00
1.436059831507211504e+00
1.439754193146459693e+00
1.446760746026161781e+00
1.450121223709695650e+00
1.460760330499938586e+00
1.475548207107126863e+00
1.485189975436956411e+00
1.486312455766309881e+00
1.476970640323089112e+00
1.485605802543306986e+00
1.481919135605659799e+00
1.473368129211248156e+00
1.499653805101515580e+00
1.496751593333821573e+00
1.498751592871243821e+00
1.513682567863827044e+00
1.501293508716179170e+00
1.485532687129667684e+00
1.485749855579727718e+00
1.464939891979276210e+00
1.448695544791930745e+00
1.476471393371012297e+00
1.468608657263826611e+00
1.480231004638319137e+00
1.475105548496520091e+00
1.459038480081789491e+00
1.465867124852680892e+00
1.458704367827871717e+00
1.468291145309109424e+00
1.464806188166935419e+00
1.479498581631952359e+00
1.491916378928078935e+00
1.495738476284072860e+00
1.468144160253612274e+00
1.472556307757795890e+00
1.466137310556754780e+00
1.440407513773669823e+00
1.442115691591799642e+00
1.445555726900936477e+00
1.454313234945950661e+00
1.462368348483011893e+00
1.456818078995078425e+00
1.452875559235532243e+00
1.455513379360082293e+00
1.447983354584798432e+00
1.445374082607463695e+00
1.435254572378904969e+00
1.417803364063823013e+00
1.396203630140072871e+00
1.381359129304501332e+00
1.376499473751774838e+00
1.376971431885596342e+00
1.380950468187718050e+00
1.382687792802217208e+00
1.345842136434295178e+00
1.336123929088408824e+00
1.336923803152854529e+00
1.328817745815171536e+00
1.323067518514301710e+00
1.311515304618242173e+00
1.303656539901574485e+00
1.309220409953204989e+00
1.313159889023173488e+00
1.326560259244351725e+00
1.332643641000594847e+00
1.327678552757428854e+00
1.325493701075452835e+00
1.320927126091496318e+00
1.332779260404305610e+00
1.334428575333883815e+00
1.283962839241912235e+00
1.285510836108175292e+00
1.280051957333929957e+00
1.270509993115652048e+00
1.263630822432605605e+00
1.259860179725572626e+00
1.252070910074491339e+00
1.244328016678937443e+00
1.250993650766411669e+00
1.253628629324139432e+00
1.254394091011417744e+00
1.254823177948573010e+00
1.254813960828932817e+00
1.256899020924460597e+00
1.272780373345708149e+00
1.280604087542002834e+00
1.289288179819671143e+00
1.275445749267705153e+00
1.287545034406501365e+00
1.270260362988103520e+00
1.236092718929541423e+00
1.251748866423304296e+00
1.261530663736506686e+00
1.276552795803236773e+00
1.263423804704335351e+00
1.268190436791223785e+00
1.269870794936512670e+00
1.253154196200465753e+00
1.221280469534033797e+00
1.244432200901830710e+00
1.269995807534369137e+00
1.269268564303972946e+00
1.274106492929787615e+00
1.260251554193390078e+00
1.246627028361007028e+00
1.249991164400688914e+00
1.229197577175590972e+00
1.231446795230429991e+00
1.227182693638027233e+00
1.226169281053261839e+00
1.226284138287768277e+00
1.233884833690446881e+00
1.235816661256799120e+00
1.240677534222826006e+00
1.235285049921511114e+00
1.235270230487968801e+00
1.229264133681282622e+00
1.226989030368469402e+00
1.224427908433108447e+00
1.221039073201579672e+00
1.213244966644500877e+00
1.211265218838636137e+00
1.219788804817747208e+00
1.219309531820246706e+00
1.216459264277641283e+00
1.242112587982821426e+00
1.246344460399092524e+00
1.241243789973958567e+00
1.247540255447406432e+00
1.225820042708314350e+00
1.205227450693252322e+00
1.216683957920433601e+00
1.240072060279949095e+00
1.239713919641363349e+00
1.238277267519918512e+00
1.261198936494254408e+00
1.230337372543851115e+00
1.225028115224331193e+00
1.248740702577265438e+00
1.231052862446715412e+00
1.218814606136551015e+00
1.216483000460569786e+00
1.197274008388533151e+00
1.198615670648548903e+00
1.198601868849907826e+00
1.189619853160962748e+00
1.174819845054178691e+00
1.177495550401536528e+00
1.189209728722710802e+00
1.180333303193091155e+00
1.171965241079647502e+00
1.162204379559955703e+00
1.170701226696348796e+00
1.186013591359081465e+00
1.204553068405376015e+00
1.225870488250752954e+00
1.223242693643772583e+00
1.196405711503053748e+00
1.186022300001698060e+00
1.172503129663838628e+00
1.131855950608494865e+00
1.137027702682255503e+00
1.159475782969606517e+00
1.148965275972262612e+00
1.178354744354452421e+00
1.170797170625256234e+00
1.157759086599916110e+00
1.157716488350926998e+00
1.141302719987362435e+00
1.123259987979916552e+00
1.122515413835748488e+00
1.113987794368922923e+00
1.112381092940123439e+00
1.111522375235938442e+00
1.109261678424974695e+00
1.104705657461039436e+00
1.086721374015858776e+00
1.087470602176265233e+00
1.089526275523695409e+00
1.075211101758922982e+00
1.035484085783737740e+00
1.015501825902778377e+00
1.020869849088130721e+00
9.906246306073536179e-01
9.917268366399965007e-01
1.030206623630850915e+00
1.034448679244824199e+00
1.032764781700481471e+00
1.020135955818786577e+00
1.028792965555906491e+00
1.030718616854745528e+00
1.031110361105601170e+00
1.027848465825300206e+00
1.018392868181940525e+00
1.029131116076434038e+00
1.026095113048193230e+00
1.022825264364709552e+00
1.031616587947256969e+00
1.030377097854158652e+00
1.051272822032944365e+00
1.044423767254560653e+00
1.039881048047364587e+00
1.044016855402642108e+00
1.050296811151378629e+00
1.047625192435819752e+00
1.049781405851120786e+00
1.033331796897492660e+00
1.021481090377985179e+00
1.003340980744857003e+00
9.723228192323208896e-01
9.458603461929326883e-01
9.398603117485013758e-01
9.280713332372171331e-01
9.134879614028009742e-01
9.359405617816590750e-01
9.465364907344695489e-01
9.648626540626513703e-01
9.730741641213725979e-01
9.544336504059937054e-01
9.476978315243381745e-01
9.595765093488137776e-01
9.637914407610689294e-01
9.719015867248528284e-01
9.665639595972476128e-01
9.371124070674738959e-01
9.580759824556449589e-01
9.654548418307060675e-01
9.796918824259116532e-01
9.773268610355463348e-01
9.859843444843361393e-01
9.645522114448861206e-01
9.616827960440371692e-01
9.432492448048608313e-01
9.366101865342226773e-01
9.210049005671121503e-01
9.103474248911197497e-01
9.467167701530624369e-01
9.479581089715698461e-01
9.464397015593648543e-01
9.385851831392858502e-01
9.367984049446402839e-01
9.539825800463714867e-01
9.495083200092923059e-01
9.426856804751626573e-01
9.312072061148919389e-01
9.252240398674508315e-01
9.208641119815997866e-01
9.373590450837840926e-01
9.283186222164351298e-01
9.227931489038319057e-01
9.164295860672800886e-01
9.094296675507942407e-01
9.087961633568781838e-01
9.029191587461761204e-01
8.970674655695095590e-01
8.871401696574277018e-01
8.852436125057814298e-01
8.924339363244320200e-01
8.972484890547507419e-01
8.793622412082656714e-01
8.790134476296105337e-01
8.778399561275973539e-01
8.825174036968674862e-01
8.830488246261135599e-01
8.947047331764448330e-01
8.798462516695053637e-01
8.760714215814208172e-01
8.740342287792415288e-01
8.709558031944168999e-01
8.674387544563437746e-01
8.615297949585655202e-01
8.609328095533573810e-01
8.594364625757454634e-01
8.645632760599235578e-01
8.626631351680051907e-01
8.632448248840637328e-01
8.639985378294467999e-01
8.585879173743820036e-01
8.737173423665148819e-01
8.719051263472816782e-01
8.673167041933197430e-01
8.759275990265434908e-01
8.748648751776231247e-01
8.784959339356294139e-01
8.814159283564397818e-01
8.772688616461623567e-01
8.834184444213417642e-01
9.117835242559799713e-01
9.090622048360381680e-01
9.104782165438759511e-01
9.221671995499070018e-01
9.232511791172454130e-01
9.195304344781267680e-01
9.154424175041421252e-01
9.080384986255640722e-01
9.188749210104324439e-01
9.210172987133270484e-01
9.000418789818149801e-01
8.902985231050130066e-01
8.857740912691317581e-01
9.005593380614621557e-01
8.877377947478688469e-01
8.903784832788921300e-01
8.753439216186931215e-01
8.714294474635982946e-01
8.691163665774445102e-01
8.730237002748342245e-01
8.700082397997986883e-01
8.787193506423919276e-01
8.683275111130801527e-01
8.561819625884711238e-01
8.587718724121570224e-01
8.728965954204781497e-01
8.827880947501125508e-01
8.979138144814995393e-01
8.990401466425752552e-01
9.048390373977913681e-01
9.007504380868827099e-01
9.074590061484436587e-01
9.056759183013028958e-01
8.950456137426509029e-01
8.880822517839912500e-01
8.685708110670317117e-01
8.632563207131144223e-01
8.612078063206236589e-01
8.540893533249666048e-01
8.495294308106283721e-01
8.425784727795307960e-01
8.338369142106859533e-01
8.241226076908597653e-01
8.102936223717982500e-01
8.036982836620537585e-01
8.095421378238372156e-01
8.010714975573146601e-01
8.012699899174136053e-01
7.981225011695671778e-01
8.006235548966322835e-01
8.071482369398804702e-01
8.124578295496237557e-01
7.906204830959726593e-01
7.909982524567297224e-01
7.804603886046713734e-01
7.656435614959747893e-01
7.691153651477351527e-01
7.617186068009976774e-01
7.629936213797366973e-01
7.657532842010651430e-01
7.746971080065092607e-01
7.807770529699383788e-01
7.619093098773898065e-01
7.628579670423559778e-01
7.681269873437834850e-01
7.622517324353312862e-01
7.741614542877219840e-01
7.896560968560965010e-01
8.006288231472297179e-01
8.048611654773983881e-01
8.090625055299074386e-01
7.992183917400541571e-01
7.934653694389786072e-01
7.881476615053608636e-01
7.891830252899474374e-01
7.881962198540046760e-01
7.867329789687300678e-01
7.840111131729293747e-01
7.841674357061327871e-01
7.854332476219385573e-01
7.836947936071870791e-01
7.841584709079413296e-01
7.821438894845592626e-01
7.841902408706072913e-01
7.891159720483273965e-01
7.872078801450457242e-01
7.897456945478890100e-01
7.857943449445903283e-01
7.856944774043953528e-01
7.855037004701279635e-01
7.823212418107674537e-01
7.767999211435321349e-01
7.731194506618793705e-01
7.689569495134758181e-01
7.623380074708767662e-01
7.571628119489828279e-01
7.501078499751233641e-01
7.457679348650594342e-01
7.447515184320975257e-01
7.471426839456732916e-01
7.487479124539213604e-01
7.486717481090912063e-01
7.459736817602775627e-01
7.420731879880740900e-01
7.408690906914561225e-01
7.398390615987913144e-01
7.493406304210861180e-01
7.516569309812350941e-01
7.510032631355474386e-01
7.499825390142573767e-01
7.475787990212074963e-01
7.445409986669486724e-01
7.414000523767643180e-01
7.360811391145047899e-01
7.476548238609960206e-01
7.489099562229954987e-01
7.504654841312946578e-01
7.542108835676379908e-01
7.604288295655466934e-01
7.655718580783100746e-01
7.642990428844819162e-01
7.652073985276004464e-01
7.617022868714151684e-01
7.658263433567855660e-01
7.616244263654992075e-01
7.572439337732729259e-01
7.558076443712200554e-01
7.529959103773632423e-01
7.527262258704682241e-01
7.506200576475422492e-01
7.467833172830414812e-01
7.454561030763412477e-01
7.453659861261431319e-01
7.433158735307785481e-01
7.453242999732846430e-01
7.471816468272571843e-01
7.517609070045319086e-01
7.522566329445656841e-01
7.508745634962080695e-01
7.481075210710600443e-01
7.486719445309211185e-01
7.504792900368196795e-01
7.516810785362643133e-01
7.567287042589530000e-01
7.600441829268207439e-01
7.624573968639301036e-01
7.620351795744439993e-01
7.613943988197990898e-01
7.617190222726578641e-01
7.597977288815253027e-01
7.578480291743663333e-01
7.581205585736718877e-01
7.601591628956756441e-01
7.621795031230925721e-01
7.615941246339926751e-01
7.626222627458743020e-01
7.660352242230433761e-01
7.652730252394928101e-01
7.672869544063057878e-01
7.692687415294680031e-01
7.687521573981699330e-01
7.703888938964196242e-01
7.710601195422636112e-01
7.711102488947765288e-01
7.697311268753720404e-01
7.701149027309691641e-01
7.708314743693209792e-01
7.697300107395567137e-01
7.723736216765596518e-01
7.750382245269309411e-01
7.779786385455926823e-01
7.845453074346091515e-01
7.846703005792587948e-01
7.848296933441366585e-01
7.858984340212162856e-01
7.842760223203285586e-01
7.834283139522282280e-01
7.849607602885876334e-01
7.813357899694770570e-01
7.831199971488340683e-01
7.832457772687558828e-01
7.780724777124459202e-01
7.703847600354329916e-01
7.668463349947844954e-01
7.570756461214543931e-01
7.504590701983727685e-01
7.443816757585439703e-01
7.394642469455360301e-01
7.344022299009865806e-01
7.331611825313889552e-01
7.329700618048055061e-01
7.334497964927152447e-01
7.328441514966154147e-01
7.363371839800519902e-01
7.372953905613894854e-01
7.380478332893627424e-01
7.387233772977075397e-01
7.392646873300571242e-01
7.422472876478659609e-01
7.448227633327860753e-01
7.456802753492454139e-01
7.480140087392573855e-01
7.500936023134895381e-01
7.495779522732975986e-01
7.478734197919758575e-01
7.462271320406781427e-01
7.526329016947705952e-01
7.566269317780006665e-01
7.614550157285376875e-01
7.669035148443568151e-01
7.737949140739587284e-01
7.749332458758113606e-01
7.794249193521974872e-01
7.815182758640826233e-01
7.789453565829355108e-01
7.772262837422759807e-01
7.838028379350135966e-01
7.809661787119088761e-01
7.816103764996055192e-01
7.862513484209409098e-01
7.845638678822866030e-01
7.872846827680242132e-01
7.916521912140930262e-01
7.983763181783724017e-01
8.064447867648322221e-01
8.063546652686790495e-01
8.115956378864298548e-01
7.851285323426134832e-01
7.856850618689336097e-01
7.851281236817129194e-01
7.853560270713628721e-01
7.873845956943237301e-01
7.861697277433169484e-01
7.828303376198068042e-01
7.816113656885119720e-01
7.818355762707400736e-01
7.861871521248062766e-01
7.861121143397280520e-01
7.876694051086925441e-01
7.887010965615341984e-01
7.901077863095150589e-01
7.918603541950294256e-01
7.936521703453349730e-01
7.932769088846153283e-01
7.915911160498297905e-01
7.927914746412096925e-01
7.890708266466740506e-01
7.902240637499470255e-01
7.900567803731274319e-01
7.904322311811372570e-01
7.899884642738680407e-01
7.908467417733692217e-01
7.890276974023151535e-01
7.881474329198183693e-01
7.857727941930133797e-01
7.851934086518581601e-01
7.895120775552330050e-01
7.914519236376215128e-01
7.942848278872307599e-01
7.920405053777402893e-01
7.930117620591843330e-01
7.919974752280166674e-01
7.943383973314794844e-01
8.013850580317608552e-01
8.010656424331025205e-01
8.043424726964165661e-01
8.075798448071679347e-01
8.088778914638770079e-01
8.101710400227247755e-01
8.099802927269468267e-01
8.115313823542182892e-01
8.126863672083692869e-01
8.139922206018692652e-01
8.148645027588059531e-01
8.145277371362871222e-01
8.158562804646710687e-01
8.190886873804388291e-01
8.187803745814662415e-01
8.206077340155674138e-01
8.226559482977100490e-01
8.251382637604232073e-01
8.300326860473460355e-01
8.310286422190149569e-01
8.294707330706729831e-01
8.321433526207282494e-01
8.325144356337138563e-01
8.310930088122214787e-01
8.306409412911845980e-01
8.314209960290890322e-01
8.313462722058965193e-01
8.287092954287726965e-01
8.287299407157645570e-01
8.277939201985003992e-01
8.273019223962508883e-01
8.259154926633419658e-01
8.290425650471996422e-01
8.290086008650420224e-01
8.262163311719160630e-01
8.285419120808573679e-01
8.272767767236269831e-01
8.332978222760053510e-01
8.328154683403806713e-01
8.324965724713982995e-01
8.314131150594425979e-01
8.314808991911124547e-01
8.350386507230678212e-01
8.352637349042124626e-01
8.381826031910180053e-01
8.394638239146116065e-01
8.449816289044630446e-01
8.457815477365756562e-01
8.477099046611510369e-01
8.458425275869710935e-01
8.461476618860030996e-01
8.470788657011348866e-01
8.484804810480144344e-01
8.514554532577700563e-01
8.531101595966288365e-01
8.540744512176356995e-01
8.553561452630012996e-01
8.589115337630748304e-01
8.588966466387599752e-01
8.589938169847598504e-01
8.615402361450924529e-01
8.650826105228606178e-01
8.677435614726700663e-01
8.679503151260313798e-01
8.691556207878552431e-01
8.699487660837030845e-01
8.732283418666052510e-01
8.758356662459761965e-01
8.759595215269126989e-01
8.749020786718366693e-01
8.755290092291817539e-01
8.738613838321784844e-01
8.719055730962932405e-01
8.722894788638260177e-01
8.707569760647454471e-01
8.723594733983753846e-01
8.672045731573351235e-01
8.674058555952280924e-01
8.676586524260071487e-01
8.587145465316312620e-01
8.594144949797284383e-01
8.609233574951553614e-01
8.623585624678785644e-01
8.603823687513183494e-01
8.609247584308379331e-01
8.603514810351006181e-01
8.674480406848605885e-01
8.729016607650166293e-01
8.770147445306872847e-01
8.710881039007085658e-01
8.711437010542433246e-01
8.754411415995593249e-01
8.794295457824738982e-01
8.771538091121168224e-01
8.913858515974729668e-01
8.917432440555752571e-01
8.858920848659820324e-01
8.914139946524239910e-01
9.006016458485216480e-01
9.000655163639522671e-01
9.012289924364896843e-01
9.012954911505557387e-01
8.894718775232424157e-01
8.898548728943092012e-01
8.875418649597711651e-01
8.854368439244729716e-01
8.822172705140810534e-01
8.811940311039366813e-01
8.784557463243573006e-01
8.785540786864375340e-01
8.856825712776938975e-01
8.858072639336809218e-01
8.937619789453863373e-01
8.880653630743251536e-01
8.927512286263200592e-01
8.973627960268458770e-01
8.827519641076650991e-01
8.718146070576597850e-01
8.637414538205157033e-01
8.568155150116166796e-01
8.599352357752433340e-01
8.647919195072005794e-01
8.677693440258237301e-01
8.836092792141142516e-01
8.786946029847491069e-01
8.675447260721119713e-01
8.661815180279248683e-01
8.785521608305019159e-01
8.875766959881806750e-01
8.868280941064230483e-01
8.881783559273980222e-01
8.884459126590333877e-01
8.954070092784175428e-01
9.014903004355997451e-01
9.055871333512601762e-01
9.048176277206692042e-01
9.094654592043428520e-01
9.021738802219126940e-01
9.014431326581515691e-01
9.133974599550512830e-01
9.028987183583420117e-01
8.908754553665542142e-01
8.883153782107028329e-01
8.835165166320132490e-01
8.754639456998151159e-01
8.753000818255970428e-01
8.917594549678290461e-01
8.855647691426169477e-01
8.893168577231904681e-01
8.751110813138469613e-01
8.805835426539139199e-01
8.866093989276365717e-01
8.856308238526837684e-01
8.822192587234651828e-01
8.788514910058052854e-01
8.777154625699145063e-01
8.469846883105405233e-01
8.387221525437669190e-01
8.296375713089710890e-01
8.319290894429863803e-01
8.337238112266607271e-01
8.412274135380212181e-01
8.413284949032791005e-01
8.418495383801928300e-01
8.464070742198090969e-01
8.370133930497836161e-01
8.475492363922170203e-01
8.548214433523596556e-01
8.517527069294119624e-01
8.556231940474972042e-01
8.573688649847589494e-01
8.495442213899139228e-01
8.502928939325458124e-01
8.599374558300313387e-01
8.929767419850772603e-01
8.967582717971989137e-01
8.955400189346249817e-01
8.917978231011104429e-01
8.909771008246369917e-01
8.903701172546568676e-01
8.811956894851880051e-01
8.703643385442226821e-01
8.851681075836235202e-01
8.719328947305954314e-01
8.901687130201771936e-01
8.777928404971896414e-01
8.834366349010900343e-01
8.535403283218017112e-01
8.706154433925644698e-01
8.673618920944807797e-01
8.542201256248411756e-01
8.350448268407848484e-01
8.217257877836396940e-01
8.215266245084206220e-01
8.200689321883809502e-01
8.233010948019526820e-01
8.351940457221003200e-01
8.582108602477599435e-01
8.643152826951869816e-01
8.610437548798214324e-01
8.426795225806017475e-01
8.317695140561511824e-01
8.257549360507010494e-01
8.380189557915539433e-01
8.361996786365506473e-01
8.646703359283280932e-01
8.418071807242664129e-01
8.346345044332283969e-01
8.464547391554173572e-01
8.582881191565465695e-01
8.453446212561216422e-01
8.424554918706657070e-01
8.439506834582355399e-01
8.445074169131162600e-01
8.311236267849442250e-01
8.422446834378697345e-01
8.467905777696398406e-01
8.561503191059685047e-01
8.452282396892946137e-01
8.361844313102813064e-01
8.562981979780479591e-01
8.355012859034042227e-01
8.340620763926723802e-01
7.969667303150473892e-01
7.718903012904890781e-01
7.742037556180607627e-01
7.905434409531933992e-01
7.936200606985784889e-01
7.944450974460596226e-01
7.960015712220768203e-01
8.208441280021647746e-01
8.301172099837508256e-01
8.348513230014784625e-01
8.264965418697699517e-01
7.998817646211895394e-01
7.827257061950099182e-01
7.837369594028306130e-01
7.542201628120133172e-01
7.416750405870875529e-01
7.343967840497724886e-01
7.455459659695403696e-01
7.386677288361913618e-01
7.519806198319362034e-01
7.484208443041073799e-01
7.351662291116393133e-01
7.342449078734468726e-01
7.332654904891726666e-01
7.284393994005282646e-01
7.168705366572093451e-01
7.117323808086172265e-01
7.113931210015853601e-01
7.032616124918760203e-01
6.843043560527595215e-01
6.855092293389706271e-01
6.936418735517497769e-01
7.040529546631899560e-01
7.103174334807187407e-01
7.058298275219835327e-01
7.004914165003874871e-01
6.985445980611241223e-01
6.979886060716441465e-01
6.820550904549104176e-01
6.821539108880076974e-01
6.754207385905212080e-01
6.651168184338239753e-01
6.634383713314505604e-01
6.601580314687482964e-01
6.485918223349871337e-01
6.295465270996082330e-01
6.363331682772621622e-01
6.466351947509054732e-01
6.421592991282670804e-01
6.447099542230674274e-01
6.364549879885031958e-01
6.349548936932454257e-01
6.333062335566363998e-01
6.220636622479182032e-01
6.298814908027863257e-01
6.462955571338826477e-01
6.661641613670742368e-01
6.594718460037410912e-01
6.487899924190182466e-01
6.360000145277731054e-01
6.235499849906441794e-01
6.299529791106923682e-01
6.347977891406940687e-01
6.460016729668017765e-01
6.486549389090791040e-01
6.517331881222372392e-01
6.485066836464216111e-01
6.565330116074633571e-01
6.773059648917874043e-01
6.724284394565892553e-01
6.782818673996798831e-01
6.702073833670491032e-01
6.676601972244439187e-01
6.623083399377065472e-01
6.801237788545390073e-01
6.961215043106124822e-01
7.028627478908213710e-01
7.006851341167074088e-01
6.928766147596837621e-01
6.766635486428426161e-01
6.699830363133515432e-01
6.699761589081032476e-01
6.586230130963296459e-01
6.628639623599367203e-01
6.424929816986362230e-01
6.659554075139118012e-01
6.385120802474332224e-01
6.157356410531412694e-01
6.182977858317681985e-01
6.216566836525101447e-01
6.329957334825354609e-01
6.294893578698947945e-01
6.159069039454783123e-01
6.093725778880276778e-01
6.549268250977386963e-01
6.348463867634355218e-01
6.199226952843730487e-01
6.209303178368337228e-01
5.883291494365150420e-01
5.859345432007146970e-01
6.016573833253995307e-01
5.995089203085272045e-01
6.101997489588755208e-01
6.114175158233159380e-01
6.205891510820926715e-01
6.359877269991983662e-01
6.122037318681234908e-01
6.170732301069538073e-01
6.225125907663479063e-01
6.110568472406470164e-01
6.141695798589549282e-01
6.204713251253997086e-01
6.163228750321334548e-01
6.042701324207616631e-01
5.946436348031114427e-01
5.701781308253105474e-01
5.543727436362384520e-01
5.499638389704293306e-01
5.556982768047720178e-01
5.875732634414100319e-01
5.953696263792463972e-01
6.043497667328969758e-01
6.169837357923663168e-01
6.081945629086086269e-01
5.994687035013244181e-01
6.022362919797811243e-01
5.760297776088129096e-01
5.772776611293367610e-01
5.764853997016780029e-01
5.715669108528640407e-01
5.887317071094889664e-01
6.086604971159209621e-01
6.282677930463493876e-01
6.297853082280516768e-01
6.311694137794400250e-01
6.402885161733324892e-01
6.111052966410742693e-01
5.999526776238404135e-01
5.911448663853470231e-01
6.017544175992320943e-01
5.741217832331392268e-01
5.668416342284643417e-01
5.642185490597090292e-01
5.624696737845936712e-01
5.558856882676938005e-01
5.578218417074646274e-01
5.778033604517407440e-01
5.823557705501347659e-01
5.914604826765734735e-01
5.805894690640539535e-01
5.701070282087792318e-01
5.630809508396731333e-01
5.643797464933966168e-01
5.871328954446748405e-01
5.688713775810491091e-01
5.791189953330375673e-01
5.865576022160396974e-01
5.612495592338070383e-01
5.622370366823320476e-01
5.557438632821767310e-01
5.586786753610754053e-01
5.572380520704418583e-01
5.606113666804022344e-01
5.622803146118798834e-01
5.507538689592366143e-01
5.398797537553534642e-01
5.307658377853891052e-01
5.254319113636406469e-01
5.171212098545163727e-01
5.144343980716716835e-01
5.168030801502940808e-01
5.156339076019730294e-01
5.203360416811072531e-01
5.255108343254877301e-01
5.536082762798816281e-01
5.499011857509894519e-01
5.551015887864514387e-01
5.659747144671775088e-01
5.728714608843693545e-01
5.722140394151469245e-01
5.814515433783161713e-01
5.786958094494395466e-01
5.884312292472397843e-01
5.941968376516811867e-01
5.903622291550278955e-01
6.168869931260348993e-01
6.216253893527755592e-01
6.328376241375981426e-01
6.128721841181884455e-01
5.882951974824121022e-01
5.904089412489771371e-01
5.737945333632387124e-01
5.739150979296292476e-01
5.788035858917878196e-01
5.760413369908612413e-01
5.938016717612945028e-01
5.940224086038294882e-01
5.995085699651534483e-01
5.950330265149182951e-01
5.838356705043717954e-01
5.588361235625407542e-01
5.442805372796502006e-01
5.370580231485334588e-01
5.476210450136583807e-01
5.611115662651597891e-01
5.602898443339686674e-01
5.628898453988332440e-01
5.788752598180901821e-01
5.897002422683467193e-01
5.724544566759703912e-01
5.726596833142997278e-01
5.614803216671295782e-01
5.668080091346249239e-01
5.871175275993774090e-01
5.803388951531858186e-01
5.792830566124936853e-01
5.860011428506316511e-01
6.018166586512240235e-01
6.187370844585219354e-01
6.175495408318378843e-01
6.178467954066249046e-01
6.123280855337485118e-01
6.109109805285314332e-01
5.925317624305992403e-01
5.907133750305939568e-01
5.762921986617394188e-01
5.727500560263805163e-01
5.953998794368648984e-01
6.055728408374974059e-01
6.222405470846814612e-01
6.178610638956855139e-01
6.265596651656126781e-01
6.176151253617432335e-01
6.128142432074830115e-01
6.157389447629708634e-01
6.134587898751743262e-01
6.069087219167832448e-01
6.018867841899251392e-01
5.965776206477934052e-01
5.785865623950664505e-01
5.772517871029861913e-01
5.794172751875109606e-01
5.656601281108207813e-01
5.688359138673046989e-01
5.797124255467585030e-01
5.866168333873279517e-01
5.943592183685323382e-01
5.974007065085367163e-01
5.969141975463542193e-01
5.954568507838128300e-01
5.929777509740535857e-01
5.829210409705661844e-01
5.835602768174682486e-01
5.895464109424231047e-01
6.033696325352111423e-01
5.893050469941190084e-01
5.914415281054302698e-01
6.020431933255433465e-01
6.106288043612548844e-01
6.211865330761113801e-01
6.381358017448808262e-01
6.444847813881960930e-01
6.568256371557744666e-01
6.539769177455911908e-01
6.335572264614630633e-01
6.383025515889141355e-01
6.581454077400893388e-01
6.513546172062532058e-01
6.621502088990427470e-01
6.595050331092302542e-01
6.619596870834002500e-01
6.829541159390610794e-01
6.952154545771873639e-01
6.928050168340161852e-01
6.659316914985859981e-01
6.739808705118192078e-01
6.716011203774419069e-01
6.543770509046601402e-01
6.526004424837844597e-01
6.373222096668648140e-01
6.368224111990649083e-01
6.188142041605184662e-01
6.163721069918662865e-01
6.058734868769188875e-01
6.094519526050639069e-01
5.928998463513442951e-01
5.857649129616666617e-01
5.977801715865296295e-01
6.007819098865608831e-01
5.891627033826016824e-01
5.810553506189506390e-01
5.808133584600545518e-01
5.841500830056484128e-01
5.734995830803418793e-01
6.070690056278994495e-01
6.509692875735100248e-01
6.675290288989386145e-01
7.009753091583724727e-01
6.793551701068230031e-01
7.075333403927422937e-01
7.027040550563314891e-01
7.128719544072352754e-01
7.102989061655118341e-01
7.006056224228570661e-01
7.339512736815603233e-01
7.669444565308046746e-01
7.545885340128073437e-01
7.681327216669813218e-01
7.678019667234419199e-01
7.264626876254057786e-01
7.015171744888998306e-01
6.864577775579455698e-01
6.770115026684246917e-01
6.909128812171240197e-01
7.098281158427931503e-01
7.217442270606274635e-01
7.065447298216501748e-01
6.869969217406846074e-01
6.913362690544690992e-01
6.875928141011891093e-01
6.983667709154930403e-01
6.890694881634598090e-01
6.847302393344654181e-01
6.692747719811726892e-01
6.712867944733713621e-01
6.745734212311134126e-01
6.779482462954189437e-01
6.503122752952497088e-01
6.573700034900149536e-01
6.393638839647038941e-01
6.347583401777292522e-01
6.084269328648402864e-01
6.058865609017028975e-01
6.126352827276596580e-01
6.110012762664511765e-01
5.893822011367492175e-01
5.892293931414470665e-01
5.747730360448560782e-01
5.694407241303053313e-01
5.749753182163587217e-01
5.712317316321505745e-01
5.665572976807919936e-01
5.360568148198255889e-01
5.171762285192410546e-01
5.517064884827070914e-01
5.845596657959332143e-01
6.014884231462229724e-01
5.957631957719308202e-01
5.981645278598840543e-01
5.917618949372562831e-01
5.874206293153805269e-01
5.836396651799227175e-01
5.643477533843677119e-01
5.593387762850462464e-01
5.625851600324535129e-01
5.397059715589810347e-01
5.500650875801601503e-01
5.413935494073844890e-01
5.588714186213702417e-01
5.639462855783975437e-01
5.499571604164864569e-01
5.593619359416638348e-01
5.425560866195753285e-01
5.500705534506800110e-01
5.781787874884340983e-01
5.987911764289770566e-01
5.971430404884781051e-01
5.634329246149342163e-01
5.474374583301986341e-01
5.167293647158711645e-01
5.317385726419603387e-01
5.203272107752050513e-01
5.303888576292555834e-01
4.850102773039989823e-01
5.201760140082212214e-01
5.378030027301192728e-01
5.527710022071349316e-01
5.607721393883386973e-01
5.429290817448952922e-01
5.295188908969093999e-01
5.363546264470197000e-01
5.002817639896838253e-01
4.641649341015077201e-01
4.645289368015240172e-01
4.637417742534391540e-01
4.589971160423552687e-01
4.754174486068951100e-01
4.790543249628111400e-01
4.726666489886121036e-01
4.740780900882957116e-01
4.921368510211042713e-01
5.034978952599892255e-01
5.021628784739958773e-01
4.940237478001230365e-01
4.624278902704005989e-01
4.534968474986628695e-01
4.551504923176316608e-01
4.581241532097397595e-01
4.720705739228221454e-01
4.545300297840160209e-01
4.496073974297882248e-01
4.321778790160275552e-01
4.303657257350721466e-01
4.173422673022010310e-01
4.383337451024983400e-01
4.213861497497143893e-01
4.289513745921848531e-01
4.343006640614747726e-01
4.339138391387202809e-01
4.329460277804220714e-01
4.564069738630144313e-01
4.705289337567373220e-01
4.610540725330152800e-01
4.637987471540108153e-01
5.039264892181817279e-01
4.707055390942002093e-01
4.776081154662203399e-01
4.666854447547584828e-01
4.926007495790145074e-01
4.895736847966390415e-01
4.853937424638949394e-01
5.060180282660569073e-01
4.938749697027750574e-01
4.816424460703376265e-01
4.894124428431976814e-01
4.698841667004064471e-01
4.581022682069630925e-01
4.688197462775619551e-01
4.895873322874521594e-01
4.974974240920341795e-01
5.139380023764160699e-01
5.130391848399333821e-01
5.211184956081125197e-01
5.302617625695553727e-01
5.426146832323821556e-01
5.590734494346338845e-01
5.857522673095909571e-01
6.014164632195546645e-01
6.018846106460387091e-01
5.894376941652955670e-01
5.599080890840053559e-01
5.525547632655801733e-01
5.384571509264272082e-01
5.357229540978949434e-01
5.181484755603885661e-01
4.871952788444275928e-01
4.956838644644481207e-01
4.659169002641184720e-01
4.494724892740905586e-01
4.505308570787727174e-01
4.508884758683742167e-01
4.614413468552102660e-01
4.462830598036458540e-01
4.649694575687095544e-01
4.787091501178563080e-01
4.909144192521076033e-01
5.304969827061885024e-01
5.281937858624577986e-01
5.223205867798168534e-01
5.333402309897521398e-01
5.235626330909821657e-01
5.333284497084139764e-01
5.261780639236485202e-01
5.351954122525326429e-01
5.363955187048848883e-01
5.238602911049912159e-01
5.727530250639458753e-01
5.851300440769598987e-01
5.718713480431267815e-01
5.555131593745346041e-01
5.672128205522225519e-01
5.599504063118203590e-01
5.703456560444749579e-01
5.621735949717558967e-01
5.305589633250413772e-01
5.220952157108145197e-01
5.233841572795857600e-01
5.087564982211227882e-01
5.094338796543942394e-01
4.926275220648342335e-01
5.065290686244838803e-01
4.931142653288226874e-01
4.783699937574807382e-01
4.918294651633519643e-01
4.859911830951081924e-01
4.724273870649297047e-01
4.816598300078139827e-01
5.091891538318445987e-01
5.189633314973753908e-01
5.005019096222087516e-01
5.051241060500730740e-01
5.062395749732364614e-01
4.794558913537335654e-01
4.775719583781416477e-01
4.527793668239271652e-01
4.543526527560514117e-01
4.558378615628856378e-01
4.778639404924023837e-01
4.917589107963329931e-01
5.035232211052794726e-01
5.170174360474875108e-01
5.207460267332939541e-01
5.193810268046314960e-01
5.211937156104969882e-01
5.093112370516331699e-01
5.196263762875464876e-01
5.242958782013579233e-01
5.098011501897035114e-01
5.103748425175472780e-01
4.981178817286390781e-01
4.952130651478011680e-01
4.827959001418211660e-01
4.458469091802274020e-01
4.523324869705857010e-01
4.531780712485904972e-01
4.658694054472121704e-01
4.570691813935438552e-01
4.584010916591837459e-01
4.418920597286638552e-01
4.409350452134196408e-01
4.443103372230160497e-01
4.468242215872672007e-01
4.748939315605016920e-01
4.736443436770174098e-01
4.683762607364383435e-01
4.679441821367136267e-01
4.545417227552201456e-01
4.629389386539077833e-01
4.423598157650014961e-01
4.357629076228320963e-01
4.201241598391971532e-01
4.283603424615010646e-01
4.146346725270319555e-01
4.192845198091711967e-01
4.293214782564362952e-01
4.393211977135600410e-01
4.405541411368019133e-01
4.468540209207619296e-01
4.349608708056135198e-01
4.390040913663811328e-01
4.296680511060119168e-01
4.219035339104787452e-01
4.124450637010227405e-01
4.109456605433091658e-01
4.081483396071900471e-01
4.077841218095313858e-01
4.313987003324556424e-01
4.426021106434164243e-01
4.419272363274084903e-01
4.466136256866289900e-01
4.425420406390324635e-01
4.504504787077212025e-01
4.525951800173501627e-01
4.627650938352610988e-01
4.686091220915138966e-01
4.715457241771523478e-01
4.716592606148021227e-01
4.789068361085137004e-01
4.639913595339543728e-01
4.661236759994293322e-01
4.570583168532407758e-01
4.629898865622084636e-01
4.776160137772014758e-01
4.763454405199608610e-01
4.668924894501950695e-01
4.812835046877356748e-01
4.840094896927221169e-01
4.708316507039052579e-01
4.647113116634196128e-01
4.695641159657892860e-01
4.687254897210449966e-01
4.817601802843866077e-01
4.812958682941429478e-01
4.915945395187575340e-01
4.930053464698522792e-01
4.849356588203005969e-01
4.848278809471439632e-01
4.913894821223183107e-01
4.960034104429953405e-01
4.961083796171880111e-01
4.913379169684839454e-01
4.789859487281419304e-01
4.724931842766630363e-01
4.682268355754188871e-01
4.695685344578670595e-01
4.828808434570839303e-01
4.725088211959792006e-01
4.798787969976558987e-01
4.751159920494139599e-01
4.722436740052286530e-01
4.642021919741267655e-01
4.463236212909432177e-01
4.405613786724134062e-01
4.555458589123723145e-01
4.634257878235713002e-01
4.577276377165584997e-01
4.684934441053891785e-01
4.449027715200615241e-01
4.486422589008273731e-01
4.587672244295084023e-01
4.549943973232765115e-01
4.681056761908432562e-01
4.686045299512994755e-01
4.596939023851094319e-01
4.385625075395145345e-01
4.180031361531899026e-01
4.249994283507628201e-01
4.450339097827263335e-01
4.338754563902727512e-01
4.495885017032939523e-01
4.319173623580625510e-01
4.084128197196056353e-01
4.043661759102735731e-01
4.120073390589344409e-01
4.058452790545248878e-01
4.001443953380950380e-01
3.845279488620572117e-01
3.769537779167221880e-01
3.772829479352113324e-01
3.617356384251267931e-01
3.566516293542837390e-01
3.416371812580995537e-01
3.221041399437000741e-01
3.149545242641816900e-01
3.238301729535348894e-01
3.300050273175552662e-01
3.432673394744323869e-01
3.363795575440979291e-01
3.331512220581215877e-01
3.247841047373011825e-01
3.207759321175422951e-01
3.413955523679521042e-01
3.389668289648197219e-01
3.357506344178775026e-01
3.258508389665011884e-01
3.328471083829701027e-01
3.373583205140379682e-01
3.380512970685721208e-01
3.435044346194370823e-01
3.438462681847457847e-01
3.467533642682245065e-01
3.341418959702485703e-01
3.336835377949890491e-01
3.368578980052488459e-01
3.500313392917848709e-01
3.571061789218020754e-01
3.428982202648487299e-01
3.322047689245090640e-01
3.253770404939068106e-01
3.352763516391945586e-01
3.499894762007850768e-01
3.602818319459407115e-01
3.550375182839026755e-01
3.694468165569861351e-01
3.810245188757713786e-01
3.787232578470426936e-01
3.892554603009135139e-01
3.794672277853624043e-01
3.972682813575695304e-01
3.964044913980727669e-01
4.028639915217904210e-01
4.105713584721932818e-01
4.097576819918415936e-01
4.146381652380419225e-01
4.293524420526943497e-01
4.269331941823797938e-01
4.339058894472705985e-01
4.469899614820589950e-01
4.620223105118730911e-01
4.725126901595845252e-01
4.774973134980359246e-01
4.975802812631245353e-01
4.930632127177974611e-01
4.928772182278109426e-01
4.760968918552268003e-01
4.651232797163900590e-01
4.596566119532619066e-01
4.694122614242975944e-01
4.868145931402896309e-01
4.918669296661816182e-01
4.917410451893606815e-01
4.921295626814171653e-01
5.020097958212470513e-01
4.941493351901004027e-01
4.833967043130818486e-01
4.903473785309325206e-01
5.002958711294694938e-01
4.834327471693231626e-01
4.897558361948864403e-01
4.873887055436092464e-01
4.696816023434193244e-01
4.696561553172751147e-01
4.726034989936702679e-01
4.574707124025189087e-01
4.524445112118867240e-01
4.320988124411606623e-01
4.356709918385486824e-01
4.156286474601779690e-01
4.323651298931244780e-01
4.289288733322124125e-01
4.084911021815470500e-01
4.113383772769137470e-01
4.080443506804924958e-01
4.409572397799454979e-01
4.438433035551382910e-01
4.299095010097394587e-01
4.328059667058887783e-01
4.297754019806484527e-01
4.132111652110852518e-01
4.101831291916462341e-01
3.876754004401189446e-01
3.747763918121564397e-01
3.773800010289866114e-01
3.890628247185788369e-01
3.757004549241984015e-01
3.862731581048354235e-01
3.871857947300726410e-01
3.548561357548608575e-01
3.536755163476849595e-01
3.593191452514552520e-01
3.709493026392409187e-01
3.508719721631028410e-01
3.588399374732874625e-01
3.441537611664591267e-01
3.493212153685678056e-01
3.378259659873664722e-01
3.205906359292357011e-01
3.119511146604866947e-01
3.327619512222070863e-01
3.192375325917963802e-01
3.281862367933106595e-01
3.162237163724798683e-01
3.114552181099645711e-01
3.004711407081608887e-01
2.911937548703259493e-01
2.649310731619810011e-01
2.734938549264079310e-01
2.759295743204248086e-01
2.822076876315643967e-01
2.857897416797910983e-01
2.835469061228186316e-01
2.834629033606934634e-01
2.981457939096234799e-01
3.186242817899987978e-01
3.287499547290920199e-01
3.304174023607155397e-01
3.317556157650731752e-01
3.450254164171460691e-01
3.310035088514770019e-01
3.248808894975397377e-01
3.116529710297656908e-01
2.984748298790813603e-01
2.673564227802142090e-01
2.512346043284756081e-01
2.518405751868448283e-01
2.639939176056970704e-01
2.661121006735023831e-01
2.551006539262354322e-01
2.554057201734956095e-01
2.686552385220944972e-01
2.597648384679679956e-01
2.635040692306481747e-01
2.398157677547069766e-01
2.447657354385175121e-01
2.610441353467413128e-01
2.872679544083401870e-01
2.952215266897258994e-01
3.039726958791951206e-01
2.948187626052024002e-01
3.051625873935453481e-01
3.065963035996830954e-01
3.255331129428948311e-01
3.030171906464427245e-01
2.699023473899382908e-01
2.907857337916152085e-01
2.898086735046158102e-01
2.892537822662414326e-01
2.952673196996924987e-01
2.953740828634032756e-01
2.921797353421168308e-01
2.776927335574597699e-01
2.853239679210234359e-01
2.887088176237349590e-01
2.849707524001229841e-01
2.795617396956754375e-01
3.212929050663913544e-01
3.311542014409480927e-01
3.306820829540785267e-01
3.447221326305975331e-01
3.351103866901690709e-01
3.317382999384750342e-01
3.282551682167526019e-01
3.514744540700763253e-01
3.458684364952674395e-01
3.462016673144058809e-01
3.370818060975206976e-01
3.172499276960085712e-01
3.284475035868050785e-01
3.253490477433708117e-01
3.289487981962594398e-01
3.303470898509772713e-01
3.359560092248582430e-01
3.373894590481190114e-01
3.427461783416640984e-01
3.484795706700671847e-01
3.593483650571388521e-01
3.606036792064760133e-01
3.579109491263265386e-01
3.671198897788915394e-01
3.675580737016830302e-01
3.716138181326348322e-01
3.890651561064423780e-01
3.942695508830953988e-01
3.902011474610616593e-01
3.899438675903790230e-01
3.929505229464075322e-01
3.887323185405512915e-01
4.102466611519385853e-01
4.126855124367259653e-01
4.168904231143712447e-01
4.190046643990580910e-01
4.161206341133343867e-01
4.146185047832391390e-01
4.080867592159906354e-01
4.226154669667719355e-01
4.274946322432019441e-01
4.346475352451980023e-01
4.379985444223455926e-01
4.294819805290377990e-01
4.327776230205175323e-01
4.293257757554361231e-01
4.427818038563934855e-01
4.493755553624699250e-01
4.490066152124311261e-01
4.593693466257237068e-01
4.548823990203967882e-01
4.468435351019596213e-01
4.629858774009177336e-01
4.563487763158893262e-01
4.602567944460083105e-01
4.537195763572868246e-01
4.408916351495661967e-01
4.172413896699228020e-01
4.153600158185415392e-01
3.991322804742460373e-01
4.080265293224990542e-01
4.168538023168849582e-01
4.229064253742456092e-01
4.347220715389942258e-01
4.181243080224852360e-01
4.077860819903819101e-01
3.901960852692409332e-01
3.732498798964888342e-01
3.854863920091823326e-01
3.690649784637762276e-01
3.671667240551589884e-01
3.577551409214597689e-01
3.603423647846139555e-01
3.403948475215465286e-01
3.445775623334184634e-01
3.611551005346339549e-01
3.635752269947656878e-01
3.519335249859034120e-01
3.521492592742890837e-01
3.531527497549479810e-01
3.427065470312852802e-01
3.327055587841207807e-01
3.216926850631411372e-01
3.329001165983701549e-01
3.361512438653506130e-01
3.421623524580508779e-01
3.399736673199453829e-01
3.553038561548045871e-01
3.469960650765424037e-01
3.397234094761982792e-01
3.561033462080297474e-01
3.451610313458199353e-01
3.419242783711626266e-01
3.555002036447644231e-01
3.504087881284006500e-01
3.511324924746505594e-01
3.556918206992322196e-01
3.634742832165146487e-01
3.553266411730618968e-01
3.317079187548565011e-01
3.276618330776152055e-01
3.397126935656510915e-01
3.375859509185046292e-01
3.414143354718344736e-01
3.458834265196292779e-01
3.504400422945519455e-01
3.522532973472063955e-01
3.535026776776621915e-01
3.677535261041062209e-01
3.671719196755724446e-01
3.700377467336687376e-01
3.251190521757064689e-01
2.955039806920238266e-01
3.059723512225920317e-01
3.028216642853822083e-01
3.167590597041177736e-01
3.385968501618187854e-01
3.495829893807199662e-01
3.488816174269431247e-01
3.487723657532725285e-01
3.343143876453912866e-01
3.319372480180748375e-01
3.209932955650520725e-01
3.145150560026563902e-01
3.166247735258534424e-01
3.156880220983841467e-01
2.821391120634378358e-01
2.687729854067436031e-01
2.627941534472245100e-01
2.719700998475857445e-01
2.618231270726531501e-01
2.501343913171109046e-01
2.629510890638180332e-01
2.593148287119075857e-01
2.374366403300751105e-01
2.428737994603766548e-01
2.313787460709608723e-01
2.323603567337061138e-01
2.329872377409863415e-01
2.469275044378267669e-01
2.497436132281374843e-01
2.629350681638581433e-01
2.595267614495789799e-01
2.493119330089174635e-01
2.681801999231255840e-01
2.732288894054428763e-01
2.770510044637758962e-01
2.788274399889367205e-01
2.804935749463069450e-01
2.678967334369179998e-01
2.661828034739978088e-01
2.471602523867791612e-01
2.626792756882653235e-01
2.633954932058590881e-01
2.574952106124958617e-01
2.558426515584780181e-01
2.436937397610063893e-01
2.468224005308903568e-01
2.826812636614502994e-01
2.841247908929632748e-01
2.848329665232942620e-01
2.694207503040536578e-01
2.468696267301395131e-01
2.424360643219948264e-01
2.259090628880030538e-01
2.234583579738199932e-01
2.266610410583361768e-01
2.092303006034502422e-01
1.868058602646206767e-01
1.593169025033469022e-01
1.495741341000810798e-01
1.416021076960236880e-01
1.284500190974799949e-01
1.406184228029692951e-01
1.361776209659435188e-01
1.236248723522130194e-01
1.179948553430727465e-01
1.287011036902618033e-01
1.383301279177250598e-01
1.236163882504851125e-01
1.195727672848978795e-01
1.240705418996492226e-01
1.285648245257062783e-01
1.349137468454907063e-01
1.405241223074337464e-01
1.424283516992532195e-01
1.287391979254302876e-01
1.288740954355558910e-01
1.327888025905409330e-01
1.329585414314443104e-01
1.427145565909745117e-01
1.349063639065399278e-01
1.395912092878822952e-01
1.386738243840160978e-01
1.482005928936400152e-01
1.509222381579199967e-01
1.799253387638220514e-01
1.787902559370375122e-01
1.814970128113740089e-01
2.269251880938862320e-01
2.075690849014968642e-01
2.030727166861961142e-01
1.960875084765626442e-01
2.117724590778473914e-01
2.154648232330148849e-01
2.316328132998786982e-01
2.248321301201922917e-01
2.336913278076414302e-01
2.259794241681222504e-01
2.104712976631992749e-01
2.041300366269101219e-01
2.102999338675078100e-01
2.446983916301138096e-01
2.478663179841525677e-01
2.491551687371925949e-01
2.576886426495344495e-01
3.097548374714076402e-01
3.137765735560136271e-01
3.112246350183535681e-01
3.257193969219581708e-01
3.171140770172916068e-01
3.180084797453271439e-01
3.223457144305399424e-01
3.144713517294080996e-01
2.768702995166062997e-01
2.957835659200933609e-01
3.067785101175337648e-01
3.090415199298274795e-01
3.082202363395711298e-01
3.116748979595418412e-01
2.898135120808082998e-01
2.926392632665580917e-01
2.861932634694455135e-01
2.851061063803004836e-01
2.886518672977232414e-01
2.589553507000138532e-01
2.671997810985815569e-01
2.928603897724523231e-01
2.953034689129684920e-01
3.067092848193357923e-01
2.937498677143779435e-01
3.078198184427994866e-01
3.141554647842679793e-01
2.951736905850618764e-01
2.891864084344133445e-01
2.900958129338809255e-01
2.902373690913400139e-01
2.993299232266855014e-01
2.910478132041020016e-01
2.872413459990369455e-01
2.946710575870144511e-01
2.926079623197984647e-01
2.964727030242592654e-01
3.020917280554856754e-01
2.735750131807926366e-01
2.674432834165334505e-01
2.686707278698427515e-01
2.667928062630232078e-01
2.673652284358163933e-01
2.504821219748180061e-01
2.916523674793444210e-01
2.865320505274274732e-01
2.730690886864457489e-01
2.551931543660394541e-01
2.507711817480321459e-01
2.450125943041161214e-01
2.434039927626138744e-01
2.412385782974021953e-01
2.600014860321241961e-01
2.859900074881531751e-01
2.821950684012503041e-01
2.876092856953799681e-01
2.860776221774436467e-01
2.819630989484483985e-01
2.800516488010163507e-01
2.970639407758154937e-01
3.013994823189020122e-01
3.008469539871105325e-01
3.061771223637433925e-01
3.225474544801077426e-01
3.216987487266667056e-01
2.972691675571841885e-01
3.068735124014149163e-01
3.216101104880655370e-01
3.157389814441416420e-01
3.208959111343047121e-01
3.711477573876463820e-01
3.832324189496480460e-01
3.783930537911125436e-01
3.823013803064474470e-01
3.872252689983994300e-01
3.580866944898914439e-01
3.383259030705963455e-01
3.096713208992739053e-01
2.972800467858915940e-01
2.916060578619326660e-01
2.585206206539630847e-01
2.676626860891732629e-01
2.828588610061658071e-01
2.814577680097230528e-01
3.007196899491069164e-01
3.050417603204860217e-01
2.830758323268621757e-01
2.641326855130171625e-01
2.569153582783218481e-01
2.276322350054913457e-01
2.238042206756440666e-01
2.123255315434473822e-01
2.136081376497689643e-01
2.512763043611053737e-01
2.671805710268558842e-01
2.458423818182950138e-01
2.654607685978077614e-01
2.701555077846375386e-01
2.834624469709177697e-01
2.890495468871180917e-01
2.928315459013670075e-01
2.828995571597279213e-01
2.887640348448993755e-01
2.853051491305727549e-01
3.015117032176107270e-01
2.931903993119268637e-01
3.021509648189348862e-01
3.071779850113720012e-01
3.036336268846430153e-01
3.065772414715538519e-01
2.975311281522790008e-01
3.059494970723114493e-01
3.097164611497587594e-01
3.027528987893975398e-01
3.003526702845358276e-01
2.998040097960559258e-01
3.090476680498278061e-01
3.125031363614962365e-01
3.178722302977294856e-01
3.151181011082836436e-01
3.217722209615623830e-01
3.136995031332056594e-01
3.231482855371948792e-01
3.191435958734643585e-01
3.195687141501962758e-01
3.233129646683418623e-01
3.248595648363635791e-01
3.327172561822258623e-01
3.233042472819122048e-01
3.188090764437510605e-01
3.044783143150734395e-01
3.105826246453744499e-01
3.016659462371026890e-01
3.009054998032802408e-01
2.986120329301407694e-01
2.851287399399065614e-01
2.816008323228266219e-01
2.894181033196835395e-01
2.833063231200124710e-01
2.688708267851178668e-01
2.718797984529006673e-01
2.658838625647532150e-01
2.753269275206777777e-01
2.096112634827215215e-01
2.136213677300775882e-01
2.111602387469449504e-01
2.106559958444389480e-01
1.916435497913470953e-01
1.887173604530617277e-01
1.948090426566939648e-01
1.991604069955907608e-01
2.011846018175496575e-01
1.978105670419610107e-01
1.990994738444447076e-01
2.043279499487405948e-01
1.968138351907767203e-01
1.742576506955247073e-01
1.787623956752431575e-01
1.969958335184152642e-01
1.725028977433315791e-01
1.713936074629618944e-01
1.818086867459102196e-01
1.823709422135196823e-01
1.863525059514450910e-01
1.794292294855462377e-01
1.728018375586730937e-01
1.717952323250153679e-01
1.762051508145502932e-01
1.850655279841843526e-01
1.799422774561421356e-01
1.760860115099939227e-01
1.771490936660025661e-01
1.897732896129342983e-01
1.687445521553621874e-01
1.662966570437281466e-01
1.714569577804168077e-01
1.758686438425113296e-01
1.758545662804549270e-01
1.952523935728802396e-01
2.035180804151808520e-01
2.311263920074032308e-01
2.355577692565040959e-01
2.442026693078610255e-01
2.581020853094346812e-01
2.647028580515559115e-01
2.650544359151868479e-01
2.706222482140510643e-01
2.717435605789290110e-01
2.702624776438087850e-01
2.578494952866756118e-01
2.721811065837643206e-01
2.804173616518563783e-01
2.782505107238563147e-01
2.760565333017577783e-01
2.781642085541295994e-01
2.680036196789805092e-01
2.780293525147098377e-01
2.773263357150153596e-01
2.738041756438757690e-01
2.969944007649119588e-01
3.033129120579979299e-01
3.053249329207974871e-01
2.990478895625440225e-01
3.131547334832990304e-01
3.160836693860661351e-01
3.261892832537245379e-01
3.312582395049445960e-01
3.203339107981168499e-01
3.179725998188528968e-01
3.313877895178563016e-01
3.280812099993771769e-01
3.353708529349423983e-01
3.489236070630528097e-01
3.506220538071947446e-01
3.418202313030637152e-01
3.255288124212042944e-01
3.176516458751443284e-01
3.260205497004420305e-01
3.410537627140211581e-01
3.535390003333978570e-01
3.903337500306012786e-01
3.946521655819085761e-01
3.883598610217330882e-01
3.904514716144245057e-01
