2.541910319922688691e-02
2.993622069087598092e-02
3.502349827848958569e-02
4.016531291111878621e-02
4.629664942464389865e-02
5.684475792831552438e-02
6.930570261324421610e-02
8.356333921134893872e-02
9.017992481586252496e-02
9.778721495577138989e-02
1.039929195034591108e-01
1.084921776980080771e-01
1.124405717316144110e-01
1.072060358358895155e-01
1.054907690737606485e-01
1.030939606183172152e-01
1.007394491687737814e-01
9.904866490973494864e-02
9.354163569111789700e-02
9.204078425435058275e-02
8.809767067067493518e-02
8.957817516661011059e-02
8.899046177864416984e-02
8.933123403090606485e-02
9.022576958520997503e-02
8.957468802920716400e-02
9.134737523336297627e-02
9.078598741898691316e-02
9.204577554758186508e-02
9.058368783712217320e-02
8.661457843270384260e-02
8.482023924753523403e-02
8.162503387075667471e-02
7.998328466947313142e-02
7.408322221045371414e-02
6.905316213515791390e-02
6.879271522828890595e-02
6.869953128418355981e-02
6.803091575396987001e-02
6.938772650936886333e-02
6.992484926115552502e-02
6.975174108733638023e-02
6.987412618327554226e-02
7.067388119200621044e-02
6.935284925306910153e-02
6.850144599746038621e-02
6.617614952235456593e-02
6.346646172367455263e-02
5.861629626347246436e-02
5.699707021243968774e-02
5.315241550976520374e-02
5.261615491604229589e-02
4.907090507669668172e-02
4.858768606950226998e-02
4.907357680061689292e-02
4.945828433255171352e-02
5.059847187100081911e-02
5.262078715849130561e-02
5.389121293853355726e-02
5.762602578137767523e-02
5.932843836096688556e-02
5.544472294723962191e-02
5.679997319418066820e-02
5.423860761054911939e-02
5.290600404100696125e-02
5.239376356592435890e-02
5.084420278500557250e-02
4.996953129353841339e-02
5.270156170884109093e-02
5.408431240291292075e-02
5.650468925011018634e-02
5.858747263500999752e-02
6.048684006891896781e-02
6.431571433613382516e-02
6.730077337395912185e-02
7.062063363032070051e-02
7.312709044700285710e-02
7.667922950947854421e-02
8.011820315048651109e-02
8.281810936970505910e-02
8.448685401325685407e-02
8.746239637896703611e-02
8.995307736956116573e-02
9.151564038824480662e-02
9.270019565974461917e-02
9.316290983637011414e-02
9.534846197460172812e-02
9.773031070521565056e-02
1.002214282239761584e-01
1.030111240851857013e-01
1.090409901349813360e-01
1.118795216981338242e-01
1.143150591298865565e-01
1.154506063539284116e-01
1.194480599563109979e-01
1.206567874286756936e-01
1.219014569087787103e-01
1.254123008521021987e-01
1.282850952805090483e-01
1.336779790378701815e-01
1.377097909252233965e-01
1.402752561107123430e-01
1.436577221480480615e-01
1.435935761291822488e-01
1.438313408151296047e-01
1.440841551116005537e-01
1.433966021038609318e-01
1.418843171141855319e-01
1.428001003570907312e-01
1.433972153004346717e-01
1.437803021973643458e-01
1.453068690953706055e-01
1.448793731712564037e-01
1.463903736378016629e-01
1.471945740427989813e-01
1.481049049060649825e-01
1.482618878646128346e-01
1.499629828434443923e-01
1.527776893028506000e-01
1.544690217699436763e-01
1.551988016358214484e-01
1.551171436609720400e-01
1.561807533444652951e-01
1.569629682125171788e-01
1.588834976588582582e-01
1.590601546678367673e-01
1.590273288764078863e-01
1.602789577182688330e-01
1.598793984552219771e-01
1.616304855971160970e-01
1.645065558855984267e-01
1.663655797473845843e-01
1.692222287698694205e-01
1.694845104325613527e-01
1.713863903555683799e-01
1.735577215323943767e-01
1.760132084352400705e-01
1.769237795574133132e-01
1.785150278996222584e-01
1.797764129369268105e-01
1.808709342443118595e-01
1.819251832245328826e-01
1.850372481247866407e-01
1.857085893916378960e-01
1.899590540190676524e-01
1.914329702674727740e-01
1.932863530570564647e-01
1.935424309566090850e-01
1.964012619956222727e-01
1.987133182895436112e-01
1.988338606037768352e-01
1.987349395409259145e-01
1.962019118506793669e-01
1.951320070857660571e-01
1.966795999270560813e-01
1.944938767513256228e-01
1.936228555840822652e-01
1.932439135223284477e-01
1.928534225816918302e-01
1.912889894474672503e-01
1.920784272200510012e-01
1.931392619554566092e-01
1.936908503337602672e-01
1.907604218469761415e-01
1.898844367513547737e-01
1.925705393993033532e-01
1.938548525548003387e-01
2.007087898682326232e-01
2.039642625509620055e-01
2.062709554828477121e-01
2.086996557901008298e-01
2.095063343610058526e-01
2.102773450759786722e-01
2.099846512156865463e-01
2.108782287081358564e-01
2.127744533197636900e-01
2.149604974355602549e-01
2.178499043890071152e-01
2.225865310233841599e-01
2.249628452423774461e-01
2.317992866930885520e-01
2.405111434527004988e-01
2.456948690237734656e-01
2.529947915974279926e-01
2.586093931642865495e-01
2.625093715372109893e-01
2.663364963693301557e-01
2.686790038111316337e-01
2.718363919967581865e-01
2.749686263581682666e-01
2.774497959454577667e-01
2.812388879597831348e-01
2.849073271350178738e-01
2.879293385645717573e-01
2.906106483277249297e-01
2.927959396152551852e-01
2.927325609571818643e-01
2.927779009883274552e-01
2.933969480224578597e-01
2.953951826268989000e-01
2.973807716728419370e-01
2.993899158349531131e-01
3.001041969286136202e-01
3.063649957118287359e-01
3.101817030122036578e-01
3.175659505338485067e-01
3.275336898639883421e-01
3.340505529041848942e-01
3.434150717422261301e-01
3.471236780419044710e-01
3.495894507004941865e-01
3.554367553866097929e-01
3.570076298731068021e-01
3.612471451769569963e-01
3.614472777738690357e-01
3.646092571958898798e-01
3.694052540697647102e-01
3.693934220894587450e-01
3.715519468109834689e-01
3.756218331435861590e-01
3.775184418861419755e-01
3.778779289976329503e-01
3.811105465053108432e-01
3.846147473962208130e-01
3.904333114933237203e-01
3.938394626126258680e-01
3.954848515276077614e-01
3.978409591845301629e-01
3.994190071839568423e-01
4.029290810958908731e-01
4.029748093065441683e-01
4.042165503599244869e-01
4.042679889006906002e-01
4.091840379096636227e-01
4.143361465200132154e-01
4.232612525704499973e-01
4.278430750778678959e-01
4.316035384858161184e-01
4.331320506241511659e-01
4.331729450222808198e-01
4.288099384421686922e-01
4.254530724558971411e-01
4.187488198671956985e-01
4.169792858810945080e-01
4.144124828969210639e-01
4.126833778517020046e-01
4.109630375916000777e-01
4.080780069393916687e-01
4.061699970948972060e-01
4.045963691247819183e-01
4.031165638567895115e-01
4.014866947090062754e-01
4.010713793150340045e-01
4.003081014573262042e-01
3.991432252654936175e-01
3.983091780109097590e-01
3.968427306734351179e-01
3.968495673183556893e-01
3.972958158023982000e-01
3.973077550765296007e-01
3.979558160533972488e-01
3.977546711272166857e-01
3.981997103298663965e-01
3.983645721467403700e-01
3.978552356570638215e-01
3.977008273209781120e-01
3.977955157586795520e-01
3.973154833762110316e-01
3.968597045351356933e-01
3.962670407591544763e-01
3.962800371194712401e-01
3.958975711620358329e-01
3.955675003487814090e-01
3.953916374038873860e-01
3.955709080287177493e-01
3.951142560551456073e-01
3.952342936135926910e-01
3.952691404668491892e-01
3.947996753596593744e-01
3.945669846514055501e-01
3.942901990167074211e-01
3.935934051044542858e-01
3.933680289088788973e-01
3.926693516555697649e-01
3.919941771144695997e-01
3.916576605653602772e-01
3.912859198924955040e-01
3.938377687710420960e-01
3.982140619847795993e-01
4.013062189747957365e-01
4.024315877279550646e-01
4.021749416801919663e-01
4.015673222529457242e-01
4.008735015199123009e-01
4.002309929887507556e-01
4.006199348543769134e-01
4.007933668066115951e-01
4.008521968785514478e-01
4.013737334725109296e-01
4.005054504062108278e-01
3.992833400381216591e-01
3.973947341445276393e-01
3.957613298870055751e-01
3.959045776095979630e-01
3.992413596775533646e-01
4.016809433482187996e-01
4.002549968624403154e-01
3.983068147353411304e-01
3.964680188268491223e-01
3.936092310964697805e-01
3.903394651479245581e-01
3.899090919539524025e-01
3.911643163672376966e-01
3.908705152700479024e-01
3.906093758288631812e-01
3.896406419397454024e-01
3.889743665789293647e-01
3.884596320469726471e-01
3.886041616901010354e-01
3.879865549713643613e-01
3.880255089496220111e-01
3.886947439896315526e-01
3.887481514950190675e-01
3.889058486997582498e-01
3.890560923811547389e-01
3.890489961475088743e-01
3.893243748492968281e-01
3.894906290402361804e-01
3.893796971350925729e-01
3.885009712634492351e-01
3.877975035391535985e-01
3.882801493249277702e-01
3.885754889658210032e-01
3.889682390435603154e-01
3.892555216428142950e-01
3.882210372460509484e-01
3.875539546912783462e-01
3.866586541467312843e-01
3.854033777737054245e-01
3.842421671924273752e-01
3.834217925821322148e-01
3.834735295445881875e-01
3.840179407731380001e-01
3.840095912696602221e-01
4.144209125234779578e-01
4.213427919373490815e-01
4.252925831994263106e-01
4.263769317976209838e-01
4.268739560615389950e-01
4.277675978496440212e-01
4.277097078502577476e-01
4.266717325841648534e-01
4.260582129576416799e-01
4.272214812084627611e-01
4.286835476193353034e-01
4.296850119558394132e-01
4.295218224254853112e-01
4.284490780449410341e-01
4.281506996356172490e-01
4.277136941846707563e-01
4.271084919750132158e-01
4.266414131289691936e-01
4.264137122980203309e-01
4.267534382113321034e-01
4.260370962816131257e-01
4.260214501790413610e-01
4.257272558038388000e-01
4.249572469087752880e-01
4.238507245716356397e-01
4.231474087974386178e-01
4.227265972624235646e-01
4.221868039953957652e-01
4.203446695179481885e-01
4.207471391364734914e-01
4.237740524056473612e-01
4.229293589948875387e-01
4.215364859625096439e-01
4.295149717316920635e-01
4.324440283759445336e-01
4.270765647863825065e-01
4.243218025019075967e-01
4.240033541270409323e-01
4.146360764572818436e-01
3.996677013141793355e-01
3.994712167243010814e-01
4.062019112659335240e-01
4.082990240953495165e-01
4.096064077088497069e-01
4.113813953050406425e-01
4.094906593213514800e-01
4.042175921795354010e-01
3.986776855070016112e-01
3.928535435885585070e-01
3.884538559063651086e-01
3.846937657832119051e-01
3.820030918992007307e-01
3.829395102534416395e-01
3.802455697775084520e-01
3.771352011742794552e-01
3.739598446912955620e-01
3.722610573309646509e-01
3.666150178713101782e-01
3.639034211442659372e-01
3.584782263755586507e-01
3.605010252942094651e-01
3.622914496163566755e-01
3.617879807313624796e-01
3.547579786964207282e-01
3.530914616537315087e-01
3.474212781192426158e-01
3.439770273538829137e-01
3.391878529967847222e-01
3.354708765737992593e-01
3.351432002660133525e-01
3.329917213883006322e-01
3.293377393299355416e-01
3.257591351885561481e-01
3.251558274172725027e-01
3.227541055917343416e-01
3.214082623925985649e-01
3.196099012960769148e-01
3.187295753404807974e-01
3.168447144631074686e-01
3.155411801562687524e-01
3.128546669937422586e-01
3.083084377634002782e-01
3.067872469456995876e-01
3.051428741663134159e-01
3.038314380561013550e-01
3.018830190113502843e-01
3.015668494222955576e-01
2.972984143217242692e-01
2.949796320973517849e-01
2.915989992380083606e-01
2.875627962728977138e-01
2.825939829443801510e-01
2.785273237672305502e-01
2.727152740688307264e-01
2.659222654889053516e-01
2.551112698918468480e-01
2.517707196798170122e-01
2.462223837468881793e-01
2.357416488532293741e-01
2.283486309277943938e-01
2.196972231513794616e-01
2.139779879607508206e-01
2.113642810896721180e-01
2.089497393560628136e-01
2.053966171800207796e-01
2.062559284451146169e-01
2.033607511688242941e-01
2.008153115068340988e-01
2.005626663017552880e-01
1.988152952082730685e-01
2.064817560168775712e-01
2.099314072673901799e-01
2.140158997914075878e-01
2.137087601546873994e-01
2.121323724459280025e-01
2.116206993537485537e-01
2.107559094760071416e-01
2.094590688218864183e-01
2.073340354339358871e-01
2.033798912965014694e-01
2.035694538424171196e-01
2.006461706643304366e-01
2.036588134827190810e-01
2.008902860129834211e-01
2.024357852530021540e-01
2.007662674693406757e-01
1.991480927660665146e-01
1.963566609556185727e-01
1.922023397886520324e-01
1.906974116148238974e-01
1.905199727772565466e-01
1.870666292624885430e-01
1.884863944296713834e-01
1.893361431696832797e-01
1.881807028835385809e-01
1.839519650718229316e-01
1.834889681694771291e-01
1.824114939216965048e-01
1.855558728932042156e-01
1.872645017177982096e-01
1.888587943870379815e-01
1.864516439418370530e-01
1.880695432957046886e-01
1.854181085936916218e-01
1.863376726150725859e-01
1.832354181074566657e-01
1.820655941755613128e-01
1.808475067072654874e-01
1.807491411256492431e-01
1.788193809431929404e-01
1.778172693506603619e-01
1.743977352687118842e-01
1.713299192960921757e-01
1.691341313242805122e-01
1.665434252459983833e-01
1.646486357671660683e-01
1.629806369144637668e-01
1.610430107820187695e-01
1.597235962588914593e-01
1.585303599271018493e-01
1.574881536453937581e-01
1.573671360416900589e-01
1.583161109429071511e-01
1.581576102857668864e-01
1.600258986404422545e-01
1.593665774529790524e-01
1.612337420860769643e-01
1.606950064497360553e-01
1.606986996850411631e-01
1.605424261978610767e-01
1.587658662995583558e-01
1.570711474906879013e-01
1.512407856231802461e-01
1.466204189012018655e-01
1.417385526288875153e-01
1.366622349494348299e-01
1.355937754653128435e-01
1.313508803023552274e-01
1.330736906578185719e-01
1.310133338150963056e-01
1.313747861130775407e-01
1.285015406419205974e-01
1.250956545238476603e-01
1.235046771946319982e-01
1.199928621844180976e-01
1.148388097563950577e-01
1.137504239454527888e-01
1.109505051872427817e-01
1.106918297998828044e-01
1.099099631228502710e-01
1.077758647987924201e-01
1.093422064868467131e-01
1.124681719262996538e-01
1.130305438111481042e-01
1.147036883679475872e-01
1.155257670666292313e-01
1.151845969005593356e-01
1.150712376278832105e-01
1.128028197513119557e-01
1.124699445632902362e-01
1.121640409283280182e-01
1.095699945008497128e-01
1.075617457804380894e-01
1.040519743505584349e-01
1.029213503190171686e-01
1.017941657517629217e-01
1.054186126072142737e-01
1.074981004339714136e-01
1.091023750818876648e-01
1.078848220911387407e-01
1.072340756366710335e-01
1.056013392850342486e-01
1.048818087769294582e-01
1.015479951606847453e-01
9.982909929796761339e-02
9.975718917182786749e-02
9.401429170766671672e-02
8.960878033797062270e-02
8.790773090105659382e-02
8.530999735158513453e-02
8.593305184615868120e-02
8.431529288929191790e-02
8.601474549669332892e-02
8.713589437354749001e-02
8.647840439147827518e-02
8.549206294167355225e-02
8.860370900549731366e-02
8.972883039588568088e-02
9.006728104765049370e-02
8.941321438826795032e-02
9.016146095004437533e-02
9.040645908097416639e-02
9.041720268073219491e-02
8.978284602598256281e-02
9.094737511988072731e-02
9.150967571412817192e-02
9.269823686942857410e-02
9.549966433137488386e-02
9.674904261501220126e-02
9.839107074418924903e-02
9.980514831730323555e-02
1.009894018628730156e-01
1.026851806499143593e-01
1.035819050300261779e-01
1.042515420314778507e-01
1.066181713888874477e-01
1.071032876027333824e-01
1.102008168215251049e-01
1.118740185772528484e-01
1.136968281530160163e-01
1.149832442981342240e-01
1.143304157352664496e-01
1.150832580685203083e-01
1.150086357649014873e-01
1.131809411442321472e-01
1.129496226189440483e-01
1.046913745325302320e-01
1.030215775022287616e-01
9.865833613290324322e-02
9.083431875206475492e-02
9.015469552784707852e-02
8.816043085980398986e-02
8.366911766486623270e-02
8.176237787549256453e-02
7.770664973936664000e-02
7.389230910691800547e-02
7.187457616553667716e-02
7.090402650727593847e-02
7.077178657662860917e-02
7.025759146673388189e-02
6.653632207834463130e-02
6.457268573412246193e-02
6.462790414039920606e-02
6.272748531565136565e-02
6.347065379109519123e-02
6.788453482313569487e-02
7.185268133518477041e-02
7.306445924665366798e-02
7.469375200923719649e-02
7.895921223373265907e-02
8.092488121835564319e-02
8.136925160618609099e-02
8.343739101587258067e-02
8.315623090899622316e-02
8.317304409161764556e-02
8.355809259950008894e-02
8.359426972150633961e-02
8.443396705255858115e-02
8.375400029451107731e-02
8.421668218579611565e-02
8.320884523914445774e-02
8.199822196975221911e-02
8.154192435622262258e-02
7.939649592519260057e-02
7.831442664727072955e-02
7.936994788933267320e-02
7.960620633465893825e-02
7.932901042860641960e-02
7.949227364567079679e-02
7.622784956707395754e-02
7.421709612848417792e-02
7.304051764286999260e-02
6.984856323870933248e-02
6.797875530298023994e-02
6.728062879101749660e-02
6.719604584004527925e-02
6.620589874699618627e-02
6.750329638284389977e-02
6.708000475162509413e-02
6.741332954796842858e-02
6.711807810835059007e-02
6.735649295917958690e-02
6.720866586019674793e-02
6.675884487654129562e-02
6.688481317400243875e-02
6.723494957026611429e-02
6.895293878157951473e-02
6.909883268065658557e-02
7.016380761402779553e-02
6.871311818610389976e-02
6.440262987728825883e-02
6.241859303653725377e-02
5.897563070485387082e-02
5.705890951290219087e-02
5.280964339489658405e-02
5.271567653400099918e-02
5.130182288349786207e-02
5.062073450924849116e-02
5.149515849090507968e-02
5.220574257902536874e-02
5.366068436645234779e-02
5.372623355938035278e-02
5.429147266115002396e-02
5.404523168699340574e-02
5.283933927955990206e-02
4.915388538694320103e-02
4.626598414374233359e-02
4.516493626777158543e-02
4.221857473748271555e-02
4.183079252610364535e-02
4.210892597482420591e-02
4.273421929940871694e-02
4.350968734287246481e-02
4.424249402026358968e-02
4.188557225191795463e-02
3.945585219791051396e-02
3.834432527216855013e-02
3.771297095076520112e-02
3.937164991584606033e-02
3.852059290960628546e-02
3.445145737337992897e-02
3.105200770201309649e-02
3.146058553027056282e-02
3.191657564686312121e-02
3.095746103185322701e-02
3.390432128150409202e-02
3.394125798485345125e-02
3.690718955878045937e-02
4.127632097319686860e-02
4.371780080697597326e-02
4.378310587222060402e-02
4.447934170328592812e-02
4.554294408039419317e-02
4.464938843067540325e-02
4.473598519915096550e-02
4.147118742993809865e-02
3.723506005370468691e-02
3.288369960520149543e-02
2.864768650449655771e-02
2.565271975476112257e-02
2.517398415004027529e-02
2.780180929309199536e-02
2.984051678813607819e-02
3.102762922031189474e-02
3.140115547024569659e-02
2.891583157086008438e-02
3.018461100828045626e-02
2.933825878228510722e-02
2.666095105849533922e-02
3.029515646094378678e-02
2.740986610317918543e-02
2.756716390837150171e-02
2.761840845119973437e-02
3.290241649464297619e-02
3.663368921757514246e-02
4.128380430273648205e-02
4.449347450198386233e-02
4.745872972472714446e-02
5.203307136438561215e-02
5.705685780572020832e-02
6.137206549382336063e-02
6.577373200497836636e-02
6.948557459772893019e-02
7.213385267110172805e-02
7.270682452125366846e-02
7.311614140085105629e-02
7.719574192035237592e-02
7.897145585515791266e-02
8.091680587476041131e-02
8.279396536789651595e-02
8.564334737425459421e-02
8.668392640106088731e-02
8.969907630165886714e-02
8.917915271631982055e-02
9.151370372574091361e-02
9.555805741305384293e-02
9.843503864321305474e-02
1.022673875995036702e-01
1.058915144975507844e-01
9.914163214462128060e-02
1.030217410097146735e-01
9.653868195947057362e-02
9.924031822728753005e-02
1.007880040491733464e-01
9.933006895326305929e-02
1.007606453831145221e-01
9.267634632272876705e-02
8.916910875169935247e-02
8.651376274270300426e-02
8.756963362704733855e-02
8.556456059759323662e-02
8.439804869961199663e-02
8.098051032141063976e-02
8.306541344374304692e-02
7.754250163423348496e-02
7.951498239234386367e-02
7.710647267902263902e-02
7.572433474718683055e-02
7.201165474444287673e-02
7.125681130476899106e-02
6.671382313138478348e-02
6.223236553542876165e-02
6.161997516402678565e-02
5.708753211944786465e-02
5.519466170551128037e-02
5.517284164966572424e-02
5.054071196016567125e-02
5.124776709076396541e-02
5.051791517581349228e-02
5.259921430673721726e-02
4.514044861659936847e-02
4.597115935919403318e-02
4.072030924299572391e-02
4.046531482587071432e-02
3.463775225980404715e-02
3.807931563681655335e-02
3.968878983169123187e-02
4.276510497386512566e-02
4.016470622654560313e-02
4.286294975842827593e-02
4.378471931837074616e-02
4.379660956792486015e-02
4.577769828275568553e-02
4.858984542545074364e-02
4.946861133590781806e-02
5.300409073741587512e-02
5.759155218088983508e-02
5.866007899231336781e-02
5.755067102221387426e-02
6.057921695276562851e-02
6.122221914251980979e-02
6.063284143755735822e-02
5.998081861700785278e-02
6.373191150609086586e-02
6.594031040511139086e-02
6.756137321768185267e-02
6.990775587098868593e-02
6.979310913289513141e-02
7.219651162774345932e-02
7.315813280739456859e-02
7.394195501171113571e-02
7.418354805454947798e-02
7.778966430184229564e-02
7.752338064413383245e-02
7.864337967604452528e-02
7.919296597040023644e-02
7.672257556313882843e-02
7.703078941059306184e-02
7.822225362200782572e-02
7.106404387453535421e-02
7.280232757688412382e-02
7.136681550647371031e-02
6.758002796731422956e-02
7.014449697091354463e-02
7.118543021637646628e-02
6.956791300628491215e-02
6.955228910684738142e-02
7.164106495955953335e-02
7.017425620285572263e-02
6.990783049096926938e-02
7.208110124501018734e-02
7.338827413667331490e-02
7.023080164143814808e-02
6.941742141431359037e-02
6.864161224548444296e-02
6.869175076626725385e-02
6.592212592548546413e-02
6.488173554755369277e-02
6.446026331966073220e-02
6.318597657190190564e-02
6.172806088929099627e-02
6.198274765033734424e-02
6.033824595780043487e-02
6.008213986645117438e-02
6.023887781202004466e-02
6.055445840500058713e-02
6.216767184454028566e-02
6.322740079155879378e-02
6.377598684691813957e-02
6.691520236862764925e-02
6.934455267342863605e-02
7.073296637080606075e-02
7.333705422539597840e-02
7.374414784892407981e-02
7.754053523703240136e-02
7.979214478544546796e-02
8.170953967447398825e-02
8.144870926950587009e-02
8.200771895006954415e-02
8.277156524992243525e-02
8.341671162960280494e-02
8.481732800138797046e-02
8.725467230262154428e-02
8.780101064516639131e-02
8.697812165372360849e-02
8.621755175815071226e-02
8.563556559633116183e-02
8.476753814452346603e-02
8.614727605951146006e-02
8.901533783060507077e-02
8.926872547373264355e-02
9.133035254676824533e-02
9.302940803032662409e-02
8.939542846511452923e-02
8.674495153615423282e-02
7.887894367981186650e-02
7.550269712112392395e-02
7.580518815745472538e-02
8.002081826503466833e-02
8.094138848819154575e-02
8.404604615052782557e-02
8.527475609751290764e-02
7.466280995418721200e-02
7.420653230684474966e-02
8.304103933486323141e-02
7.807602287529236129e-02
7.561094138979256030e-02
7.029610694728249953e-02
6.755103240595662639e-02
6.140053604649658991e-02
5.749886240492424472e-02
5.260123915989039362e-02
4.984085098118973267e-02
4.709659535078395548e-02
4.584185444886258037e-02
4.571137012051112308e-02
4.802029454083905913e-02
4.510558251582986317e-02
4.512806606392544967e-02
4.494420305952958467e-02
4.728248737675499330e-02
4.962169895960376331e-02
5.345000482702478434e-02
5.492568989457932011e-02
5.904931788407803694e-02
6.060896995549833882e-02
6.684949295847657236e-02
7.338663076181252409e-02
7.431948721508602196e-02
7.672163757609370971e-02
8.115128142527690269e-02
7.824656029143051139e-02
8.093121695797590720e-02
7.636464440447518487e-02
7.611553669720926008e-02
7.116224907398840949e-02
6.742793469481137003e-02
6.659419664671384353e-02
6.192755037011690028e-02
5.694927174092799527e-02
5.352893006112243585e-02
5.455430294311214290e-02
5.663888082076380670e-02
5.621780878746767546e-02
5.766583164649452531e-02
5.950798701261191676e-02
6.131543938134804972e-02
6.533107190729958713e-02
6.387670390197332237e-02
6.271306798879761057e-02
6.477038296221511449e-02
6.358125952528417835e-02
6.353408429766579935e-02
6.352816513256531739e-02
6.092119824294601332e-02
6.279675589552059789e-02
7.569149358904395108e-02
7.678176483233228877e-02
8.246750979368155932e-02
9.059602264069817334e-02
1.012354729937093578e-01
1.143772762353513633e-01
1.209013515949518558e-01
1.290143155530767693e-01
1.395299791993756811e-01
1.467809702340546474e-01
1.517930620238956141e-01
1.553262901499679882e-01
1.481311041417822383e-01
1.515686018864012552e-01
1.546235730112532625e-01
1.586097320703328539e-01
1.602096409949825828e-01
1.645964857130001180e-01
1.643332177589389986e-01
1.695216405818450178e-01
1.734806273531533383e-01
1.800419227151095203e-01
1.800030648659432242e-01
1.853716624662237189e-01
1.940389591969533534e-01
1.989208599315939741e-01
1.947773021964386564e-01
1.949732726681083494e-01
1.886410502889732943e-01
1.845764510786354062e-01
1.798239167253634363e-01
1.805305538828732570e-01
1.808500823249517553e-01
1.808942074996195692e-01
1.800518713375150459e-01
1.859139219209687000e-01
1.867746634908065972e-01
1.877523094244117896e-01
1.883051898865110152e-01
1.877550655670874868e-01
1.935510042718249224e-01
1.928105516013018383e-01
1.916327880469879674e-01
1.899590164452613361e-01
1.846585552339559677e-01
1.838474314852744929e-01
1.835659830872103937e-01
1.852944302368651208e-01
1.843652467414685636e-01
1.844244391501392022e-01
1.932453622004635108e-01
1.947797933719241370e-01
1.963046010246845552e-01
2.022932422967936572e-01
2.005818482288227178e-01
2.070576787728259649e-01
2.119680228408680756e-01
2.106225224340745605e-01
2.106723945564766276e-01
2.113713782672629049e-01
2.166193559577952454e-01
2.182437383985785517e-01
2.193836494162948736e-01
2.202204424438578556e-01
2.212707033595265327e-01
2.159001889151671572e-01
2.182257578056684133e-01
2.144539146680769781e-01
2.118278685407371520e-01
2.090403461488747894e-01
2.092998231882616800e-01
2.058551422031608680e-01
2.039611129835790793e-01
2.015479615940650726e-01
2.019815656719393671e-01
2.013112375562915446e-01
2.016391475808462785e-01
2.017016880195325323e-01
2.016607496707944203e-01
2.015924386600000950e-01
2.013362373756908685e-01
2.024187713103448860e-01
2.039329468524442857e-01
2.064713558648558211e-01
2.085555265983617124e-01
2.119511322460733149e-01
2.163702563172835991e-01
2.172624741631959122e-01
2.197241490569340205e-01
2.232877879548763045e-01
2.235578043563623274e-01
2.218472627811810538e-01
2.219400108130766269e-01
2.200726492264476752e-01
2.212515698210399118e-01
2.198024597626078991e-01
2.184014767644777144e-01
2.173351989972824028e-01
2.166667012064494857e-01
2.150362185826696637e-01
2.143494819870393198e-01
2.143608385399888294e-01
2.163487963464924002e-01
2.130201939803151312e-01
2.138655292648880268e-01
2.102778109153167763e-01
2.064047899428660959e-01
2.008041118897963551e-01
1.963816238169248385e-01
1.907512976098326429e-01
1.855669874442603395e-01
1.794536931337473440e-01
1.740991323453916217e-01
1.697053221493190767e-01
1.672717931340220732e-01
1.639099636033737040e-01
1.631591749085335441e-01
1.699586429695972567e-01
1.679215725674809701e-01
1.725999119502531765e-01
1.652703087086771216e-01
1.683008503893152763e-01
1.628778733983712590e-01
1.665125543606053027e-01
1.639404913269484620e-01
1.678741743284570820e-01
1.693704685509686558e-01
1.729251462905593284e-01
1.786413265742771150e-01
1.809380299773334366e-01
1.837765696622283840e-01
1.847237282414208592e-01
1.951893266879128619e-01
1.994944714203124581e-01
2.094250293044450928e-01
2.201296490428992225e-01
2.294237435507788525e-01
2.403355785466429473e-01
2.451148978688380553e-01
2.527650478572077142e-01
2.542870967848420150e-01
2.575464582611110553e-01
2.683597216666807617e-01
2.755540429414150005e-01
2.865448678292754070e-01
2.908355360634766740e-01
3.043013205016446010e-01
3.071818263486266187e-01
3.137713562388742550e-01
3.154391165405294739e-01
3.232531202405696802e-01
3.318661400996592570e-01
3.398763387399466596e-01
3.403844024088484854e-01
3.454904627907086079e-01
3.486578001295062568e-01
3.490918458711812500e-01
3.520297974621501291e-01
3.516596309432865608e-01
3.535139819771649372e-01
3.559397911503535128e-01
3.589353135518192905e-01
3.635683306015122240e-01
3.697212988669433820e-01
3.692927912231497856e-01
3.755793903348224605e-01
3.753299403926794175e-01
3.765675412090755958e-01
3.797981490139079597e-01
3.782238217749167020e-01
3.812297914277837374e-01
3.900334584719908904e-01
3.889503123645122185e-01
3.900261829383212531e-01
3.966336571765421981e-01
3.980600363768293515e-01
3.992512778763897541e-01
4.064887069393765540e-01
4.088851297401939200e-01
4.086324008154494924e-01
4.119376210870015487e-01
4.108585837974573218e-01
4.094035030027350364e-01
4.097088655126843726e-01
4.149828229701867932e-01
4.169749234628895573e-01
4.204160681982557768e-01
4.225252442775678796e-01
4.259572357254507446e-01
4.268458228482194805e-01
4.266166809555402284e-01
4.249303297128447787e-01
4.231449321511511763e-01
4.213025410349566235e-01
4.268407276531751005e-01
4.250714181590002361e-01
4.233280297506276657e-01
4.217998959981988927e-01
4.271684406215088825e-01
4.273532166964003620e-01
4.274320613287889703e-01
4.282312961263298190e-01
4.283578874647037682e-01
4.334155040230242006e-01
4.359324330476089804e-01
4.442106382465264014e-01
4.449290282665925855e-01
4.440110552719725989e-01
4.418413069284337080e-01
4.450817914418911947e-01
4.424256559694833557e-01
4.398209315592765956e-01
4.382652199037038176e-01
4.369656859985464048e-01
4.364828279380331133e-01
4.371485645728556690e-01
4.360304290549865680e-01
4.465619228689668430e-01
4.465041310617203218e-01
4.491237811959999937e-01
4.485096401955556145e-01
4.494865050719403787e-01
4.502204683835934751e-01
4.593416362776430728e-01
4.602601104169412038e-01
4.619537683428181496e-01
4.711401644496521213e-01
4.792655371532973940e-01
4.805111449251825984e-01
4.896066411127746321e-01
4.903046228955428298e-01
4.928402511219939774e-01
4.934003703060533264e-01
4.953234047568055853e-01
4.937856462544872871e-01
4.894193528386739933e-01
4.893590363919516628e-01
4.626712734869647958e-01
4.571654474128274970e-01
4.464101911832736858e-01
4.423786275603528995e-01
4.400495988942146330e-01
4.357196111149100326e-01
4.333375979624220498e-01
4.333551995402323831e-01
4.309287876928372119e-01
4.360466407665812838e-01
4.396278540144043512e-01
4.408574679566787946e-01
4.395027173047230673e-01
4.422036964255162128e-01
4.446147216861408569e-01
4.502630350120879754e-01
4.541535355044225009e-01
4.565909793193066446e-01
4.621448051877574126e-01
4.616128426495231252e-01
4.607263214340882040e-01
4.591059646931029414e-01
4.549232267150543074e-01
4.496590421982324393e-01
4.421523193049028966e-01
4.370170898837404949e-01
4.312384831748772296e-01
4.291947688020962270e-01
4.282445021939497165e-01
4.274322703462180018e-01
4.339820007751794551e-01
4.322618498485664151e-01
4.304197813618180213e-01
4.318278138910670583e-01
4.331694391258853472e-01
4.331343017515695282e-01
4.326843445837516566e-01
4.216285581851754727e-01
4.140137953829597928e-01
4.159690753586963718e-01
4.064100725639627765e-01
3.963192136456683556e-01
3.965838235669081890e-01
3.836665536033047053e-01
3.815054779485584913e-01
3.736448132653046317e-01
3.740693103665849173e-01
3.705282128349856041e-01
3.734772007522889070e-01
3.730305814110783658e-01
3.725698990486125961e-01
3.707997279615957154e-01
3.733631286484325185e-01
3.760096312254800344e-01
3.813507514903099471e-01
3.843097540457363626e-01
3.875845494961689952e-01
3.895145934049953906e-01
3.934665367998477770e-01
3.985841345658399648e-01
3.995889356847027729e-01
3.975831953979437894e-01
3.932470528296500012e-01
3.889974438084646824e-01
3.860735175877141323e-01
3.778505648103507308e-01
3.622596986810986408e-01
3.546032967702382188e-01
3.478112385657409211e-01
3.480886320537732170e-01
3.408643962973518238e-01
3.342935076100975733e-01
3.279658394291471990e-01
3.301246223058100782e-01
3.288591473683956101e-01
3.211881847171655369e-01
3.215018073697816781e-01
3.145959019560273240e-01
3.163494858868108883e-01
3.166845797637264370e-01
3.166232656800823109e-01
3.183916239914171276e-01
3.183645990999525166e-01
3.160770020988034612e-01
3.152110091134799896e-01
3.139195963329179939e-01
3.133723470168549574e-01
3.128051449259697248e-01
3.118579151762695401e-01
