3.623836825478159995e-01
3.576179216463771793e-01
3.549030523427050277e-01
3.549370160853203560e-01
3.551981334833068105e-01
3.551171050838958787e-01
3.561917996493662586e-01
3.555331290037252456e-01
3.549711326940332423e-01
3.539516321718491620e-01
3.538117434765062352e-01
3.494737238149632774e-01
3.490054696554337199e-01
3.452507162779081540e-01
3.437935348286203507e-01
3.401531276946727633e-01
3.399375227628749774e-01
3.357876662062129758e-01
3.330874562452933452e-01
3.314129105143069354e-01
3.300628657315667347e-01
3.326441380982271268e-01
3.324418327848993604e-01
3.323607474956460917e-01
3.358009033284077294e-01
3.376750274112629846e-01
3.409971809594769532e-01
3.412403176729678078e-01
3.448729362107333940e-01
3.477956821362033213e-01
3.482635194248563382e-01
3.527246335331984950e-01
3.554354652190338526e-01
3.629748107897627918e-01
3.672838692122538662e-01
3.696385071175637971e-01
3.766844486068806619e-01
3.780233017902237536e-01
3.791698484429890104e-01
3.841872191414525406e-01
3.854022350870508484e-01
3.868169679246545312e-01
3.892660062294717727e-01
3.960992312071345833e-01
3.981010919895979772e-01
4.002656827907569714e-01
4.052166689511690900e-01
4.040103572040760760e-01
4.040365461721700524e-01
4.077923727575613055e-01
4.061779894569262361e-01
4.085950342023400017e-01
4.070542576810005087e-01
4.029324529626530649e-01
3.990838062004221642e-01
3.971549293518203405e-01
3.974758061206847271e-01
3.945509135927969813e-01
3.910384040433809161e-01
3.886622470864086187e-01
3.878557111248940870e-01
3.874855310406906117e-01
3.877229374936447814e-01
3.876132689094858863e-01
3.874980665487023357e-01
3.856762429944827208e-01
3.830438989875294409e-01
3.793893098581560541e-01
3.723486252513764638e-01
3.691655291866685062e-01
3.631409489965997106e-01
3.565789191010094172e-01
3.510726076573711385e-01
3.471576343687859389e-01
3.464785082080825696e-01
3.452252587719430998e-01
3.398526407746305655e-01
3.383929336507437990e-01
3.348667601628785295e-01
3.322381248822942612e-01
3.279822850749279373e-01
3.255410512281302626e-01
3.223501367180344190e-01
3.208502379773418012e-01
3.191922891561761455e-01
3.176339044145390922e-01
3.195579119462834128e-01
3.202704648524472564e-01
3.169080759451491369e-01
3.183931505605439027e-01
3.201150006483595156e-01
3.233630656380954704e-01
3.226408346426187235e-01
3.281633101911545225e-01
3.278207884168375386e-01
3.347316339391911977e-01
3.366201467732081731e-01
3.384456227051819144e-01
3.433694363305538899e-01
3.434857010320354620e-01
3.476676132342941816e-01
3.468521088881963976e-01
3.465512851308573672e-01
3.491886826613078143e-01
3.514596915341063887e-01
3.501737795877106207e-01
3.535786641551939558e-01
3.569566755238985922e-01
3.605481051676036053e-01
3.606347710616858993e-01
3.640898946898105670e-01
3.686562103598418627e-01
3.689443642886914843e-01
3.726198684997635291e-01
3.711782202568598699e-01
3.727462007407098543e-01
3.740704680295263151e-01
3.756156155037062572e-01
3.792518299397009685e-01
3.822783337290127648e-01
3.847878769895554107e-01
3.874324449221359101e-01
3.854834362696998307e-01
3.889814423660787890e-01
3.919095141740979726e-01
3.953042183938362819e-01
4.004281296069498453e-01
4.047007462489868868e-01
4.094599769779622145e-01
4.137490066886059248e-01
4.164166012184715160e-01
4.181728402365097463e-01
4.203476626276062000e-01
4.214471875599174466e-01
4.222090551401051495e-01
4.258357325808592719e-01
4.242899395704707310e-01
4.223538933892108105e-01
4.221776059732387787e-01
4.192255235221672427e-01
4.179843282345899191e-01
4.137799452659494115e-01
4.102394038956364564e-01
4.103273559519755032e-01
4.108233400190490214e-01
4.083927636314274023e-01
4.060258871257288460e-01
4.037809379874146565e-01
4.011808617199786320e-01
3.986809115247910151e-01
3.959522907113222079e-01
3.913180891235573666e-01
3.895485577724498438e-01
3.878021845226418685e-01
3.837716018349598412e-01
3.830428194832259936e-01
3.825067546560179665e-01
3.829938225371213312e-01
3.783392116033205133e-01
3.784460313066864701e-01
3.797105106127547924e-01
3.754212287711370943e-01
3.773787327986051765e-01
3.793646767004212883e-01
3.747045732836035703e-01
3.695818665067670539e-01
3.682355121132206421e-01
3.623629608289283821e-01
3.563605099534682963e-01
3.560610637981940774e-01
3.508273280319203491e-01
3.500991817339839662e-01
3.501738075386081617e-01
3.502120604463935805e-01
3.501770775424856708e-01
3.467138686831913175e-01
3.494960398558383252e-01
3.521101202303687505e-01
3.499979418465983816e-01
3.524863393896084940e-01
3.518263233890975283e-01
3.506520621884384736e-01
3.459731296040899906e-01
3.449880539856149397e-01
3.420165126055292881e-01
3.387293711277183372e-01
3.351522713453833902e-01
3.307833413472343609e-01
3.266188364528247456e-01
3.210111487687095089e-01
3.171405456665102873e-01
3.099657791212680480e-01
3.055257404895236339e-01
2.980025145224898808e-01
2.924573914000731523e-01
2.875346536043855150e-01
2.806900387959353482e-01
2.753827474421816079e-01
2.685889130638013378e-01
2.608950476700542254e-01
2.556278434320128357e-01
2.505140153121245272e-01
2.464669603225538297e-01
2.462428921976675955e-01
2.466553577971674627e-01
2.489444871068826615e-01
2.519517821201042729e-01
2.551840760998989599e-01
2.574676102789667520e-01
2.609001580850264790e-01
2.626941814837566724e-01
2.616069395604209702e-01
2.612577865656166010e-01
2.613301071988579638e-01
2.610584102097205372e-01
2.603254927987280753e-01
2.634491679033560407e-01
2.625526359560885759e-01
2.606389038894838528e-01
2.615075279148769694e-01
2.615063276049535146e-01
2.567781923307284608e-01
2.555744051578985876e-01
2.539533271483636057e-01
2.518503486080166942e-01
2.470855060628916189e-01
2.451021932301790385e-01
2.397259077526766591e-01
2.374608311905848368e-01
2.309410310762140817e-01
2.228135075162228362e-01
2.179993055768350840e-01
2.080306524038830207e-01
1.979839733791113610e-01
1.931554411238221580e-01
1.839816214181670684e-01
1.758556218245198310e-01
1.679894735037656961e-01
1.600701518355240605e-01
1.574279286572502767e-01
1.502139162538945749e-01
1.487725306851481466e-01
1.410542995222894003e-01
1.406711425502376878e-01
1.315724970259266047e-01
1.320390233972754679e-01
1.313718605883441581e-01
1.234549389706647154e-01
1.247554536181718493e-01
1.175807248947887407e-01
1.196045204718487465e-01
1.211129739512959991e-01
1.134323086819176568e-01
1.125814268024411396e-01
1.106341864156034360e-01
1.010289191052759356e-01
9.956670716200724525e-02
9.798734199990483118e-02
9.726511884674203523e-02
8.723788072244464953e-02
8.578768735459139927e-02
8.369451611696959725e-02
8.252232753194997661e-02
7.585241313381038686e-02
7.710172891463266953e-02
7.870588394017576095e-02
7.914534342961881963e-02
7.465205293640750361e-02
7.555822085266050703e-02
7.824457889036792735e-02
7.354418397798236084e-02
7.498331537914855460e-02
6.904792021058656082e-02
6.964746198707975899e-02
6.359660058577770725e-02
6.395215433985762532e-02
6.388983115847658711e-02
5.685825921609807126e-02
5.554620153101010038e-02
4.738475470220888941e-02
4.503583658850214555e-02
3.574904759505871665e-02
2.703140159896555775e-02
2.179886502188991756e-02
2.045004038112925929e-02
2.196639719516966377e-02
2.632239013300236713e-02
3.268640824418596325e-02
3.965027843347658509e-02
4.157425653644702956e-02
4.994495979527720925e-02
5.827363687269777187e-02
6.626907469191956057e-02
6.889989056881214158e-02
7.550811975121804465e-02
8.125966618166113875e-02
8.255593593388670104e-02
8.320561000398095375e-02
8.697673054896480627e-02
8.609565548478473329e-02
8.455410575088516401e-02
8.653721987795605364e-02
8.490317926793866654e-02
8.708352370960281696e-02
8.540826593637908248e-02
8.836702977553581584e-02
8.847420922815059374e-02
9.348207186738088925e-02
9.868295015959659133e-02
1.011328210408160705e-01
1.054890093266059453e-01
1.069260624876916810e-01
1.111373078905342482e-01
1.167357616283525440e-01
1.221572411930635094e-01
1.311391492270957415e-01
1.366668773472981546e-01
1.405804955555009783e-01
1.434395517150394705e-01
1.447218527534386290e-01
1.462785895458883489e-01
1.458478976267587324e-01
1.494333399978589605e-01
1.498258774547531480e-01
1.494442899100149325e-01
1.482649307252736637e-01
1.475231436412821895e-01
1.458092237116523637e-01
1.451601033833642973e-01
1.441874352397665149e-01
1.431414015458057631e-01
1.420351330138680812e-01
1.417326847998900963e-01
1.414424386413860868e-01
1.383705649829731210e-01
1.395588856044025772e-01
1.448216604510302874e-01
1.503643271751933796e-01
1.609252200966773405e-01
1.692534055452933894e-01
1.774594563609412368e-01
1.858401309659109268e-01
1.897906842596547849e-01
1.995642424138953097e-01
2.028743014890546648e-01
2.120815852879945063e-01
2.129528366282099350e-01
2.122641149343446609e-01
2.204189768722888132e-01
2.216318207627996084e-01
2.158811533963414242e-01
2.217787464408472742e-01
2.191606587046248666e-01
2.175854267817012300e-01
2.224187055818183933e-01
2.192988258297634274e-01
2.163561007393668134e-01
2.139648352664371145e-01
2.193210979075391476e-01
2.178988324505812813e-01
2.158650379447147605e-01
2.208293268636273843e-01
2.181729741319140270e-01
2.210862389472948719e-01
2.239626989935467605e-01
2.197852532727551655e-01
2.203004872620931143e-01
2.152086687558858458e-01
2.145535043180331891e-01
2.133026206689336568e-01
2.074168914865718860e-01
2.069275935571984193e-01
2.033462973441192145e-01
2.037556196005875508e-01
2.046789786498801611e-01
2.024642101325119237e-01
2.034425449217755477e-01
2.034088462330138070e-01
2.026420386862967382e-01
2.009172590203145703e-01
1.983465187221276071e-01
1.975622838436443540e-01
1.937167948219536695e-01
1.911362065781942454e-01
1.881525722174161586e-01
1.864784023689229076e-01
1.834420834656530497e-01
1.820986331027354688e-01
1.786008560608318696e-01
1.736839227601424673e-01
1.691041860572040922e-01
1.637318726473723784e-01
1.594909058901617660e-01
1.552177713247719637e-01
1.535079622509515629e-01
1.510583355925478877e-01
1.509868561061020187e-01
1.499384581925198301e-01
1.506832698656905556e-01
1.515074319281949633e-01
1.516748994127786188e-01
1.521439047528654054e-01
1.530437104128988535e-01
1.540912052749339456e-01
1.551870409015202734e-01
1.560588189475208276e-01
1.590165557882535774e-01
1.668342168500191181e-01
1.737473563887488581e-01
1.825739841220360982e-01
1.951465348958598411e-01
2.034252170579370911e-01
2.110268702923815687e-01
2.239733147361638865e-01
2.332085548209181236e-01
2.485009555230570100e-01
2.588133320939816073e-01
2.704027246985361566e-01
2.795501323869568622e-01
2.908071263019768038e-01
3.002994995063825168e-01
3.105396076635745239e-01
3.145822485721362360e-01
3.159823917303121177e-01
3.160411974566952331e-01
3.226790211152364973e-01
3.227914345182247291e-01
3.225984437180393072e-01
3.211725032367286903e-01
3.254927156989372850e-01
3.229371249775703778e-01
3.260758664383801020e-01
3.293181544684748996e-01
3.245046319928264200e-01
3.257701466289179004e-01
3.334742626206744776e-01
3.320716080407082327e-01
3.304469227704318057e-01
3.313179739312912542e-01
3.277411051717873947e-01
3.266034086740203790e-01
3.233491820055059973e-01
3.211843850946525247e-01
3.211342453047122403e-01
3.189244795103664543e-01
3.188628069792418529e-01
3.206443293741617628e-01
3.264285628645817172e-01
3.354652855494129060e-01
3.512050906569239017e-01
3.637602198439923162e-01
3.700246373642233633e-01
3.773284110107478218e-01
3.791981735857602454e-01
3.901326727001273031e-01
3.937191005987710213e-01
3.994621727141806633e-01
4.098105459668974770e-01
4.107055861794054463e-01
4.091094911529586930e-01
4.121563654864419668e-01
4.095603809886391167e-01
4.066924760456238075e-01
4.088165846529249747e-01
4.079950472876385792e-01
4.082131121579921085e-01
4.118651029004642417e-01
4.125070633694483679e-01
4.161327401205905385e-01
4.189840037094517688e-01
4.177494234297006725e-01
4.152964526983373705e-01
4.108717413926756268e-01
4.048944856981498974e-01
3.987969329006582075e-01
3.915767107737388453e-01
3.856805072571654058e-01
3.813513684067192377e-01
3.789700555057282649e-01
3.762048453292583527e-01
3.704893170398741442e-01
3.680656862427575393e-01
3.655740729892147933e-01
3.639681717171527886e-01
3.610989568100004266e-01
3.573856875897589158e-01
3.531440165584618929e-01
3.497502306230372282e-01
3.480249669005878732e-01
3.429730085436487608e-01
3.371507997239577281e-01
3.313735759887384003e-01
3.262984132451586805e-01
3.218000025912015061e-01
3.178849823495265015e-01
3.137421126517610515e-01
3.097776486123244855e-01
3.060863953014757444e-01
3.041036015135929471e-01
3.022663674360027697e-01
3.009864859154189332e-01
2.969473598867089503e-01
2.940226178387371769e-01
2.896979884752584611e-01
2.858453378830008718e-01
2.820881914013810832e-01
2.720683582512694598e-01
2.672453505377633820e-01
2.628327892327455007e-01
2.572257941812479687e-01
2.525337358850506808e-01
2.482864633927165943e-01
2.424890850268611175e-01
2.385347309454000919e-01
2.339172018506171236e-01
2.364567109906690057e-01
2.346216689177963444e-01
2.363691158436848627e-01
2.378934572128518499e-01
2.372752126567322928e-01
2.419978976689160510e-01
2.444058634466155233e-01
2.404569168004231094e-01
2.396117506673256792e-01
2.342054251418575761e-01
2.315313632135956035e-01
2.246573216930196071e-01
2.218975671925867699e-01
2.169091102504013546e-01
2.112718436066929606e-01
2.097031851668229308e-01
2.040280726700458847e-01
2.030889354653774848e-01
2.006995320739033140e-01
1.981161664899671881e-01
1.953780440157116549e-01
1.939863259173366383e-01
1.901308084311771895e-01
1.894269326387268970e-01
1.873106020426738294e-01
1.861603373788938420e-01
1.827243198084878839e-01
1.798938508200751962e-01
1.759126341240440372e-01
1.730884764711874413e-01
1.670331314121454303e-01
1.618446980740521624e-01
1.606097759710054806e-01
1.517632068794321498e-01
1.413316787503135219e-01
1.399230263511773986e-01
1.303611190491094918e-01
1.214581645423764150e-01
1.133632255156425961e-01
1.112120652413116223e-01
1.052742134959738229e-01
9.991691980493029590e-02
9.844685207308080666e-02
9.437497089294813457e-02
9.259307186135339041e-02
8.939112030809372167e-02
8.499775232606711362e-02
8.255025655713002508e-02
8.035948376988945319e-02
8.085192958014733589e-02
8.191635728907752101e-02
8.079314942838596025e-02
8.044858570969760925e-02
7.920135549889102677e-02
8.026777261339991532e-02
8.389462606815308032e-02
8.429705066855193440e-02
8.421369868392428182e-02
8.486613204537439559e-02
8.941808573569409724e-02
9.088657833680470477e-02
9.455727527612882433e-02
9.434946290315643358e-02
9.956349443744676175e-02
9.887786221488888139e-02
1.010329541987018825e-01
9.911127641267750144e-02
1.005441122656724751e-01
9.993042523814250899e-02
1.029682505296553724e-01
1.033672077362960823e-01
1.075735073635623457e-01
1.118108458583113030e-01
1.117568391836593344e-01
1.110321667254862837e-01
1.154490214879475701e-01
1.144275196184730697e-01
1.187126870273459284e-01
1.168233215261083729e-01
1.141968441647287225e-01
1.186813385272991184e-01
1.172802557519524447e-01
1.177423526303372492e-01
1.244900101531353775e-01
1.257675274355526673e-01
1.283215050016624781e-01
1.350126624754805771e-01
1.350471013363679085e-01
1.368330058874333011e-01
1.367975771449595757e-01
1.415193073885335218e-01
1.412237673940251181e-01
1.396932035359753632e-01
1.438795126043924399e-01
1.425436310551843888e-01
1.405831375071992795e-01
1.386264334622676342e-01
1.423755349549783722e-01
1.409688224374348875e-01
1.423390707859063520e-01
1.382438395214394267e-01
1.345596579395151038e-01
1.309352301846991307e-01
1.282040215344806278e-01
1.252025873076000051e-01
1.230038287927763124e-01
1.211170984324952127e-01
1.181984268072814592e-01
1.154999847776414512e-01
1.130579484929345457e-01
1.120895193448449567e-01
1.112536512223027407e-01
1.097551616570013461e-01
1.112729333103733009e-01
1.133712219861918863e-01
1.162516370078609113e-01
1.146826685428378872e-01
1.172788094992777419e-01
1.142192995304194270e-01
1.151709968663535283e-01
1.171071708400460848e-01
1.153218544361700321e-01
1.188856225492730401e-01
1.228624288265778158e-01
1.237991869167600900e-01
1.274409966605142552e-01
1.286098922673576395e-01
1.309656414264501745e-01
1.318419496745880104e-01
1.322017774000890933e-01
1.328959635546501927e-01
1.311903668031707271e-01
1.299990390226130887e-01
1.326648628512407946e-01
1.323765355084166595e-01
1.350064094442486040e-01
1.349631501117235233e-01
1.360111428907670450e-01
1.424395328987378417e-01
1.447465744292221745e-01
1.470828420298883332e-01
1.497117930313765499e-01
1.526953792269265531e-01
1.554176086990519401e-01
1.562221935816575091e-01
1.553136839120488610e-01
1.528810719312420907e-01
1.531696902338610111e-01
1.533422017874164212e-01
1.509459227125207748e-01
1.476021227230833732e-01
1.467086478526835880e-01
1.425681120271507230e-01
1.430082074614618115e-01
1.404192509981349035e-01
1.386876047784028343e-01
1.380262990274365997e-01
1.448826925729150839e-01
1.452011968232593542e-01
1.444621221269274114e-01
1.428639609307630065e-01
1.417497547053051810e-01
1.404661621653130466e-01
1.402737581788023602e-01
1.406086480764096314e-01
1.350284148894864145e-01
1.365198313286185017e-01
1.394468608900858997e-01
1.440942539224503161e-01
1.430665563832393405e-01
1.479188854980713896e-01
1.558916278259836197e-01
1.569258657113341004e-01
1.645374027303815323e-01
1.720538960351463698e-01
1.776247270720269777e-01
1.840331224101405816e-01
1.844611011474175111e-01
1.918612164803568387e-01
1.984813561595478171e-01
1.972006436722849032e-01
2.018351866330114208e-01
1.985658259044403851e-01
2.013534866371457788e-01
1.995571630751513392e-01
2.051439328281446928e-01
2.067043457817019370e-01
2.121496563172347583e-01
2.153419807146646769e-01
2.223967670704752320e-01
2.315317249190752269e-01
2.347748488210441575e-01
2.428951932521254131e-01
2.472937173384321674e-01
2.564125577280880197e-01
2.644018233202577450e-01
2.706259241000690263e-01
2.808288990944707297e-01
2.862686326703893225e-01
2.920932218851633455e-01
2.965720299113606684e-01
2.993354671418849700e-01
3.003883046273376212e-01
3.010339238797495875e-01
3.021312906152304190e-01
3.029444281597525324e-01
3.045474412279352006e-01
3.043892377345399081e-01
3.052544519792562139e-01
3.048376300520752036e-01
3.022043880998794840e-01
3.035779644408587719e-01
3.019582357487827773e-01
2.991787074884202369e-01
2.957350636117489495e-01
2.917097879435559538e-01
2.872541870201655301e-01
2.808178837088133317e-01
2.658937910096526580e-01
2.534568865277868066e-01
2.448548627312262249e-01
2.318303960677306486e-01
2.246442098758767159e-01
2.182041017628611190e-01
2.145560963303382584e-01
2.130645912013917620e-01
2.118734978199508789e-01
2.113229866752696084e-01
2.105628985001300746e-01
2.100158887563237098e-01
2.100748497821948169e-01
2.119750144899067990e-01
2.134366153366393792e-01
2.128828998800307570e-01
2.114365077376676449e-01
2.143622746448783367e-01
2.140588291160268053e-01
2.147086371048606557e-01
2.131099204652783519e-01
2.117893403645647321e-01
2.121341700636377170e-01
2.105424703931545738e-01
2.095189196207618010e-01
2.079641993244066567e-01
2.097013809071336388e-01
2.099317369462324612e-01
2.101256528593880568e-01
2.133427275690765457e-01
2.146544333445571384e-01
2.189068143914566500e-01
2.214179731518809147e-01
2.264040071433271184e-01
2.296266620446016926e-01
2.328187560963844993e-01
2.391453655381202970e-01
2.407999670182222607e-01
2.420562358982636664e-01
2.451522616430214518e-01
2.461359223179631628e-01
2.463482105615904527e-01
2.456600236877576615e-01
2.475615708438456963e-01
2.457986850703526016e-01
2.424133625560986327e-01
2.431534933101087703e-01
2.401438203892526380e-01
2.424192218763364104e-01
2.409190175112113641e-01
2.451810047760708267e-01
2.501967827853909809e-01
2.497294008898607587e-01
2.554912476913628883e-01
2.544784203519598331e-01
2.597724146681951174e-01
2.651091894179971042e-01
2.626307092281371380e-01
2.660137051924602591e-01
2.637808499884484181e-01
2.668772345487367970e-01
2.708076773469949017e-01
2.707945091734408338e-01
2.708173564669368871e-01
2.704204252574067824e-01
2.698448453028204908e-01
2.688732341161204076e-01
2.672297785843065765e-01
2.664936361101727935e-01
2.709641111800706881e-01
2.701665350488394179e-01
2.711656965885855253e-01
2.729010398305441454e-01
2.750422421133172923e-01
2.711909073252515845e-01
2.731506568628905285e-01
2.736149796841754744e-01
2.762281516210033927e-01
2.751142433032719992e-01
2.747524596646743200e-01
2.724080446398889355e-01
2.720997174160961207e-01
2.711254871777223907e-01
2.668373719870726912e-01
2.649174618233842149e-01
2.615871155076296417e-01
2.601955519277115436e-01
2.563850431230054183e-01
2.539007730506300242e-01
2.516757210589372629e-01
2.496634333533731542e-01
2.481024539317603916e-01
2.485985287672070054e-01
2.474038633094490514e-01
2.462896399906987499e-01
2.451025684818642636e-01
2.445359287719011954e-01
2.470597569881523292e-01
2.479550753300750199e-01
2.490513349446724922e-01
2.532528831659502933e-01
2.555727841333471084e-01
2.608312116152060600e-01
2.635465030445576784e-01
2.674708913698903845e-01
2.759783318294850574e-01
2.858302011178020519e-01
2.929558416971135282e-01
3.057207796445311487e-01
3.134948597913649881e-01
3.190529102191818067e-01
3.272499003851329080e-01
3.282284803354007519e-01
3.308039587140800819e-01
3.330459650540926186e-01
3.342491527627419745e-01
3.408797576658312289e-01
3.404309507141467517e-01
3.396522528043386946e-01
3.393071260660647792e-01
3.465674538451193332e-01
3.453962443036393548e-01
3.445649451663397866e-01
3.442043966226387974e-01
3.525643541751599663e-01
3.505217021927319876e-01
3.498087876270092322e-01
3.544462591004516328e-01
3.543599314596779792e-01
3.616824316740793188e-01
3.607419182685250303e-01
3.586262916289935099e-01
3.627609780903401360e-01
3.606907294332382108e-01
3.588552773898544546e-01
3.663109893363353797e-01
3.665254856630470459e-01
3.669108322418689894e-01
3.673784330321718805e-01
3.750733610639598314e-01
3.745056883167355855e-01
3.814094318159497732e-01
3.794211520144802896e-01
3.859824122271210411e-01
3.918762685196466866e-01
3.895538140615275036e-01
3.954078321692015008e-01
4.010873992556953649e-01
4.077074576792870109e-01
4.189873437924307997e-01
4.275971469803290237e-01
4.312587303844609976e-01
4.397458514874454938e-01
4.378106033138271513e-01
4.331157088020125001e-01
4.302175694467416101e-01
4.213318826786138782e-01
4.133144948612842984e-01
4.055838197063374451e-01
3.985503557303749500e-01
3.941929179221957402e-01
3.879460083858500830e-01
3.793295648578443036e-01
3.686466799374923942e-01
3.567050818070798823e-01
3.462740889301984537e-01
3.366585330038973090e-01
3.271390007771814989e-01
3.174637146855169845e-01
3.074041516376035954e-01
2.975989816472872640e-01
2.871780646309451401e-01
2.754187980611152997e-01
2.558607227418839836e-01
2.418071250341274625e-01
2.232800443756740305e-01
2.097214734514945556e-01
2.036926282267875199e-01
2.001052005919574661e-01
1.948593874165522877e-01
1.946994429065384835e-01
1.917918345416294856e-01
1.910404120599909494e-01
1.897311726008719113e-01
1.882474799386893438e-01
1.892731913079137573e-01
1.888604644986081327e-01
1.892264180312595578e-01
1.850293248055060458e-01
1.835576242728960139e-01
1.810238108675589763e-01
1.786359379735174835e-01
1.741351166121563876e-01
1.708018625520719147e-01
1.665534434160874100e-01
1.624917487300477081e-01
1.584204578125629204e-01
1.554521659234112396e-01
1.510442555503679896e-01
1.474081911521317734e-01
1.424837942321610096e-01
1.384152856509107687e-01
1.343997510951540075e-01
1.326355654093633873e-01
1.313628234664681038e-01
1.286847905016592353e-01
1.279911530545688736e-01
1.354211526301313251e-01
1.408743457907644103e-01
1.485658442240056221e-01
1.619271672890462421e-01
1.701726938752479712e-01
1.760048931328685451e-01
1.829243465933204360e-01
1.909960881437466895e-01
1.987038427555438969e-01
2.049998221520530350e-01
2.167325966652641489e-01
2.271154600461055273e-01
2.334071077433073904e-01
2.447707274926294307e-01
2.562518603985288190e-01
2.675625453350420901e-01
2.747307021355614443e-01
2.839662967620513179e-01
2.886222631538663541e-01
2.961230643930407025e-01
3.027870706174345949e-01
3.055178950946156324e-01
3.123774438569945633e-01
3.143432318601856457e-01
3.205506414833808604e-01
3.272236379343108625e-01
3.287677614099261958e-01
3.354707994939867821e-01
3.422177716292535976e-01
3.488249038551704539e-01
3.503021803864639350e-01
3.578505071878856358e-01
3.646832959807951857e-01
3.720863604996857421e-01
3.820156229264616288e-01
3.885282813078599351e-01
3.946413625466842490e-01
4.006841679571505055e-01
4.078916414334489704e-01
4.108008074849651137e-01
4.167368129975065338e-01
4.186887527680271393e-01
4.222316946161302487e-01
4.256193700327625673e-01
4.279643708821661563e-01
4.304087289127457860e-01
4.313098268538865243e-01
4.300354141935157637e-01
4.282867802052669481e-01
4.242417425116957741e-01
4.172179443672330290e-01
4.103953472144031278e-01
4.020282811804572476e-01
3.928990839902741783e-01
3.777711359361899390e-01
3.665302218440256721e-01
3.615867986050478322e-01
3.498231072671523223e-01
3.374047735661513947e-01
3.241142329901015584e-01
3.179682432952481985e-01
3.054840196962917975e-01
3.008483406240478053e-01
2.913751126707065930e-01
2.898189809089878333e-01
2.832277441193823408e-01
2.756348868935616370e-01
2.740551477500192123e-01
2.661098253018052140e-01
2.576646586736058286e-01
2.496203335314993721e-01
2.367808487589602162e-01
2.252960814039317861e-01
2.136188884676755440e-01
2.031268054881447960e-01
1.972229843828684215e-01
1.906006516624048075e-01
1.836386353101847335e-01
1.726818947348166544e-01
1.632133034416045902e-01
1.609195894390906545e-01
1.629494733556186015e-01
1.653797710496276441e-01
1.661382831801645199e-01
1.673061856113730039e-01
1.677740186401319444e-01
1.641302728824135804e-01
1.616373082123082894e-01
1.604994511741665020e-01
1.561479173827781397e-01
1.531814168841606483e-01
1.498708518844402704e-01
1.466284549213612565e-01
1.445036462757511297e-01
1.442388723720151589e-01
1.451607647597600859e-01
1.475307084226367138e-01
1.521493707748985402e-01
1.583313820862135568e-01
1.630240668489603695e-01
1.700141181395548040e-01
1.754363432045501492e-01
1.832583385302288537e-01
1.889155575632846529e-01
1.982767761865824041e-01
2.043724376772691198e-01
2.145053440215330121e-01
2.237538630500926218e-01
2.324567434600391669e-01
2.388251385843977170e-01
2.469946885967592987e-01
2.525132335111089366e-01
2.591184679977751038e-01
2.651425320529600116e-01
