0.0571440704
0.0562983553
0.0571977622
0.0575907864
0.0580202731
0.0575904201
0.0578800270
0.0584844309
0.0586364908
0.0634250049
0.0634793915
0.0630809929
0.0633017889
0.0628587464
0.0633605762
0.0635988851
0.0634462042
0.0634025852
0.0628699803
0.0629389292
0.0624055092
0.0628208634
0.0624577694
0.0620241005
0.0616086254
0.0620377920
0.0617167349
0.0625980469
0.0625266070
0.0616418264
0.0618185234
0.0616411833
0.0616304021
0.0620482489
0.0621511762
0.0621651338
0.0623830886
0.0621672808
0.0624586245
0.0621815600
0.0624022420
0.0646117614
0.0645792480
0.0649631755
0.0644266399
0.0692150355
0.0690373350
0.0725677450
0.0727192899
0.0770514915
0.0824546787
0.0838887066
0.0845482179
0.0839385841
0.0884905581
0.0879247111
0.0914559607
0.0912184399
0.0958490605
0.0993731238
0.0940837184
0.0990987090
0.1000165974
0.0990816206
0.0975339402
0.0994352997
0.0987654302
0.0958092131
0.0951914861
0.0970674805
0.0986049217
0.0993809983
0.0982608037
0.1002141779
0.1020177886
0.1042132080
0.1037844331
0.1038209196
0.1050499946
0.1049363755
0.1094471257
0.1095290459
0.1112925485
0.1110491818
0.1135754617
0.1171178164
0.1176574252
0.1211980038
0.1231542969
0.1231334565
0.1267195599
0.1214379152
0.1227334022
0.1257281839
0.1282977983
0.1257311290
0.1207979534
0.1182190878
0.1191285075
0.1184916314
0.1185230904
0.1174558197
0.1186869032
0.1129562924
0.1104388676
0.1110988429
0.1112533136
0.1133685135
0.1130582576
0.1102643730
0.1069140980
0.1049158765
0.1015793077
0.0975416005
0.0944328155
0.0925033759
0.0919146921
0.0906656950
0.0881590033
0.0862048290
0.0845777522
0.0831149750
0.0795363705
0.0753197077
0.0707916110
0.0710004618
0.0685137123
0.0635732814
0.0614472242
0.0632610011
0.0695965090
0.0707515702
0.0732842380
0.0732753542
0.0743229477
0.0736526540
0.0758336161
0.0756509259
0.0761256399
0.0753845611
0.1004512967
0.0996875007
0.0990870478
0.0981312850
0.0976938871
0.0993325603
0.1014015578
0.1057615566
0.1060813426
0.1071787173
0.1090892197
0.1084754733
0.1089320312
0.1087482083
0.1088421797
0.1105243605
0.1187377627
0.1217240272
0.1220488493
0.1243636891
0.1270846883
0.1271546626
0.1277604408
0.1292987572
0.1293296700
0.1335811670
0.1356743889
0.1343143223
0.1349420961
0.1396615322
0.1380319539
0.1377746800
0.1375932641
0.1354619721
0.1357682975
0.1337899168
0.1341465403
0.1307613293
0.1321785874
0.1252805751
0.1284598921
0.1263233299
0.1310910408
0.1368517296
0.1444370067
0.1411994958
0.1431096763
0.1416015136
0.1437982960
0.1437407813
0.1410324730
0.1378553016
0.1365807798
0.1337112500
0.1357141536
0.1319160056
0.1301544203
0.1304529196
0.1295356575
0.1277886369
0.1272338618
0.1257147276
0.1194575289
0.1181836508
0.1192011592
0.1170758598
0.1171514718
0.1182548640
0.1163511516
0.1126522673
0.1094510990
0.1078418845
0.1073165828
0.1029304179
0.1022037568
0.0960263701
0.0946344885
0.0895051201
0.0891627663
0.0858056187
0.0835411837
0.0749897715
0.0754854861
0.0743685081
0.0737042315
0.0767655704
0.0757115551
0.0794531785
0.0783502649
0.0753481219
0.0721177453
0.0706487233
0.0766788900
0.0779881621
0.0764273831
0.0766539021
0.0744665157
0.0757629928
0.0754260817
0.0789571740
0.0813426017
0.0841062000
0.0837044093
0.0819376548
0.0788685744
0.0770308958
0.0756153196
0.0734527968
0.0723238338
0.0697358492
0.0689966514
0.0692935889
0.0719147162
0.0728138762
0.0743344496
0.0787730145
0.0797361207
0.0800793850
0.0804087653
0.0796928359
0.0790711887
0.0797287305
0.0861454275
0.0854828150
0.0872917474
0.0888518963
0.0933216051
0.0937138573
0.0966525777
0.0958642602
0.0959064408
0.0910145857
0.0897770636
0.0799877668
0.0747774222
0.0711135347
0.0696288330
0.0697916344
0.0697653321
0.0709673115
0.0734197295
0.0672431535
0.0706306091
0.0732824236
0.0828612485
0.0836868909
0.0827606939
0.0837466533
0.0840945384
0.0862159342
0.0904338997
0.0925993163
0.1002009323
0.1070680941
0.1077739240
0.1068342371
0.1047697257
0.1091905494
0.1186842737
0.1190963858
0.1255478899
0.1269963837
0.1289379225
0.1268291775
0.1283252194
0.1301990771
0.1314964414
0.1310977542
0.1363796699
0.1321758380
0.1323640851
0.1299520498
0.1280971596
0.1281979172
0.1273077262
0.1245168097
0.1249842020
0.1262506984
0.1243447902
0.1255659085
0.1264363479
0.1271203710
0.1254525223
0.1254495594
0.1265028624
0.1258903704
0.1250398688
0.1249275356
0.1244390053
0.1235182685
0.1244546360
0.1251823392
0.1242819761
0.1265137797
0.1294048085
0.1342220860
0.1311362035
0.1336112226
0.1320824126
0.1339032492
0.1309475041
0.1275744795
0.1230798498
0.1303899652
0.1257785999
0.1162991030
0.1152419080
0.1138200208
0.1107764295
0.1028278569
0.1014761149
0.0933410703
0.0909367546
0.0907209228
0.0874232073
0.0894634014
0.0843814921
0.0868043470
0.0907162828
0.0935633019
0.0845581329
0.0795889028
0.0755614419
0.0738094303
0.0720332284
0.0698525704
0.0682444095
0.0700434833
0.0726319501
0.0711898051
0.0750720746
0.0735966601
0.0730730670
0.0743308114
0.0778436323
0.0794562312
0.0796237048
0.0816969892
0.0845554985
0.0796684075
0.0858633241
0.0854843469
0.0862758737
0.0872508244
0.0952402639
0.0986462535
0.0971517121
0.0935507012
0.1655923233
0.1020305197
0.1028827937
0.1050979327
0.1376691119
0.1025667623
0.1142862358
0.1143343642
0.1073963601
0.1061441224
0.1025001529
0.1063033462
0.1005064188
0.1031479253
0.1110443298
0.1093785010
0.1101850756
0.1153482039
0.1084571561
0.1116912089
0.1151082189
0.1162651597
0.1162779769
0.1161535375
0.1149693853
0.1131828765
0.1135053019
0.1134968989
0.1137922957
0.1153773193
0.1171120321
0.1183039894
0.1152178689
0.1128415876
0.1085903997
0.1054992772
0.1062174795
0.1020199596
0.0994942243
0.1007808161
0.0985356143
0.0975225181
0.0915352860
0.0888605930
0.0855597158
0.0849418287
0.0856065724
0.0867321235
0.0904026425
0.0915881282
0.0924233803
0.0993182196
0.1026365041
0.1019779339
0.0989317995
0.1002097542
0.1066961158
0.1039753969
0.1096879377
0.1116259580
0.1203967812
0.1270636886
0.1302274605
0.1281082086
0.1267732387
0.1224880382
0.1201001586
0.1203327532
0.1263338073
0.1149029448
0.1009867619
0.1011135408
0.1032907538
0.1025851151
0.0968385142
0.0967148028
0.0986746754
0.0969419111
0.0943628391
0.0872401338
0.0874264929
0.1003173560
0.0998514276
0.0865411008
0.0878651843
0.0820902350
0.0808479614
0.0912600529
0.0901113123
0.0962160815
0.0909602046
0.0836034737
0.0916377095
0.0856038514
0.0854732964
0.0954667642
0.0885375883
0.0839530131
0.0828687607
0.0877601779
0.0922601772
0.0931609804
0.0936706717
0.0966730935
0.0978484781
0.0965758055
0.0957516898
0.0935065735
0.0918451075
0.0912765596
0.0887166307
0.0852982383
0.0838740414
0.0785063359
0.0785803436
0.0749010109
0.0728446555
0.0687298943
0.0653494877
0.0632500328
0.0637855991
0.0620789266
0.0604668892
0.0614072885
0.0597369179
0.0567705140
0.0561774260
0.0577214691
0.0618323403
0.0618766251
0.0620435234
0.0591341374
0.0579837890
0.0614364569
0.0636759338
0.0622048565
0.0574688059
0.0592364666
0.0622512035
0.0676365526
0.0660386809
0.0743546369
0.0533482130
0.0578218423
0.0822326106
0.0755940930
0.0714919239
0.0705368899
0.0659548710
0.0738338600
0.0715154765
0.0743747255
0.0623187080
0.0616428837
0.0607896920
0.0596884955
0.0634882540
0.0619731068
0.0584593391
0.0570985820
0.0558416797
0.0571754549
0.0580490897
0.0594301134
0.0656930038
0.0644997566
0.0629180411
0.0555398739
0.0575467087
0.0597067758
0.0595014471
0.0601636932
0.0572898138
0.0589786526
0.0591190842
0.0606165059
0.0616045523
0.0522522838
0.0511472223
0.0476407023
0.0477887987
0.0455886575
0.0457031796
0.0459583093
0.0458716677
0.0441783445
0.0442335176
0.0452135224
0.0425456855
0.0435174958
0.0430176517
0.0426599384
0.0440601786
0.0474738744
0.0497205466
0.0552538495
0.0593944293
0.0620904288
0.0628481258
0.0656347517
0.0666129057
0.0696277684
0.0698575118
0.0728587921
0.0765061517
0.0727055780
0.0733369831
0.0729405597
0.0737801172
0.0722525811
0.0741175133
0.0697513247
0.0697709652
0.0661751876
0.0622106385
0.0607820920
0.0659118670
0.0679827368
0.0729253718
0.0709600383
0.0739740751
0.0807490319
0.0861474254
0.0855103385
0.0854933513
0.0771152692
0.0795529829
0.0743061581
0.0739007767
0.0750536040
0.0751596591
0.0706444511
0.0599208413
0.0597686686
0.0666545996
0.0702194684
0.0582514034
0.0481306542
0.0437539864
0.0538308580
0.0475166633
0.0498605682
0.0458869615
0.0451136223
0.0417312979
0.0417088914
0.0426097768
0.0443738313
0.0491421358
0.0520582623
0.0564879324
0.0594499545
0.0638396227
0.0678754056
0.0702157417
0.0714055649
0.0695660803
0.0682957423
0.0624585451
0.0621327103
0.0638579544
0.0624703982
0.0573564209
0.0510216764
0.0505618038
0.0448532242
0.0450536868
0.0387589899
0.0413655510
0.0389174888
0.0236934802
0.0204556037
0.0156652298
0.0154790265
0.0157398224
0.0146108137
0.0162030479
0.0172466116
0.0200428082
0.0232944038
0.0228933002
0.0208009757
0.0149346069
0.0145549702
0.0145551673
0.0143513320
0.0155972067
0.0146212442
0.0131808629
0.0128125357
0.0098199598
0.0147271795
0.0223525438
0.0231421346
0.0258351164
0.0330544489
0.0412550239
0.0450361704
0.0437256872
0.0443405726
0.0466764869
0.0528992227
0.0529550456
0.0536899638
0.0520738391
0.0569358005
0.0593097646
0.0553426849
0.0580800760
0.0560931722
0.0477213547
0.0485205951
0.0488447638
0.0495390090
0.0484089050
0.0476488634
0.0460424494
0.0421518827
0.0493260632
0.0486107472
0.0471966863
0.0447313151
0.0369148336
0.0323122355
0.0315389235
0.0295109741
0.0287407007
0.0281767430
0.0276809962
0.0266520413
0.0256168684
0.0249574326
0.0261775505
0.0251943762
0.0266918304
0.0244628286
0.0266425756
0.0268727681
0.0294860493
0.0323625011
0.0313872274
0.0327875288
0.0342831940
0.0313172662
0.0279026970
0.0340256875
0.0246174180
0.0235973352
0.0285349043
0.0117313481
0.0203303847
0.0206033566
0.0230611864
0.0273551181
0.0246475109
0.0271520052
0.0275282363
0.0292460284
0.0297120652
0.0302603950
0.0322278897
0.0329782302
0.0331906465
0.0303922699
0.0360163039
0.0323211181
0.0327297484
0.0369884605
0.0328112618
0.0354403410
0.0402693837
0.0418760201
0.0316043440
0.0399885788
0.0719655892
0.0459253667
0.0373655962
0.0410394635
0.0360161221
0.0331423460
0.0283538223
0.0263278179
0.0233544751
0.0377123462
0.0155509346
0.0234672493
0.0263947542
0.0133165487
0.0110475861
0.0123163260
0.0146536160
0.0156553616
0.0155471859
0.0162615036
0.0255299670
0.0370362543
0.0458913271
0.0463649380
0.0505913488
0.0523310797
0.0509816461
0.0408829344
0.0390816468
0.0395950040
0.0406974199
0.0423828256
0.0443535743
0.0483618392
0.0553951389
0.0589307796
0.0599312816
0.0587214803
0.0561197257
0.0534679933
0.0511516112
0.0452664777
0.0424180712
0.0449010274
0.0445943748
0.0418963529
0.0420252894
0.0460856046
0.0567767755
0.0581465337
0.0454158730
0.0458847931
0.0450403383
0.0426100507
0.0420430286
0.0403425910
0.0446330343
0.0429576691
0.0401197324
0.0391471033
0.0388460394
0.0409817204
0.0465025166
0.0486363851
0.0515993485
0.0522895860
0.0548464389
0.0618179783
0.0660506366
0.0684966800
0.0693682238
0.0744979620
0.0811587493
0.0806019841
0.0791846166
0.0700761717
0.0632691341
0.0528654442
0.0459514577
0.0456084780
0.0382767818
0.0337677060
0.0299721389
0.0289268684
0.0274132766
0.0282344633
0.0323993382
0.0434640122
0.0438103432
0.0465486731
0.0483510177
0.0511738096
0.0493484901
0.0488723350
0.0507086117
0.0486183891
0.0505592629
0.0528240727
0.0462205362
0.0450980116
0.0442893856
0.0421573380
0.0433318083
0.0438705188
0.0422337886
0.0429266475
0.0453282463
0.0445008223
0.0361124946
0.0355044403
0.0352740992
0.0348518952
0.0371711509
0.0430192419
0.0494369524
0.0589655788
0.0704146701
0.0700457202
0.0703476563
0.0692350548
0.0597218928
0.0519441238
0.0440425411
0.0371414842
0.0292034232
0.0214461403
0.0128678891
0.0151191524
0.0116617209
0.0079075530
0.0103269618
0.0115058338
0.0203041475
0.0246892280
0.0329900480
0.0427718383
0.0491387559
0.0481228195
0.0465032391
0.0413451806
0.0351150283
0.0251408200
0.0182539185
0.0161250684
0.0208404669
0.0320571924
0.0327132146
0.0314318741
0.0279974367
0.0262522426
0.0242728525
0.0261188407
0.0273822873
0.0208778082
0.0201005874
0.0195926709
0.0187619801
0.0227945060
0.0304406312
0.0375943947
0.0506769638
0.0604737031
0.0690226742
0.0773485512
0.0801702527
0.0768838716
0.0745506411
0.0629114551
0.0662305921
0.0629371813
0.0634137816
0.0659818210
0.0629703474
0.0754755615
0.0807600519
0.0869942885
0.0764448517
0.0737370142
0.0718206523
0.0669865094
0.0654581942
0.0685633603
0.0727827209
0.0710070934
0.0662782343
0.0593073299
0.0477288072
0.0488603223
0.0476904138
0.0468558896
0.0471173919
0.0466287885
0.0456107165
0.0463839335
0.0445442678
0.0455368363
0.0462986585
0.0447520946
0.0432295095
0.0398175123
0.0402240226
0.0387707966
0.0376141231
0.0382304300
0.0358674789
0.0350987324
0.0323517818
0.0331224096
0.0337083837
