0.8411799382
0.8289369417
0.8258298389
0.8254194605
0.8263145484
0.8043775609
0.8087249606
0.8095548788
0.8071211307
0.7967931903
0.7623919679
0.7505694274
0.7404151579
0.7339144572
0.7060824615
0.7048433589
0.7056719212
0.7102659181
0.7178768975
0.7218557072
0.7030249277
0.7086079672
0.7136663916
0.6984620965
0.7045238477
0.6931287554
0.6903319216
0.6963577635
0.6889924824
0.6789148488
0.6689166867
0.6659945506
0.6586153952
0.6571583301
0.6565932287
0.6568441236
0.6585607804
0.6638924621
0.6680456978
0.6762762775
0.6850470008
0.7071758302
0.7153937694
0.7224586099
0.7136818983
0.7064099616
0.6917943779
0.6852477140
0.6667787021
0.6496228594
0.6533460180
0.6495993462
0.6444021531
0.6246538835
0.6095367159
0.5843635471
0.5678439699
0.5646746517
0.5644056998
0.5647287326
0.5596198750
0.5650471922
0.5653404810
0.5610215342
0.5428191918
0.5138588006
0.4913712112
0.4830961186
0.4731032177
0.4723960255
0.4687509166
0.4721731618
0.4711380397
0.4726546602
0.4765301812
0.4823017174
0.4867894602
0.4889422329
0.4934566114
0.4911137699
0.4786458353
0.4851658314
0.4896442139
0.4974887088
0.5026382117
0.5070744921
0.5231128373
0.5315946681
0.5363090067
0.5360901455
0.5089061846
0.5108461163
0.5281807965
0.5255329382
0.5113746007
0.5112741331
0.5021552597
0.4945993223
0.4845226020
0.4822721720
0.4798076159
0.4939527724
0.4925348547
0.4910970989
0.4867852049
0.4859518617
0.4814025484
0.4691095500
0.4580686024
0.4605307105
0.4257764443
0.4173202417
0.4184530370
0.4149526997
0.4158707386
0.4728714373
0.4879369018
0.4899864903
0.5062393103
0.5180891769
0.5269258777
0.5534807563
0.5570291913
0.5642653522
0.5759211852
0.5845561125
0.5864775205
0.5871391525
0.5861890408
0.5930175308
0.6007412469
0.6080742688
0.6152918517
0.6174409745
0.6120961541
0.6042227807
0.5942737802
0.5873933025
0.5737795519
0.5653846010
0.5619707162
0.5652434799
0.5670623704
0.5743938355
0.5780227704
0.5808897316
0.5824501423
0.5903740799
0.5908633560
0.5978421787
0.5968221670
0.6034887555
0.6041694422
0.6100102077
0.6084882545
0.6055816175
0.6011694333
0.5965159638
0.5992463238
0.5939600169
0.6004806860
0.6075400524
0.6151869720
0.6213497605
0.6277097214
0.6276212769
0.6334888675
0.6350141944
0.6314907148
0.6339735293
0.6364107631
0.6286299207
0.6120708576
0.6110598061
0.6087053942
0.6028264545
0.5871545434
0.5707444560
0.5588846392
0.5440325774
0.5373327404
0.5340940249
0.5400983260
0.5410074018
0.5458497760
0.5450877299
0.5378023543
0.5330774033
0.5226275348
0.5100535660
0.4976845316
0.5166155952
0.5262735818
0.5208005798
0.5191808894
0.5229036734
0.5187428189
0.5299283241
0.5378643001
0.5463053120
0.5535575843
0.5565048708
0.5626346794
0.5556977911
0.5570693795
0.5625923191
0.5636992662
0.5778083368
0.5791357585
0.5783032143
0.5892514632
0.5877705363
0.5871745199
0.5969122863
0.5946642654
0.5991002477
0.5925874509
0.5934748863
0.5879047783
0.5798864351
0.5756520386
0.5730523703
0.5635455689
0.5592110280
0.5525186388
0.5452966465
0.5376551421
0.5320616266
0.5359248354
0.5433903754
0.5537709408
0.5572832264
0.5641303045
0.5677367816
0.5694150692
0.5717072528
0.5684828553
0.5680158847
0.5605478829
0.5607909270
0.5605836199
0.5414198671
0.5349652189
0.5220730925
0.5103529527
0.4993930856
0.4926187167
0.4878631853
0.4856895261
0.4822453037
0.4842877327
0.4853913753
0.4783022874
0.4709536749
0.4703872323
0.4693584122
0.4617493382
0.4486229367
0.4362204780
0.4342154110
0.4297812346
0.4292128339
0.4174213720
0.4166951776
0.3980078779
0.4020021563
0.3791735616
0.3835634095
0.3864638934
0.3892866542
0.3611969890
0.3637992365
0.3680253222
0.3537941967
0.3397848189
0.3260917050
0.3188277971
0.3101259902
0.2903419253
0.2816799431
0.2656383949
0.2585626929
0.2686698766
0.3158255704
0.3211213597
0.3198574831
0.3123310013
0.3105828327
0.3161753676
0.3141645137
0.3200347367
0.3456831605
0.3701953082
0.3821042805
0.3989961556
0.4066923433
0.4355579952
0.4333587342
0.4406569775
0.4430771097
0.4360282419
0.3990323285
0.3794736522
0.3774582122
0.3785636014
0.3597044553
0.3316288287
0.3055986875
0.2728969069
0.2409071552
0.2174279485
0.1987878441
0.1973297034
0.1874610038
0.2030156774
0.1994081046
0.1974236553
0.2167400195
0.2218393400
0.2276260049
0.2515428769
0.2488824232
0.2675303089
0.2676602369
0.2678481145
0.2815508030
0.2769599336
0.2849289282
0.2793132429
0.2799256907
0.2766749970
0.2734985495
0.2733542906
0.2642143198
0.2648566160
0.2613190399
0.2633428868
0.2571271376
0.2418978984
0.2362976295
0.2200525363
0.2175401133
0.2127886359
0.2079800000
0.2095757851
0.2079546400
0.2117301746
0.2167888276
0.2190546261
0.2251237645
0.2242114988
0.2304426804
0.2380297449
0.2488531068
0.2587235845
0.2703718027
0.2695068781
0.2754747287
0.2811153613
0.2821520950
0.2843659198
0.2874885406
0.2876628496
0.2908361834
0.2928095653
0.2929664150
0.2950848361
0.2953126317
0.2956929169
0.2950923990
0.2921327398
0.2904461721
0.2870657457
0.2835827115
0.2775053170
0.2747484418
0.2719737830
0.2732240830
0.2758541606
0.2753129373
0.2810110722
0.2855582031
0.2893242722
0.2939231322
0.2959265568
0.3043013305
0.3335841604
0.3310972338
0.3261835468
0.3121580209
0.3114171733
0.3060012747
0.2928083636
0.2551165947
0.2534276212
0.2535482742
0.2533094097
0.2524410890
0.2505060243
0.2476248561
0.2442483684
0.2421723494
0.2407650780
0.2393057166
0.2364832038
0.2332157301
0.2305319213
0.2273149253
0.2229215131
0.2187962797
0.2158596215
0.2149560968
0.2154997897
0.2145576476
0.2122769590
0.2126884430
0.2129288592
0.2136884617
0.2136811476
0.2128966030
0.2117755050
0.2094944032
0.2077491464
0.2066490714
0.2037001320
0.2033604539
0.2039033787
0.2079620476
0.2131445129
0.2174545498
0.2178358779
0.2207562416
0.2238006201
0.2240415645
0.2225445387
0.2066938734
0.1737066210
0.1632389157
0.1735105737
0.1707419755
0.1817527202
