1.4701501978
1.4703234609
1.4696880500
1.4712914469
1.4711245585
1.4718918720
1.4735292590
1.4749988772
1.4765080101
1.4762931901
1.4771731547
1.4769556836
1.4757937127
1.4745287761
1.4723015525
1.4707029654
1.4678115433
1.4662306324
1.4630994294
1.4614635278
1.4599973735
1.4598873516
1.4591715202
1.4590415249
1.4593303473
1.4580492135
1.4587848645
1.4577457806
1.4578210564
1.4588289389
1.4588925644
1.4640783629
1.4644711152
1.4655037439
1.4663992646
1.4662838257
1.4727612140
1.4729853283
1.4749716388
1.4761433999
1.4803367691
1.4789185829
1.4785054191
1.4785620914
1.4777332581
1.4795358266
1.4839940351
1.4828492910
1.4819469068
1.4855117210
1.4876123214
1.4877482027
1.4940054247
1.4927477727
1.4959818948
1.4943370274
1.4962870942
1.5015842211
1.5025678232
1.5019220964
1.5012686157
1.5020916535
1.5023428628
1.5038332163
1.5040387439
1.5036438699
1.5052203190
1.5032677523
1.5018462787
1.5029468845
1.5053226783
1.5021065487
1.5000073146
1.5019839860
1.4987744163
1.4940998133
1.4931245397
1.4904712095
1.4881498051
1.4850274892
1.4830797531
1.4773926494
1.4793287057
1.4807917125
1.4815544750
1.4852306041
1.4886607998
1.4905536400
1.4939194652
1.4953988081
1.5008709512
1.5039329692
1.5008930307
1.4995671510
1.4971018460
1.5025886062
1.5031768955
1.5035346456
1.5042469585
1.5040957057
1.5020109183
1.5010741897
1.5009292701
1.4999023574
1.4993236068
1.4995986627
1.4979382328
1.4981379675
1.4963963503
1.4933275954
1.4923774757
1.4930864114
1.4940802842
1.4937406252
1.4914090747
1.4900039985
1.4883212249
1.4890222145
1.4872216924
1.4870092426
1.4861715530
1.4858070849
1.4857433689
1.4864423640
1.4850514666
1.4858981233
1.4854382281
1.4827606280
1.4826386433
1.4818652142
1.4834089699
1.4840682913
1.4910099730
1.4844459478
1.4825850119
1.4847415499
1.4851223799
1.4849381345
1.4857905763
1.4866793241
1.4808982779
1.4785015571
1.4779717531
1.4798385410
1.4800068905
1.4792497675
1.4816746905
1.4817494625
1.4867030588
1.4858649644
1.4857123327
1.4873540176
1.4844365424
1.4840322893
1.4857945776
1.4846318847
1.4854225377
1.4828950562
1.4830655336
1.4832093759
1.4880041027
1.4868350031
1.4903595666
1.4898826275
1.4939717289
1.4961645265
1.4953448424
1.4947811901
1.4941903023
