1.219450027089707511e+00
1.436166646574829286e+00
1.674575052785929996e+00
1.863500553750066624e+00
2.060475539312318638e+00
2.216203563573963642e+00
2.351222638296702083e+00
2.475102071037779350e+00
2.600125815102895199e+00
2.707906657219402380e+00
2.816319692084705562e+00
2.840879695272609862e+00
2.873211269435782089e+00
2.954398078124844673e+00
3.039322778453625862e+00
3.293616010672199668e+00
4.299272695520229171e+00
6.159594839042076941e+00
7.667747235226426206e+00
8.163874725542935806e+00
8.340387932315977082e+00
8.464464811444278425e+00
8.538704917344682954e+00
8.514980150475892628e+00
8.449167493740343815e+00
8.347140353002407309e+00
8.186928568869046074e+00
7.908357979194058807e+00
7.625166053651905251e+00
7.388824792715912082e+00
7.377007494502568541e+00
7.430024519551437834e+00
7.486713600023260362e+00
7.536026318052265971e+00
7.607036795479152680e+00
7.689771115919716848e+00
7.775718738224984605e+00
7.842882165603024980e+00
7.879415826894708985e+00
7.935587830880616700e+00
7.999181601445271461e+00
8.081939495195948453e+00
8.137391668019981594e+00
8.179552972182491999e+00
8.206459673224840046e+00
8.229631819411306282e+00
8.246881509914375741e+00
8.265369990607736028e+00
8.295158231653351422e+00
8.338267684265556312e+00
8.371274192490643529e+00
8.409399324746058113e+00
8.458357750530286268e+00
8.478680037450622820e+00
8.481762530754368257e+00
8.445323882862879827e+00
8.352782553096421481e+00
8.218856338560176056e+00
8.007310677700047563e+00
7.741022182278509689e+00
7.372668474905426983e+00
6.923256278999123658e+00
6.421359029492816894e+00
5.848922773067701364e+00
5.230524452782998601e+00
4.723228529542247145e+00
4.358059077682354676e+00
4.105290505809573887e+00
3.942272745521695487e+00
3.791329691222764531e+00
3.665770408874662323e+00
3.538506299471276151e+00
3.439267114063915276e+00
3.361052146721548617e+00
3.293571781650688202e+00
3.235625744596610787e+00
3.200366159659347343e+00
3.173980804418633728e+00
3.150055975273975406e+00
3.123808854344619856e+00
3.113081089894107478e+00
3.090147114999701294e+00
3.068667212556237534e+00
3.075813026924793192e+00
3.077275104473752965e+00
3.073717380175990499e+00
3.021802000391430543e+00
3.027042848564332811e+00
3.049472924720326716e+00
3.076256870550221123e+00
3.101215635629120726e+00
3.122036280906899997e+00
3.140584134786309267e+00
3.162648455588473073e+00
3.242225860150084848e+00
3.244188253386083076e+00
3.120404030654813532e+00
3.090244160077230795e+00
3.035543111499801050e+00
3.009187169279639917e+00
3.001040154403140647e+00
2.975672720498717894e+00
2.978351737992815274e+00
2.982740213941505569e+00
2.954204840784492525e+00
2.948187122155324857e+00
2.900690384058262072e+00
2.849954895946830824e+00
2.699743039863709448e+00
2.598707865417247298e+00
2.548818062121908756e+00
2.489190360185549622e+00
2.431725760650122581e+00
2.391157605136838615e+00
2.307086581398953395e+00
2.260633824191057517e+00
2.215277270585100933e+00
2.165799802704606591e+00
2.122194548926070290e+00
2.068963351844916865e+00
2.021337046508916213e+00
1.989530644587265362e+00
1.946832308363225073e+00
1.899184500676784237e+00
1.849330561422499741e+00
1.815795376942133110e+00
1.795403435613871945e+00
1.771666063511469602e+00
1.757549369585463817e+00
1.753931743856404157e+00
1.740035514313338139e+00
1.741236592701849162e+00
1.749298268375702792e+00
1.738664226807705937e+00
1.752166263639189481e+00
1.785346834414822004e+00
1.785838278531330037e+00
1.822757884381565052e+00
1.848391385715658863e+00
1.855056030337575157e+00
1.875756356298511562e+00
1.909513659386735451e+00
1.931133816691668059e+00
1.940712114972380054e+00
1.945047411089645628e+00
1.938181332616628172e+00
1.931518892774187091e+00
1.923965123564784996e+00
1.923515627981201570e+00
1.913392075788384883e+00
1.909502218246815763e+00
1.911944994644876550e+00
1.933025890818055537e+00
1.969492243467703574e+00
1.993525753520583477e+00
2.051434951525430428e+00
2.110615620405460913e+00
2.148927867511164713e+00
2.160928200595691351e+00
2.164546521388490685e+00
2.167184216116625706e+00
2.171728201723047036e+00
2.182904581124257781e+00
2.215056858814436591e+00
2.245813908108957424e+00
2.279588059140197132e+00
2.335227476327040641e+00
2.371785253665235071e+00
2.419614564660551803e+00
2.481016895764338592e+00
2.483034778148465183e+00
2.517495721510719431e+00
2.562808869608840467e+00
2.663778041544130115e+00
2.742467404310064083e+00
2.763449253977174003e+00
2.790573315007873312e+00
2.810751737819292551e+00
2.825887114064856931e+00
2.851455953248871911e+00
2.870883546122898977e+00
2.899725879722952371e+00
2.947434475129167453e+00
2.980416042366794915e+00
3.009956406142212604e+00
3.002153800909060255e+00
3.011132652699453516e+00
2.982877651965488042e+00
2.977887777004214254e+00
3.003187000616364344e+00
3.022516485533262909e+00
3.018328372637316903e+00
3.035275588486674447e+00
3.011995597593843943e+00
2.994656613190100902e+00
2.987133107968960921e+00
2.944743664183451237e+00
2.965797831909808835e+00
2.967797026059273868e+00
2.953628504555092515e+00
2.934819565745679260e+00
2.963886671418520358e+00
2.997021266344814805e+00
2.931653070324530930e+00
2.911772240200847683e+00
2.910475734420771676e+00
2.893590291465636621e+00
2.869807233854655415e+00
2.848489426246710643e+00
2.838725983617007120e+00
2.833884811549724603e+00
2.803651234743091525e+00
2.672327068060897926e+00
2.630688452266920940e+00
2.615170399043893923e+00
2.612789668066367366e+00
2.624563070692789157e+00
2.659062920485028680e+00
2.688922634476543116e+00
2.706078539309975106e+00
2.739459779702095421e+00
2.760712179293036250e+00
2.759278260971402386e+00
2.785831353861007997e+00
2.810124888812939759e+00
2.835432968817896082e+00
2.878343542689657308e+00
2.906120803741142566e+00
2.935909600281062737e+00
2.997880285574799686e+00
3.063071668507246326e+00
3.127874249465879775e+00
3.216482346747385090e+00
3.292328716056337701e+00
3.336064239573662160e+00
3.370015783291301581e+00
3.356637263568996499e+00
3.341757918717304321e+00
3.334500957846109337e+00
3.392119966038602996e+00
3.470236135367618768e+00
3.540647627149846599e+00
3.612257226366913265e+00
3.657352715037611279e+00
3.708374894088620088e+00
3.712450762067671217e+00
3.722727618053363496e+00
3.729081158614610203e+00
3.671148469185836927e+00
3.601682368179570215e+00
3.602108979759053309e+00
3.645498151640204743e+00
3.742890335941105651e+00
3.783512952188783807e+00
3.796599581944359425e+00
3.821286487695306988e+00
3.846870016491573896e+00
3.881060164263831158e+00
3.882234037549692651e+00
3.927649400053412343e+00
4.007877308185026521e+00
3.988334939830281201e+00
3.958508847758115401e+00
3.954072342056508038e+00
3.940907948607577982e+00
3.898388653676745808e+00
3.859962505172264802e+00
3.801696012659649515e+00
3.776985515103808755e+00
3.753493836982245480e+00
3.722429463123155813e+00
3.694223923862059777e+00
3.664077752118082731e+00
3.625700001210645951e+00
3.589547043319893938e+00
3.548116089053287237e+00
3.518145422738052641e+00
3.494356379440579197e+00
3.484850072610147009e+00
3.462177893589983846e+00
3.451893495639102749e+00
3.437589844090753743e+00
3.436306433399915594e+00
3.423731315583136148e+00
3.424628181528677651e+00
3.393420317184366208e+00
3.366679360901921214e+00
3.342476727306580742e+00
3.334278040272375065e+00
3.339443255214862294e+00
3.342185234069261934e+00
3.327305289536994337e+00
3.335942149509556032e+00
3.335848453943687009e+00
3.320704250483947906e+00
3.278412781042147728e+00
3.241752444923830190e+00
3.225578421392487183e+00
3.228558375720068430e+00
3.240659687175657222e+00
3.237752407641778962e+00
3.242783013569583872e+00
3.234815216463454046e+00
3.235169078796038100e+00
3.226580223836183592e+00
3.209899109996014133e+00
3.184166648602022143e+00
3.149109952312150185e+00
3.110739076553769689e+00
3.081703051068957588e+00
3.055303664109558781e+00
3.035391181590408216e+00
3.082299883900049497e+00
3.111162323881862868e+00
3.098691227450315111e+00
3.088106333642414825e+00
3.078504686950928271e+00
3.059378325603127280e+00
3.048953600356182125e+00
3.040699954468628174e+00
3.050837357130724126e+00
3.068496585796116172e+00
3.074867205357058708e+00
3.071577353259645093e+00
3.069277127152729268e+00
3.068140312104340683e+00
3.093460714863765393e+00
3.095530553520308370e+00
3.132261544976008061e+00
3.133601849436878695e+00
3.138644928505037512e+00
3.131166291559144721e+00
3.146873356985799397e+00
3.186997773652530341e+00
3.231631855249851526e+00
3.265818991654334091e+00
3.322989168842686247e+00
3.360029146665622246e+00
3.406648291709085896e+00
3.482459167146151557e+00
3.567019778114027595e+00
3.757699700859291170e+00
3.876391114790366466e+00
3.938042148043032764e+00
4.132533587441929335e+00
4.197973825271813730e+00
4.247080641622419606e+00
4.279925969342455616e+00
4.258163675829102601e+00
4.251316157589047684e+00
4.282474357697569012e+00
4.309966227686851781e+00
4.352591734720498984e+00
4.425594719047022174e+00
4.404467289778484229e+00
4.374760463884130424e+00
4.331860332764656540e+00
4.301013841836174301e+00
4.260370129668773487e+00
4.220233300927580977e+00
4.195768077042230537e+00
4.157600322809543059e+00
4.129825092457835467e+00
4.101072601246094074e+00
4.071028617957835216e+00
4.058114797699555965e+00
4.034441902156537196e+00
4.000066208538274992e+00
3.954678150713889284e+00
3.899587510272223501e+00
3.874520197548629863e+00
3.831860251801192607e+00
3.799589307361466162e+00
3.776847333766821802e+00
3.776840377344707456e+00
3.762426756462534438e+00
3.742190162138945286e+00
3.717789520088745636e+00
3.735628073824410755e+00
3.711914221966293503e+00
3.685969576459695141e+00
3.645783322494184908e+00
3.597959563125081583e+00
3.549679836593611526e+00
3.531285002543958385e+00
3.530491045961035912e+00
3.557405724535233293e+00
3.590650525326787079e+00
3.638394585789082925e+00
3.643820648429794584e+00
3.634512693002656558e+00
3.612684133993109725e+00
3.591532165898536189e+00
3.569741961145032505e+00
3.538432965169560074e+00
3.494922129619868478e+00
3.453378015922827782e+00
3.428341699763710615e+00
3.398136887477587020e+00
3.338893543440272893e+00
3.294001388277298492e+00
3.255774303931667557e+00
3.225802177372391277e+00
3.218067291419075548e+00
3.213711788088836396e+00
3.213332060114667321e+00
3.251625498081402110e+00
3.256960324668013218e+00
3.261448183409411783e+00
3.298362703871807522e+00
3.319248644491800793e+00
3.319950095419161862e+00
3.349288884980045289e+00
3.377641853342259193e+00
3.429730585277546595e+00
3.408090770433839456e+00
3.376198694703583580e+00
3.367169112657971475e+00
3.323180201731918970e+00
3.270549260437033201e+00
3.227050946839562062e+00
3.193945262354093817e+00
3.188803014459705043e+00
3.201751839253868859e+00
3.245159201258192905e+00
3.278361306458276392e+00
3.264114649961450620e+00
3.272691883005442559e+00
3.279134221040209241e+00
3.308307406529460870e+00
3.336588447262794244e+00
3.360507752770530043e+00
3.357898998173034943e+00
3.344303641782294445e+00
3.322696134131300827e+00
3.291920502501018753e+00
3.270471434024777579e+00
3.245789636873975148e+00
3.198627089562216419e+00
3.162314966222995682e+00
3.146157514368239649e+00
3.142863988985194812e+00
3.157126930653509689e+00
3.153578854825984212e+00
3.150096879351849122e+00
3.143453278867881284e+00
3.125768685301927974e+00
3.103061239657101122e+00
3.129206709514801954e+00
3.129135843322624400e+00
3.149937840193230532e+00
3.203336379393648681e+00
3.218414886401569586e+00
3.256371364365899357e+00
3.283346251408937100e+00
3.280179072386502970e+00
3.290401400630822870e+00
3.282527639751712467e+00
3.296654498419954393e+00
3.306874382718769656e+00
3.303824084571056918e+00
3.325837689578533318e+00
3.314583084674709745e+00
3.350365189559905588e+00
3.416918522958677595e+00
3.405544901173635619e+00
3.488576472895809744e+00
3.491328971976782380e+00
3.557787722363362271e+00
3.584688591054155271e+00
3.619164718380427637e+00
3.661801686860317151e+00
3.669599947540409079e+00
3.722258303094660103e+00
3.732814895865332883e+00
3.755419534933164716e+00
3.759147536907157860e+00
3.764079011609915426e+00
3.783469801438105407e+00
3.781150981061617511e+00
3.788201167750132381e+00
3.784228421761994809e+00
3.776457199881826821e+00
3.772633637878644031e+00
3.765080774249784934e+00
3.769068739999461570e+00
3.766647613261682181e+00
3.775867690975203583e+00
3.770531470482811010e+00
3.780803010373948059e+00
3.774475938323544888e+00
3.779656235893714022e+00
3.767504739910583211e+00
3.759077386988676217e+00
3.774346127000568263e+00
3.778077032447594075e+00
3.798007505293401476e+00
3.792571379842294643e+00
3.810219722130941289e+00
3.796173629812244599e+00
3.812741962044194022e+00
3.839446289375148424e+00
3.820990160239219335e+00
3.821629218434609676e+00
3.844099188950679480e+00
3.850959962223935662e+00
3.854951030233851217e+00
3.922433136437535328e+00
4.007955986624335942e+00
4.032377830326446144e+00
4.031495727917213223e+00
4.024151165637254834e+00
3.991144230935611770e+00
3.970788053178355703e+00
4.002793735965809674e+00
4.055155202702696471e+00
4.108708295044982250e+00
4.128773618944171275e+00
4.130532899269427460e+00
4.130150307173877877e+00
4.133961790455090046e+00
4.114209786847601968e+00
4.080075539723513778e+00
4.038662022022208475e+00
4.008657923288506453e+00
3.969604463523945359e+00
3.960569500600011228e+00
3.950318908259867534e+00
3.945169421662654941e+00
3.933002682080173340e+00
3.915234056250258998e+00
3.891948548268064467e+00
3.877095640211117189e+00
3.843534484020931785e+00
3.831978675707131465e+00
3.818979547201978075e+00
3.797486963563067253e+00
3.794569139696327476e+00
3.795921570505864651e+00
3.799869749040477362e+00
3.790999143373988911e+00
3.798417916713171305e+00
3.797263751652411923e+00
3.797620577205480963e+00
3.798069515450906763e+00
3.815298400266474044e+00
3.845169594599245233e+00
3.874741429715038432e+00
3.901861135259030888e+00
3.916926739238460353e+00
3.927316311518412206e+00
3.938699881114831935e+00
3.952917744102433240e+00
3.986975443388152573e+00
4.026767010688985238e+00
4.057675029373125852e+00
4.069202124942788323e+00
4.089490314258556580e+00
4.092117315041712722e+00
4.089728221120638274e+00
4.088695019633166616e+00
4.084864461137084568e+00
4.084210403860249805e+00
4.104386576018587363e+00
4.091410192749185271e+00
4.098464212755863478e+00
4.099779168696347398e+00
4.100183881015702525e+00
4.098812872213482450e+00
4.094418135408403714e+00
4.097195644545838178e+00
4.118127533188910228e+00
4.112729064536440049e+00
4.073644608599161998e+00
4.040473800980824315e+00
4.009170183432180679e+00
3.996054884280836994e+00
3.990168400651773251e+00
3.964164006339292445e+00
3.959550665273683379e+00
3.949434829850441364e+00
3.933511301274807082e+00
3.893306487551291717e+00
3.887869965352722001e+00
3.888510833760908003e+00
3.903139512907762843e+00
3.888615687871765481e+00
3.881946931208725360e+00
3.850250440432327004e+00
3.839556630954928718e+00
3.811342072127305247e+00
3.788246519425185532e+00
3.779271477980184812e+00
3.774914523975981595e+00
3.755961918619342921e+00
3.733998638769713274e+00
3.726233804303877406e+00
3.720020542500640293e+00
3.714492573344845727e+00
3.705451550677238970e+00
3.714160349837537289e+00
3.723091919552363738e+00
3.724419072460787739e+00
3.712450047055102065e+00
3.694688331790244806e+00
3.682968919983463874e+00
3.670105835057572818e+00
3.649986134651813874e+00
3.646554569337749907e+00
3.645139729831508912e+00
3.637368183055306847e+00
3.635593180215782372e+00
3.620166963693722817e+00
3.600507119379291687e+00
3.582283826301028817e+00
3.551829379569559908e+00
3.529324236666549819e+00
3.515519664045902992e+00
3.505668658937158622e+00
3.497969285442473542e+00
3.499701848782820424e+00
3.497873282495977509e+00
3.504173934953691560e+00
3.517743632371086893e+00
3.525762472357295341e+00
3.528805037449089355e+00
3.539206532241585990e+00
3.547509683475676301e+00
3.562323842160066700e+00
3.565435935736018802e+00
3.560785246887954170e+00
3.548808120235682040e+00
3.531791441884188920e+00
3.506830570690176785e+00
3.479503407293802031e+00
3.457439422289948272e+00
3.446053976394498619e+00
3.433043348345499179e+00
3.412661760267010624e+00
3.413426683113150339e+00
3.419019157894553906e+00
3.420201469469108968e+00
3.424877226444438705e+00
3.423937853071199466e+00
3.417239650233811599e+00
3.402364930170526769e+00
3.387799822551464501e+00
3.373208010357797271e+00
3.348826605547529756e+00
3.324964520059132678e+00
3.319652178475697379e+00
3.318786404382712885e+00
3.317617571191513903e+00
3.307898083672606404e+00
3.240248877251506787e+00
3.191711054660061109e+00
3.097958346585578226e+00
3.072055262234335338e+00
3.056705294178569510e+00
3.040564674762085584e+00
3.059193618187858288e+00
3.083563127536331994e+00
3.096360462901705191e+00
3.112154343744141460e+00
3.119981652318896348e+00
3.117999404111012396e+00
3.106278551669865884e+00
3.102696659572651505e+00
3.086542335541925031e+00
3.067461652775056447e+00
3.067109944747537842e+00
3.068483413132697013e+00
3.043118546546828451e+00
3.058606572428052672e+00
3.041393447803288019e+00
3.017605446871180597e+00
2.989565206724208668e+00
3.026359756762367681e+00
2.986064206000607069e+00
2.969049300245948597e+00
3.003969122353486121e+00
3.007087775819173636e+00
3.022532869052136917e+00
3.009644766178805497e+00
3.005019057462798848e+00
2.993978667660655013e+00
2.982707575418602541e+00
2.979646333122517365e+00
2.960155416368746017e+00
2.945274641004182570e+00
2.942430769295278470e+00
2.932857950082620402e+00
2.950761053654432420e+00
2.943308828135582811e+00
2.932410089698482825e+00
2.916692024925285232e+00
2.902021098998566639e+00
2.888526124992737643e+00
2.905724167575342243e+00
2.930046643722810096e+00
2.961070602872275082e+00
2.955468359510473153e+00
2.970925509627443173e+00
2.978966717457058877e+00
2.969058149790790413e+00
2.956862321828439111e+00
2.961527994164832034e+00
2.970256086118097105e+00
2.981640200405506924e+00
2.981157829174645890e+00
2.991489711833541509e+00
2.993678104896920544e+00
3.030737989969185087e+00
3.085337289793164128e+00
3.067841370576360305e+00
3.050852414415889946e+00
3.060240352026539767e+00
3.017635076669725080e+00
2.957809461871764967e+00
2.945432657674703858e+00
2.950168588806850956e+00
2.959379121157838632e+00
2.950476329521438679e+00
2.910333179880058019e+00
2.838142143551323215e+00
2.813127637120594216e+00
2.787619665283230574e+00
2.800671439721607037e+00
2.813727150365510354e+00
2.832967213102128401e+00
2.832589644596477108e+00
2.630379542158899575e+00
2.664595043557728804e+00
2.694227009847262710e+00
2.709266827585294468e+00
2.689405110876447402e+00
2.671801326987512937e+00
2.692661783923921082e+00
2.725598409658803956e+00
2.834224821483755541e+00
2.926773949649855489e+00
3.012488573797203806e+00
3.067196250620189524e+00
3.146542676041176989e+00
3.182292852945121986e+00
3.185082548057580176e+00
3.219374704668468645e+00
3.262924105401507902e+00
3.230778956506360267e+00
3.344716781714738296e+00
3.312276503402851180e+00
3.281778093240105498e+00
3.253692164485490146e+00
3.233627874605890185e+00
3.213329984397585104e+00
3.189023126111293127e+00
3.161755080320951095e+00
3.140699814683570956e+00
3.127692184228101357e+00
3.121670503254565077e+00
3.123641266093925228e+00
3.128046584466805058e+00
3.130380877563654796e+00
3.134907500721198836e+00
3.132413284215313176e+00
3.125146121164659174e+00
3.104243599679626264e+00
3.079229243033177799e+00
3.050961933143961247e+00
3.033951519358773385e+00
3.016569313812439646e+00
2.999017557625730301e+00
2.973898199242126505e+00
2.949792429414658024e+00
2.939182097698411322e+00
2.933101498964865606e+00
2.921188121760331935e+00
2.906999904129897505e+00
