0.6059314293
0.5592635193
0.3434119665
0.4694743862
0.4752506437
0.5897401799
0.4343081634
0.4736449731
0.5560271915
0.5349812670
0.5167801493
0.4850946218
0.4917678712
0.5836927583
0.5654319949
0.6389307177
0.7047133466
0.9207208971
0.9929031555
0.9488853638
0.7771464898
0.8089608617
0.6884453318
0.4729539890
0.5800942663
0.4223267958
0.7891194575
0.8522724351
1.2918514575
0.7984821400
0.7692456196
0.8568243587
0.9178675500
1.3976082272
0.8740134069
1.6476744388
1.1193346196
0.8950473190
0.8369714665
0.6508573884
0.8854642817
0.8537998334
1.0723203796
0.8881791279
1.0112811249
1.0196085658
0.7563583095
0.9560024518
0.8625037626
0.5683487894
0.2839962772
0.6280888733
0.8378313590
0.4166900089
0.5891778514
0.4916043634
0.4447612935
0.3738839276
0.5386848089
0.8859999861
0.8579033366
0.6965934010
0.7573685324
0.6842548587
0.3931337207
0.4546034655
0.6767126533
0.6219897319
0.4276007487
0.4946774398
0.6149526024
0.6457305677
0.6561808029
0.5253733812
0.4637705916
0.6337577514
0.6941932661
0.8405288792
0.7018474175
0.7644249465
0.7536262312
0.6472544551
0.5552681887
0.4992768966
0.3860604395
0.3419109607
0.2533315290
0.3329974360
0.4276774108
0.4270506858
0.3561018958
0.5066577541
0.5740211069
0.6726790925
0.4468148210
0.8141329786
0.9138064163
0.6640549888
0.6078716945
0.6053397542
0.5922919937
0.5034463725
0.4841973821
0.6701089608
0.6284676298
0.6294916240
0.6004072209
0.6096281989
0.5175856884
0.5247056471
0.6331118670
0.6415465412
0.6957803918
0.7002197320
0.7515291848
0.7381344354
0.7506781110
0.8976827445
0.8133488885
0.6910809236
0.7070505930
0.7920980507
0.8454403469
0.8449156223
0.8557202999
0.7515540508
0.7924285385
0.8226626677
0.7780131860
0.7187792451
0.5923287337
0.6517793595
0.7009050233
0.8913683455
0.9556884922
0.9093814768
1.0941083431
0.8781413228
0.5461264737
0.7728442950
0.8111644481
0.8925467062
0.7755725018
0.8810560043
0.9213633095
0.7119807512
0.7320258232
0.8192333274
0.9523364648
0.7253853992
0.7256594708
1.0372652729
1.0736659103
1.1673379248
0.3185603142
0.5418629275
0.4516410255
0.3689367053
0.4330890998
1.0552386913
1.2863375228
1.2315033196
0.2951957934
0.4447392777
0.6535022260
0.7867810441
2.7890552179
2.6487313148
1.8468307002
0.3869703745
1.0858845672
0.7414336361
0.5636897193
0.6161085745
0.6971863449
0.5403440018
0.6257279375
0.7492162064
0.5792372231
0.5793431828
0.7203377485
0.8426393970
0.6878342690
0.6102143156
0.6888594290
0.9801333651
0.8346319448
0.8577329309
0.8525969375
1.0587128394
1.3432924428
1.5346247249
1.4938921712
1.2731186599
1.3187344732
1.0949690696
0.8256366681
0.7500802832
0.8388146570
0.8556115709
0.8452126362
0.6294981192
0.7469442190
0.6952400554
0.6286878642
0.6810455397
0.6508101312
0.4430914231
0.4239209774
0.1399228743
0.1153702309
0.2568793538
0.3553065298
0.3548740754
0.3645031118
0.3407363357
0.4501913703
0.4142403523
0.5107396423
0.5748029662
0.5755842259
0.5994332475
0.7797543014
0.8717954524
0.7966026835
0.8948999979
0.8432109307
0.7507910863
0.7814207748
0.7632964722
0.7925890062
1.2492733454
0.9277694704
0.8123622181
0.7024958610
0.4997057738
0.5983054249
0.8363400639
0.8791842221
0.8348911855
2.7742270234
2.8371871026
2.7458521527
2.6938626779
2.7291357168
2.7172950386
2.7574984797
2.6913382023
2.6807394899
2.5670424313
2.6002801052
2.5869233124
2.4616676024
2.4438543903
2.1958327088
2.2686620108
2.4049247589
2.4590389927
2.4383812846
2.4798028296
2.5088583830
2.4735193124
2.4654442478
2.3672072164
2.5073262905
2.5732196596
2.4401717452
2.4558339037
2.2294522867
2.4239526726
2.3110053405
2.4080423925
2.4188037160
2.3555820106
2.2938362109
2.6520109473
2.7224294751
2.6004084510
2.9163489660
2.7998761935
3.0859341268
2.7444129493
2.6062375697
3.0775097529
2.7308954838
2.5855811807
2.5342461060
2.3507997428
2.6731650934
2.6663627816
2.3621481513
2.6473841605
3.3285389179
3.1324632605
2.8373105100
2.9472644769
3.2102481931
3.0905947174
3.6792561861
2.8067962488
3.1651194186
2.5950543514
2.5843089908
2.4865109347
2.4602515382
2.3824391731
2.2630708798
2.0928837437
2.1976226844
2.7414984095
3.2852007449
3.1247983107
2.6161606605
3.6278926539
3.2752564194
2.3779740380
2.2899408762
3.2266831976
2.6316532611
3.0349447718
4.3070201513
3.3047389804
3.2328962295
3.2630087096
2.9371710234
2.8164086295
2.7654128239
2.4437931512
2.8747135277
2.9815898918
2.7360934934
2.5802610724
2.6215515956
2.6865303015
2.8867888725
2.5635801423
2.5728384333
2.4224350944
2.6741817886
2.4498721548
2.2881030039
2.5723199661
2.6807582384
2.6662839188
2.8533446983
2.5733377438
2.6506756272
2.6449727395
2.6350933353
2.6847494278
2.5992616319
2.5843191023
2.5764497023
2.5557391195
2.4233495557
2.3560287910
2.4846015849
2.4217644091
2.3869510819
2.4041576568
2.3747413923
2.3975418422
2.2957640885
2.3704244523
2.4754728470
2.3240472132
2.4575337517
2.3911066098
2.3540882413
2.3115790807
2.2211504209
2.1409447374
2.2363819926
2.2808267424
2.2271324736
2.4142632287
2.4414222921
2.4055522900
2.4584716524
2.3981302285
2.4318639514
2.4556218783
2.3808365653
2.3321720294
2.3593950481
2.4774134646
2.4405720420
2.4848682545
2.4700711168
2.5751547911
2.6540678178
2.4288288112
2.3098309427
2.4379799316
2.4546300424
2.4124719756
2.2449454069
2.3884267252
2.3482704932
2.3553721244
2.2970007132
2.3707232369
2.6219096926
2.6308273115
2.5532167532
2.5692691018
2.3901567154
2.3798097684
2.3214808927
2.3206393853
2.2870845292
2.2746407526
2.3499649267
2.2458136213
2.2624282934
2.4004790926
2.3290609602
2.3095340129
2.3377304916
2.2298864171
2.2232953229
2.1209864649
2.2792820835
2.3630509495
2.3920840952
2.2631998469
2.3749298354
2.3248473983
2.2971617912
2.3674483011
2.3278407039
2.4332449058
2.5922169981
2.6650868792
3.3680936213
3.2316422533
3.1433908976
3.2596480769
2.1306472607
2.2366191963
2.2593664038
2.1796771922
6.8440836461
6.7826508970
6.8185911177
3.4987257591
4.6917669563
2.3845946689
2.4057601781
2.4395188746
2.4861120314
3.2478802991
3.2818129516
3.3903143380
2.2851965965
2.2561311963
2.4853565370
2.7730248292
2.5385448823
2.7177256213
3.0022296669
2.8777056511
2.6181235693
2.2379049533
2.3450119348
2.2161851962
2.2128445377
2.2128560630
2.0768376222
2.0331969226
2.0574385566
1.9819464088
2.1324574833
1.9578022503
2.3415860212
2.1480152885
2.0374583635
2.1251289476
2.2821770023
2.2187659858
2.1637173443
2.2162821386
2.1153115296
2.0266969389
2.1268040914
2.2074178233
2.2641103093
2.3181231487
2.4719132240
2.4553453882
2.3935795444
2.4127113786
2.3930041225
2.2228678107
2.1760368553
2.6884183244
2.3071475556
2.9736720148
2.3189932576
2.5252302671
2.4167695704
2.6573695251
2.3494442278
2.2470435280
2.2040738708
2.3457871722
2.4155140580
2.3292959037
2.5135666318
2.2726482244
2.3832242043
2.0975656813
2.4071619774
2.1504313186
2.1263250493
2.2269602363
2.2277843808
2.1837610537
2.3066763654
2.2382122238
2.3047470834
2.0614259690
2.1917708265
2.1305042432
2.1559073764
2.3140992402
2.2904497138
2.4381867396
2.4517684612
2.3290195628
2.2356475492
2.1178646388
2.2021768903
2.2240309046
2.3345540595
2.2678774391
2.2495570481
2.1740360195
1.9592243649
1.9932824115
2.1217983351
2.2087760771
2.3242104569
1.9283297530
1.8707921270
1.6283136219
2.1469392070
1.9914459422
2.3100911214
2.0871857843
1.8716305709
1.9978149496
2.0647348890
1.9635389681
1.8805380303
2.3000318227
2.1295775514
2.2259922190
2.1844691550
2.3712360691
2.3186816862
2.3483596911
2.2072192250
2.3078235320
2.3359851108
1.9123385617
2.2504996882
2.3100471602
2.2448025979
1.8856091981
2.1980220765
2.1252768048
2.2656469625
2.2353463873
2.2428526919
2.2794387844
2.2158800159
2.2052669004
1.8661248990
1.8575449690
2.0469677201
2.0465754172
2.0109219697
2.0117542479
2.1206698908
2.2282637772
2.1519353165
2.2608118013
2.2894751187
2.2232083042
2.1168891505
2.2949646044
2.2941178450
2.3374491031
2.3033434771
2.3639809848
2.1537839670
1.9659161575
1.8157716378
1.6299754085
1.7272018563
1.7902170709
1.7680142177
2.0373024501
1.9902212129
1.9316976310
1.9897841144
1.9626341210
1.9927922224
2.0726003819
2.1717710746
1.9192217765
1.9801612599
1.8200192030
1.9181998065
2.0388146971
1.9523901013
1.9104711813
1.9685212720
1.8855812179
1.8496657022
1.7928342416
1.9611458490
1.9589934857
1.9064256381
1.9349796717
1.8911577631
2.0321625570
2.0659254266
1.9983100592
1.9181453218
2.0249955103
2.0459480697
2.1203861342
2.0229501495
2.0513524103
2.0089336740
1.9555078187
1.8638374827
1.7894209256
1.8428473214
1.8646476538
1.8469622938
1.9795832252
2.0880151571
2.2336780205
2.2849903690
2.2618101265
2.2080336677
2.2054139728
2.3130785201
2.2053574931
2.1126595845
2.1606952602
2.1592877926
2.1538692387
2.1777644266
2.3610966305
2.3752761449
2.3268522868
2.3216796079
2.3469463844
2.4323134759
2.3552005363
2.2910559795
2.2519099463
2.0793494009
2.3295261268
2.3198199454
2.8127086351
2.6587772776
2.1906948033
2.3950512968
2.1018634203
2.1408324073
2.1657179704
2.1978359412
2.2713737441
2.3428694825
2.2889869302
2.2817123993
2.1638840669
1.9915154769
1.8799254471
1.9279580041
1.8844449036
1.8041918817
1.8989197970
1.9182041665
1.8739406228
1.9484733422
1.9653337987
2.0266714756
1.9836540029
2.0204956932
2.0456414030
2.1054675790
2.1828468649
2.1633050544
2.1348550594
1.9901912543
1.9849037273
2.1512872137
2.1969835293
2.2173458619
2.2685865516
2.1535759224
2.0555396598
2.0363791597
2.0655492571
2.1399686769
2.3295794384
2.3573340324
2.3439705304
2.3928271556
2.4134342851
2.3503349573
2.3345535909
2.3572572147
2.2109801349
2.1683447947
2.1192475548
2.1138894987
1.9644460441
1.9403912936
1.8029113715
1.8451557798
1.9871713693
1.9334831632
1.9983964569
2.0247483923
2.0302674493
2.1194866347
2.1436033922
2.0816120678
2.2089412258
2.1888886792
2.1303493961
1.9964958539
1.9287460841
1.9068404516
2.0771996149
1.9560629612
2.3898506802
2.4787451127
2.4071939320
2.4233469227
2.2037799770
2.4128666967
2.1117093928
2.0722651130
2.1526159711
2.0413074425
2.0628920925
2.1711173386
2.1616646096
2.1163986272
2.2073190127
2.1030488276
2.0609356608
1.9532446704
1.9480164796
1.8943831646
1.8342490046
1.6781010628
1.7441347747
1.7812412155
1.9339838307
1.9457447692
2.0636662900
1.9854169025
1.9963996886
1.8634326545
1.6720666211
1.5296213114
1.4347569685
1.3969207360
1.3278726244
1.4615492184
1.4797219636
1.5320032611
1.4549057618
1.6991563843
1.8354549938
1.9761882298
2.1554410275
2.3090123077
2.2496312726
2.4166110105
2.2957711751
2.3828787454
2.4434771013
2.4532693151
2.3854505567
2.4245450718
2.3338599099
2.2885363088
2.0876123485
2.1229853436
1.9198834902
1.8920210809
1.7474506033
1.6392879623
1.5343991309
1.5410168141
1.4431838114
1.4035284686
1.5000525755
1.4175775841
1.3239342779
1.4682608221
1.6415582393
1.8606818866
2.0355147655
2.2444936765
2.4792267526
2.5254819776
2.7007629588
2.7121916176
2.5765027875
2.5961906131
2.6183264700
2.6939209620
2.5574414205
2.6116577760
2.3819145304
2.2969550136
2.0846982259
1.9285187593
1.7018912904
1.7550026488
1.6562097112
0.3724042531
0.4714161113
0.4201671106
0.3038656716
0.5468339034
0.7216155029
1.0687236103
1.3288044815
2.0718511562
2.1283154168
2.1654093244
2.4482117081
2.6788092703
2.5858815557
2.6440113973
2.8281736402
3.8551964132
3.8305666454
3.8425496227
3.6152800559
3.3172213058
2.9992139162
2.5206479660
2.3249502095
2.3194197646
2.2505782747
2.2505108370
2.3152178071
2.2943006317
2.3117127463
2.2779249519
2.2519161927
2.3451203830
2.2115008215
2.1657811198
2.2053855961
2.1983862224
2.0147773186
2.0357280073
2.0625277942
2.1154786644
2.0736363919
2.1647352801
2.1564739834
2.1023766920
2.1227666606
2.2214430086
2.1983412676
2.2014100147
2.1500090424
2.0639597048
1.8444598145
1.8750715856
1.7225433343
1.7435347930
1.7915766155
1.7712737043
1.7304871938
1.6369150368
1.4014156362
1.2065447543
1.2059762863
1.3724361416
1.3582684161
1.5174539065
1.6936239557
1.6204159349
1.7038870362
1.9974310415
2.2062410926
2.3091414238
2.3527081326
2.5048809037
2.3719314862
2.3338334202
2.5003268493
2.5696653905
2.6161076825
2.6583653795
2.5378408889
2.3805833507
2.0944685139
1.9512240295
2.1545760051
2.0504776046
1.9571257891
1.9819288919
1.9183305274
1.8008644984
1.9747138146
2.0768943531
2.2651580855
2.0866107729
1.7475494899
1.7921827215
2.5185279291
0.6673908734
0.3364659051
0.4900435898
0.9184295828
0.8724039715
0.2219916383
1.7281673811
1.0334552251
1.4696323382
0.6278456852
1.8830704627
2.0787581840
1.6109871301
0.6640053142
1.0958279675
0.9681801478
3.1289241861
2.2091533782
1.1953489779
1.0894446712
1.1050233712
0.8169006818
0.8649712812
0.7169185020
0.5229974062
0.7321442458
0.5400670480
0.8382645215
0.7497138874
0.7601168382
0.5902953908
0.5290529115
0.5980777647
0.6600217613
0.6171546448
0.5465804683
0.6144447433
0.6887373975
0.6681284440
0.5975487624
0.7350114719
0.5643149953
0.6510158247
0.5842883269
0.4827815644
0.4346796079
0.6740157982
0.2392223269
0.3345002199
0.3428952675
0.4578793957
0.6821027290
0.7193223872
0.8011770252
0.8689791361
0.8116860579
0.7982138055
0.8548260662
0.7418285848
0.7185211230
0.9446185469
0.9378295890
1.0085123739
1.1428983007
1.0245445606
0.5593764311
0.6977959054
0.6831446334
0.4529878541
0.6310351464
0.4613580464
0.3957305050
0.9240412716
5.8736848434
5.8831760331
5.4860960148
2.6324417358
1.6643844219
1.0726708181
1.0918069466
1.1719629082
0.8453056713
0.7536697020
0.5359138864
1.0010345274
0.5423585513
0.8358945749
0.5948064664
0.6140057043
0.8035298458
0.6692919176
0.3896425643
0.6728825582
0.9247104408
0.2779035602
0.2956505532
0.4285800536
0.7331367387
0.7087923338
0.5407091318
0.0519485884
0.1485667960
0.5000489139
0.4273374809
0.5418072631
0.7798788669
0.9020551826
1.5691225552
1.9333554375
1.3553108662
0.9204948816
5.8975462723
0.6116161038
4.3470073338
1.4670739504
1.1794966061
1.1897988482
0.1663562559
1.1403731182
1.0262378474
1.5989608230
1.8723359793
1.0669155128
1.6212339263
1.8679129676
0.6352321564
0.9513822829
0.7120519354
0.5670823554
0.5664622123
0.4238469209
0.8945056258
0.4762538542
0.2539628388
0.2196389406
0.2287981096
0.2669500113
0.6383253362
0.5767248155
0.5028269538
0.5100167426
0.2762479354
0.3777126133
0.2889118297
0.5337760678
0.4318264553
0.2630303870
0.4132176569
0.3288582008
0.5008846632
0.5627438533
0.5058182720
0.8701320478
0.7180756752
0.6646592682
0.6376986478
0.3963746692
0.2116582494
0.2784817701
0.6294699339
0.2760931928
0.2187105077
0.2362902935
1.1866355889
0.2710141794
0.4377383545
0.5376956796
0.8219501833
0.3674241802
0.4366540127
0.1549362105
0.3418760001
0.3817426636
0.2003354749
0.4470959632
0.2990628045
0.2830019609
0.3222513988
0.7250968373
0.2883276383
0.2021311223
0.2203334692
0.3183960858
0.3094141723
0.1720407583
0.1760713443
0.3510511235
0.3992930570
0.6019141506
0.4471116363
0.2811500853
0.3144402481
0.4472705062
0.6331499941
0.3454761216
0.2445926029
0.3726996645
0.2926553235
0.3239788728
0.4415037435
0.4144596911
0.2206207782
0.2261677984
0.0674688335
0.3755540486
0.3771768338
0.2148519366
0.1990676112
0.2422530512
0.1992977928
0.1829447375
0.2610728391
0.2859874363
0.3967273903
0.3821738903
0.2751882591
0.3754947897
0.2898372798
0.2439170369
0.2513579132
0.3124210664
0.1968701064
0.2111656196
0.1374783304
0.3320843773
0.3907927310
0.5139562951
0.2195054085
0.3018901336
0.3084202558
0.2209523758
0.1994677038
0.2267708996
0.3712737726
0.2706702919
0.1908573046
0.5631999603
0.3443709762
0.2307170849
0.2644582381
0.2173962321
0.2567691184
0.1104512246
0.1453108370
0.2109399296
0.2770030466
0.2195025331
0.0816816667
0.2544355163
0.5422801470
0.6012520096
0.6307959808
0.2897627067
0.1414293490
0.2476091173
0.1351377030
0.1430352660
0.0837648868
0.0880240247
0.1494520082
0.1207058242
0.1869290400
0.1993961035
0.2100404472
0.0860982135
0.1491779643
0.1302049313
0.3801872287
0.1309217700
0.2991345146
0.1886455179
0.6080898958
0.6445427118
0.3270521349
0.6120797439
0.5783052600
0.3774020925
0.2959228057
0.3259679582
0.2840096152
0.3214916525
0.3935727319
0.2854793534
0.5418936525
0.6951545332
0.6830885880
0.9298500299
0.8598998954
0.7888568071
0.6464752570
0.7844692022
0.7913583073
0.4841833517
0.7727917304
0.7034172286
0.7899130112
0.2715850339
0.8904781413
0.9733810296
0.8854322374
0.8465265434
1.0257817593
0.8102184042
0.6208438700
0.1245566925
0.3720710698
0.6533887587
0.9325243272
1.1763466195
1.2306887686
1.1036373059
0.9508690736
1.8943895401
1.2219349901
1.0186568322
1.2014904966
1.3219588575
0.9922512633
0.6749117909
0.6691534154
0.8734711911
1.1162199069
0.9863946163
1.0377608554
1.0717709639
1.2274491804
1.0125044726
0.9428628906
0.4023000871
0.9346913077
1.4578702437
1.3281727830
1.1512499347
1.0951947518
0.3996336076
0.8311355757
0.9312854419
1.1030326011
0.8992060694
0.7882836176
0.6591326524
0.6325284875
0.8415291838
0.7975892903
0.7989696416
1.0677030858
1.0847979139
0.9692266789
1.0259948346
0.9192904381
0.6794115295
0.9477556151
0.9020192152
0.7218532531
0.6328990223
0.5250068596
0.5162145393
0.9399168133
1.2272129340
0.9802878591
0.2957874806
0.5093934194
1.0083822766
1.0261201540
0.8887168575
0.7281575465
0.6743880427
0.5790705137
0.7441278893
0.8419218276
1.2466448200
1.1573282546
0.9121021314
1.1513736544
0.6915753985
0.6596270553
1.3019771963
1.2336838916
1.2807156132
0.5758127349
0.5638176218
0.7555045501
0.8431647414
0.9551738104
1.0856077776
0.8379114304
0.7640276710
0.6630666207
0.6535928372
0.7819015431
0.8174022049
0.8389479937
0.5169884115
0.4586673159
1.5099557684
1.6132820757
1.3009041416
1.1554098708
0.5817190084
0.5116108220
0.9018515989
1.0325396295
0.9083078462
0.6744079831
1.3086604098
0.6494241565
0.7118114969
0.5457891246
0.2254477884
0.7390242048
0.7123504146
0.5061809937
0.3273560754
0.4070190559
0.2970564245
1.0011867939
1.1454375707
1.4010267853
1.2497488539
0.4126310875
0.3750632590
0.5152234774
0.7448086734
0.5512804241
0.5118595335
0.6338076106
0.1868699572
0.1549097147
0.4890137971
0.6184089112
0.9820192508
0.9812237218
0.5518295785
0.5928113231
0.7975715626
0.7453193648
0.5963228288
0.6270563857
0.2447734763
0.4029905847
0.7366683232
0.9508574786
0.4977063802
0.3821977818
0.4843032866
0.3698384537
0.4233982831
0.8573775964
0.5316792912
0.3783515510
0.3582204876
0.4120817106
0.2694419870
0.3477855230
0.6146942612
0.6681414485
0.6844591385
0.6398856318
0.6267549267
0.6239000141
0.5408567085
0.4832442960
0.5325207368
0.5380251189
0.4882789228
0.4144798873
0.3807293436
0.4920728564
0.4709656295
0.4165546197
0.3598121992
0.3159519264
0.3209084802
0.3301250095
0.4117892733
0.4094396134
0.4621338591
0.3860743738
0.3547928306
0.4716807099
0.5685153728
0.5087964556
0.5582775218
0.4453394033
0.3925895169
0.3161097332
0.4778484449
0.3227156029
0.2362283389
0.3940374731
0.5235007447
0.2770529351
0.3084185418
0.3628456043
0.4246540206
0.6532309357
0.8688225644
0.7961736240
0.7285077330
