1.196763529851644914e-01
1.171264043348048678e-01
1.212740194505709662e-01
1.243395201276465689e-01
1.230507423504360182e-01
1.172668060993464212e-01
9.990027178754021242e-02
1.060440196960611980e-01
1.028337876618037189e-01
9.843233161491583838e-02
9.443765667193586288e-02
6.933568610742286975e-02
6.479094046932958040e-02
5.805612138711608444e-02
5.561201001395359861e-02
5.377734481306625791e-02
5.016056194448208910e-02
5.239397041140722577e-02
5.077369975792738604e-02
5.129505853579533620e-02
5.309424610523948151e-02
4.865535740398580639e-02
4.652039841161391409e-02
4.480115974599280931e-02
4.743838528980912767e-02
4.726383461610364489e-02
4.803980397878684222e-02
4.869080243317401580e-02
4.833104338486914758e-02
4.941932903436235119e-02
5.217803921006610585e-02
5.224044149037439938e-02
5.111039213862837716e-02
5.458347480677761682e-02
5.161903612656716656e-02
5.014451889926727773e-02
5.093707483011487153e-02
5.488249989580802624e-02
5.527239646146733798e-02
5.576821560840339309e-02
5.635708242769773418e-02
5.700656455932555378e-02
5.794709962564671690e-02
5.846544541372982601e-02
5.905325342781476972e-02
5.971005642525802071e-02
5.999732040274650957e-02
6.003320296453856092e-02
5.945697557788696269e-02
6.070706171877808532e-02
6.113659207444063770e-02
6.168377283806748129e-02
6.154065289868489164e-02
6.194048134908337888e-02
6.280911779814923879e-02
5.936411800613552309e-02
5.885911381388248681e-02
5.728639989809564820e-02
5.795729292088318274e-02
5.757406258096168378e-02
5.775957451353583988e-02
5.849239180366486157e-02
5.887173969952046865e-02
5.825541357068557413e-02
5.854241624608732403e-02
5.958334717322524149e-02
6.255049694116615600e-02
6.257358365511443699e-02
6.548518393061036891e-02
7.484379107741466475e-02
7.935494610890039824e-02
8.311535354134506892e-02
8.173839666000524973e-02
8.167654985392311384e-02
8.066455266608588137e-02
9.352127516734473622e-02
9.622909981478712516e-02
9.787079109262272758e-02
1.039055045018223156e-01
1.034048792738551242e-01
1.060122543009873880e-01
1.034641127088549439e-01
1.020906262008954013e-01
1.002817443664996283e-01
1.014653935268261808e-01
9.080235167099527660e-02
9.275612844590404305e-02
9.480844922407263842e-02
8.406175847380159549e-02
7.938523515318741952e-02
7.972975522765171630e-02
7.755622395872067976e-02
8.030743249127769712e-02
9.311252814408167711e-02
1.214518536266375182e-01
1.490622675180603429e-01
1.583526543440086365e-01
1.575310296273823296e-01
1.561522739549985883e-01
1.763346334731400455e-01
1.779842302850974389e-01
2.038840212339388391e-01
2.204760964021968694e-01
2.328445740263572761e-01
2.422922467446735340e-01
2.498868644634029135e-01
2.534745066809973579e-01
2.571804143017222821e-01
2.560853712253408632e-01
2.609401500901168403e-01
2.745779067326467593e-01
2.709979329977896811e-01
2.665992587841435335e-01
2.631016598920172256e-01
2.561774927159526372e-01
2.498305113978949166e-01
2.441160702075128586e-01
2.332301392547512786e-01
2.160890864048893023e-01
2.130270662420901684e-01
2.058529149698549443e-01
2.034606093843748520e-01
2.081825815958769921e-01
2.013427055173274138e-01
1.996944108009690022e-01
2.019761736518357609e-01
2.049340731177470565e-01
2.078764848376868368e-01
2.096426654142208579e-01
2.147419132433233402e-01
2.170747887153340328e-01
2.181929524565033862e-01
2.160686263481739755e-01
2.157102342264852757e-01
2.192629958759796660e-01
2.295395957499668238e-01
2.365787454315415872e-01
2.427946909362257988e-01
2.434566679991592708e-01
2.484019047318264117e-01
2.576621237592494063e-01
2.644563499167262299e-01
2.625834331318431247e-01
2.638674751935635165e-01
2.667809222710526007e-01
2.696219682600670131e-01
2.785542769397195695e-01
2.913753599143854567e-01
2.999590832464220647e-01
3.060612873373001475e-01
3.128882790110184553e-01
3.253782380862628165e-01
3.306833917309474069e-01
3.362519283236947709e-01
3.442387006034267616e-01
3.492314868378208481e-01
3.562971904780729560e-01
3.584484917536651660e-01
3.647091036835082289e-01
3.728633823586422480e-01
3.828344824413080771e-01
3.867704764216315372e-01
3.914084544880062633e-01
4.092065307155896559e-01
4.147459883503827882e-01
4.148890755631772786e-01
4.101117822932489609e-01
4.117117393320696150e-01
4.149805995032188610e-01
4.295673400029476618e-01
4.169693989092490560e-01
4.212471775859549239e-01
4.267008314532790836e-01
4.288500302638673101e-01
4.259382149150770513e-01
4.339092095747792976e-01
4.311730295287705128e-01
4.428632531743904033e-01
4.373951369240297593e-01
4.379404600740952613e-01
4.261828393526107539e-01
3.853623904706185432e-01
3.744919891589706951e-01
3.523395782351376737e-01
3.381927738157246566e-01
3.195060522325981478e-01
3.040996236822142706e-01
2.883285386910252601e-01
2.775027565699224597e-01
2.687752548406456832e-01
2.645627475900533820e-01
2.640801593726788687e-01
2.680171814698510957e-01
2.704238590100034867e-01
2.699836155414159222e-01
2.607506510695489776e-01
2.588584727088356630e-01
2.594077676244890829e-01
2.605844973546403986e-01
2.495110123308977579e-01
2.533170313759061654e-01
2.572362887224414196e-01
2.561619163559925583e-01
2.595993146895270165e-01
2.634573387313414727e-01
2.663862467454234939e-01
2.629284849288279213e-01
2.617995940328387561e-01
2.565802737251253740e-01
2.577490436051514955e-01
2.541600603504358680e-01
2.517963328726318117e-01
2.519785839972595309e-01
2.613466893418111003e-01
2.665197780114306747e-01
2.664644123646257023e-01
2.558716344518291996e-01
2.579855523779105986e-01
2.647865315869902814e-01
2.800095331896488293e-01
2.864551212590410456e-01
2.911006907677958222e-01
2.988755113428135934e-01
2.997269067568795742e-01
3.003701159920775243e-01
2.941278931301021804e-01
2.919401054728455458e-01
2.900061169982184328e-01
2.893300933386258600e-01
2.912342164561848024e-01
2.860763197247955247e-01
2.821969602617812600e-01
2.846127860841171087e-01
2.866237074666708184e-01
2.857126595794113322e-01
2.860021680793630172e-01
2.906114758234654705e-01
2.964635572344992975e-01
2.965035749916425378e-01
2.962215514210232992e-01
2.988190759160476717e-01
2.980321662257333637e-01
3.008256443636135868e-01
2.998978881185526135e-01
3.022898717296033100e-01
3.041343059192432308e-01
3.042744959250145986e-01
3.037766963012317745e-01
3.045135829896112312e-01
3.048878836632303302e-01
3.048947336797204199e-01
3.042898471083332890e-01
3.036542139183080469e-01
3.014044664964709019e-01
3.011261935510383125e-01
2.899620883249758863e-01
2.922168944084217457e-01
2.925072490410846049e-01
2.858834435182688316e-01
2.896663367889573126e-01
2.875932379554571039e-01
2.873684257582650448e-01
2.872326418053791075e-01
2.851346419282888012e-01
2.845296626919917027e-01
2.794527452892466846e-01
2.828733561709005362e-01
2.808226568335442930e-01
2.780907628254717379e-01
2.644146394072540707e-01
2.629190382097571499e-01
2.592095999457680877e-01
2.576425162390675316e-01
2.567720851846190810e-01
2.530395169671484368e-01
2.520864091148316555e-01
2.493521847983878881e-01
2.442640585622665728e-01
2.394788822201697753e-01
2.377390911353278735e-01
2.390512038469403133e-01
2.358697768960718033e-01
2.280968162159481283e-01
2.266199613612313590e-01
2.254222825989033729e-01
2.255715335767036755e-01
2.252180849187529754e-01
2.250072781999265248e-01
2.283678276023933529e-01
2.324951291786553353e-01
2.262402935176078822e-01
2.277557961083397642e-01
2.215874157180834081e-01
2.215823703191733551e-01
2.232831560643086521e-01
2.231182594504476091e-01
2.224938894957836366e-01
2.240090749222918565e-01
2.231185486289104236e-01
2.274518019302511351e-01
2.253341824348493727e-01
2.283171057439806473e-01
2.288773992402524105e-01
2.265190553567331122e-01
2.295062641521443958e-01
2.287057097166099173e-01
2.260984430219684371e-01
2.241872111064184825e-01
2.224083843808624394e-01
2.204028715350367928e-01
2.184923521463530416e-01
2.192982776090908470e-01
2.187788137790882548e-01
2.159133534019090916e-01
2.140393299067837318e-01
2.092801653521867700e-01
2.064929081439118019e-01
2.051441154179852733e-01
2.100100801460241806e-01
2.144568307430575471e-01
2.134885312344384500e-01
2.156440472240691575e-01
2.189378026155039403e-01
2.189388505902562509e-01
2.190591076284016114e-01
2.196872373462221140e-01
2.171960100881981937e-01
2.137230528331180712e-01
2.148033045763399207e-01
2.188841779884259375e-01
2.233039723661989773e-01
2.250198315364166368e-01
2.249773659068955711e-01
2.249105719760341182e-01
2.240752432701607622e-01
2.277236068710964678e-01
2.288407044191570483e-01
2.278360319515444765e-01
2.254305616252135769e-01
2.233019231546979066e-01
2.247429889243997558e-01
2.232708551536049246e-01
2.250983170605462547e-01
2.227790789273112193e-01
2.213883304014420961e-01
2.216451123378512245e-01
2.240879404931558072e-01
2.223133274717280505e-01
2.225616185436325167e-01
2.195664515271986417e-01
2.142158222012332802e-01
2.122029358419932621e-01
2.122176712194133452e-01
2.118901402870807804e-01
2.126370926506492565e-01
2.131763628693876811e-01
2.120729336518435704e-01
2.085023454728498205e-01
2.059676776765630435e-01
2.018826885051712150e-01
1.997594515458393505e-01
1.990459376226441368e-01
2.019689546928422896e-01
2.027307880575972276e-01
2.012980221983633189e-01
2.004744415277964764e-01
2.023061989950741268e-01
2.093553485803611169e-01
2.119427282776863708e-01
2.148325912936693838e-01
2.127756962895181458e-01
2.225613195209879824e-01
2.281211028907607630e-01
2.304334809183264943e-01
2.328922586114704485e-01
2.416924211329055938e-01
2.386388373544196806e-01
2.318353843340075215e-01
2.327430105318351594e-01
2.372587664548094222e-01
2.345041974464913970e-01
2.329527151034799237e-01
2.260348214009919865e-01
2.221550972656659295e-01
2.244997723310506454e-01
2.227057523010100848e-01
2.283713998069778761e-01
2.396774121955040915e-01
2.350106603319411513e-01
2.293887268522124823e-01
2.343653687211542658e-01
2.376709411068086975e-01
2.378540358469700411e-01
2.369465402340447668e-01
2.362320502585299742e-01
2.389386002788424501e-01
2.420710807654778696e-01
2.448345337954340173e-01
2.452381730454709641e-01
2.419601030575652956e-01
2.468431248215860740e-01
2.484221290913443125e-01
2.482186938625415562e-01
2.495060216442725187e-01
2.482449253209542128e-01
2.477934934792569710e-01
2.487613481130216964e-01
2.509026791362141684e-01
2.478450085882132614e-01
2.452930872520342198e-01
2.437402299165277453e-01
2.444661457300302543e-01
2.378975558208724361e-01
2.353233817125007510e-01
2.348811424163176620e-01
2.310817785651148037e-01
2.294287216283454611e-01
2.305414706755297694e-01
2.286574665299194731e-01
2.293206111357985189e-01
2.319954982686525946e-01
2.307696629983971293e-01
2.320229908603664570e-01
2.307085238702036301e-01
2.283218755373875863e-01
2.246193794110607767e-01
2.233799828888092809e-01
2.251342318286156108e-01
2.208461038964780188e-01
2.197521941839918336e-01
2.159395365710375381e-01
2.194763259281577172e-01
2.212375589766387429e-01
2.217984498413562433e-01
2.252271478107135128e-01
2.256893766596957396e-01
2.269425872952434975e-01
2.338722600525882100e-01
2.336845105465854000e-01
2.335448968537465197e-01
2.312551649853004099e-01
2.284455606338169908e-01
2.279057829777396682e-01
2.320192933275236347e-01
2.346083434948338098e-01
2.331052389910770462e-01
2.320519678747516301e-01
2.310986511644477770e-01
2.287950429143159048e-01
2.324893455975270695e-01
2.305080100376698804e-01
2.309342598019197002e-01
2.331599515803078060e-01
2.341177253342910380e-01
2.266732170970007509e-01
2.306980743985317384e-01
2.293198085695832833e-01
2.304671891285583474e-01
2.395241959031937928e-01
2.464382274185155375e-01
2.498558151985132147e-01
2.537622386245488304e-01
2.567683302169529447e-01
2.584335003842312406e-01
2.571464946436207710e-01
2.623109620664092478e-01
2.635891321008120292e-01
2.670086844170855289e-01
2.677678856691699250e-01
2.705606012333467980e-01
2.712075507536896857e-01
2.688508330746646191e-01
2.685738772334110847e-01
2.711625042318134837e-01
2.704061012973085765e-01
2.755829743920356067e-01
2.685611705450404174e-01
2.663600638852174907e-01
2.628387700222847290e-01
2.550081757447420494e-01
2.512169916726068597e-01
2.393229318087500279e-01
2.342979300106725893e-01
2.139195955626884971e-01
2.125845027814381172e-01
2.119789564206572829e-01
2.174748582908468397e-01
2.199071945045026066e-01
2.197327323603494309e-01
2.230354320236143106e-01
2.156531199779302965e-01
2.089097697119588481e-01
2.028494178636336964e-01
1.977904318016351082e-01
1.980109333040422914e-01
1.943830967503633878e-01
2.048590764957867461e-01
2.088727455614823036e-01
2.154586974474018146e-01
2.175062116282566738e-01
2.170060757801545170e-01
2.418450009631054609e-01
2.433577129135279238e-01
2.497585028887120695e-01
2.630300795524387336e-01
2.643921474375056091e-01
2.707736051835973878e-01
2.742004036410192747e-01
2.773909374970441877e-01
2.786688737566457852e-01
2.780520885707131185e-01
2.795745610846887552e-01
2.802963328515335473e-01
2.801938258730761744e-01
2.889446469724808453e-01
2.889450799809389903e-01
2.869519138340210218e-01
2.852878380312244833e-01
2.837142309774355886e-01
2.877836166497307890e-01
2.897160312086062839e-01
2.867308138784891991e-01
2.827403975829030913e-01
2.820102366466075705e-01
2.794258267644576521e-01
2.768813270550414263e-01
2.743501876903468029e-01
2.747854613433813875e-01
2.721918860877247659e-01
2.691203289762542084e-01
2.676010181609506100e-01
2.676621381916450826e-01
2.706600422629818481e-01
2.702887877400556582e-01
2.680313065724667099e-01
2.643095866612878986e-01
2.587604675427871426e-01
2.522328918866391101e-01
2.487710388584138121e-01
2.434172616485092422e-01
2.396474936195413241e-01
2.371562572944846958e-01
2.325137048170290155e-01
2.283423907747197112e-01
2.237288529849458252e-01
2.195467249824800127e-01
2.155703227178312475e-01
2.149581902689484403e-01
2.103777895074819826e-01
2.055911546328655082e-01
2.017409386242785263e-01
1.964218523384072823e-01
1.941457006050005263e-01
1.909723502800915185e-01
1.889351826431253101e-01
1.854983604104780970e-01
1.798490730063742882e-01
1.780502373230915814e-01
1.751789576702281748e-01
1.700224347140670000e-01
1.658932828948279370e-01
1.623743052917912821e-01
1.595564866269030824e-01
1.603814198283669001e-01
1.633182295253186034e-01
1.696740204406315122e-01
1.701276514273366847e-01
1.732126331742689651e-01
1.707445861209636595e-01
1.677947838560911176e-01
1.660099781972458333e-01
1.647394477342674912e-01
1.661635698053960664e-01
1.662367602671145639e-01
1.651931800210470480e-01
1.679592348871389307e-01
1.666571872976325697e-01
1.687516118640647322e-01
1.678297166312830158e-01
1.676176310434351613e-01
1.679748160934322887e-01
1.627799651317941021e-01
1.598024504544968416e-01
1.573333304155019874e-01
1.589320097443845947e-01
1.579779822658494981e-01
1.575175509505624960e-01
1.587867448283761251e-01
1.596894031479792198e-01
1.628004958702505278e-01
1.602713911364039845e-01
1.589706431786908070e-01
1.516161431689173889e-01
1.466895830575521698e-01
1.446531002258410192e-01
1.355911370970090679e-01
1.310102559240544362e-01
1.297352220425728175e-01
1.232120407615450025e-01
1.218790794437364516e-01
1.175181342592923756e-01
1.134539356852125452e-01
1.125332115462381322e-01
1.140553386085391002e-01
1.190407451045126797e-01
1.195043407704708405e-01
1.206477850176764510e-01
1.178695310894684462e-01
1.186073129882950911e-01
1.240019866740979804e-01
1.236975813252790546e-01
1.237407320167643460e-01
1.268185498225348762e-01
1.233981530810832755e-01
1.230132735302054553e-01
1.197780474858560068e-01
1.207539218206596654e-01
1.185426288637268788e-01
1.164627748053396888e-01
1.165416402575861626e-01
1.152393524201406338e-01
1.128430923510591877e-01
1.086045179822362483e-01
1.071370254829735746e-01
1.033220214107259255e-01
1.010683516455669340e-01
9.963418397135911930e-02
9.871681374996051084e-02
9.268356534671166880e-02
9.923057368654408794e-02
1.038669862654524600e-01
1.059890340719136514e-01
1.106907243495436344e-01
1.079961458607820307e-01
1.078418357652221604e-01
1.117651648760554922e-01
1.142554587273703764e-01
1.188128063761833830e-01
1.177812360008067549e-01
1.205887718798492603e-01
1.204840081819123637e-01
1.225625572065445479e-01
1.255726339157068883e-01
1.251892877051733188e-01
1.206850496167620329e-01
1.202717864755956101e-01
1.201489090078535493e-01
1.186798127521284940e-01
1.230066100252646677e-01
1.223551309962877670e-01
1.158097042724482856e-01
9.848074238220208554e-02
9.122322525919442093e-02
9.019371359534004984e-02
8.482009416126118362e-02
8.575879874139706593e-02
8.729885893412410447e-02
8.956616878581105667e-02
9.175201718871683898e-02
9.221323447247496696e-02
9.074158567794302077e-02
9.280345907425542606e-02
1.018319406789652964e-01
1.078355690450008009e-01
1.108702751891381538e-01
1.149737056303464233e-01
1.194924170219816423e-01
1.217818352841090190e-01
1.241286320157022061e-01
1.213574177987327279e-01
1.281158388816037441e-01
1.308092111925485967e-01
1.315183593106415416e-01
1.247826262809342140e-01
1.248912475335180877e-01
1.240311941659855699e-01
1.236911473495950764e-01
1.293061538513211317e-01
1.332982863942304419e-01
1.346194511685663286e-01
1.353829053999051346e-01
1.330968191978157966e-01
1.327552630858156446e-01
1.321097714780944676e-01
1.300327993234584589e-01
1.222264308615794853e-01
1.235834246140932041e-01
1.231140278549134187e-01
1.240954307097545256e-01
1.241148455152999985e-01
1.254894527592464171e-01
1.232103754510986693e-01
1.256355179951288425e-01
1.262657408609866860e-01
1.252918624995077168e-01
1.263556384267693344e-01
1.258656738014416743e-01
1.294596489322576705e-01
1.301119190978719808e-01
1.302852334963591485e-01
1.319923862684652949e-01
1.323278495735502880e-01
1.295242991714293801e-01
1.276187074075060546e-01
1.193449884152556761e-01
1.204532725917178970e-01
1.192739384969247612e-01
1.220098257605266162e-01
1.213322425975783547e-01
1.237770745912339099e-01
1.215071807223813277e-01
1.234490109680361491e-01
1.213445144494529199e-01
1.210707871739965941e-01
1.206251039172054895e-01
1.188074158780506318e-01
1.135300915168653418e-01
1.133526844584129833e-01
1.193393013555938548e-01
1.183953699340973970e-01
1.119674952935400258e-01
1.108558147708631064e-01
1.123556225365800187e-01
1.137743278525128465e-01
1.167588227830315267e-01
1.187086966883038330e-01
1.197066042286345777e-01
1.204293558844416190e-01
1.139514411491814733e-01
1.104287165965085193e-01
1.057589035146010298e-01
1.027952987484526265e-01
9.563418806237759806e-02
9.579781749403572244e-02
9.739104154434713445e-02
9.488794975153597155e-02
9.705197131634116237e-02
9.352537681625158750e-02
9.402025487336956866e-02
9.363295284330550028e-02
9.092302188077207303e-02
8.938764478867398944e-02
8.965138161306920872e-02
8.583666392070843365e-02
7.595237759076223227e-02
8.089894478891276886e-02
8.543903551445293509e-02
9.025467648871869641e-02
9.833373894807452553e-02
1.047981548969872251e-01
1.076716139168271275e-01
1.013185933177652848e-01
9.702835626273216552e-02
1.082177162974864576e-01
1.059205489104091541e-01
1.077793161193538463e-01
9.788041531339587709e-02
1.003826982426469644e-01
1.001749672493874727e-01
9.550621814696523548e-02
8.481315148812423876e-02
9.273159699954469648e-02
9.983279949974796508e-02
1.116997978140340103e-01
1.225615822698568336e-01
1.276598294650984622e-01
1.282320118289467514e-01
1.110838710066683194e-01
1.020236263389197179e-01
1.017205518443410617e-01
8.661471336031459356e-02
8.164444528022272995e-02
7.696657466186627994e-02
7.341931679234252328e-02
6.510036617575969131e-02
6.245689813590807327e-02
6.040789335603578142e-02
6.161969477205721246e-02
6.296348086318546977e-02
6.504082358551177556e-02
6.567385137074603640e-02
7.059688250372614382e-02
7.492640042166254233e-02
7.903186267010062216e-02
7.231701718380903476e-02
7.518033215462878449e-02
7.550369752605087803e-02
7.917874608285666027e-02
8.010632142756970997e-02
7.938416491371851069e-02
7.944193997719917189e-02
7.648033471956879048e-02
7.349058935121101366e-02
7.233061969092745291e-02
7.532919108558853993e-02
7.767798790615272619e-02
7.768900423807412192e-02
7.911569763001695399e-02
7.779075305714286404e-02
7.478043621390706441e-02
7.247439402565897248e-02
7.200002175433348195e-02
6.599310290595715445e-02
6.666028823727448982e-02
6.631249334746859569e-02
6.449295312283288839e-02
6.341173306744805893e-02
6.066134554624810771e-02
6.422060978183802282e-02
6.132472305828531867e-02
6.183630988354474334e-02
6.373294891023928432e-02
7.111123698369266333e-02
7.406135825180798493e-02
8.000525583961970444e-02
7.136639034378139401e-02
6.891865787658568721e-02
6.655929594191779819e-02
6.707536422860715941e-02
5.827933408441712815e-02
6.040526162180440833e-02
5.896662567705936164e-02
6.037005467248342944e-02
6.361311367851631149e-02
6.276428107709178250e-02
6.135393783105180798e-02
4.898359951737969037e-02
4.537713508611126989e-02
5.346001280999815308e-02
5.093378592741677063e-02
5.681372075377406905e-02
5.860519149915117965e-02
5.891842773205559908e-02
5.635459505531724422e-02
4.673155993985367296e-02
4.701847630234225889e-02
4.595910106475320500e-02
4.729973320163707862e-02
4.776228500927276466e-02
5.070251180022268545e-02
5.492940197778046346e-02
5.450904073335972877e-02
5.436235995609388361e-02
5.827323687749307035e-02
5.851730672953624895e-02
6.101307765273839695e-02
6.381344046872015896e-02
6.554829341331676329e-02
7.154731881682110939e-02
7.185135398452971445e-02
7.224927175142777103e-02
7.605658462600016489e-02
7.654370537507318439e-02
7.860588044210943537e-02
8.002116073153366094e-02
8.247979920260513353e-02
8.412062254177947451e-02
8.509117493652296194e-02
8.649882445122497598e-02
8.377674079357572134e-02
8.449373046021531330e-02
8.413716260046671946e-02
8.411056447404152703e-02
8.247459060936974951e-02
8.431922103748638875e-02
8.426387458434828059e-02
8.576893951496943058e-02
8.580390356460973478e-02
8.574925661055365911e-02
7.790001055323914070e-02
7.253894779656451519e-02
7.391030861873353064e-02
7.112793040793702337e-02
7.238620524878573714e-02
7.496673607133109984e-02
7.336770904685567529e-02
7.544559771403110127e-02
7.161215820687844014e-02
7.382737572208118715e-02
6.821705251779063006e-02
5.776899205288289069e-02
5.585799166059946669e-02
6.574285920681555151e-02
6.711324257706509366e-02
6.809355511165468555e-02
6.937946865481972591e-02
7.039787513409805075e-02
7.416830698276861977e-02
7.517983995993450519e-02
8.500074739003787849e-02
9.189387482373723159e-02
7.713169717757600852e-02
9.773199656309501659e-02
8.499659399762629630e-02
8.693564224098415671e-02
1.045603614455548475e-01
9.932487130711349643e-02
1.059653461086780823e-01
1.032822214758090523e-01
8.940499710715639481e-02
8.687473391493312491e-02
7.412432356899073538e-02
5.547312468263181778e-02
5.471282744881228455e-02
5.232898350129706194e-02
5.178887789717268042e-02
4.640485011337140003e-02
3.893013343590616404e-02
3.309453547147718500e-02
3.493670039689213136e-02
2.944529699703855516e-02
3.741832237666164324e-02
4.378498306380833316e-02
4.828385372054102426e-02
4.428852069674077407e-02
4.631385501649694370e-02
4.631941945551399514e-02
3.964342327394845822e-02
3.997203874726691641e-02
3.173695333341907537e-02
3.062291529720289132e-02
2.224110663654575021e-02
2.483390721506054111e-02
2.877407193249215123e-02
2.860426438275649047e-02
2.505509008964440509e-02
2.648257515984091953e-02
2.651320277231775449e-02
2.951695047946603645e-02
2.684420342511181085e-02
3.154184325583585941e-02
4.899559756239379310e-02
5.900997340222187415e-02
6.572320870639790369e-02
6.599563335733174552e-02
6.848196557676981822e-02
7.017813206818070138e-02
8.214920289172664147e-02
8.367309655065764684e-02
8.550743557666325156e-02
9.348882033326433305e-02
9.159420928487622959e-02
8.479958844104441840e-02
8.832478900818394041e-02
9.385049009384377472e-02
9.905508729113837729e-02
1.031398263889139744e-01
1.041678246729397933e-01
1.133398646678006189e-01
1.298545779139128331e-01
1.375139432878290657e-01
1.502671459538763854e-01
1.608465306196583400e-01
1.908756850902075808e-01
2.045222496387004707e-01
2.086077316012293625e-01
2.113857792957772597e-01
2.155696094646987471e-01
2.187408319800412948e-01
2.196231825512415803e-01
2.298824116103709014e-01
2.282758722537370777e-01
2.248982111734744160e-01
2.280928982266502147e-01
2.254570486384850359e-01
2.188785897432430072e-01
2.189151166168476492e-01
2.167995653806098211e-01
2.150527591226445989e-01
2.168869592851745687e-01
2.196620785803436171e-01
2.191446678319122765e-01
2.193308833236218836e-01
2.181565452282030471e-01
2.177613203866073377e-01
2.273068049865860085e-01
2.264740397575119302e-01
2.257983104781903783e-01
2.332593172691145300e-01
2.329572221848710545e-01
2.390123999281671963e-01
2.388921419225006615e-01
2.477722803771230942e-01
2.485650933183859712e-01
2.533617156467570242e-01
2.552747589409075646e-01
2.616664954671915067e-01
2.619858972433447564e-01
2.671238600653494388e-01
2.664048968476251389e-01
2.702375057511409717e-01
2.705147659949848626e-01
2.836665798672933780e-01
2.836803271521206038e-01
2.884545596142827351e-01
2.899635666841747783e-01
2.939445196995768006e-01
2.962608996837771680e-01
2.960037820561945976e-01
2.970476414398740550e-01
2.972601839805222301e-01
3.006221230595922944e-01
3.008549693585018114e-01
3.001315945222683967e-01
3.067941001259146816e-01
3.066966922708645460e-01
3.083842020503647086e-01
3.095768470532543337e-01
3.139985653459614889e-01
3.152665753663583259e-01
3.156050673491753167e-01
3.154743264238213385e-01
3.201194247231018974e-01
3.187812724568282463e-01
3.174287179606395948e-01
3.160369940187761073e-01
3.170239238903370116e-01
3.169725761116895524e-01
3.213704831022543562e-01
3.208189575076048627e-01
3.199998992829228284e-01
3.185217751708288025e-01
3.167459298229067244e-01
3.158097497440234824e-01
3.154476546441120077e-01
3.161362010560577751e-01
3.212166790525071702e-01
3.225813204581406413e-01
3.223232300049457266e-01
3.217397528284137165e-01
3.219406376254688729e-01
3.194948668378865819e-01
3.184952142087694171e-01
3.225007826501324337e-01
3.243888234088679323e-01
3.248640544582051537e-01
3.256140804836317182e-01
3.233322852479707521e-01
3.231434572257729787e-01
3.275355057512843171e-01
3.275436193121928352e-01
3.297375740773578756e-01
3.296554166333723890e-01
3.252067839860539600e-01
3.167902170156415842e-01
3.145028956272783449e-01
3.118317155041248068e-01
3.112987400125775128e-01
3.123329623809998346e-01
3.118345115631039333e-01
3.116392567113036027e-01
3.106474187657310426e-01
3.059835465892545292e-01
3.024434843106095228e-01
2.992326228997995718e-01
2.994422338031399455e-01
2.972782651532968612e-01
2.996940899488599319e-01
3.020845206342299138e-01
3.018723818130648606e-01
3.016541751949758932e-01
3.017435137183399618e-01
3.005183518657680852e-01
2.992599252763570306e-01
2.988490935066425713e-01
2.968260347352685291e-01
2.982400541083781720e-01
2.959377024613100704e-01
2.970786358965075147e-01
2.988990767269616433e-01
3.001015935828105219e-01
2.983659044358078494e-01
2.996826929884967017e-01
3.028333437766463909e-01
3.059668896459212806e-01
3.068397825950357483e-01
3.093125537547172232e-01
3.142593010075509508e-01
3.142352762660662879e-01
3.168213969930669394e-01
3.176340721085476604e-01
3.157122476024939450e-01
3.181974829335129096e-01
3.154127568252800828e-01
3.155086243334638829e-01
3.166518862616753971e-01
3.129054944237764646e-01
3.127258659879691982e-01
3.111472758914993197e-01
3.102575448722517115e-01
3.117216008901478319e-01
3.143590066367442648e-01
3.154869931274957850e-01
3.178680955820752940e-01
3.169580217125998467e-01
3.183289422935607349e-01
3.206639077825913509e-01
3.202680009041734555e-01
3.209166494141036940e-01
3.189104761046071546e-01
3.164322254289399505e-01
3.163101880101328867e-01
3.158357570746955223e-01
3.133324403881137532e-01
3.141830728648672966e-01
3.143168377357943299e-01
3.164163973208267699e-01
3.177526494455761852e-01
3.189344164430382711e-01
3.208759726228971321e-01
3.203940421726680921e-01
3.177170704715240324e-01
3.203580215256483510e-01
3.194025572044293382e-01
3.215500942684144658e-01
3.224718972144671736e-01
3.280794206685380687e-01
3.289831047926995988e-01
3.319469889504464977e-01
3.301970980184945059e-01
3.278247017724622014e-01
3.295158734694723091e-01
3.282898935987761946e-01
3.300382738242748637e-01
3.307705191845719539e-01
3.296425066965657513e-01
3.327082976044734020e-01
3.297105223639673621e-01
3.246940399843757374e-01
3.241995153798712392e-01
3.246156246741948026e-01
3.232434705327779656e-01
3.208358473308647318e-01
3.192348363972787872e-01
3.183640028471929617e-01
3.181004484675463706e-01
3.143946953324883165e-01
3.159295785522917011e-01
3.222811890973718563e-01
3.230037857654812772e-01
3.190349318941650969e-01
3.150054828712582911e-01
3.136150599524827887e-01
3.133438584652282755e-01
3.137605479915525630e-01
3.163340138433564097e-01
3.172744265103317196e-01
3.173129737573708309e-01
3.154188300766271880e-01
3.127279470414097151e-01
3.118786399854887592e-01
3.090309208313067879e-01
3.087433128557162676e-01
3.084726438494835854e-01
3.064659403304312302e-01
3.064473041690188859e-01
3.058365055209522065e-01
3.096660723215363120e-01
3.125809586509883387e-01
3.138517522341799926e-01
3.152309034207093630e-01
3.159885674298961722e-01
3.169777810551517305e-01
3.162306361824160916e-01
3.162489989263840839e-01
3.159539069864963912e-01
3.158664855929989024e-01
3.160538003333052681e-01
3.169047539712962491e-01
3.169362165331315317e-01
3.164384468061711142e-01
3.136711066968443928e-01
3.168438531156669291e-01
3.161361322677428420e-01
3.185014594437938773e-01
3.180910223906524004e-01
3.160347317942457934e-01
3.145969285619255595e-01
3.121865231507868765e-01
3.116188603959342274e-01
3.105709586420872803e-01
3.124514096410038189e-01
3.119522265579114939e-01
3.124615325103423658e-01
3.122067004466821394e-01
3.101525962675168446e-01
3.106914724687326879e-01
3.108491532991367601e-01
3.095672209558876231e-01
3.101298023297074935e-01
3.116192933793360265e-01
3.108634695004213189e-01
3.097787864932023960e-01
3.095461464987747657e-01
3.117136829843158430e-01
3.130756593069741189e-01
3.122784024767705779e-01
3.145383061871627750e-01
3.133143952499027884e-01
3.123048242432357458e-01
3.156843381733702714e-01
3.160872602645998231e-01
3.183025295140488597e-01
3.212193516908899427e-01
3.230972526684192103e-01
3.263208991546986404e-01
3.272376047480913819e-01
3.283478524550242361e-01
3.331116476182403030e-01
3.419469344712826042e-01
3.426510242447457499e-01
3.404258167356815634e-01
3.424050473967344965e-01
3.419627853831144759e-01
3.389709522662598951e-01
3.378403575760723365e-01
3.357332645700834006e-01
3.329384876702649043e-01
3.318918766563189737e-01
3.295036844578981272e-01
3.300363149406384533e-01
3.302351964413524632e-01
3.314853047098731409e-01
3.301631558566417435e-01
3.300598536242517200e-01
3.287498165898240510e-01
3.276329889025331177e-01
3.279174433331558669e-01
3.273378184599910479e-01
3.283207614828459464e-01
3.293145071219717446e-01
3.281074842805772329e-01
3.279340446098418793e-01
3.256866529466785898e-01
3.241624577703378640e-01
3.236978326061927258e-01
3.248584696358970403e-01
3.246699108158760949e-01
3.239073704247109609e-01
3.229989001366340706e-01
3.233592093722089666e-01
3.235434234270972431e-01
3.242705118064346803e-01
3.238096031043179446e-01
3.236654154268799877e-01
3.235671623004408581e-01
3.243107067194118676e-01
3.246004563029410428e-01
3.255790489752805050e-01
3.268478608383919570e-01
3.269151599292194343e-01
3.294487410619330592e-01
3.290772930007275221e-01
3.311947271173403262e-01
3.329882280020223240e-01
3.339120553759810650e-01
3.361503632297421218e-01
3.377753725147968900e-01
3.395676994073406618e-01
3.435426828808859634e-01
3.452650092347455124e-01
3.477342365216157249e-01
3.499124116245187488e-01
3.503433114937017923e-01
3.516306859931397910e-01
3.519457702737335270e-01
3.516394097886031411e-01
3.551912073144455340e-01
3.558335908792994440e-01
3.576094574879698507e-01
3.583358330711878259e-01
3.578087618755586008e-01
3.590266644919132277e-01
3.611887383659767026e-01
3.596930588761815817e-01
3.592898396681878936e-01
3.572177091357161549e-01
3.567957240417118370e-01
3.591822692556814745e-01
3.569995908903318416e-01
3.588596349134662300e-01
3.602486826549567422e-01
3.591601752049129459e-01
3.602183277188815147e-01
3.605576226864417033e-01
3.663748458313295653e-01
3.662868473287088644e-01
3.658648566915723155e-01
3.644072866458427096e-01
3.666523102341275320e-01
3.664967827412377033e-01
3.665954985776075925e-01
3.716475105947809610e-01
3.719506326440785160e-01
3.705823443329578915e-01
3.629199885486459332e-01
3.527804640923978829e-01
3.517135722165237732e-01
3.477568740222642951e-01
3.469595961860496569e-01
3.500913761587082229e-01
3.528526886054371148e-01
3.541081241304526728e-01
3.547493986116944109e-01
3.544827493888625392e-01
3.536525644277968006e-01
3.566709701167243285e-01
3.573870936136575582e-01
3.579380290193023284e-01
3.585261262776103242e-01
3.588575322807568413e-01
3.608450228782532077e-01
3.614545219017855637e-01
3.626317271102448281e-01
3.640216838184972548e-01
3.625248330043906453e-01
3.629839684571689595e-01
3.625656835987213222e-01
3.597133135391508141e-01
3.601105275694623242e-01
3.609038627931721033e-01
3.607364851041345855e-01
3.604819081318194618e-01
3.606256010625332187e-01
3.622956299167897076e-01
3.601226149010596234e-01
3.605384189507994663e-01
3.608775498002737558e-01
3.624650041301056835e-01
3.608886037348738030e-01
3.590037909535609972e-01
3.576484897939439245e-01
3.567183780840206819e-01
3.578829697862185855e-01
3.590892849918703722e-01
3.581237994346515019e-01
3.572008049090571458e-01
3.545530951414269660e-01
3.547905088729574330e-01
3.532088479854377239e-01
3.526199174611217013e-01
3.520950156951475618e-01
3.515551344380101195e-01
3.524744317500809743e-01
3.551666855083583374e-01
3.570605592058305189e-01
3.563182676586842401e-01
3.568986434797056795e-01
3.564278244836195375e-01
3.558009536411414486e-01
3.567482970012016974e-01
3.547331579760518716e-01
3.612447551912558730e-01
3.616228405080165742e-01
3.630664604223293179e-01
3.637389895651249594e-01
3.651026623052518461e-01
3.668441077378025716e-01
3.696841951563645812e-01
3.666266766723176307e-01
3.664682305781102323e-01
3.619358700962823638e-01
3.589407382139030434e-01
3.595731427481657638e-01
3.566826718443513733e-01
3.593718292775502920e-01
3.607057871829509321e-01
3.611371184625263298e-01
3.597269229950155744e-01
3.616180199329978584e-01
3.641196372835088235e-01
3.648270607996449422e-01
3.627366266579861165e-01
3.638781893948044299e-01
3.608556806093803915e-01
3.588316242033858239e-01
3.602802062998110011e-01
3.740049382742884343e-01
3.804874342229914164e-01
3.863272984302765778e-01
3.867711981644639252e-01
3.839102876230213734e-01
3.861891796649894459e-01
3.840949649687053769e-01
3.780486152501793540e-01
3.790561125686089938e-01
3.748700677647906487e-01
3.710898250448526059e-01
3.723153249138268506e-01
3.754538769249398666e-01
3.763664203497739114e-01
3.754246229681024172e-01
3.755543463062044895e-01
3.748080390234891368e-01
3.740458406197733066e-01
3.737251322460585223e-01
3.783410693342725284e-01
3.705415199958309036e-01
3.658897777352339009e-01
3.638248133296613229e-01
3.617291749718102301e-01
3.583559050384860778e-01
3.572096948724667875e-01
3.595820580045353543e-01
3.609520072773151900e-01
3.593925590661649627e-01
3.582484136685454290e-01
3.587595498571763408e-01
3.589630620015824558e-01
3.570530284330434290e-01
3.567629195635007022e-01
3.598402359675991202e-01
3.599389979192509359e-01
3.604149991192900360e-01
3.515553857377604619e-01
3.616123305467627835e-01
3.588952003337079200e-01
3.543275271038268670e-01
3.523846560623391522e-01
3.493369000363260035e-01
3.486855756797602179e-01
3.518227421933770582e-01
3.591342020803707791e-01
3.648773785093277766e-01
3.633905922171651315e-01
3.594708273812130539e-01
3.616592267171298003e-01
3.587690052126333295e-01
3.581258896606470676e-01
3.587411830046056682e-01
3.688827907362351444e-01
3.681334812393128320e-01
3.672815953528306143e-01
3.660782683307139962e-01
3.621685190244283703e-01
3.573790378869020623e-01
3.544086287589052198e-01
3.504822845256762576e-01
3.498832930294674681e-01
3.459818833357118373e-01
3.457589206940624993e-01
3.417816135428575763e-01
3.382805967623191967e-01
3.377596801301185336e-01
3.347438072228567374e-01
3.297106615486395387e-01
3.268998099120212775e-01
3.287414185031330982e-01
3.281215788220396834e-01
3.230798733196710848e-01
3.244387253850674613e-01
3.248693068143657658e-01
3.209217793238722249e-01
3.192243475191869351e-01
3.183474035815513914e-01
3.205583271745406915e-01
3.252409905123411216e-01
3.259295108302878718e-01
3.330055895553029055e-01
3.311638609944465572e-01
3.317120263120937329e-01
3.336855998155726089e-01
3.367163626503408835e-01
3.369221269957047848e-01
3.370068407558902690e-01
3.376342596612243452e-01
3.456516364074194159e-01
3.468817586097673877e-01
3.484834825624746890e-01
3.476811428468495890e-01
3.447421892550092126e-01
3.385788222014837201e-01
3.256943883179109767e-01
3.166873036510530204e-01
2.997570694230183297e-01
2.976819545953168222e-01
2.967007558398626066e-01
2.931596253231514293e-01
2.938798948311152626e-01
2.903614509352599460e-01
2.897537077866179089e-01
2.915837692044564444e-01
3.094077080152912718e-01
3.292345831091310071e-01
3.393509848560086195e-01
3.500044651564141462e-01
3.512189704540504276e-01
3.431474410286476373e-01
3.447211522621184132e-01
3.361231628393691606e-01
3.274262723620607329e-01
3.196079780102656920e-01
3.127114392063021220e-01
3.018669722731631144e-01
2.933266256785124759e-01
2.837654693884256174e-01
2.739577049031807765e-01
2.693133224283049132e-01
2.631242259961964480e-01
2.570842001472610772e-01
2.501869206206558949e-01
2.443814913172124292e-01
2.348727111245856869e-01
2.210868885640763504e-01
2.145401391720142548e-01
2.022920917410898356e-01
1.914778548677510683e-01
1.932378984886233830e-01
1.764460204056551296e-01
1.680186452710247247e-01
1.678837408126520048e-01
1.694797081854431675e-01
1.678150437385584337e-01
1.661914018428632123e-01
1.647353631838235355e-01
1.671722480974815739e-01
1.633575890343915427e-01
1.603322139050391004e-01
1.493478499248221958e-01
1.347536940705767738e-01
1.338014213265065477e-01
1.243615808910229908e-01
1.210588425083267278e-01
1.156743876539909344e-01
1.043144118788164876e-01
9.394290375098096613e-02
8.545076561591072317e-02
7.657128976018133526e-02
6.969117153678178189e-02
6.770398633193440430e-02
6.601476231454807275e-02
6.340565296183707511e-02
6.170411874611514413e-02
5.221343369700651854e-02
4.964051429353879413e-02
4.656377241941270922e-02
4.193029057367967521e-02
3.030407230462152032e-02
2.804275421137475063e-02
2.501009883226355118e-02
3.124071035670858074e-02
3.063146898555080266e-02
2.973403984869674166e-02
3.124280342789437920e-02
2.957671333544961007e-02
3.502811460695051671e-02
3.170443975114291962e-02
2.930980841982003607e-02
3.857528643099757126e-02
3.985460470470976457e-02
4.360719570587035659e-02
4.502010406274185167e-02
4.932481528632681050e-02
5.055545253874533379e-02
5.219358128509117567e-02
4.965856407928045252e-02
5.118912608809995934e-02
5.325119044346887653e-02
5.461188668968383619e-02
5.328016600179123763e-02
5.574210593165683514e-02
5.364219134452695437e-02
5.487032295976376761e-02
5.067063825410311056e-02
5.056033081677275415e-02
4.840212016927167987e-02
4.935595083987238951e-02
5.069983572396894594e-02
5.092304557396715864e-02
5.274808020754190307e-02
5.389650247060905064e-02
5.563686868857534162e-02
5.476148421914222436e-02
5.339810251075179787e-02
5.702711686390514456e-02
5.779038579908978013e-02
5.961280996300707957e-02
6.007199928798066108e-02
5.987065090294735326e-02
6.141883619657551030e-02
6.302188767551375470e-02
6.383378433896212678e-02
6.533121948190533101e-02
6.551649437083049976e-02
6.812648704746473993e-02
6.827527641919578505e-02
6.852458669310908246e-02
7.012157916795859480e-02
5.620837422931051347e-02
5.434496224439624296e-02
5.271475300411830600e-02
5.503868819396275092e-02
4.702713640427617220e-02
4.736336032543628921e-02
4.574635373394009275e-02
5.408227061765208399e-02
5.566675891973699164e-02
8.591786589519606609e-02
1.040993849323882808e-01
1.010304641130213427e-01
1.236972031096789798e-01
1.394438723445348416e-01
1.473156391601684323e-01
1.655513681677774351e-01
1.678026638299008333e-01
1.730308466624612684e-01
1.755291294753858478e-01
1.908691409097780789e-01
1.972507235563934480e-01
2.068607251452444229e-01
2.135513615616090044e-01
2.210767672784595961e-01
2.243699305665037558e-01
2.262414305663879022e-01
2.304035060217174968e-01
2.306075156647174884e-01
2.378833958189740805e-01
2.440698659910968960e-01
2.468039610654798321e-01
2.440930605226175609e-01
2.454574528595432903e-01
2.415778865658002039e-01
2.365075119746694876e-01
2.376481293886404667e-01
2.386713966296363509e-01
2.373089601654748138e-01
2.430352322502646045e-01
2.416318811994795090e-01
2.416699036327443206e-01
2.408324851989846194e-01
2.422565902749370392e-01
2.441608917092977782e-01
2.442330969161220222e-01
2.410398497537737106e-01
2.242160616305866883e-01
2.010611728369015583e-01
1.924242081609335853e-01
1.932846651719280495e-01
1.861331921107930165e-01
1.787865324595600547e-01
1.776399511910391749e-01
1.729282146457268854e-01
1.736183697184691122e-01
1.760158171958335904e-01
1.724123627117379320e-01
1.722299807829554275e-01
1.734440736313701825e-01
1.747836961062083916e-01
1.740360347853267542e-01
1.734211098711989085e-01
1.728059012885868051e-01
1.716152812677721740e-01
1.633517652844855284e-01
1.585681897518604611e-01
1.581071852758006158e-01
1.579204708490082598e-01
1.278991140179545627e-01
1.287997674815045401e-01
1.350653110241673005e-01
1.421517976142680495e-01
1.410459869105873676e-01
1.423084076457103719e-01
1.426358210690231720e-01
1.427435687336267300e-01
1.405334914747528585e-01
1.396789505597144099e-01
1.254876910254572320e-01
1.258557892419202573e-01
1.256977302454629908e-01
1.345950837344307982e-01
1.346369245845472074e-01
1.327961769086752342e-01
1.329287037672021998e-01
1.438344522941374104e-01
1.436128766853823624e-01
1.434745885482142935e-01
1.558647542977506795e-01
1.558398941656063963e-01
1.626576246756100408e-01
1.708001498514997163e-01
1.677617834109593475e-01
1.602787911179515967e-01
1.607827451299105037e-01
1.587953536063380633e-01
1.572995322682618491e-01
1.614689819715129648e-01
1.649746569894739723e-01
1.739798473017988012e-01
1.792650548259505650e-01
1.732587377525225958e-01
1.671567999475269128e-01
1.593715664414862287e-01
1.480392390876356656e-01
1.441094029663889942e-01
1.354245144656540389e-01
1.343627361180375346e-01
1.366419291201749486e-01
1.376409380864525578e-01
1.398046194975515744e-01
1.437565802033818341e-01
1.421222370935999735e-01
1.426972027117814068e-01
1.314061068457002268e-01
1.337921968702294462e-01
1.337520037831139152e-01
1.376281329521102381e-01
1.346332995395765897e-01
1.322159065900094799e-01
1.283249213986626946e-01
1.352596183497022375e-01
1.346954411819585307e-01
1.379033113518219889e-01
1.366997042020095809e-01
1.416391757812048291e-01
1.398519120871075383e-01
1.398731209049812463e-01
1.368169974752334594e-01
1.356140805343489242e-01
1.354256185770841558e-01
1.347183469957652924e-01
1.355406782630601270e-01
1.332071851078049096e-01
1.288662064591696854e-01
1.275872632096458348e-01
1.248571999302364038e-01
1.203028004558239494e-01
1.207400610141183689e-01
1.201046335456793790e-01
1.261646765174910811e-01
1.225236778218289496e-01
1.186308008028798405e-01
1.098123420854452414e-01
1.080379427754401267e-01
1.005130918267580636e-01
1.020198568344264228e-01
1.050649881758717874e-01
1.057013797180435533e-01
1.138604504784714033e-01
1.176392732036561917e-01
1.120124805155915670e-01
1.184896130861381597e-01
1.198660414585974859e-01
1.137540208884514348e-01
1.095315632023329960e-01
9.964810934706383461e-02
8.828863178185569760e-02
9.624905279933546054e-02
1.064629509970283355e-01
1.045675919791332203e-01
9.152299986889965433e-02
1.101807350540587732e-01
1.091836205579903296e-01
1.188312407590264436e-01
1.237177846774655116e-01
1.318320825793074524e-01
1.389254031514896015e-01
1.378962566052850669e-01
1.352608331704406863e-01
1.220248484395453636e-01
1.202403850843280636e-01
1.119051777723021196e-01
1.080067728343902939e-01
1.038621391207378564e-01
1.011913200877624097e-01
1.042031251227990424e-01
1.041927009838356927e-01
1.064927825913624532e-01
1.038776006794712436e-01
9.824486522099622199e-02
1.030883926672131051e-01
1.149896826309364378e-01
1.202290084952803290e-01
1.231348149657751079e-01
1.276274762011344321e-01
1.246186861321548489e-01
1.235731624922648680e-01
1.247310211218084358e-01
1.240643314676748571e-01
1.237586336155544753e-01
1.244852547446848312e-01
1.261471929991696828e-01
1.260506766380368182e-01
1.289611136066795560e-01
1.272471839179146746e-01
1.272568065496133549e-01
1.278735564970008010e-01
1.270155779854246492e-01
1.267951306910956033e-01
1.293446962945302148e-01
1.338508371246905360e-01
1.421574596848695082e-01
1.396384211478867154e-01
1.401397633199183146e-01
1.414345397304271057e-01
1.390226095064085732e-01
1.373476936992398256e-01
1.355834151587322900e-01
1.355915958495562956e-01
1.334500863291830652e-01
1.326677376086435045e-01
1.256673748267182478e-01
1.220652840140934448e-01
1.202466880251193693e-01
1.201212081120832803e-01
1.179125575627025246e-01
1.146979118284286447e-01
1.116315098850259591e-01
1.064103868176208001e-01
1.072182160734655443e-01
1.049252214978763087e-01
1.035131797278033283e-01
1.022125268400252973e-01
1.009213500397952296e-01
9.797816796185329635e-02
9.566372164988366789e-02
9.319634497034338938e-02
9.291453078408282162e-02
8.966574269139163111e-02
9.288063907250088125e-02
9.224982097152009675e-02
9.307918534403716859e-02
9.320671040449893252e-02
9.117785624142663026e-02
9.669255743419866156e-02
9.581846661091668327e-02
9.230488002096949585e-02
9.487123326311190652e-02
9.409142966272851516e-02
9.588006513936932207e-02
9.144237091101913018e-02
9.427514189262903299e-02
9.117775202023231662e-02
9.278908210789781064e-02
9.123014344519039809e-02
9.272151542725989848e-02
9.519807300739499545e-02
9.389610785880726784e-02
8.835950750337447090e-02
9.112307054032257880e-02
9.253595338973880091e-02
9.316392162620031059e-02
9.252383947627629279e-02
9.220852051898946466e-02
9.424852284412005288e-02
9.677467191613228770e-02
9.565500847675886820e-02
9.724922618479363290e-02
9.855450059941815721e-02
9.986819243550872083e-02
1.025487039345431561e-01
1.054140253780308234e-01
1.061427439568682352e-01
1.084179832326793019e-01
1.077316135551063675e-01
1.072796648919888546e-01
1.105268827443806195e-01
1.126753153586468464e-01
1.166532502455479570e-01
