0.6113694030
0.7223975118
0.5174071298
0.2479253528
0.4204432731
0.4452252286
0.6403126690
0.4516648546
0.7506747199
0.6658175883
0.9639977225
1.3132531109
1.1796806201
1.1680570071
0.9179294147
0.6306808116
0.4996895511
0.5066916667
0.5896511575
0.5564869639
0.5367928769
0.4939253216
0.4619090064
0.6679547358
0.6842550137
0.5657859024
0.5345538390
0.3365026849
0.4010786619
0.4357913710
0.5004649160
0.5087764870
0.6810859649
0.7036186120
0.4767659935
0.4753432718
0.5996488689
0.7124606842
0.5605477017
0.5675152460
0.5346312821
0.4975371731
0.5180992900
0.4301620702
0.5205849038
0.3833169069
0.4520519194
0.5380123906
0.3377307724
0.4453815985
0.4092289732
0.4958859851
0.5072724776
0.5428976147
0.6404442365
0.5406902783
0.5066848421
0.5351109864
0.3551927357
0.6875472659
0.6066381934
0.6111415276
0.3667591704
0.6940152783
0.6331005458
0.5422909624
1.0257535318
0.5427590675
0.6381891177
1.0016064571
0.4155488302
0.2050948344
0.2160254348
0.2864953359
0.5198038687
0.5132961382
0.4614496672
0.7504747240
0.6451906539
0.5194349221
0.3792402315
0.2128264305
0.3421406792
0.3987064783
0.3134672920
0.3565145810
0.2440057469
0.2934678569
0.3902391462
0.3238563384
0.1642333272
0.3489567492
0.4389500936
0.3605024429
0.6340574675
0.8334007580
0.5383486251
0.5212260371
0.8172905852
0.6841898298
0.5649221589
0.2876317951
0.2825814944
0.3754211764
0.6317823561
0.5663521314
0.7151361100
0.7672607032
0.7311795321
0.4573992380
0.4344363384
0.3793899672
0.4338202189
0.4769128025
0.4843323465
0.2476241833
0.1637460911
0.1331775048
0.2593666247
0.4712924371
0.6896685766
0.7279542338
0.4536490151
0.6405535401
0.9321153998
0.6793065838
0.6583803058
0.6583067878
1.5483319339
0.9809794629
0.9684978646
0.4166911362
0.8955743415
0.9085247778
1.2191283612
1.4373344968
1.4303457861
0.4173767024
0.1843638414
0.2326628545
0.3286386167
0.7226428150
0.7551099079
0.4604797762
0.7353791001
0.7136290799
0.9012733636
0.6805993369
0.7982256738
0.6259883303
0.7546996528
1.2610547110
1.7081293355
0.2853619555
1.0422109482
0.3987445587
0.3849458393
0.2184241672
0.0856697890
0.3107211035
0.5096052972
0.5908848641
0.9609991429
1.9822097487
1.6789992164
0.5597281350
0.8966547853
1.1413995437
0.5683579080
0.2895629989
1.0678661318
0.3639403343
0.5125604454
0.5555116821
0.8134640616
0.8338286950
0.8500719882
0.2533740055
0.2289491693
0.5966269584
0.2825122879
0.8216707714
1.2505567012
0.8153546458
0.9932075384
0.7205298721
1.1816044274
0.9126122614
0.4427422197
0.3894094771
0.7378438146
0.8332918951
0.6038215229
0.4486848929
0.7676973243
0.5816061115
0.2121773465
0.4212436255
0.4527624542
0.3544970765
0.2902360735
0.3587921146
0.5366932460
0.3941894699
0.3499830623
0.3514956802
0.6088618954
0.3728056907
0.6247001500
0.5195836814
0.5579612643
0.7308732984
0.7157266319
0.3584135673
0.2828429727
0.2684859784
0.2873100027
0.3461392576
0.4195450994
0.5181256914
0.5168882906
0.6013829497
0.5363088935
0.3821291611
0.4397347604
0.3132672527
0.3681834964
0.3077222043
0.5032675074
0.7059379595
0.6597856223
0.6507548379
0.7187838177
0.8620582831
0.4138875854
0.4148445508
0.3388837102
0.5385241779
0.5681901840
0.4364222425
0.4586149460
0.7596237504
0.7622619426
0.6232326107
1.0148261387
0.8145832463
0.6195873592
0.7672659874
0.4416518784
0.7817197319
1.0254714632
1.0742360486
1.0172654500
0.8705053481
0.7213482944
0.8875529607
0.4647314301
0.7900965788
0.7735994536
0.7162323517
0.9637810133
0.9156010467
1.1585892798
0.8426254069
0.4093543098
0.2559138312
0.2188076590
1.0921754889
1.1848948371
1.1668949913
0.5190600538
0.3900927160
0.7925898220
1.1304902058
0.9485130391
0.3220767264
0.1093219673
0.1998857746
0.5755595958
1.2708686417
1.0934252936
0.7374178744
0.3371756065
0.9405973170
1.0260812276
0.7993341081
0.7372031270
0.8686071736
0.8320100262
0.8660652767
0.8443247456
0.8456859075
0.8365370062
0.6580494780
0.7480864999
0.9612869528
0.7947203072
0.7263686869
0.7321550469
1.0413464485
1.0052807396
0.5999436351
0.8653139862
0.9809138871
1.1977719806
0.7874528392
1.0825042039
0.9144759737
1.0547566760
1.3354728979
1.6469304680
1.5798083760
1.3221974086
1.3646264648
3.5175498535
3.6716475840
3.6696250701
3.9115285964
3.8777992866
4.0197234288
3.6148272749
3.3254444300
3.5879208050
2.9800732918
3.0267454885
4.7921990415
5.0960927380
2.9531601019
4.5396726892
4.4245996562
4.4292932800
3.5575039428
3.5520466950
3.2458507279
3.3636919791
3.2383520929
3.5307178592
3.2707181496
3.2987324476
3.2835817629
3.2360062841
3.2113700265
3.3580243186
3.1772273530
3.4105334746
3.3032838349
3.0461044526
3.2171668286
3.2802255576
3.2382959677
3.2332104765
3.1976490338
3.1226358563
3.2150291828
3.1953190122
3.2539576769
3.1829772007
3.2442612281
3.2622210784
3.1300349644
3.2540283474
3.2669513063
3.1993438650
3.1275170213
3.0059223936
2.7582803761
2.9100351850
2.7425552649
2.6267294082
2.8181147997
2.9871243482
3.0507714165
2.9545953974
2.8889691366
2.9222563486
2.8917169789
2.8803561415
2.9138315671
3.0280243113
3.0757484740
3.2039100062
3.2292279730
3.1112001766
3.0935008282
3.4266420975
3.4433586855
3.1501147207
3.0904559106
3.0690474312
3.1527012375
2.8209250629
3.2425383081
3.1027232306
2.8508161014
3.1302020772
3.3125997010
3.2573976918
3.1797146804
3.1880470670
3.2489132815
3.2649468650
3.0241708612
3.1209400386
3.0752317071
2.8322485625
3.2143570546
3.2406109868
2.7297707431
3.3584680764
3.4353103893
3.0118082924
2.8571451430
3.0159312533
3.1979396327
3.1713900057
3.1604245482
3.2195031983
3.1238712864
3.0971843559
3.1379170102
3.2772420447
3.1483930454
3.2723760587
3.1583581460
2.9765757607
2.8673459632
3.3899946790
3.2378165804
2.9825870850
3.0061692504
3.0223027977
3.0205677912
3.0799520117
3.1083946237
3.0551719621
3.0834935737
3.1013125100
3.3055842898
3.3849792928
3.3371399012
3.2390020666
3.2559989869
3.1169541242
3.1301820233
3.2660748045
3.3211708674
3.2828953299
3.2413829277
3.0804528748
2.8728194578
3.0541769908
2.8643186900
3.0654750752
3.1967735549
3.2712043038
3.2066355175
3.1657237487
3.1168068497
3.0599339626
3.0470380471
3.0715652021
3.0211578857
3.0316080144
3.1188398150
3.0559263881
2.8389180898
2.6193293651
2.4022729218
2.4743751703
2.4873895653
2.6815341265
3.0295914698
3.4713079360
3.6914435531
3.6446702509
3.5892947235
3.3454796118
3.0362637372
2.6901886697
2.5261142423
2.2463153523
2.1061928255
2.1384632840
2.4251926784
2.5948741739
2.9228804029
3.2323987559
3.4563356121
3.5019388514
3.5420279491
3.3523300764
3.0752293543
2.9792528505
2.5529764504
2.4043222281
2.2170413258
2.3762412908
2.3273431962
2.4045559746
2.5699776467
2.8468782674
2.9596030232
3.3108180113
3.3763931702
3.4095221397
3.2910302272
3.0218302286
2.7377403175
2.4707206295
2.3195464912
2.1463597961
2.2509565139
2.4323692559
2.4329923306
2.5649843272
3.0321282573
3.2281007173
3.2777543134
3.2511299826
3.0733593104
3.0076411576
2.8053589216
2.8344594932
2.6359699692
2.6842359389
2.7471309295
2.8808228642
2.8289036896
2.8069530580
2.8326423851
2.7464018437
2.8660486585
2.8339228444
2.8943485643
2.8227616689
2.8831868736
2.8345582285
2.8147646318
2.7354469693
2.8376523470
2.7670611429
2.8854070073
2.9312972619
2.8741610936
2.9464837924
2.9316435513
2.8915670039
2.9256566785
2.8719775941
2.9386817846
2.7948611736
2.8168134957
2.8327599721
2.8124292132
2.7566213588
2.6210063668
2.7944424251
2.7545898088
2.5868262044
2.5396182306
2.2986747520
0.1302538298
0.4529445618
0.6391551274
0.9781730555
2.1407913430
1.5010657641
4.4443545923
0.7536585177
1.1761541538
1.1776693191
0.3124739286
0.2869304924
0.3794262990
0.2177254904
0.4292865978
0.0731587576
0.1680941442
0.2377056676
0.2456009895
0.2123716137
0.2126801426
0.2994922795
0.3464054779
0.4284523494
0.1852070148
0.3439255489
0.2040886269
0.2872657007
0.4012897875
0.4037787374
0.3070146114
0.9650729643
0.9176488211
1.3019870482
1.1714564077
0.9100546573
0.8426330867
0.7334104531
0.8793148613
0.6403964558
0.4063796004
0.8877657938
0.6512636792
0.7091041052
0.3031464309
0.3694992285
0.3677142858
0.5639239950
0.2628715701
0.2090131823
0.1966633667
0.2471626691
0.1414579687
0.0381549056
0.1658646010
0.1335552182
0.1047578030
0.2160463077
0.1688325459
0.2736758876
0.7743390790
0.5992953603
0.5670083890
0.5093799184
0.6460429584
0.2914886010
0.2633081896
0.3681262914
0.2250839626
0.1988954721
0.2254035786
0.1991125733
0.3167396320
0.4093143471
0.3721103626
0.3448632661
0.1099248539
0.1395432312
0.1623226923
0.3727788929
0.2756124642
0.3153999761
0.2722929467
0.3465003475
0.2004549232
0.4724034599
0.4216571174
0.3015633227
0.2568767206
0.4357691047
0.3504005965
0.2761119955
0.2773399990
0.3860734898
0.2866955733
0.3575961681
0.4194944008
0.3631735368
0.3409747021
0.3400976414
0.3501443973
0.1687165023
0.1796786120
0.3534896130
0.2879518296
0.2767554362
0.1800736447
0.2661244381
0.2184796872
0.2246842576
0.2107596649
0.3007516435
0.1497333187
0.2203986190
0.1610004751
0.2064864074
0.2297244204
0.1788546261
0.1279955073
0.1055277851
0.2588177635
0.2191567273
0.3168136994
0.4234411984
0.4904364720
0.3569403522
0.2900810200
0.5922908034
0.2703083013
0.2725337835
0.4063320308
0.3860795749
0.3588980720
0.2116261770
0.3366216241
0.4661417346
0.2943181900
0.1763653179
0.2626383872
0.2348554925
0.2596804506
0.2389684774
0.2941970444
0.2931069966
0.1884133769
0.1716257224
0.2178403995
0.2648818737
0.3166038379
0.3752687364
0.1891122374
0.3453601694
0.3471705103
0.1735060294
0.1867554469
0.2895548292
0.3904322837
0.3920965639
0.3421773210
0.2590152646
0.3283180089
0.2760876125
0.2717719291
0.2556147674
0.2199053178
0.2557212742
0.2586204453
0.3279057731
0.5567652958
0.3917932072
0.6911256922
0.7930370664
1.0476453636
0.9546372763
0.6838006638
0.5424477108
0.1514410483
0.5465428682
0.7361985625
0.7812501878
0.1928377957
0.3066342735
0.3822871662
0.5142608715
0.8319451619
0.6320486943
0.3357981113
0.7072015460
0.3160266695
0.9230219543
1.2421373856
0.6994687387
0.4369897107
0.3301860824
0.4805431126
0.5589517848
0.1885169612
0.2463480499
0.2023885994
0.1351271782
0.2020458118
0.4887582834
0.2717471088
0.1315716262
0.1737967765
0.2118059818
0.1763618920
0.3978466934
0.3724990911
0.2779159984
0.2549884654
0.1952983349
0.2582218263
0.5732220213
0.3703708606
0.4979149779
0.2008314376
0.0509595187
0.4992053511
0.5291651266
0.2833446608
0.5023753947
0.4575028622
0.4656953786
0.3420197841
0.4668491549
0.4261219252
0.3315601560
0.3923489114
0.7387330495
0.7286176462
0.5938113970
0.2746328412
0.5186285099
0.4753987510
0.5346655798
0.5283858900
0.7852996161
0.6816986645
0.3346270049
0.5619145414
0.1867992552
0.5030932103
0.4435356336
0.9440268448
0.7830450640
0.4891809980
0.3669620621
0.4767784559
0.3014720039
0.2936380540
0.1563054360
0.1704951969
0.6112313460
0.2500194241
0.7257564040
0.4767200615
0.9492146310
1.1184170344
0.9521788563
0.9205126689
0.8853348835
0.4828257180
0.2995272059
0.9138078038
0.7148722610
0.7010911844
0.4304976353
0.3130337843
1.0342773949
1.0297362294
1.0175085518
0.8237792298
0.9531808807
0.7108397550
0.5524911786
0.2315064365
0.7554978737
0.4959190490
0.7611530291
0.5961641069
0.5566202229
0.6873084956
0.5651346412
0.6473572473
0.5549688582
0.5175333583
0.6937033777
0.7025724990
0.7051945066
0.7508116876
0.6757784005
0.6569382194
0.7368114453
0.7348836339
0.7928061373
0.7810684450
0.8221211792
