3.617478829279175412e-01
3.569816360227863750e-01
3.542605791504457868e-01
3.542911751805182807e-01
3.545583640598964359e-01
3.544858299967237891e-01
3.555590642307150384e-01
3.549709760764866995e-01
3.543352137696720860e-01
3.533167827771134806e-01
3.531822789443533894e-01
3.488723061794131719e-01
3.484070588424098003e-01
3.446841163113310569e-01
3.432341597872252681e-01
3.395502719535508640e-01
3.393287592036852707e-01
3.351687784347932020e-01
3.325071069200057350e-01
3.308062170143606928e-01
3.294802774152200131e-01
3.320632411192264155e-01
3.318448936049308018e-01
3.316231566635214900e-01
3.349543414323034596e-01
3.368288835238928969e-01
3.399880013185833105e-01
3.402999365021314726e-01
3.436725794563799119e-01
3.464736526164237107e-01
3.470378202055006689e-01
3.511170391014857839e-01
3.539360428388033109e-01
3.616791911956687700e-01
3.660653808026462785e-01
3.686613285826222386e-01
3.757641251658445647e-01
3.773922000303977509e-01
3.786582347569085183e-01
3.841597701365583872e-01
3.854447937451975781e-01
3.873708024638277680e-01
3.899247348920086842e-01
3.956498471315011978e-01
3.978386240074179847e-01
3.999167566751622438e-01
4.049955649641541755e-01
4.045839559177923372e-01
4.042213200814993024e-01
4.079105898322664681e-01
4.063920439430931397e-01
4.086993730894771248e-01
4.070590688775018173e-01
4.029444142494393866e-01
3.990974165674984198e-01
3.971715198322341989e-01
3.974949587566020126e-01
3.945852117757360777e-01
3.910123642738582705e-01
3.886405445950795179e-01
3.878559562515907500e-01
3.874992433459192309e-01
3.877335836562908478e-01
3.876591484032531620e-01
3.874871115417795053e-01
3.856124068120162507e-01
3.830631051375175677e-01
3.793705822923378324e-01
3.723776950697818000e-01
3.691631329335617329e-01
3.631870968040413206e-01
3.565659557032745952e-01
3.510690126346810436e-01
3.471878197643046282e-01
3.464663412127290676e-01
3.452577471881501658e-01
3.398148332740623112e-01
3.384187918117950722e-01
3.348485827331236231e-01
3.322223359431635270e-01
3.280347676625351427e-01
3.255498046438196624e-01
3.223647167394173008e-01
3.208280548171815738e-01
3.192445081716301925e-01
3.176509379920838816e-01
3.196489612207915054e-01
3.203323973587419715e-01
3.169146059184207997e-01
3.184045827745118351e-01
3.202115704162223908e-01
3.234013597990613165e-01
3.226832273994100220e-01
3.281838138291749418e-01
3.278920515205451247e-01
3.348237128394339623e-01
3.366526184119437159e-01
3.385130292870658364e-01
3.434755042416419157e-01
3.435463595154109040e-01
3.476911545029668926e-01
3.468732663656210469e-01
3.466135055476292082e-01
3.492393489206859769e-01
3.516137804094402464e-01
3.502237342077333393e-01
3.535788135675698718e-01
3.570002126954617272e-01
3.605862114272082586e-01
3.606237563460940598e-01
3.641168298836260919e-01
3.686695587320245604e-01
3.689419587562691727e-01
3.726503222973140961e-01
3.712185953273484662e-01
3.728161964105053960e-01
3.741303763572588204e-01
3.756306009435901871e-01
3.793439059496783172e-01
3.823780278521149989e-01
3.848541726602652813e-01
3.875272533343377401e-01
3.856053979936253095e-01
3.890227942979145870e-01
3.919921224038411256e-01
3.953700030013266309e-01
4.005304793797688223e-01
4.047479643144634709e-01
4.095706430099431694e-01
4.138910997813444181e-01
4.164053443799765053e-01
4.182110393328825615e-01
4.204683638345919072e-01
4.214788002250486332e-01
4.222367137931072323e-01
4.258876218218540788e-01
4.243001111310734097e-01
4.224006352009943566e-01
4.222587707012419589e-01
4.192842654318805762e-01
4.180341481367860768e-01
4.137922472899179249e-01
4.102677555011284838e-01
4.103528623916394280e-01
4.108723541635990739e-01
4.084707281631108078e-01
4.060877038646391046e-01
4.038475746179470693e-01
4.012033891863092672e-01
3.987471615800601832e-01
3.959969737314625871e-01
3.913359373891483473e-01
3.896108250034832632e-01
3.879061210660624814e-01
3.838312572255727639e-01
3.830943651784617932e-01
3.825843328722481340e-01
3.830623241255675659e-01
3.783974926574998343e-01
3.785120200434887172e-01
3.797744346486541245e-01
3.754724032269560752e-01
3.773983834912114088e-01
3.794244143777060763e-01
3.746851301657204147e-01
3.696379601999641995e-01
3.682737211647907349e-01
3.624068109839059804e-01
3.564100588953759696e-01
3.561336204727532095e-01
3.508408675780196329e-01
3.501381349531613174e-01
3.501917622232233462e-01
3.502084998958607809e-01
3.502398948296412406e-01
3.467511045529478309e-01
3.495148315003275830e-01
3.520895967312142605e-01
3.500324514242303398e-01
3.525165540205543180e-01
3.518267767616239938e-01
3.506108896488933091e-01
3.459873230115075304e-01
3.449596401034684678e-01
3.420034555871722670e-01
3.387164602447121919e-01
3.351584097757600023e-01
3.308097142507572808e-01
3.266233285464827940e-01
3.210160719356391357e-01
3.171640191788142604e-01
3.099833117489205203e-01
3.055057875677876789e-01
2.979741408882961018e-01
2.924641773047886861e-01
2.875542716488669326e-01
2.807038170320422799e-01
2.753972906756164685e-01
2.685484251212194584e-01
2.609147151237514728e-01
2.556488399533467515e-01
2.505262534027508647e-01
2.464818733543324147e-01
2.462882658445182671e-01
2.466270490352836242e-01
2.489702494486499551e-01
2.519794350059200161e-01
2.551899797020420468e-01
2.575087555614302692e-01
2.609357557208733525e-01
2.627227015582271341e-01
2.616125661279796732e-01
2.612571096108408097e-01
2.613453909659865793e-01
2.611185835701800850e-01
2.603662999950198120e-01
2.634493172452393450e-01
2.625895391281815039e-01
2.606466544890875259e-01
2.614591658725783918e-01
2.615354013123663002e-01
2.567459962888762326e-01
2.555360979319726278e-01
2.539500379493572213e-01
2.518769948023207861e-01
2.470920307263397842e-01
2.450991413702564847e-01
2.397776477720025834e-01
2.374918219625870575e-01
2.309571881607090649e-01
2.228222344615053141e-01
2.180111514603376710e-01
2.080744654433451524e-01
1.979539382968313888e-01
1.931673584938470301e-01
1.840228003651653843e-01
1.758534297990030637e-01
1.679750163676005104e-01
1.600507372334664113e-01
1.574435200491345610e-01
1.502214851660167161e-01
1.487745162803320031e-01
1.410520469690882128e-01
1.406660821192083077e-01
1.315903996995500536e-01
1.320403765226449977e-01
1.314178137870051499e-01
1.234712503535262546e-01
1.247593190428377685e-01
1.176031392430479661e-01
1.196314341222878413e-01
1.211193093553798172e-01
1.134596650382584115e-01
1.126080558292041206e-01
1.106555050772725507e-01
1.010478615221599152e-01
9.957671656171003527e-02
9.799533712120810092e-02
9.727864967132536511e-02
8.726121021480234830e-02
8.581647425751272318e-02
8.372731286890394697e-02
8.253618314991009730e-02
7.584728739464066671e-02
7.710455352857904787e-02
7.871989327910093592e-02
7.914279932591918032e-02
7.465060860295409662e-02
7.556555908740565652e-02
7.825643883064117845e-02
7.357292033803428111e-02
7.500181502112159004e-02
6.906217113273435682e-02
6.966929251460171613e-02
6.360275609396351393e-02
6.397429092545621476e-02
6.389870640913733468e-02
5.686701679977606422e-02
5.556402396416897788e-02
4.740672143499703034e-02
4.505165011173619533e-02
3.577745915717351483e-02
2.706239810628700143e-02
2.181188233910029417e-02
2.046506025557718461e-02
2.197973687014578847e-02
2.632613168085850414e-02
3.268601727835656473e-02
3.964066560628379948e-02
4.156043461053032101e-02
4.992599117492911576e-02
5.825125696288766669e-02
6.623426086317496519e-02
6.887458487583922317e-02
7.547290905352158075e-02
8.124016064525063641e-02
8.254116832257045455e-02
8.317718772446616726e-02
8.694503347463547471e-02
8.607241029995624237e-02
8.451480060464053312e-02
8.650479709467390199e-02
8.486367299672127607e-02
8.703911755298240904e-02
8.537604660587572170e-02
8.832945377904911910e-02
8.844419708997292018e-02
9.345052539399879843e-02
9.865206215910872489e-02
1.011014637459610871e-01
1.054657525012127894e-01
1.068981554244391868e-01
1.111183894613131662e-01
1.167110909990204948e-01
1.221371809140888443e-01
1.311126584627369529e-01
1.366277698089785608e-01
1.405422679545279829e-01
1.434138613276130791e-01
1.446877224190709910e-01
1.462354442158775580e-01
1.458051943671201112e-01
1.493901245871319672e-01
1.497870198982891587e-01
1.493953924692412172e-01
1.482555640241350337e-01
1.474846589981525236e-01
1.457660485237512182e-01
1.451164266488591259e-01
1.441564913201539289e-01
1.430968902480269922e-01
1.420184006609547245e-01
1.417038893940480437e-01
1.414243934602169572e-01
1.383507149808100023e-01
1.395446574682551455e-01
1.448113712799179165e-01
1.503484512652424332e-01
1.609206051342443045e-01
1.692163779939395984e-01
1.774514907284759913e-01
1.858138433800660683e-01
1.897981350143241042e-01
1.995749210699218623e-01
2.028838703081740635e-01
2.120490045794269363e-01
2.129584746371813164e-01
2.122588073544172393e-01
2.204136475260237704e-01
2.216323120659405288e-01
2.158870240019977738e-01
2.217715277548240049e-01
2.191623902806960345e-01
2.175798406902250959e-01
2.224326216941830137e-01
2.193039903019345094e-01
2.163418195698210422e-01
2.139599322398945958e-01
2.193162139677477807e-01
2.178877621171246282e-01
2.158610131091835138e-01
2.208253429712650207e-01
2.181564372419202702e-01
2.210748242659757168e-01
2.239039477814372958e-01
2.197638977452553155e-01
2.202805430729285197e-01
2.152043987874315556e-01
2.145452103125342902e-01
2.132879899735300178e-01
2.073625191618674590e-01
2.068930796820517282e-01
2.033026284022518004e-01
2.037644002974227375e-01
2.046368865238625823e-01
2.024541195879271671e-01
2.033902927386840032e-01
2.033982396801304604e-01
2.026316981923987903e-01
2.008757142702433385e-01
1.983010441955346259e-01
1.975343421155030255e-01
1.936767583369621015e-01
1.911116900878351565e-01
1.881430465707655819e-01
1.864671428782972706e-01
1.834371651966755223e-01
1.820653926144114032e-01
1.785598781238487698e-01
1.736731172063087636e-01
1.691100892196619188e-01
1.636950687345473943e-01
1.594632060549963926e-01
1.551808962525874636e-01
1.534938425197604761e-01
1.510345197321728561e-01
1.509481693004008640e-01
1.499124899576212422e-01
1.506278525876364183e-01
1.514859511021487137e-01
1.516453164691455580e-01
1.521081398350645764e-01
1.529836229533736991e-01
1.540406172870150692e-01
1.551564113340133388e-01
1.560597409695291538e-01
1.589664232751477335e-01
1.668508449064974308e-01
1.737320381005841852e-01
1.825070818143167684e-01
1.950968815579829929e-01
2.033661805583350524e-01
2.110360570246174738e-01
2.239398627253319785e-01
2.332115566549590180e-01
2.484651914457824684e-01
2.588328372796834809e-01
2.703817450677364342e-01
2.795371346513074173e-01
2.908161517550660324e-01
3.003349174997043680e-01
3.105787319617561715e-01
3.145453414767196976e-01
3.159682783037186526e-01
3.160409379096503768e-01
3.227128449776157648e-01
3.227510171301999908e-01
3.225806355341491183e-01
3.212095001210142353e-01
3.255021833031540024e-01
3.229514782063898637e-01
3.260820951465897566e-01
3.293510272090738322e-01
3.244893169529615706e-01
3.257505137799932560e-01
3.334615627561561824e-01
3.320478654200813007e-01
3.304143861831094764e-01
3.313014751599469565e-01
3.277205526448504491e-01
3.265770091953162368e-01
3.233946083305905272e-01
3.211788634285568933e-01
3.211258216208833227e-01
3.188969996737672230e-01
3.188497533941200834e-01
3.206219803555322434e-01
3.264935905195480714e-01
3.354697537926205619e-01
3.512180357401714637e-01
3.637803729233757277e-01
3.700492912855824490e-01
3.773681967125780967e-01
3.791397747223096415e-01
3.901512902630323021e-01
3.937568130274817779e-01
3.994524086722662792e-01
4.098084325944010842e-01
4.107005458743296922e-01
4.091105099078433116e-01
4.121413842630070046e-01
4.096517939521468477e-01
4.066789655594872377e-01
4.088290270295317774e-01
4.080153046251887017e-01
4.082399806054753388e-01
4.118791784046755833e-01
4.124991116443540440e-01
4.161161481423058528e-01
4.189458320604925179e-01
4.176996897299846689e-01
4.153006277992931650e-01
4.108483314506926609e-01
4.048680181415149071e-01
3.988607524696881623e-01
3.915723515998276172e-01
3.856964798309609477e-01
3.813942302167820930e-01
3.789859536858480871e-01
3.761492383039965470e-01
3.704865375734772148e-01
3.680539649101633448e-01
3.655727181079991284e-01
3.639556379901375815e-01
3.610788305187140890e-01
3.573853323900715862e-01
3.531446101125093606e-01
3.497409436879416189e-01
3.480157628635298095e-01
3.429624657706147328e-01
3.372093033342530854e-01
3.313919970801803561e-01
3.263318608190313164e-01
3.218334099368597712e-01
3.179137296570059279e-01
3.137326444794781288e-01
3.098102560435137542e-01
3.061299574658200018e-01
3.041342826997441295e-01
3.022382160908209658e-01
3.010055061647256558e-01
2.969920377493222574e-01
2.940177496542960012e-01
2.897533336762929124e-01
2.858498288661062703e-01
2.821576258257914027e-01
2.721080881254838157e-01
2.672465329032220893e-01
2.628507273324999227e-01
2.572551589835315178e-01
2.525569582975096261e-01
2.483218444283597781e-01
2.424973310318233599e-01
2.385894019604528349e-01
2.339695501913419962e-01
2.364754164418189919e-01
2.346491449027336140e-01
2.363854105491427771e-01
2.379373301204228686e-01
2.372854566010150767e-01
2.420469721222862913e-01
2.444355393684508604e-01
2.405016581154681976e-01
2.396832761724813909e-01
2.342389001427721829e-01
2.315798073065474250e-01
2.247138382320823802e-01
2.219223326888858094e-01
2.169371235005399245e-01
2.113370541949988468e-01
2.098120902055606030e-01
2.040837214458492976e-01
2.031234726080774766e-01
2.007572709956048918e-01
1.981618705376601008e-01
1.954325395035324819e-01
1.940380968209473866e-01
1.901475998949898327e-01
1.894770337734344723e-01
1.873705547765109614e-01
1.861744909738868858e-01
1.827614568078470558e-01
1.799521465020115230e-01
1.759578277427497339e-01
1.731455863086935332e-01
1.670850338827777615e-01
1.619016742100466422e-01
1.606464113283763706e-01
1.518212692031035427e-01
1.413657639246634623e-01
1.399824456247219240e-01
1.304051256961990257e-01
1.215032165015608595e-01
1.134395839868724554e-01
1.112581385501374837e-01
1.053065716033803750e-01
9.997220817045786301e-02
9.850591631390946679e-02
9.443905607246885769e-02
9.264403262014862805e-02
8.946081475274923756e-02
8.505360126278102562e-02
8.261303428738184240e-02
8.041349887981655287e-02
8.091638196791690885e-02
8.198295445958467265e-02
8.085650551154199839e-02
8.049962962911375031e-02
7.926665766797556800e-02
8.031362763630983670e-02
8.395584948224817101e-02
8.435307500564451222e-02
8.425797959808374593e-02
8.492049634871272346e-02
8.945876690989650049e-02
9.093277043061392950e-02
9.460596711111689261e-02
9.439251869289680408e-02
9.960525629188170249e-02
9.892006287644801443e-02
1.010695078049280715e-01
9.919347416585495847e-02
1.005833302370054555e-01
9.997636766496185989e-02
1.030165701097910252e-01
1.033404592146537765e-01
1.076169838470745765e-01
1.118575128945022840e-01
1.117979248398510844e-01
1.110615398303263779e-01
1.154634345380895905e-01
1.144663547181583724e-01
1.187546451957172400e-01
1.168491224040120596e-01
1.142592575631679735e-01
1.187056583702214146e-01
1.173334132681061043e-01
1.177903304827306180e-01
1.245354934967613791e-01
1.258101622395346175e-01
1.283788341262286914e-01
1.350569836605063911e-01
1.351052226129340061e-01
1.368651854839599280e-01
1.368140899657607767e-01
1.415343534771711653e-01
1.412486251759898226e-01
1.397254114700143268e-01
1.439341163121713174e-01
1.425846114268129738e-01
1.406145554627388494e-01
1.386416486885836963e-01
1.423707176917548833e-01
1.409864786285254801e-01
1.423556279046918616e-01
1.382728437771606755e-01
1.345567736265218250e-01
1.309545841164559132e-01
1.282020704413325274e-01
1.252201590473964732e-01
1.230074591788902633e-01
1.211149631315570907e-01
1.182207762472640838e-01
1.155098318026411275e-01
1.130601838590270108e-01
1.120894785515183234e-01
1.112774552803172667e-01
1.097575642480458358e-01
1.112927488041566548e-01
1.133897183585214075e-01
1.162179808927304298e-01
1.146094365577471352e-01
1.172785754021963001e-01
1.142529310751104893e-01
1.151883529256548383e-01
1.171066446137285638e-01
1.153392937893990139e-01
1.188881364697247228e-01
1.228692469287694100e-01
1.238154846939721054e-01
1.274669613782459521e-01
1.286116485161068745e-01
1.310152574230075140e-01
1.318503435604325702e-01
1.322288825363156783e-01
1.329478536862264137e-01
1.311793590466574511e-01
1.300297758951115268e-01
1.326907230495916190e-01
1.323998693840043595e-01
1.350119316423182281e-01
1.349663684629155702e-01
1.360098331165430774e-01
1.424708129553118319e-01
1.447715235696545311e-01
1.470998147061318984e-01
1.497609340519328314e-01
1.527114579880124723e-01
1.554649587964497537e-01
1.562300854581152310e-01
1.553456875119202663e-01
1.529163505550031332e-01
1.532117983058608468e-01
1.533952992522608083e-01
1.509935607091650589e-01
1.476484131080687823e-01
1.467567826714830381e-01
1.426121942929090836e-01
1.430460683770775621e-01
1.404506089537501112e-01
1.387082481200503092e-01
1.380578554143540304e-01
1.449089217704270516e-01
1.452375396160518750e-01
1.444906877292115310e-01
1.428922050444718650e-01
1.417784717123997673e-01
1.405006640975859922e-01
1.402980734026274823e-01
1.406371834864663939e-01
1.350551401374057436e-01
1.365412440411360173e-01
1.394700187614611453e-01
1.441096026042285594e-01
1.430620886319400875e-01
1.479363841614534936e-01
1.559146433493323602e-01
1.569452403617763725e-01
1.645562416927763283e-01
1.720596322881874918e-01
1.776376405205168374e-01
1.840438815010644602e-01
1.844782664866828070e-01
1.918946061766737821e-01
1.984936000016484792e-01
1.972107157479844608e-01
2.018332978326188021e-01
1.985798817285674422e-01
2.013485945248582598e-01
1.995615563217072730e-01
2.051495681489394762e-01
2.067018512533148056e-01
2.121524428165003917e-01
2.153532227822896605e-01
2.224413792002159218e-01
2.315518415107712669e-01
2.347650389855862607e-01
2.428981404060824578e-01
2.473186677155517210e-01
2.564448333220423204e-01
2.643931591718967633e-01
2.706328921820965738e-01
2.808134344756747502e-01
2.862512490706663471e-01
2.921054282428668936e-01
2.965926431516188733e-01
2.993497630689129774e-01
3.003535796531361934e-01
3.010087244891185287e-01
3.020717966874163496e-01
3.029573702781462874e-01
3.045568491216385509e-01
3.043510556325122463e-01
3.052764435086284811e-01
3.048342199708753975e-01
3.022299773375340948e-01
3.035773551761698497e-01
3.019551090963251694e-01
2.991240108688162924e-01
2.956992037142563423e-01
2.917190835646860103e-01
2.872280554418215059e-01
2.807519501403704099e-01
2.658978457327685341e-01
2.534573162795095702e-01
2.448477816787794359e-01
2.317973503815596859e-01
2.246030008306744707e-01
2.181991862950634076e-01
2.145623749042733786e-01
2.130637291919122711e-01
2.118673129950534584e-01
2.113080999667705795e-01
2.105354937621797817e-01
2.100202463002479591e-01
2.100419584990743105e-01
2.119575477696484245e-01
2.134037581050393095e-01
2.128816856791585499e-01
2.114357422569085876e-01
2.143496284325027701e-01
2.140415033059881178e-01
2.147097576407342723e-01
2.130851150850759934e-01
2.117678140293184075e-01
2.121070288198410592e-01
2.105150091874329887e-01
2.094897282347954470e-01
2.079517124285645002e-01
2.096756879883799607e-01
2.098962374317323021e-01
2.100992954346135311e-01
2.132501625706769988e-01
2.146138422296333947e-01
2.188729558898493965e-01
2.214124337166271661e-01
2.263705682813963449e-01
2.296052192657022928e-01
2.328026013316013276e-01
2.391416809607116722e-01
2.407934103659892522e-01
2.420431336023158297e-01
2.451308953575976890e-01
2.461069766945444826e-01
2.463179654834387888e-01
2.456281450871011796e-01
2.475430542775006737e-01
2.457798713337680518e-01
2.423869682450133511e-01
2.431085169905918553e-01
2.401262633704116245e-01
2.424086220838283789e-01
2.409205235521167388e-01
2.451305992245179644e-01
2.501362225498913738e-01
2.496988241600287817e-01
2.554552512809245002e-01
2.544458896107084644e-01
2.597238615409090956e-01
2.650759610526322585e-01
2.625884571717349014e-01
2.659872075108474232e-01
2.637512308570800212e-01
2.668406275460930011e-01
2.707782854672995954e-01
2.707611123797089014e-01
2.707951031235664718e-01
2.703822883763705165e-01
2.698131392416059926e-01
2.688585002714033445e-01
2.671919722315466705e-01
2.664114108131996894e-01
2.709335290528324114e-01
2.700980441150777622e-01
2.711032048451599286e-01
2.728612984661405449e-01
2.749794307752700395e-01
2.711066441116375403e-01
2.731570898320406782e-01
2.736315586144547063e-01
2.762087693132827537e-01
2.750949213698358764e-01
2.747363774957000682e-01
2.723738302361884966e-01
2.720413245481483333e-01
2.711010935885861950e-01
2.667995395428952587e-01
2.648612087909963386e-01
2.615608461663778694e-01
2.601636410967310131e-01
2.563247160890377296e-01
2.538399680055044572e-01
2.516135515239208420e-01
2.496540223935372893e-01
2.480739047249864437e-01
2.485829030304568255e-01
2.473747423397850698e-01
2.462544399197247047e-01
2.450794112321397211e-01
2.445376083420950919e-01
2.470306666589461297e-01
2.479014357153083992e-01
2.490604124104242312e-01
2.532008250447063125e-01
2.555212003522476794e-01
2.607657476525341300e-01
2.635298184817242984e-01
2.673765007614418154e-01
2.759368588641398223e-01
2.858088298745359301e-01
2.929409367030583744e-01
3.057326602879432698e-01
3.135180976184799295e-01
3.190535248139863000e-01
3.272906040678600359e-01
3.282497071015473833e-01
3.308110942923319642e-01
3.330738038789011757e-01
3.342118158064648070e-01
3.409087636542937338e-01
3.404676029969092577e-01
3.396367804591292061e-01
3.392971548567740858e-01
3.465334503682564460e-01
3.453949805796956984e-01
3.445611947676958664e-01
3.441372728657313695e-01
3.525452444230188220e-01
3.504992013159780595e-01
3.497950151285981746e-01
3.545052815974131799e-01
3.543800551558197731e-01
3.616437550709599158e-01
3.607388347883640489e-01
3.586365642835383505e-01
3.628114695343341856e-01
3.607053217392466316e-01
3.588544537421707870e-01
3.663372213856454507e-01
3.665032693834307520e-01
3.669203737607308335e-01
3.673439796998671514e-01
3.750953800295089291e-01
3.745043296522425624e-01
3.814781069793449775e-01
3.794884281266786563e-01
3.859951265226865269e-01
3.919535833024540561e-01
3.895921774604635957e-01
3.954522891640548932e-01
4.011077382392477797e-01
4.076850144546030341e-01
4.189652521598624113e-01
4.276003973076039077e-01
4.313014236963076398e-01
4.398023067183640111e-01
4.378680900885245642e-01
4.331603166138049965e-01
4.302498245800501220e-01
4.214269633668042969e-01
4.133687653025112652e-01
4.056293711809678681e-01
3.986124385993978225e-01
3.942507282580992589e-01
3.880087748821809956e-01
3.793596174659757403e-01
3.686512674653588673e-01
3.567593831483409361e-01
3.463114348544710785e-01
3.366786470604485326e-01
3.271918232130528459e-01
3.174922984293989670e-01
3.074441137641429345e-01
2.976522006990329761e-01
2.872060654878076935e-01
2.754518481722034173e-01
2.559045568885240929e-01
2.418243043096225675e-01
2.233166042431692644e-01
2.097758050042776157e-01
2.037127504710892767e-01
2.001701218435122942e-01
1.949294610430840347e-01
1.947493295092619370e-01
1.918432594552472448e-01
1.910913898268024602e-01
1.897872532057460759e-01
1.883060240284572251e-01
1.893214432936594083e-01
1.889224850269554667e-01
1.892725347920869439e-01
1.850800706827497866e-01
1.836185771131078615e-01
1.810809277211281043e-01
1.786800158652187553e-01
1.741838695158492711e-01
1.708199306505823467e-01
1.665877637168115266e-01
1.625153279659774797e-01
1.584457271946966561e-01
1.554734040304592002e-01
1.510547976125086733e-01
1.474225348828507587e-01
1.424959409666352872e-01
1.384191802926778014e-01
1.343778187188116313e-01
1.326082252966269970e-01
1.313198861562701880e-01
1.286310914776209458e-01
1.279355905155081519e-01
1.353666270541758754e-01
1.408149524945585263e-01
1.484902206167004468e-01
1.618350587627287729e-01
1.700900736803639679e-01
1.758921192726845828e-01
1.828165421726593021e-01
1.909413948372976622e-01
1.986292321910777536e-01
2.049387336269071214e-01
2.166155809601268967e-01
2.270300426577673003e-01
2.333267952791038546e-01
2.446934905659113868e-01
2.561274545532368774e-01
2.674728464676918160e-01
2.746254542357377537e-01
2.838623680769654656e-01
2.885324418281068892e-01
2.960142009364583604e-01
3.026854998181334744e-01
3.054292393761446900e-01
3.122878466541255116e-01
3.142701441709036536e-01
3.204588746117920106e-01
3.271399660269470600e-01
3.286758924708207963e-01
3.353768559819092498e-01
3.421387468885105365e-01
3.487469087981480698e-01
3.502304898340387052e-01
3.577734461655137088e-01
3.646049555090739025e-01
3.720305322990052344e-01
3.819350203403896749e-01
3.884541628233564303e-01
3.945094993503339142e-01
4.005908379551532117e-01
4.078161726108974205e-01
4.107283092981548478e-01
4.165814451018257647e-01
4.186352399178892014e-01
4.221208070255066391e-01
4.255859343726740018e-01
4.279100560407659293e-01
4.303657708078146293e-01
4.311876095914251028e-01
4.300062608165106104e-01
4.281761952221214695e-01
4.241960742364995207e-01
4.171491587835465253e-01
4.103250731186018907e-01
4.019095860403468223e-01
3.928553012484704565e-01
3.776991193064108132e-01
3.664870002265765980e-01
3.615421796814382582e-01
3.497745494448001313e-01
3.373332320349460289e-01
3.240505681758290013e-01
3.179099277874983809e-01
3.054128855690416144e-01
3.007783927618166708e-01
2.913267362210197886e-01
2.897449405210189566e-01
2.831774828893923179e-01
2.755730378343963505e-01
2.739970219633388049e-01
2.660507697393851845e-01
2.576469418183565119e-01
2.495564401694557177e-01
2.367295722958470405e-01
2.252572125459040286e-01
2.135744067325502926e-01
2.030532932635353283e-01
1.971745585099588527e-01
1.905615931346422431e-01
1.835916116213650862e-01
1.726481914315066979e-01
1.631292623549993881e-01
1.608795516128105063e-01
1.629103412884390645e-01
1.653412506863632669e-01
1.660999158250584529e-01
1.672832155419756162e-01
1.677440334808854849e-01
1.640754441961760068e-01
1.616067011133500986e-01
1.604616000932526654e-01
1.561375846445267612e-01
1.531664894774132091e-01
1.498439686428459650e-01
1.466094091212997441e-01
1.445007091563723367e-01
1.442262852048716015e-01
1.451657352523663680e-01
1.475370393367811395e-01
1.521517894713071140e-01
1.583273246292097591e-01
1.630271370552792698e-01
1.700063257657190852e-01
1.754361499403649660e-01
1.832685666644583711e-01
1.889211733758387468e-01
1.983078309990274624e-01
2.043881418444562226e-01
2.145341368993679276e-01
2.237673193385060211e-01
2.324745736105880423e-01
2.388337263372903585e-01
2.470126301492871213e-01
2.525389162544307009e-01
2.591449385446378262e-01
2.651497504961699558e-01
