1.219477601231901964e+00
1.213087266920855889e+00
1.198832660357445734e+00
1.189711657190994032e+00
1.167392796608506922e+00
1.158273565709489805e+00
1.136759622167647255e+00
1.129172809030309921e+00
1.122726844267781132e+00
1.124796183789616100e+00
1.139300967520014307e+00
1.148999909748296355e+00
1.161020956946506200e+00
1.142906270966921323e+00
1.141687661302971390e+00
1.166784221574063363e+00
1.184312510730727519e+00
1.204790387086595027e+00
1.226057103988918096e+00
1.258811470860265347e+00
1.300232144687722302e+00
1.345011503557975718e+00
1.309420952318537168e+00
1.325199184187981327e+00
1.345482317624836055e+00
1.291440128065538540e+00
1.285807491802125391e+00
1.236180611302185595e+00
1.248988909213373910e+00
1.183480281246450661e+00
1.173241061410332575e+00
1.153588985579048654e+00
1.069069997595714971e+00
1.004317526617594991e+00
9.239771460123930025e-01
8.819034689401238358e-01
8.180272127483851907e-01
7.729232027145752637e-01
7.016179173604845110e-01
6.349098906396641873e-01
5.652877218093707024e-01
5.119626046227283567e-01
4.824550321925696328e-01
4.686748098698657605e-01
4.755355917674360389e-01
4.911056324865596401e-01
5.051120233829158312e-01
5.238119822628275468e-01
5.327928387436108304e-01
5.720898743715021606e-01
6.063356982330989631e-01
6.450043656672694858e-01
6.998092905629859084e-01
7.381659352580725031e-01
7.903986489613448185e-01
8.177178692102370361e-01
8.576208751818512610e-01
8.874479956154114335e-01
9.229985909421452028e-01
9.479985467486664596e-01
9.882368440682304245e-01
1.033831534270429842e+00
1.074417623646768405e+00
1.114395240127127984e+00
1.154510041460609093e+00
1.202686537437547498e+00
1.238631263523030990e+00
1.284205082733500092e+00
1.325661511539134363e+00
1.347003636911700886e+00
1.368680258519440640e+00
1.388081003465274188e+00
1.410773876872480459e+00
1.439502516899618056e+00
1.465001922850469818e+00
1.491521113492210615e+00
1.519764379363440998e+00
1.550868140641657567e+00
1.583244249953128291e+00
1.617544583182130902e+00
1.657576334699028653e+00
1.693369644423888598e+00
1.742395514549693436e+00
1.790441637791116758e+00
1.834194686292748733e+00
1.881993517964434481e+00
1.920899709877102568e+00
1.969025276857832463e+00
2.003241681804320606e+00
2.045747693268072709e+00
2.097282362802783240e+00
2.142476344695906310e+00
2.206555433366943042e+00
2.253349350215470448e+00
2.292359777297141132e+00
2.345854262106588983e+00
2.375097786901112951e+00
2.398445765110715833e+00
2.419921635314063568e+00
2.448988372922430656e+00
2.473646525285763342e+00
2.496504002672937705e+00
2.536921721631497206e+00
2.544122892028146232e+00
2.557541500641093091e+00
2.599752720498754943e+00
2.620778923561296381e+00
2.660121941118921640e+00
2.680865875620735750e+00
2.729091146330075546e+00
2.751188256392870013e+00
2.797427884227894790e+00
2.814246467332075508e+00
2.847972425106985117e+00
2.850957495376010620e+00
2.872746850791302542e+00
2.869018751387507837e+00
2.889123769341804593e+00
2.916082688253694322e+00
2.917446888076316469e+00
2.947374045099110162e+00
2.977890647336648655e+00
3.004441284702680903e+00
3.024667734777878980e+00
3.049566274396581456e+00
3.070398987389130863e+00
3.073851695517907157e+00
3.093320779109578034e+00
3.118254352615536185e+00
3.137424876396528450e+00
3.155430966086180344e+00
3.159808897157534435e+00
3.151238631248329813e+00
3.128997284504909882e+00
3.095111878022111185e+00
3.056164605434925186e+00
3.011698357969580186e+00
2.971862729573016004e+00
2.921151916562032103e+00
2.872757858030762890e+00
2.812045843756459274e+00
2.758998081419335779e+00
2.693586823700508504e+00
2.639464377852695165e+00
2.590454874215125436e+00
2.523353868636389219e+00
2.469112987198094356e+00
2.417884396981632378e+00
2.343514290648798237e+00
2.283119145400952732e+00
2.208870183533321097e+00
2.155300139981656926e+00
2.079888744117293964e+00
2.022972935189795596e+00
1.947491010105627085e+00
1.870787143511855710e+00
1.813576058372487143e+00
1.741799122888537443e+00
1.687185426749994832e+00
1.610038130440760273e+00
1.555746399950540315e+00
1.478719909874090854e+00
1.414661125866762736e+00
1.334785896119212500e+00
1.253248321032527590e+00
1.190077124714401524e+00
1.120827531001421518e+00
1.051659257526914804e+00
9.876815952347062222e-01
9.369773368248038858e-01
8.850052150617383484e-01
8.513247107855539397e-01
8.024321373569804905e-01
7.706320315449181058e-01
7.344798580375265784e-01
7.098985954870986603e-01
6.840959211660707640e-01
6.586449453790416131e-01
6.380522420063261535e-01
6.193159625174720073e-01
6.025171478615547471e-01
5.864578515229280642e-01
5.888045410362916510e-01
5.905338197340399553e-01
5.959647216349874821e-01
6.286495365064844743e-01
6.527107085426204769e-01
6.877396844835957923e-01
7.219248255062605812e-01
7.560822138830042283e-01
7.728468491235011006e-01
8.043358246805756284e-01
8.277083831061186059e-01
8.578586604562417062e-01
8.824622937226106467e-01
9.000641887588480827e-01
9.376655904235796646e-01
9.810644760693898458e-01
1.024719244162270559e+00
1.087443927162578872e+00
1.164907092106042708e+00
1.232297592662372709e+00
1.302534940028630128e+00
1.365055481371912238e+00
1.436741300106415986e+00
1.499449121066169122e+00
1.571870275211568524e+00
1.632510051521262939e+00
1.696119773181161472e+00
1.761501598179725736e+00
1.835031424298667169e+00
1.905709754989695970e+00
1.976791325309423364e+00
2.040779626206591590e+00
2.107400367304380406e+00
2.168008684522964913e+00
2.231489244680818551e+00
2.292935476439680986e+00
2.355237969499157646e+00
2.405511916216098722e+00
2.449949508807383047e+00
2.495513255724215007e+00
2.523948306364679262e+00
2.546233441368183303e+00
2.578893643177492034e+00
2.601652058460629746e+00
2.635521893142590777e+00
2.671103828047197482e+00
2.700555164248153339e+00
2.739828314852932767e+00
2.777547738402424748e+00
2.829020641245956647e+00
2.885865670436734032e+00
2.926461953342196942e+00
2.982146931115410293e+00
3.036900035011222965e+00
3.090741474373536857e+00
3.116634751205967557e+00
3.166575266402344990e+00
3.210640216915279677e+00
3.246930347794110716e+00
3.267872985885436954e+00
3.294828160658344274e+00
3.322870245858828397e+00
3.341816399915602087e+00
3.359622452500759415e+00
3.375521585042052575e+00
3.388881929233229062e+00
3.396061350700656956e+00
3.393518406565697809e+00
3.390233402557569331e+00
3.381724928256023777e+00
3.388600574407294008e+00
3.388200652351931019e+00
3.395943717944779561e+00
3.406301679868103172e+00
3.412423060977117117e+00
3.419916251577420407e+00
3.427863213169002332e+00
3.434041040901245623e+00
3.438462595290395996e+00
3.441439220940857968e+00
3.440765107322366401e+00
3.442970358826248578e+00
3.439707128918588541e+00
3.437118510615074563e+00
3.432308443102642048e+00
3.423200122505748677e+00
3.410003544114311946e+00
3.394613903255654375e+00
3.387862394209006034e+00
3.373749744930553351e+00
3.366933796135375356e+00
3.353963529382379960e+00
3.352416187655652635e+00
3.345455599065745744e+00
3.338670601014588790e+00
3.329618800312864835e+00
3.311970371725018403e+00
3.289841594029242255e+00
3.257901370275378294e+00
3.221344380413734942e+00
3.181055392495261369e+00
3.133701948643297541e+00
3.080522910705889572e+00
3.028435877090189798e+00
2.982496861878816130e+00
2.932096257598373779e+00
2.894014734883803452e+00
2.854648949210345510e+00
2.835071086943036001e+00
2.822158032446584475e+00
2.794696053634751820e+00
2.787965874907986308e+00
2.759880623006831346e+00
2.729217117724546782e+00
2.703523032942788173e+00
2.664275414037680978e+00
2.616737810954375743e+00
2.570216802672962597e+00
2.531599674402065236e+00
2.491536407475643422e+00
2.450851707221661790e+00
2.425194771658185200e+00
2.386034115245457610e+00
2.363646561168029514e+00
2.339452806623726122e+00
2.333502536094833157e+00
2.309251678650963591e+00
2.287088273088456081e+00
2.275850547865521545e+00
2.246139317727867457e+00
2.242626144329974203e+00
2.226207885809133202e+00
2.239727872407918596e+00
2.221648631136269092e+00
2.236914658919486154e+00
2.259849361229336218e+00
2.246452146587084364e+00
2.269343160588678909e+00
2.251950198754326671e+00
2.279249501743653816e+00
2.264892451342184199e+00
2.283151113146975053e+00
2.263509164231748638e+00
2.277973514672004818e+00
2.257553559178691938e+00
2.268164005575891817e+00
2.241429123930844813e+00
2.259586844146437734e+00
2.269584144548678850e+00
2.291583252972296592e+00
2.266228018371951869e+00
2.274395296955352030e+00
2.294307694856871915e+00
2.310298568881513415e+00
2.326093126636128883e+00
2.300956794323036902e+00
2.307882200540633200e+00
2.317674195759430678e+00
2.320359337594730231e+00
2.321323763883374802e+00
2.327461728720119805e+00
2.332845413516852151e+00
2.291495710073907510e+00
2.290751930449732576e+00
2.280036523692578143e+00
2.228696491524230883e+00
2.228158294584403620e+00
2.226502104737438703e+00
2.213301077227222358e+00
2.207108228975654729e+00
2.158216358422140324e+00
2.143911713382417261e+00
2.122247309237020207e+00
2.088557351954059893e+00
2.031103295965740241e+00
1.991725722020407652e+00
1.948992099311144699e+00
1.911989389178006427e+00
1.888123702329057574e+00
1.832041742446719246e+00
1.790519075450577535e+00
1.758575356766945097e+00
1.719885168290128830e+00
1.687225970282395071e+00
1.657046491682880873e+00
1.628651970509561897e+00
1.601120867569592043e+00
1.575124229066181103e+00
1.538008017916544956e+00
1.508430098868315028e+00
1.481367646648385827e+00
1.434737565622350886e+00
1.408210109963990986e+00
1.383352176111315668e+00
1.331596640485950278e+00
1.298544837964997756e+00
1.257871315114770905e+00
1.197240544348288749e+00
1.149370044889876930e+00
1.088837669854137546e+00
1.040328840198424309e+00
9.854932844254727931e-01
9.423751920583144370e-01
9.014864428266936569e-01
8.679579231728258293e-01
8.336650738508250003e-01
8.092712835846509467e-01
7.887926368568255464e-01
7.859819479216579863e-01
7.987826557364584579e-01
8.232883276016288443e-01
8.557631923306228128e-01
8.958790646496299637e-01
9.418277732135167390e-01
9.890091150814220855e-01
1.045922896505600885e+00
1.099619591822767362e+00
1.154543160041110683e+00
1.219521223263294152e+00
1.293473409466618707e+00
1.364560334333684954e+00
1.440553080438076172e+00
1.507219932307037658e+00
1.575470142213121205e+00
1.648744892377328908e+00
1.724309870029941960e+00
1.794685768536173232e+00
1.866593240039979840e+00
1.947712487502352818e+00
2.038474850899075985e+00
2.124821216335615048e+00
2.214055493230925098e+00
2.297743090164657609e+00
2.371842698333849864e+00
2.436048039165745305e+00
2.503552021328049104e+00
2.566108442743332940e+00
2.644614703200251160e+00
2.719788293369362897e+00
2.781698817004064850e+00
2.845775849339189811e+00
2.931558358496609618e+00
2.994287504263059230e+00
3.049734016389392455e+00
3.102639870140728284e+00
3.167512795877190701e+00
3.209236937149855695e+00
3.245383260259282476e+00
3.293099717498890300e+00
3.335219995550366523e+00
3.383528787937992277e+00
3.423184508991009345e+00
3.471008121497453747e+00
3.524910742971673283e+00
3.616534669529380075e+00
3.668760180033108664e+00
3.720636419022514740e+00
3.777914196483861620e+00
3.842644798992248312e+00
3.960957274059211830e+00
4.033010397029461735e+00
4.111649674011130351e+00
4.184427810745999565e+00
4.256317046372470436e+00
4.333411727999886942e+00
4.402835907800752402e+00
4.470880426436526278e+00
4.546873115315126057e+00
4.577324520393966978e+00
4.652965721147733547e+00
4.673508462722096191e+00
4.741147969903559023e+00
4.752068904984431796e+00
4.757979215489237745e+00
4.779311685727678949e+00
4.799582820887872359e+00
4.864271047695860162e+00
4.877307444759422239e+00
4.884940103631409514e+00
4.887161923302386413e+00
4.880642712448249654e+00
4.865126871887854421e+00
4.887195210005796042e+00
4.871644440113278129e+00
4.859913908358421963e+00
4.857130571256024432e+00
4.852504900414739808e+00
4.897697709561101398e+00
4.898284970888092893e+00
4.900465320950631920e+00
4.897591652400922868e+00
4.932578055353987523e+00
4.924366309982846523e+00
4.912684400871850876e+00
4.937031009284246430e+00
4.910064008441114680e+00
4.877700881503477248e+00
4.891485617924642426e+00
4.863918804322738154e+00
4.831174796564194907e+00
4.841252632992244287e+00
4.814108581184954438e+00
4.825958043269207742e+00
4.799193231113910052e+00
4.811550433926170101e+00
4.781023227709118473e+00
4.781893053996130405e+00
4.795589686238636240e+00
4.765875091399917274e+00
4.770532132922470581e+00
4.777897133696992427e+00
4.791935432383637838e+00
4.816202485832871361e+00
4.830583894061024175e+00
4.814559666966812479e+00
4.886126206367418234e+00
4.912469839582580988e+00
4.934511866617487641e+00
4.986909668602552692e+00
5.033486383272229858e+00
5.115219412963876167e+00
5.107949783058423954e+00
5.081059097644862632e+00
5.066989781502131862e+00
5.066473615561552180e+00
5.078516290043439518e+00
5.094157973928648886e+00
5.116885486135702266e+00
5.117149290239376924e+00
5.132684416371341207e+00
5.144950478656920012e+00
5.157997550899736439e+00
5.174022464515597441e+00
5.173350646593010360e+00
5.182277506650218690e+00
5.168013446142747824e+00
5.154561768408671973e+00
5.170300705121543494e+00
5.178412235766644223e+00
5.170033468114111130e+00
5.185868302748225744e+00
5.181008193410348461e+00
5.209222095749318271e+00
5.244672949228230685e+00
5.306920324192147653e+00
5.342699083912003211e+00
5.365646436151434884e+00
5.420632464589016486e+00
5.447335678866591202e+00
5.462355996588216023e+00
5.484455833425077920e+00
5.497853484981853889e+00
5.519270856451528928e+00
5.525964790316854724e+00
5.542257325950132874e+00
5.554737784152716351e+00
5.566933438510015542e+00
5.579094074350273935e+00
5.578925518216721890e+00
5.582005025196848713e+00
5.578660126552496656e+00
5.576190137942532488e+00
5.579647262951064057e+00
5.582643705864438033e+00
5.579151227786435463e+00
5.578927728122828000e+00
5.583311910595861960e+00
5.577808695212500112e+00
5.582802544766577668e+00
5.581118145450800760e+00
5.592946690393779008e+00
5.600855747375684146e+00
5.584760724352074490e+00
5.575361175690888516e+00
5.568546840680198784e+00
5.560929756756376463e+00
5.558720154525003565e+00
5.545216293558823395e+00
5.550695242361908477e+00
5.549181626322855720e+00
5.529267261840158376e+00
5.532354577434189125e+00
5.511814106697100257e+00
5.492720094981422996e+00
5.500690079892407880e+00
5.486557692891586235e+00
5.466918971945435857e+00
5.465824599555777930e+00
5.445345247003380074e+00
5.445334505741479703e+00
5.421857027723623546e+00
5.393192596322976762e+00
5.389736466154596783e+00
5.357673491039738778e+00
5.358312009666804876e+00
5.335567698678557846e+00
5.311408247222678014e+00
5.321466875004882802e+00
5.304152517895459162e+00
5.320894187701991740e+00
5.338994129724298432e+00
5.314427054536137618e+00
5.328397417840418981e+00
5.297053271677361508e+00
5.302448196413958925e+00
5.262304648453095091e+00
5.259902487865147691e+00
5.214152983632978078e+00
5.216203089516812774e+00
5.173477109643454419e+00
5.132202870272307038e+00
5.091245891444592608e+00
5.095665594341416416e+00
5.050671916343339340e+00
5.000867969931702461e+00
4.952606015089119573e+00
4.904625559172697713e+00
4.847320596749090882e+00
4.798672452710864178e+00
4.746442505037522075e+00
4.699760935508598969e+00
4.647031041411419316e+00
4.643235884545032555e+00
4.589440751319060041e+00
4.528307359638318097e+00
4.471239452851117235e+00
4.401927910712350567e+00
4.342898838455099941e+00
4.282918778607413657e+00
4.223900771123776821e+00
4.157613377528802445e+00
4.133133280294607914e+00
4.066312417414729374e+00
3.994115198426859692e+00
3.978678100866553269e+00
3.911316329953733906e+00
3.898215743053802473e+00
3.837514486916925094e+00
3.828918986607908526e+00
3.769488818008024822e+00
3.703153067238673657e+00
3.672215064872972778e+00
3.597170408584903889e+00
3.520444240864342156e+00
3.492271437881280249e+00
3.401145271977410900e+00
3.368694247016004617e+00
3.286557069764509897e+00
3.256532747216750234e+00
3.167062892811535413e+00
3.129545651571885578e+00
3.096409588526446655e+00
3.004749270444321496e+00
2.958806950345197251e+00
2.870147037969536186e+00
2.823241037401989839e+00
2.738688231829747632e+00
2.664290325337839604e+00
2.598125123224590993e+00
2.534577329749930108e+00
2.465967844631059780e+00
2.399192246769966896e+00
2.341345107429508854e+00
2.290781781127256167e+00
2.254140832567130381e+00
2.192679586349962850e+00
2.145813863068847027e+00
2.093779274902920040e+00
2.050896755597543031e+00
1.987134701368619361e+00
1.956961658413038485e+00
1.921356317728380336e+00
1.897535163152860749e+00
1.891096549211231048e+00
1.886451023179227304e+00
1.891632807880281097e+00
1.907145372626520619e+00
1.933546141430641185e+00
1.957820448749852726e+00
1.967376424544890812e+00
1.962987268502687233e+00
1.957101628153733008e+00
1.931578118626180229e+00
1.923335315977471538e+00
1.923768090591373214e+00
1.929303524868193342e+00
1.933904921400974919e+00
1.911364829771563301e+00
1.850301847591868887e+00
1.790017808758875839e+00
1.793765901201683111e+00
1.800587237671333218e+00
1.833815581443642095e+00
1.893147829608915034e+00
1.913009903306057913e+00
1.910334369100875618e+00
1.914511499237198766e+00
1.900721029752632241e+00
1.911519003475516065e+00
1.914721663123540640e+00
1.947711447403405627e+00
1.954652239133762182e+00
1.972172711366652287e+00
1.984168253413083560e+00
1.971287064927124577e+00
1.958276350375725228e+00
2.000331737093067108e+00
2.009533496985695500e+00
2.020022385711589763e+00
2.031502116244007006e+00
2.040475726072174201e+00
2.055226735960415940e+00
2.078828556838276054e+00
2.107617457790757598e+00
2.141137383389906557e+00
2.176114415613231490e+00
2.216510247524353883e+00
2.261440640639039046e+00
2.309407910429921884e+00
2.352258590201250943e+00
2.400936292593825350e+00
2.435627013823991494e+00
2.478702589203531481e+00
2.509214622279388074e+00
2.541857484950058588e+00
2.569669848122436928e+00
2.592765228009218159e+00
2.616142074024339514e+00
2.632900505935868551e+00
2.640473213364449290e+00
2.647687816925014648e+00
2.668045254824545687e+00
2.694561574803516990e+00
2.732372016970371575e+00
2.778666963768448017e+00
2.820939333928199844e+00
2.857381030621373608e+00
2.881046861928569847e+00
2.893397443717675710e+00
2.911625089877234895e+00
2.931208612587942408e+00
2.948658219913950163e+00
2.962895779701505194e+00
2.977641040898435509e+00
2.997095948890449169e+00
3.013654666650567027e+00
3.028719076089978479e+00
3.042715110599684802e+00
3.053985592075651123e+00
3.068291189105598615e+00
3.084470145389720308e+00
3.096877628617674905e+00
3.110532194337007894e+00
3.133771515367800742e+00
3.163375422986297369e+00
3.192947001574468313e+00
3.231141965735923272e+00
3.264223221141467235e+00
3.295743307432815961e+00
3.322801055627448985e+00
3.340964010085695435e+00
3.351970743985826839e+00
3.363077647621251831e+00
3.373757079761338762e+00
3.387389811288126662e+00
3.404887496687754478e+00
3.421597947058306666e+00
3.440063866026491723e+00
3.457927886874136991e+00
3.471130388091349772e+00
3.485323091608659940e+00
3.499321612231308887e+00
3.510166386457574283e+00
3.524766896060219423e+00
3.541692887282301694e+00
3.561438760538745196e+00
3.579097928500150516e+00
3.593703322102637987e+00
3.606968215608976180e+00
3.617653136863716590e+00
3.627381905925086247e+00
3.646242659639251649e+00
3.663039719980822451e+00
3.676266342565728262e+00
3.687230650014406752e+00
3.700156842255064138e+00
3.707724642612405308e+00
3.718126482935242727e+00
3.727647467929368297e+00
3.743753133971818858e+00
3.764875878237015083e+00
3.790945590843994850e+00
3.816060033427342013e+00
