3.6490454635
3.5309545124
3.4867531614
3.4327322163
3.3671588499
3.3844061462
3.3909738639
3.4484673401
3.4702177150
3.5334548164
3.5711438213
3.6193960574
3.7429890850
3.7955090615
3.8541885923
3.9092526505
3.8700584967
3.8233321607
3.8703356546
3.8890833817
3.9008265666
3.8763954802
3.7999229350
3.6909636338
3.6483416051
3.5711628966
3.5577345634
3.4726930669
3.4586919468
3.3237709983
3.2631801370
3.1385792834
2.9546039839
2.8485262452
2.6931919437
2.5919863011
2.5327307987
2.3906121166
2.3214782625
2.2254714673
2.0989552094
2.0315398350
1.9697765214
1.9227132978
1.8731229877
1.8308868817
1.7755615485
1.7205785425
1.6688958944
1.6046408680
1.5341791306
1.4640606266
1.4068116776
1.3563474091
1.2935351862
1.2353795829
1.1793533159
1.1276873908
1.0719142153
1.0310262837
1.0014809544
0.9743314813
0.9446395060
0.9399452840
0.9235698005
0.9042536127
0.8646538714
0.8506687618
0.8396491852
0.8261806872
0.8076726284
0.7796332396
0.7586196011
0.7377047537
0.7110930328
0.7037054947
0.6875772164
0.6619173323
0.6334477148
0.6177345578
0.6123529843
0.5870979135
0.5572769333
0.5325787357
0.5160301403
0.5076005645
0.4956758906
0.4819702786
0.4709677538
0.4475913790
0.4269793107
0.4037774012
0.3865539936
0.3665641361
0.3545241820
0.3555284399
0.3642546003
0.3776456681
0.3998769074
0.4144739199
0.4304880380
0.4478437933
0.4606701977
0.4702871452
0.4759025684
0.4790632563
0.4849094644
0.5024188911
0.5180447295
0.5377038581
0.5449149670
0.5472992905
0.5526227254
0.5645251747
0.5616140910
0.5684750099
0.5776816656
0.5895848829
0.5830330031
0.5820471539
0.5788651687
0.5785538470
0.5866008238
0.5911600726
0.5888081168
0.5810770594
0.5769198118
0.5797443216
0.5774559553
0.5674246482
0.5573288268
0.5474391019
0.5317040427
0.5183821293
0.5055117684
0.4840835012
0.4691756789
0.4368897876
0.4145147802
0.3952814610
0.3712513353
0.3599336156
0.3465284189
0.3490149710
0.3453837957
0.3491455617
0.3454233237
0.3368803259
0.3369417210
0.3275769453
0.3283014384
0.3368733454
0.3387243605
0.3463068934
0.3535462945
0.3709495280
0.3790263329
0.4013210219
0.4060688645
0.4086780049
0.4160920356
0.4133339260
0.4103453321
0.4013896782
0.3947768934
0.3884872830
0.3894320105
0.3882254990
0.3941352516
0.3897083306
0.3899841925
0.4088204163
0.4256453854
0.4309607643
0.4363561052
0.4229917098
0.4192729411
0.4159865664
0.4248224735
0.4281071343
0.4281135362
0.4248898451
0.4226183265
0.4254927325
0.4290555375
0.4179789492
0.4202379915
0.4110902295
0.4029857032
0.3905183461
0.3782324017
0.3747915363
0.3608048979
0.3581833666
0.3545246383
0.3455996587
0.3420890711
0.3391799525
0.3295510185
0.3290639213
0.3245354913
0.3215466557
0.3208014274
0.3208544775
0.3134874075
0.3108588440
0.3053968590
0.2992996792
0.2966146475
0.2962898582
0.2881565831
0.2874629720
0.2835565519
0.2810263581
0.2797660571
0.2776241868
0.2780568677
0.2783467510
0.2760006846
0.2745191070
0.2708488990
0.2704698946
0.2726301517
0.2705061538
0.2707364848
0.2722301897
0.2723870271
0.2720729990
0.2729722712
0.2713776925
0.2713206673
0.2711294273
0.2716468297
0.2699738483
0.2736538637
0.2727302187
0.2720058631
0.2716412981
0.2711699026
0.2756653318
0.2744339968
0.2752899605
0.2744850987
0.2724075932
0.2717055074
0.2680969404
0.2701310237
0.2705110982
0.2670238157
0.2716025639
0.2733182091
0.2731242367
0.2742883980
0.2785555208
0.2776857150
0.2781431492
0.2808400867
0.2813765803
0.2777984769
0.2801847136
0.2837436523
0.2871204949
0.2865102057
0.2848691124
0.2849856773
0.2852119650
0.2848904184
0.2844428540
0.2856121753
0.2840728727
0.2819400367
0.2872937646
0.2900197350
0.2879344457
0.2893783404
0.2909010989
0.2911729130
0.2956077171
0.2974840860
0.2958478845
0.2962443160
0.2970482836
0.2974034134
0.2959561042
0.2942217588
0.2938497857
0.2945901531
0.2952876382
0.1514987615
0.2552886122
0.3342814075
0.3853743979
0.4144140876
0.4209871871
0.4184684819
0.4219497625
0.4243121991
0.4230960986
0.4198352661
0.4165998054
0.4174454055
0.4220257457
0.4274465070
0.4290851121
0.4284757666
0.4242902068
0.4173492941
0.4161193038
0.4192139796
0.4203026276
0.4190836502
0.4286112626
0.4328962894
0.4326654116
0.4401835613
0.4458639293
0.4474616862
0.4518036287
0.4501882680
0.4447082241
0.4413734729
0.4384067980
0.4385443352
0.4390905941
0.4332333796
0.4298819365
0.4261514282
0.4255435391
0.4265433589
0.4276421610
0.4236192713
0.4216909529
0.4211005365
0.4204762893
0.4246224705
0.4257216288
0.4260983043
0.4240497371
0.4246761169
0.4275716360
0.4286896886
0.4312388053
0.4318339385
0.4328220439
0.4365556428
0.4399165066
0.4414194534
0.4429893088
0.4437200085
0.4436627767
0.4447036720
0.4499953591
0.4495764189
0.4460186993
0.4468047750
0.4475148357
0.4500643983
0.4507557532
0.4520411839
0.4536902144
0.4532448862
0.4517420698
0.4514308130
0.4529186334
0.4575213517
0.4613196160
0.4664343447
0.4690330295
0.4701734413
0.4718472656
0.4687422508
0.4634622515
0.4758855788
0.4792183517
0.4706153455
0.4691182415
0.4662315298
0.4743959917
0.4886952773
0.4894180233
0.4950467031
0.5008477010
0.5018637692
0.5018416270
0.5014499989
0.4992914559
0.4996275492
0.4994430637
0.5007416462
0.5011963916
0.4997827433
0.5003309049
0.4994028521
0.4969181572
0.4925825374
0.4932394834
0.4899135313
0.4886919848
0.4903598100
0.4870962406
0.4851752830
0.4863919518
0.4864761261
0.4869170667
0.4900045287
0.4950981105
0.4965492165
0.4945811289
0.4941172612
0.4946767395
0.4957370565
0.4963351135
0.4950357950
0.4944802251
0.4990249899
0.5045076494
0.5071797623
0.5094335997
0.5119265064
0.5109894231
0.5094680552
0.5093203968
0.5080593075
0.5081574711
0.5064031040
0.5046360567
0.5043973639
0.5042358177
0.5094305199
0.5156957687
0.5145158369
0.5026378258
0.4129569850
0.4106905462
0.4740525413
0.5017297314
0.4659981436
0.4399214786
0.3513140255
0.3940439579
0.4060259677
0.4471841328
0.4631267233
0.4573286773
0.4747682869
0.4871637769
0.4862249171
0.4954383183
0.5237627855
0.5196089458
0.5004459811
0.4937629430
0.4547662901
0.4275800431
0.4343942547
0.4231558352
0.3932438484
0.3946744514
0.3825395376
0.3970193247
0.3997304964
0.3829804793
0.3773558355
0.3801103381
0.3933936147
0.4024929451
0.4091186099
0.4212427365
0.4282128613
0.4045559214
0.3728394956
0.3504883614
0.2729410258
0.2495519759
0.2360414812
0.2064536273
0.1993141124
0.1875804095
0.1878193594
0.2143569889
0.2391224251
0.2978855339
0.3744992943
0.4370292276
0.4914534446
0.5612022894
0.6299330760
0.7059921014
0.7915473470
0.9039738566
1.0157312090
1.0958478633
1.1635666252
1.2312864929
1.2637393085
1.2722321665
1.2598718762
1.2215613531
1.1694333809
1.0941094442
1.0354313758
0.9772260426
0.9538615112
0.8623302122
0.8178632253
0.7441413579
0.6817674421
0.5730851969
0.5454935139
0.4594417080
0.4276720032
0.4115696704
0.3815098508
0.3733054171
0.3676332549
0.3817667549
0.3750598194
0.3845283447
0.3852552130
0.3924590984
0.3808078340
0.3803383035
0.3480813562
0.3413737652
0.3141607800
0.3012733778
0.2867060632
0.2862770552
0.2921670804
0.3037551468
0.3290732989
0.3541745517
0.3770739880
0.3940156755
0.4604522269
0.5105796410
0.5797054780
0.6471108640
0.7315025447
0.7584828310
0.7650133119
0.7557790728
0.6992366990
0.6066400626
0.5601928009
0.5661562243
0.5932137245
0.6419736347
0.6580617720
0.7363008273
0.8017958840
0.8187877088
0.8271575506
0.8145055858
0.8058557730
0.7821938145
0.7737644548
0.7872326002
0.7922007308
0.8216125079
0.8616619648
0.8870289410
0.9350467078
0.9498253747
0.9868779007
1.0362608229
1.0602732251
1.0857193899
1.1077218800
1.1071010598
1.1182938015
1.1313929130
1.1014574354
1.0644113308
1.0275968093
0.9820247664
0.9236324590
0.9128736722
0.8765026261
0.8808422337
0.8720743748
0.8964236419
0.9064951557
0.9358097960
0.9777260937
0.9964003271
1.0460171104
1.1141315626
1.1518714571
1.1754741899
1.1987244979
1.2013195276
1.2247479633
1.2328397530
1.2369161322
1.2206978021
1.2228511786
1.2064330606
1.2005791322
1.1665757451
1.1451790385
1.1270898079
1.0912357655
1.0753002446
1.0239071146
1.0197908384
1.0020457190
0.9875692779
0.9823963097
0.9848013166
0.9827399884
1.0002773198
1.0072727838
1.0227291948
1.0423567697
1.0512731179
1.0499166917
1.0535408325
1.0673609404
1.0591712792
1.0566451943
1.0505965633
1.0413338604
1.0507074925
1.0445082030
1.0331680568
1.0294674498
1.0428515286
1.0523002578
1.0648342391
1.0762358800
1.0667945836
1.0583063101
1.0545469314
1.0418664773
1.0226104001
1.0005220913
0.9917705138
0.9942247587
0.9918979753
0.9848396439
0.9660916309
0.9378798041
0.9343978230
0.8979308611
0.9037905451
0.8921279582
0.8860410053
0.9004772651
0.9055982061
0.9181507771
0.9291202536
0.9232284130
0.8963720238
0.9046513040
0.9042144179
0.8955251583
0.8962858517
0.8914676625
0.8886044525
0.8895822590
0.8877592699
0.9036405072
0.8776573374
0.8523360146
0.8087635078
0.7439179771
0.6891300466
0.6527816670
0.6315061242
0.6235051912
0.6245081434
0.6366631884
0.6614049402
0.6906037597
0.7324583903
0.7440069689
0.7250899761
0.7057372111
0.6654848667
0.6188811685
0.5885285522
0.5660406670
0.5091736797
0.4704599087
0.4358740954
0.4090678727
0.3991799444
0.3997298740
0.4021248075
0.4044636490
0.4085757657
0.4202623250
0.4268814784
0.4358320957
0.4546891780
0.4619161013
0.4609675681
0.4536718252
0.4445217551
0.4276275255
0.4087053848
0.3792091010
0.3663805973
0.3401651776
0.3343096351
0.3124889899
0.2992566777
0.2959487982
0.2976589806
0.3117200566
0.3345402010
0.3674584739
0.4103314682
0.4383554385
0.4724039266
0.4950592456
0.5207482411
0.5462466816
0.5557150531
0.5746414892
0.5865473907
0.5840123543
0.5703280708
0.5442729918
0.5277927516
0.5126627915
0.4961149586
0.4811621068
0.4550855735
0.4393542219
0.4180868111
0.4025248681
0.3818479867
0.3593031917
0.3417664387
0.3196812827
0.3138405215
0.3160996101
0.3098241513
0.3111929434
0.3028491506
0.3097748447
0.3114992048
0.3295669112
0.3512920337
0.3734637554
0.3950817498
0.4106480866
0.4110452618
0.4200651451
0.4028977431
0.3817746502
0.3579610481
0.3443858720
0.3316401516
0.3240107988
0.3232533459
0.3344011703
0.3480475846
0.3395193924
0.3380668218
0.3318732135
0.3178291141
0.3204326528
0.3179697889
0.3111007042
0.3132157505
0.3021615173
0.2897132987
0.2815806206
0.2701833756
0.2729981278
0.2674616505
0.2704384333
0.2760842739
0.2719217594
0.2721362078
0.2712091664
0.2696498357
0.2676709087
0.2608249585
0.2540552002
0.2567704200
0.2540890287
0.2582533473
0.2732089829
0.2760765822
0.2768365454
0.2764429635
0.2949018388
0.2962478072
0.3039973808
0.3134837207
0.3470973879
0.3658072200
0.4074179255
0.4143700776
0.4636428375
0.4655020693
0.5005318833
0.4997818627
0.5145846376
0.5122998134
0.5116198242
0.5036236982
0.4971944707
0.4903501962
0.4833712027
0.4797385671
0.4624377087
0.4624713252
0.4636856823
0.4648951670
0.4696732588
0.4800428296
0.4908851704
0.4945962762
0.4998799870
0.5107674050
0.5150565510
0.5287270784
0.5486779595
0.5477493628
0.5811580784
0.6063140427
0.6102773136
0.6134302032
0.6134693319
0.6250623186
0.6385881778
0.6611639397
0.6714381434
0.7046318733
0.7131713177
0.7311640938
0.7327540919
0.7313596229
0.7257657017
0.7137147243
0.6986222973
0.6827456841
0.6801247345
0.6690531883
0.6701541668
0.6537826281
0.6557961732
0.6459183367
0.6376256069
0.6344408423
0.6286726608
0.6260120369
0.6235793233
0.6144542048
0.6158653064
0.6038863436
0.6097380183
0.6201258397
0.6158780281
0.6085732679
0.6085026085
0.6152049108
0.6005282269
0.5925515327
0.6048769665
0.6117713275
0.6202939107
0.6296797413
0.6368686954
0.6400487832
0.6385022142
0.6616069422
0.6681431922
0.6761837490
0.6795671735
0.7148326587
0.7594914678
0.8463577086
0.8944352806
0.9377557192
0.9431136140
0.9568026461
0.9598161963
0.9760396267
0.9885296412
1.0139771589
1.0412831254
1.0514160694
1.0573304081
1.0720240747
1.0823702649
1.0779727097
1.0691172036
1.0513166916
1.0393040123
1.0262768671
1.0199913932
1.0163809982
1.0232001007
1.0306583076
1.0490894835
1.0654692367
1.0771390349
1.0704941506
1.0658630267
1.0330741700
1.0039714757
0.9720840078
0.9359855041
0.8869081036
0.8534277317
0.8335354455
0.8248547851
0.8263379333
0.8299288646
0.8385815085
0.8449840336
0.8600701335
0.8617613656
0.8678742531
0.8699049486
0.8677016928
0.8545793484
0.8461867153
0.8326930581
0.8347243808
0.8368089532
0.8348225001
0.8427179746
0.8335784795
0.8292915081
0.8297503415
0.8346180181
0.8398225756
0.8423204387
0.8378902828
0.8218877180
0.7964987152
0.7796153721
0.7496133819
0.7461695838
0.7419437039
0.7395338843
0.7391022085
0.7468665583
0.7547264371
0.7509059329
0.7484120699
0.7402108829
0.7341095931
0.7133692292
0.7049922211
0.6823141692
0.6567636615
0.6395490872
0.6250331182
0.6055654525
0.5904658663
0.5662600155
0.5814248542
0.5663449458
0.5786436405
0.5737474525
0.5582413827
0.5496948837
0.5415432980
0.5376825039
0.5421877839
0.5260106714
0.5125044049
0.4954017740
0.4877028664
0.4727482787
0.4715748399
0.4681261736
0.4510983569
0.4378283592
0.4234136902
0.3936431361
0.3655634387
0.3342859018
0.3065062658
0.2811241170
0.2577290288
0.2356093514
0.2107217071
0.1942790626
0.1965691059
0.1790121740
0.1734561342
0.1476557809
0.1449095904
0.1193009295
0.1154810987
0.1038420123
0.1000167984
0.1002402579
0.1009819630
0.1081543653
0.1159865611
0.1389461602
0.1579511703
0.1852772086
0.1915254555
0.1851227892
0.1729164734
0.1876423219
0.2226304593
0.2338339533
0.2507211284
0.2796715869
0.3086880002
0.3192411728
0.3096435865
0.2977734694
0.2857339193
0.2791186038
0.2892412517
0.2744990137
0.2791464054
0.3002643564
0.3137276868
0.3334547931
0.3588119409
0.3990288009
0.4335824677
0.4683598185
0.4912836400
0.4872608250
0.4745127445
0.4215413121
0.4081081115
0.3520482845
0.3392922964
0.3582697983
0.3417432006
0.3159735779
0.2671081409
0.2733324455
0.2707557841
0.2887667648
0.3194205736
0.3387102054
0.3387059915
0.3413116977
0.3285047074
0.3108316222
0.3129152897
0.3109229228
0.3082222075
0.3082335674
0.3113137468
0.3184676205
0.3281678845
0.3304117480
0.3374463420
0.3328077462
0.3377823048
0.3357917085
0.3380220155
0.3375576603
0.3441043032
0.3431669093
0.3482149820
0.3561165741
0.3611011547
0.3747143247
0.3757222344
0.3827432417
0.3864370280
0.3968173076
0.3932796624
0.3936355549
0.3977851914
0.4038371370
0.4134805559
0.4123718590
0.4121060531
0.4035459664
0.4001700476
0.3897725898
0.3809283897
0.3797727968
0.3740590192
0.3831159855
0.3817623088
0.3753662773
0.3690080282
0.3560307262
0.3623511677
0.3491096810
0.3594618119
0.3568671460
0.3525760319
0.3458162699
0.3449472901
0.3439196802
0.3341885710
0.3310687740
0.3303173893
0.3255311693
0.3203454750
0.3234019351
0.3260914488
0.3403988345
0.3564971022
0.3586967293
0.3684763118
0.3703251119
0.3590402917
0.3445768683
0.3361096115
0.3316874824
0.3199027785
0.3087092426
0.2986452745
0.2990798128
0.3055754424
0.3175253711
0.3258397817
0.3380190166
0.3386960519
0.3397546945
0.3266722455
0.3205648497
0.3086726165
0.2940318667
0.2658775786
0.2578004142
0.2603572873
0.2564061334
0.2513386342
0.2395285697
0.2294648394
0.2185531264
0.2043800509
0.1960035503
0.1750668092
0.1703368097
0.1575844797
0.1356365387
0.1277850041
0.1233665494
0.1177367648
0.1160642012
0.1136029121
0.1119431690
0.1084130654
0.1012018103
0.1051771720
0.1033144989
0.1102348437
0.1112380266
0.1127466046
0.1176421755
0.1216911085
0.1203891221
0.1210657597
0.1472210726
0.1386441415
0.1370936824
0.1332777169
0.1346736157
0.1307214274
0.1140583465
0.0871908560
0.0671968858
0.0624626942
0.0613700597
0.0627673777
0.0636022332
0.0608542544
0.0519760484
0.0410186606
0.0417257828
0.0612428379
0.0882499870
0.1131622224
0.1527890774
0.1774248699
0.1746148835
0.1713764704
0.1720581293
0.1862500845
0.1819039205
0.1689736573
0.1558595648
0.1448397340
0.1241477551
0.1194513664
0.1181241141
0.1009919917
0.0929677513
0.0942572747
0.1061884367
0.1167868013
0.1261799123
0.1320277140
0.1307836099
0.1262269685
0.1180192659
0.1149943847
0.1175911251
0.1215432900
0.1131218453
0.1128744904
0.1106370137
0.1062555915
0.1003810849
0.0937240490
0.0840672976
0.0829839464
0.0826913331
0.0797492632
0.0813287683
0.0886160804
0.0913945853
0.0859642763
0.0837161239
0.0721327016
0.0627003224
0.0554489477
0.0462767229
0.0430212145
0.0358193322
0.0372407350
0.0293782446
0.0336696719
0.0361561775
0.0468538579
0.0590901052
0.0688628889
0.0757863541
0.0715426805
0.0798149836
0.0997403408
0.1291024546
0.1526078966
0.1665570359
0.1727435523
0.1753989601
0.1595369718
0.1437769038
0.1350803670
0.1394911813
0.1485701277
0.1501304127
0.1593378706
0.1582729087
0.1627170716
0.1713354172
0.1752109939
0.1710388998
0.1699181876
0.1636323119
0.1379426347
0.1047032598
0.0870643222
0.0843591201
0.0706769628
0.0571479867
0.0468812694
0.0445712499
0.0406335354
0.0323975314
0.0268065002
0.0333554864
0.0742703554
0.0933706742
0.1226098666
0.1443703970
0.1457102533
0.1629418224
0.1795439308
0.1837395401
0.1927694165
0.2101488734
0.2302276458
0.2451145905
0.2451831821
0.2451219420
0.2466549969
0.2713751065
0.2993831764
0.3179666035
0.3188905718
0.2993019937
0.3081289032
0.3025888001
0.3144605777
0.3244853281
0.3361547772
0.3595037751
0.3833708069
0.4291405502
0.4506086446
0.4561327774
0.4889607745
0.4811168442
0.4781656588
0.4815151659
0.4888093896
0.4959975250
0.5310343167
0.5406213944
0.5810541148
0.6033066919
0.6532876694
0.6824157225
0.7161042246
0.7406557345
0.7570011400
0.7693335412
0.7734202896
0.7803800272
0.7986267662
0.8045329753
0.8224609329
0.8149913887
0.8148012669
0.8214773099
0.8305385261
0.8501000830
0.8578568192
0.8630430914
0.8571202204
0.8602230041
0.8779185932
0.8803779077
0.8937165902
0.9111736012
0.9188460521
0.9216150371
0.9338472695
0.9378390741
0.9376784494
0.9434128521
0.9509061811
0.9311621551
0.9097531603
0.9010673324
0.8847009832
0.8731356886
0.8661786044
0.8528406909
0.8452110109
0.8576815066
0.8450268220
0.8435214992
0.8395334677
0.8598592463
0.8551515754
0.8655806541
0.8861793959
0.8924919089
0.8961323374
0.9119122711
0.9157773661
0.9182615428
0.9235043820
0.9067528429
0.9083068803
0.9007990494
0.8976128928
0.8881640011
0.8906840888
0.8835112302
0.8778023453
0.8808991573
0.8862238915
0.8894385294
0.9050822448
0.9275680525
0.9457985146
0.9838814299
1.0391649433
1.0459625348
1.0858720188
1.0898845849
1.1022906035
1.1189286539
1.1320844518
1.1272938401
1.1369003854
1.1318523952
1.1339852670
1.1519060144
1.1433578116
1.1432920689
1.1484832919
1.1301740617
1.1336136195
1.1362512898
1.1457795493
1.1556104291
1.1721293043
1.1987018951
1.2047941425
1.2158583578
1.2258448798
1.2241517852
1.2128972490
1.2040093826
1.1991162843
1.2026667161
1.2059646002
1.2075910081
1.2074602424
1.2059982019
1.1935532145
1.1918701134
1.1849565687
1.1793699753
1.1690024119
1.1624231100
1.1537149613
1.1398988953
1.1349252320
1.1319049979
1.1281775340
1.1101882478
1.0976796465
1.0849619872
1.0486954160
1.0215642345
1.0135574878
1.0131661790
1.0038001850
0.9689944211
0.9579278997
0.9236884144
0.9217188360
0.9188600290
0.9176719614
0.8940497175
0.8987448550
0.9064365634
0.9091072204
0.9027019537
0.8987676582
0.8946520190
0.8912252751
0.8587283369
0.8454566121
0.8406921477
0.8144808024
0.8050310204
0.7954050668
0.7737236067
0.7652797056
0.7572252032
0.7277440374
0.7254909150
0.7018115884
0.6900635509
0.6924770221
0.6993830765
0.6804652220
0.6712259385
0.6644160121
0.6503239011
0.6245546708
0.6215248359
0.5706102422
0.5747329788
0.6198042339
0.6441841686
0.6611357288
0.6809536965
0.6719958428
0.6748427330
0.6737139311
0.6421552922
0.6311997790
0.5839927212
0.5324010093
0.4938010203
0.4348865208
0.4137805297
0.4015326306
0.3843737955
0.3781741811
0.3567875026
0.3150069698
0.2887376420
0.2758094631
0.2348795869
0.2295314610
0.2163600433
0.2183564059
0.2226589347
0.2089977045
0.2145268087
0.2052884864
0.2075451852
0.2090771628
0.2082572028
0.2184751330
0.2134532219
0.2148849605
0.2125615285
0.2213250627
0.2278127946
0.2390828540
0.2401983875
0.2483838115
0.2469817791
0.2326436365
0.2446929555
0.2403452148
0.2439548417
0.2410156577
0.2122631520
0.2429327631
0.2314939210
0.2386458026
0.2565972508
0.3315126920
0.3816361343
0.4248050457
0.4471514691
0.4626421997
0.4520701404
0.4371188725
0.4283307930
0.4182475921
0.3966228122
0.3936165406
0.4007089842
0.3896754849
0.3997095322
0.3947979086
0.4041767751
0.4027320163
0.4109671675
0.4273521459
0.4254855085
0.4300577632
0.4396581697
0.4387936811
0.4405502723
0.4592919432
0.4586509637
0.4593335858
0.4686105848
0.4703054122
0.4715347377
0.4708899317
0.4776542420
0.4744509610
0.4688261573
0.4609437868
0.4587101106
0.4731619954
0.4669892786
0.4601923465
0.4508396042
0.4581825839
0.4454837679
0.4390390989
0.4314270237
0.4212425459
0.3941770698
0.3883825868
0.3781510011
0.3761604800
0.3745757710
0.3709479527
0.3758813451
0.3684397372
0.3655439891
0.3651217283
0.3659354263
0.3766671426
0.3864542362
0.3878036542
0.3892298450
0.3958104689
0.4018805524
0.4231309975
0.4297232205
0.4266137198
0.4342192399
0.4284888900
0.4240164314
0.4242637002
0.4464045468
0.4471907674
0.4450622805
0.4579113430
0.4753194453
0.4828699262
0.4824899794
0.4812208552
0.4850145170
0.4814477318
0.4746805570
0.4633941698
0.4595743112
0.4494971571
0.4422241404
0.4355249511
0.4259779682
0.4240846395
0.4251424169
0.4183569584
0.4101867723
0.4080473155
0.4128112373
0.4142522411
0.4111897650
0.4101265125
0.4155024459
0.4071489247
0.3771640209
0.3701609827
0.3610048915
0.3436527614
0.3427630539
0.3353664074
0.3373474998
0.3364415892
0.3257661065
0.3296448467
0.3169377026
0.3270882360
0.3412946533
0.3425842968
0.3571278519
0.3736993504
0.3715512954
0.3913763279
0.3906246490
0.3915371486
0.3928901227
