10.9366328496
10.9440344263
11.0017550810
11.0654083364
11.1421413985
11.2191754608
11.2497426516
11.3978320336
11.4435747625
11.5221981092
11.4667548576
11.5140065042
11.5397188626
11.4588188427
11.5554543074
11.5684976444
11.6320704582
11.5985227501
11.6706167182
11.6658866442
11.6182241267
11.6729421581
11.7713638929
11.7195047846
11.7225077446
11.8366399303
11.7373026792
11.7579010857
11.6746179813
11.9127173302
11.6032514234
11.7409282603
11.8203814879
11.7617536715
11.7604037664
11.7789326185
11.6479259828
11.8124727874
12.0553954986
11.7566928757
11.8230193489
11.9708317282
11.9847014420
11.9908266162
11.8080077330
12.0470121338
12.1014241068
11.9200122754
11.8793091098
12.0172349740
12.0884993791
11.9231941626
11.5462139977
11.5875619206
11.8851003659
12.1754072651
11.9049324396
11.4035803471
11.3628728198
11.6460960549
11.6467353297
11.6634257042
11.7623641442
11.6489637717
11.8646364423
11.6704312360
11.3542392871
11.1420844994
11.3510990220
11.5333835330
11.4350452757
11.3325198002
11.4689174361
11.4462360238
11.5220022620
11.7858176044
11.6529127286
11.7194005079
11.5794843599
11.7420193950
12.2128194605
12.3386284055
12.1959373791
12.7868953966
12.7754037438
11.8558888134
11.7896315492
11.6646697967
11.6864902101
11.6446988733
11.6613075746
11.6106701373
12.0349129863
11.6726137707
11.7289735710
12.0009115683
12.1411225963
11.9983266434
11.8759237973
11.7268401300
11.9373786530
11.9929210574
12.1136466835
12.3107705200
12.3168609582
12.1555556357
11.5239232309
10.8291551019
10.6919660732
11.2374513033
11.7763582251
11.9800614934
11.7770477206
11.7521449320
11.5673177269
11.6101780949
11.6279391030
11.3535144101
11.9047825514
11.5009159048
10.9682537674
10.6893756953
10.4096052030
10.4435239536
10.7094819391
11.4032562407
11.9022405420
12.0752187800
11.7814021756
11.5853764154
11.4548971362
11.2260962007
10.6995891668
10.5756675250
10.9273351700
10.9502544212
11.4715456210
11.9151109524
12.0991962874
11.8590776071
11.9046797633
11.4257899988
10.8771331977
11.0132272754
11.2350857008
11.5293433806
12.0894216907
12.1216476747
12.0281593223
12.2614537492
11.8502203014
11.9118813801
11.8934378878
11.6721824939
11.2754579952
10.9360412014
10.6865074381
10.8356450199
11.3221186611
11.5269700651
11.9415569232
12.6324285729
12.9816264801
12.5141194576
12.2927466593
12.2606906415
11.4110002409
10.8516280542
10.5982184856
10.3719076372
10.4615320021
11.0382757860
11.6447710748
11.8685579157
