10.9498038935
10.9537825771
11.0071721583
11.0644041817
11.1336971284
11.2539682431
11.2788653517
11.4221134267
11.4671911113
11.5448689070
11.4878197138
11.6237368738
11.6500475410
11.5970311845
11.5991251542
11.6152926892
11.6216352508
11.5904380831
11.7845739486
11.7963248209
11.7728817143
11.7826907563
11.6701320978
11.6471927916
11.6864989698
11.9028272486
11.6588447050
11.7180160510
11.4879165525
11.7280104109
11.4207018104
11.5577306449
11.6103159022
11.5526609067
11.5519453367
11.5671392253
11.4372723729
11.5878739311
11.8311953056
11.6078248683
11.6748167025
11.7685838432
11.7182771701
11.7249025997
11.7309509157
11.6034744560
11.7153963861
11.7710957112
11.7423469214
11.7155795766
11.7910592778
11.6121749578
11.5427217917
11.4368456591
11.7050847511
11.8481077841
11.7731681573
11.4158306139
11.4979550590
11.6856557131
11.6972526025
11.8278456242
11.9405269313
11.8340842211
11.8708598278
11.6740962541
11.3699952261
11.1143667103
11.3786029431
11.5187623399
11.5003729926
11.4204497856
11.5299972834
11.4845554783
11.4457884805
11.5912700587
11.4817823346
11.5517358587
11.4278888542
11.5995847137
11.5916518075
11.7171729300
11.5472199262
11.5631945871
11.5604068787
