1.3129446949
1.2888922190
1.3503907463
1.3597034237
1.4062589770
1.4238214707
1.4939090716
1.4853922757
1.5710988626
1.3454317391
1.3761334165
1.4430024343
1.4341176796
1.3800141468
1.3329739117
1.3991309213
1.4544072467
1.3208231594
1.3592502953
1.2575432972
1.4483855881
1.3249175450
1.2492459984
1.3329680380
1.4051236522
1.3059482111
1.3634762509
1.4086911965
1.3193188824
1.2358849295
1.3389881825
1.2986563059
1.3521808859
1.3399751339
1.2638344954
1.1773464406
1.3466467221
1.2944448976
1.3587148715
1.3223778158
1.4867969941
1.3590308603
1.3247401300
1.3213425907
1.2713081773
1.2226930292
1.6139697246
1.6143975757
1.5962578925
1.6747504100
1.6363779509
1.3816709482
1.5237239819
1.2699916660
1.2070277709
1.2941530400
1.2699076780
1.1854905499
1.4688896741
1.5102881320
1.4971327051
1.5365420573
1.6822963140
1.1995539981
1.2742142842
1.6862718540
1.4525131730
1.6040485380
1.6792587216
1.4259720957
1.4511852671
1.3032293522
1.2055073540
1.3336377361
1.3271536118
1.4983090397
1.5219602608
1.2784425807
1.4856566988
1.4141247231
1.2942011817
1.3186438382
1.2290850098
1.3781114970
1.4082392193
1.2793438336
1.1932030925
1.0766202836
1.7142239945
1.4973907534
1.1553694091
1.1532382799
1.7611324554
1.3793191642
1.3828192698
1.2291385297
1.2143563146
1.1928003990
1.3228949508
1.1723302640
1.3945571375
1.5138911357
1.5542641887
1.6849755487
1.8060175712
2.0173760952
1.7413488717
1.5595860362
1.4177391347
1.1964859935
1.4460946643
1.5312674077
1.4273201778
1.4259233381
1.3077478732
1.2959487716
1.3035707932
1.3092498425
1.1958692819
1.1578279572
1.0804817855
0.7510840720
0.7148889850
0.8291400082
1.0361775671
1.3950803894
1.6865705500
1.8173464966
1.7419450665
1.9285124806
1.8204339719
2.1261855828
1.7352070428
2.0082328647
2.1642430926
2.3023778908
1.8148304603
1.8796224809
1.7999449616
1.8580532658
0.9675730509
0.5661729871
0.7319739264
0.7929563708
0.8860883632
0.8769781725
0.4498514830
0.8569047518
1.5075691795
1.7701209213
2.2195452771
2.1490283273
1.8901051365
1.6098136804
1.4506839712
1.3649537175
1.4654276964
1.6614571617
1.6902274921
1.6413649964
1.5782338361
1.4910160083
1.3400745477
1.5788726600
1.6990875493
1.6773888383
1.5947386009
1.7093169014
1.6622167061
1.7660242953
1.7170455409
1.7461297802
1.7623600934
1.6300789702
1.6747062248
1.7754236636
1.6752805654
1.9285991306
1.6546259117
1.7833812366
1.8135035989
2.0899892046
1.7556836312
1.7540749826
1.6621870667
1.3451351303
1.3530030938
1.4507954729
1.5551735799
1.5142141175
1.6786526584
1.8021882884
1.6354365284
1.7239187387
1.8589996627
1.8708706222
1.6730843821
1.5991183463
1.4229871442
1.0359017956
1.0535342763
0.8236370296
1.0620969492
0.9829965972
1.4040307833
1.5617382454
1.8592354470
2.0590488976
2.0749471150
1.8272089670
1.9855812306
2.1069209617
1.8573111544
2.0036257042
1.9323780339
1.9503701711
1.8872082634
1.5366828932
1.5694688806
1.3818239894
1.4337238115
1.1586438098
1.3728428261
1.1454124669
1.2035913327
1.3079385997
1.0874117930
1.1775840892
0.8849235156
0.8906939194
1.1374071780
1.4202390662
1.1702043786
1.3842157375
1.4451540921
1.4347298244
1.4012407290
1.3373535940
1.4399566280
1.5072020138
1.5481876780
1.3366841632
1.3830122983
1.5721870643
1.5796951739
1.6124862426
1.6685235855
1.6824500932
1.4332251024
1.5496994463
1.6261505468
1.5174768837
1.4609015350
1.7209963962
