2.3728470269
2.3497870316
2.3211149261
2.4360812943
2.5495381098
2.5387770164
2.6656347408
2.6494195798
2.6471534554
2.7825345589
2.7899589425
2.8207952533
2.8503398525
2.9981515194
3.0171424475
3.0220338802
3.0389546120
3.0483940800
3.0669728164
3.0863726578
3.2291334740
3.2233281577
3.2245496061
3.2163650490
3.3324336620
3.3256707902
3.4287296855
3.4089867929
3.4980213768
3.5823603048
3.6711769742
3.7610589257
3.7528915033
3.8485094128
3.9427383844
4.0279017169
4.1284826712
4.1223083472
3.8906893102
3.6316017102
3.4506135768
3.4145262001
3.3480987743
3.0459925126
2.9933270751
2.9569986267
2.9305940275
2.9056476438
2.8898654801
2.8941292607
2.9159151575
2.9488775719
3.0176072245
3.0809248172
3.1756060675
3.2477404167
3.3048213356
3.3374977228
3.3845689304
3.4262133070
3.4759664054
3.4952879441
3.5575238305
3.6248824688
3.6443013816
3.6637718219
3.7367078353
3.7574672594
3.7749576427
3.7951590239
3.8594332796
3.8634863295
3.8812500274
3.9327801951
3.9198023247
3.9679625963
3.9777781991
3.9785138941
4.0467381309
4.0506913879
4.1186563138
4.1264217359
4.1904567066
4.1970328123
4.2580606013
4.2694356981
4.3360008938
4.3669558163
4.4084339041
4.4433187010
4.5309147206
4.5781370712
4.6630183846
4.7360824680
4.7688870206
4.8455655392
4.9157932837
5.0300955239
5.0798802955
5.1580112505
5.2875146406
5.3547577616
5.4187652396
5.4789146633
5.5180547078
5.5574079884
5.6247889194
5.6790599115
5.7360808602
5.8097860382
5.8968591484
5.9844235411
6.0490664457
6.1215728405
6.1884543762
6.2696135010
6.3327289627
6.3832875447
6.4476875842
6.5040191291
6.5533995754
6.5900993727
6.6212757031
6.6463332218
6.6521844266
6.6630821155
6.6627705781
6.6594570100
6.6493738837
6.6402331537
6.6310470971
6.6242556204
6.5946045668
6.5558722968
6.5097761152
6.4480727652
6.3678998452
6.2780820438
6.1815477654
6.0541282121
5.8899555069
5.7298121157
5.5910353758
5.4598142448
5.3172166122
5.1842103995
5.0672617673
4.9567744635
4.8666996709
4.7481687651
4.6889290724
4.5821442836
4.4751879851
4.3636003978
4.2464244148
4.1369931527
4.0270658692
3.9113729981
3.7625338477
3.6750501811
3.5912662899
3.5050078793
3.4183934311
3.3346983866
3.2386858998
3.1387506287
3.0405972640
2.9416345031
2.8301405452
2.6815451696
2.5115332939
2.3615555384
2.2132378899
2.0981366694
2.0081255746
1.9154939791
1.8434830252
1.7817884792
1.7297310090
1.7366982822
1.7142561202
1.7176947238
1.7887643748
1.8346601921
1.9070095569
2.0045043772
2.1383451938
2.3993172155
2.4644102348
2.5129808647
2.4965039674
2.5142470315
2.5315331429
2.6022385542
2.7254763054
2.8303857664
2.8642819635
2.8850590846
2.9510767518
2.9797153221
3.0003934604
3.0524186546
3.0799273646
3.1307534358
3.1374617129
3.1642036861
3.1861155299
3.2936547556
3.2633738471
3.3024311286
3.3295061281
3.2890241455
3.2977168853
3.3715281254
3.3959188000
3.3761797600
3.3169222718
3.2742544029
3.2415705511
3.2121184961
3.1822051260
3.0821518645
3.1079944006
3.1692108486
3.2140367302
3.2604787288
3.3054817297
3.3522177747
3.4008401599
3.4330345396
3.4466355250
3.4951012507
3.5175065620
3.5868549170
3.6157179074
3.6099910841
3.6783860071
3.6905521156
3.6975879352
3.6845606822
3.6725862406
3.6289115896
3.5842996964
3.5074671865
3.5064685551
3.4874605581
3.4738767851
3.4527406120
3.4250096276
3.4033517320
3.3564683057
3.3477859762
3.3142784147
3.3141655677
3.3136434448
3.2909498069
3.2808417278
3.2713351994
3.2729038977
3.2673183740
3.2601797824
3.2564528201
3.2453566802
3.2464163001
3.2473223223
3.2482469479
3.2485169186
3.2437426638
3.2369809916
3.2306473306
3.2239117279
3.2190085489
3.2149789272
3.2399977266
3.2661156325
3.3174577827
3.3560687380
3.3959377470
3.4415018610
3.4947351641
3.5489605129
3.5500697358
3.6007412443
3.5987073798
3.5963965358
3.6450063211
3.6479746849
3.6535017902
3.7125255043
3.7209828439
3.7216750536
3.7295835723
3.7307269556
3.7888578243
3.7852809187
3.8410929826
3.8263923072
3.8690981077
3.8604764218
3.8969184712
3.8937130055
3.9184723635
3.9087022220
3.9218795089
3.9238938510
3.8982963907
3.8632907407
3.8585572298
3.8229557040
3.7892779903
3.7567976233
3.7348205709
3.7229827746
3.7217273843
3.7928493560
3.7843616694
3.8293249914
3.8642407673
3.8502415001
3.8760240824
3.8937821823
3.9018156697
3.9018473943
3.9256899226
3.8949154916
3.8350144719
3.7512790441
3.7035932229
3.6334105407
3.5708687227
3.5139995923
3.4382973467
3.3488381004
3.2770760432
3.1800953608
3.0835983123
2.9653672353
2.8733710192
2.7423555019
2.6240651314
2.5140095495
2.3771071178
2.2118807869
2.0642505546
1.9258753194
1.7704990891
1.6444536225
1.5726092206
1.5300027549
1.4888705814
1.4542161078
1.4482534285
1.4142543117
1.3841214815
1.3681846920
1.3498682810
1.3301861530
1.3210127603
1.3621157803
1.3601345425
1.4499478360
1.4526452223
1.4156028932
1.4174144803
1.4112271259
1.3602693524
1.3453749620
1.3325993606
1.3782168586
1.3749175433
1.3401207043
1.2974460913
1.2361025945
1.2187255365
1.1979632768
1.1800098648
1.0974526338
1.0433359524
0.9885829744
0.9427559852
0.9027718686
0.8727127816
0.8584066547
0.8374207869
0.8093086223
0.7960963020
0.7901140978
0.7771278647
0.8019729137
0.7532787446
0.6472017729
0.6714740179
0.6687459571
0.6010340453
0.5529243437
0.5183510169
0.5110904671
0.5028947840
0.4881253083
0.4690530505
0.4563843767
0.4401883592
0.4223738115
0.4334628412
0.4370259297
0.4693165978
0.5065391332
0.5229716446
0.5427512327
0.5805650353
0.5981271564
0.5963688807
0.5830859717
0.5710868422
0.5701673923
0.5634494608
0.5738644583
0.5721147891
0.5869895270
0.5940990483
0.6143521785
0.6237824497
0.6363655417
0.6282363258
0.6279498907
0.6194760141
0.6057313112
0.6036945676
0.5966374443
0.5920651756
0.5917179420
0.5955478540
0.6199740793
0.6431384079
0.6951382231
0.7646723153
0.8228890167
0.8752462917
0.9146723361
0.9407766461
0.9723549978
1.0020393636
1.0256771463
1.0480233356
1.0662005091
1.0899373996
1.1131413122
1.1535854008
1.2431429775
1.3743755853
1.4057575668
1.4098208132
1.4022516029
1.4169259573
1.3977836244
1.3899271157
1.3689996368
1.3528239635
1.3307781780
1.3173201577
1.3101762208
1.3139411078
1.3004003932
1.3277022449
1.4394191698
1.6861314931
1.7760880909
1.8304820794
1.8740215805
1.9016848666
1.9415405450
1.9425290501
1.9979768993
2.0093677213
2.1245264850
2.3044204837
2.4342553012
2.5324476485
2.5511230468
2.6067891383
2.6597243788
2.6852524748
2.7182909291
2.7508956998
2.7865826611
2.7648189352
2.9284679822
2.9989369223
3.0282127479
3.0781707087
3.1258653712
3.1143804373
3.1030587560
3.1468024362
3.1375949045
3.1905223369
3.2460481649
3.2421974846
3.2967852709
3.3639207613
3.3565383490
3.3587796842
3.4329984809
3.4554169196
3.5324145751
3.5950256036
3.5963644513
3.6598452785
3.6709305558
3.7385179834
3.7345447815
3.7737126483
3.8148674229
3.8621016410
3.9045976399
3.9145217680
3.9233794754
3.9392864953
3.9342440589
3.8934226154
3.8653941583
3.8889008478
3.9207458491
3.9523684219
3.9850515362
4.0171547246
4.0376380833
4.0506612200
4.0652948016
4.0555061153
4.0495658380
4.0316686130
4.0219543181
3.9927216434
3.9709254923
3.9672144360
3.9533068021
3.9438081612
3.9237289943
3.8947992674
3.8511729696
3.7978925474
3.7315783827
3.7086934144
3.6551768911
3.6142820630
3.6112709340
3.5709418911
3.5663018321
3.5289047065
3.5001288333
3.4801826201
3.4785155589
3.4290310860
3.3990765450
3.3981758656
3.4703936725
3.4578852806
3.4763887491
3.4697265310
3.4842745512
3.4832615814
3.4809380845
3.4725227913
3.4668309510
3.4571761392
3.4610357914
3.4770359443
3.4659547770
3.4351386786
3.4122266426
3.4125184611
3.3955870006
3.3845706538
3.3792105236
3.3334836671
3.3008271038
3.3005565419
3.3107612943
3.3326638943
3.3427183166
3.3735535857
3.3825036262
3.4295295955
3.5084733668
3.5877288353
3.6443975292
3.6926344060
3.7197908601
3.7384098300
3.7708358327
3.7668028558
3.7827959471
3.7790845530
3.8049374875
3.8116914766
3.8139003513
3.7583908744
3.7638088266
3.7325125467
3.6882595464
3.6254393475
3.5715023710
3.5238176509
3.4234127841
3.3938111488
3.3760028542
3.3525670583
3.3344852077
3.3265132890
3.3175052609
3.3031247767
3.2977014904
3.2951146480
3.2982559268
3.2980330462
3.2984766239
3.2977988121
3.2865746670
3.2753870076
3.2699659536
3.2565517548
3.2451731985
3.2514477298
3.3019372989
3.3753835999
3.4420353550
3.4524725388
3.4334491991
3.4547200336
3.4598232081
3.4563793937
3.4929223446
3.5830338783
3.6728223165
3.6708441046
3.6519237682
3.6074485424
3.4858461760
3.4080066079
3.3511756673
3.2886627501
3.2620426608
3.2008414021
3.1475405685
3.1288881529
3.0936146925
3.0907761894
3.0846864068
3.0441140850
3.0382047675
2.9964214693
2.9759666119
2.9530843610
2.9331645651
2.9315589207
2.9366660827
2.9509247998
2.9519031498
2.9559159667
2.9500040215
2.9487044889
2.9576137539
2.9375711757
2.9238117354
2.9346810880
2.9318272994
2.9486811775
2.9704690083
2.9653579891
2.9722197736
2.9851173933
2.9960640107
3.0038282224
3.0049983165
3.0109294067
3.0105972217
3.0262995249
3.0352525730
3.0454951568
3.0583493585
3.0916542141
3.1341671016
3.1561687279
3.2061108713
3.2537448950
3.3031995448
3.3508007457
3.4192289041
3.4854168687
3.5411584355
3.6218962616
3.6740885203
3.7258342656
3.7657364859
3.7906017342
3.8177431612
3.8447881781
3.8493283414
3.8703342335
3.8862411058
3.8913980057
3.8574975675
3.8393130746
3.8214408955
3.8314728988
3.9084446178
3.9125759134
3.9080569483
3.9252190514
3.9299366389
3.9249393672
3.9548078854
3.9523297510
3.9511727088
3.9459691945
3.9301287479
3.9078643117
3.8853262694
3.8967063798
3.9072024900
3.8528762452
3.8603853350
3.7414800342
3.7168970292
3.6361563506
3.5952986522
3.5693499161
3.5129516569
3.4400868080
3.3494552650
3.2654143046
3.2133868880
3.1918555995
3.1290654951
3.0359785739
3.0058614397
2.9877253220
2.9460316614
2.9052557160
2.8857227118
2.8624335769
2.8393839898
2.8814260444
2.9658632982
2.9492620599
2.9783973535
2.9891069619
2.9858920993
2.9748583799
2.9600020308
2.9467579860
2.9458452592
2.9461361704
2.9492192143
2.9548953942
2.9634050684
2.9675539814
2.9671573055
