8.5778771630
8.5887390576
8.5666761596
8.7959505675
8.4733243585
8.6675360592
8.7065868148
8.6338754708
8.6193660545
8.6141592065
8.4602629092
8.6021864834
8.8284666959
8.5792605344
8.6463655592
8.7318572695
8.6676582022
8.6664904321
8.6598499553
8.5131178231
8.6122163657
8.6529504556
8.6001309697
8.6342027471
8.8535816646
8.6850682852
8.4779084623
8.3476876967
8.3252045625
8.4190716524
8.3844847226
7.6607812890
7.7118174266
7.7725375665
7.6863245125
7.6757882354
7.6939750806
7.6043646025
7.7645406549
8.1601421993
7.9301110079
8.1649169625
8.2428684880
7.8451852899
7.5747291829
7.3094048955
7.3886095288
7.1897619856
7.7514251895
8.2164239654
7.9020029277
7.6887503010
7.4858415162
7.8667317166
8.0097258209
8.2480052894
8.1259877519
8.0374876145
8.0628073567
7.9972499553
8.0311561277
8.2164566367
8.0683055464
8.0735973840
8.0639154902
8.0117049375
8.1338346874
7.9635310133
7.8851775254
8.0694650251
8.1657934418
7.8244664257
8.1135156128
8.3422016702
8.2865319786
8.2735251034
8.4174772501
8.4563220067
8.2988544662
8.1021905639
7.4488139648
6.5049941448
6.0338925502
6.4380897670
8.4027873803
9.0666677782
9.4938881543
8.1250464808
7.4348254430
7.2292579759
7.3902248440
7.1572888233
7.6219060593
7.4723829794
7.7014353635
7.8340020709
7.7481945767
7.2450568171
7.2650424882
7.3371676881
7.5793803737
7.7753254114
7.5099132900
7.5051072796
7.3771501778
7.5928898363
7.6631395434
7.4999627695
7.8617615611
8.0849773172
8.6137867664
8.9715656036
9.0234897714
8.4732529295
7.8715093281
7.0567575138
6.3934316911
6.7391541513
7.5582000663
8.4138249954
8.9640302124
8.7585487209
8.1808173650
8.3104035402
7.4389548177
7.4302404695
7.4421480543
8.1434772976
7.6624769837
7.2142454493
6.9269851880
7.6636223802
8.3990109732
8.2397806439
8.4591472168
8.9712550085
8.8435164809
8.3097135352
8.0934548950
8.6862618007
7.8486464232
7.3406256902
7.0850712295
6.6495082053
6.5912061011
7.2256653216
7.9809259866
7.9793603764
7.6759767150
7.5651009502
7.5515886651
7.9311360733
8.1707332571
8.2400925874
8.3264050077
8.3743788384
8.1459060756
7.9233855513
8.6233882187
8.1985794488
8.3797569182
8.0910194435
8.0759447521
8.0890498924
7.8742628715
7.9435369448
7.7023657752
7.1793780128
8.1297259647
8.1442169918
8.1122207985
7.8476754310
7.7585360818
7.7488287868
8.2172150079
7.8093271033
7.3500211993
7.6902498346
7.6569661247
7.6632382863
7.7772480212
8.0172155397
8.0936889130
8.4421849412
8.4210236787
8.2777836862
8.2893349736
8.1681703574
8.2469627711
8.2409732286
8.2030541120
8.2219900302
8.1374311059
8.1019019473
7.9012917604
7.7041608529
7.7176445212
7.4151649429
7.3441039331
7.6296435377
7.4724176060
7.9292027359
8.1726569219
7.8079453753
7.5184506984
7.8182869194
8.0446858917
8.3377161945
8.1035107343
7.9087160799
7.8527093909
7.9774837374
7.6068587679
7.6071953490
1.0518626477
1.0906178184
0.8498692135
0.4916868878
0.5163329596
0.3113416938
0.3698680743
0.4348155020
0.2570270500
0.2342253184
0.2592850324
0.3241716710
0.3594646379
0.2480452463
0.3070067608
0.4198240978
0.4698573972
0.0996328171
0.3737748314
0.3214276336
0.5270149208
0.6170102675
0.6882905128
0.2387704509
0.4323564566
0.3883307552
0.3494100390
0.3957768282
