0.8746764081
0.8712043319
0.9319256728
0.9381313119
0.9666708567
1.0610748823
1.3246546392
1.1742238079
0.9690495096
1.2073146037
1.4727955273
1.6433847345
1.6887228458
1.3156999988
1.1032180846
1.2531627088
1.0416977003
1.0959379033
0.9908434432
0.8706078441
1.0816200725
0.9641022894
0.6700083371
0.6233741129
0.7254369120
0.5972723778
0.7241113779
0.6732278919
0.6312401159
0.6313469333
0.6628612471
0.6157252605
0.7548389201
0.6481399973
0.6131276976
0.5719803340
0.6436575190
0.5285630210
0.6781323637
0.6989045094
0.6266053382
0.6399021800
0.6587371551
0.8089193337
0.9181296296
0.6875849230
0.5624834696
0.6184227181
0.9194257971
0.7799578351
0.7368811998
0.4043381426
0.6930863800
0.4397113701
0.5417585389
0.6683957107
0.6570275297
0.6388805907
0.6556832861
0.7566229968
0.6445983707
0.6630436908
0.6569490306
0.5429276998
0.7213334479
0.8625145821
0.6401361213
0.5612590797
0.7896314089
0.9470331849
1.2875711224
1.3515481521
1.3296566140
0.7018212602
0.8099377757
0.6885339718
0.7611299081
1.0405914941
1.2612103625
0.6714571374
0.5192179716
0.7406307402
0.5117825114
1.5104844635
0.7251328196
0.7913230562
0.5892076821
0.4861844370
0.7484798264
0.8974480167
0.8477313001
1.1456605049
1.0120210582
0.9786726092
0.9481250781
0.7847000340
1.2064246761
0.9536405864
0.7695002960
0.7194986549
0.5998296599
0.7222822883
0.8172956509
1.5429601005
1.5674015116
0.8790220538
1.3136758100
0.9291796822
1.6257204414
1.0036540200
2.5166260355
1.3828496707
0.6606670911
0.7763854354
0.8172865354
0.8338633856
0.7160691812
0.7178122128
0.5667979176
0.4816861519
0.6971585698
0.5312592561
0.6903528787
0.5897762100
1.2938633223
0.8362211943
0.9501198927
0.9878967317
1.1940368133
0.8592909978
0.9894304542
1.0052879392
0.7593576386
0.9592269176
0.8451906618
0.8690985663
0.7054648290
0.7027264529
0.9287475292
0.9203229414
0.8032832956
0.8839010599
0.9500270759
0.8461379850
0.5589880808
0.6897166079
0.5748900738
0.8661218883
0.6733565124
0.7166318045
0.6814162182
0.8308067399
0.6621954523
0.5791419020
0.7867725331
0.9730505274
0.9021069033
1.0729631668
0.9228955237
0.6550124630
0.6412277945
0.6310500891
0.4865666591
0.3886978035
0.7782242604
0.6823813081
0.6649699938
0.7185168959
0.6123048042
0.3868548111
0.5028563594
0.4331566124
0.4168179054
0.3106409669
0.5454696619
0.5747520918
0.6764304504
0.7188842929
0.6145337441
0.5610044082
0.6870766135
0.6525206194
0.6965553393
0.5666257780
0.5815191636
0.7844021760
0.8563777172
0.5937988907
0.5274387332
0.6410835297
0.5062827824
0.5806707911
0.5607184264
0.5886325137
0.6232648147
0.7162719825
0.7458227636
0.6378850140
0.5009645625
0.7967582979
0.8718264435
0.9062239605
0.7239923566
0.8579647097
0.9302570921
0.9554442179
0.9826105515
1.1582883762
0.9457402506
0.8890369473
0.8878411012
0.9650823336
1.0462789229
1.0027277796
0.8970495461
0.8843622088
0.9898465416
1.0326823751
0.8811265398
0.8545138326
0.9581822788
1.2253222688
1.1468776773
0.9999537817
0.9395268493
0.8690835267
0.8796812383
1.0170248677
0.8754580138
0.8504383214
1.1118317171
1.0569158535
1.1764322215
1.1947776553
1.1566048238
1.1388297787
1.1413687639
1.1290919058
1.1512030111
1.1194884666
1.0458685858
1.0996057280
1.0703688424
0.9629635972
0.9923086849
0.9876146990
1.0291224110
1.0498348308
1.0392131909
1.0164259759
0.9021035870
1.0571020460
1.0224066406
1.1044181920
1.0534180855
1.0144760993
1.1600614351
1.0455203061
1.0191557866
0.9213343641
0.8055232459
0.7758074815
0.9528546730
0.9126809551
0.9707799378
0.6002674749
0.6777284758
0.5592808183
0.6676939194
0.6672852162
0.5540257916
0.4440109989
0.4111226540
0.4413882765
0.5009056478
0.4509427007
0.4888643322
0.5881033345
0.6431300058
0.6209157533
0.5111234194
0.5615771994
0.5057865976
0.4668414673
0.5578291564
0.6182264878
0.8349977974
0.8019488063
0.7382328003
0.6267654296
0.7850293091
0.6409253294
0.6157120043
0.9300799438
1.0156349321
1.0375896632
1.1281629761
1.1485253852
1.2329580942
1.2847419214
1.4748910821
1.4423840678
1.2708828362
1.3020607048
1.2328976088
1.1701059144
1.1554207304
1.1767075826
1.0380822869
0.9838670595
1.0515457882
1.0869478099
0.8007089810
0.7533537474
0.7001913514
0.6335595880
0.4689771377
0.6455352179
0.4828486166
0.4869529566
0.6448241024
0.7376712591
0.8235475063
0.7500306861
0.8843462149
1.0946279746
1.1211502846
1.1912544657
1.4218946052
1.4898137336
1.4157038507
1.4881075516
1.2903600461
1.3530566702
1.4620669551
1.0720658251
1.0866996721
1.1037147840
0.9809430045
1.1500093455
1.2441413638
1.1476779556
1.1107533519
1.1843658062
1.3510338959
0.7553009521
0.8347688910
0.8710496121
1.0229181698
0.7935921813
1.0473332731
1.0979990167
0.9214192870
0.9130773623
1.2966830338
1.4405266932
1.5798182199
1.7054273919
1.9446777130
1.8199287166
1.8131262797
1.7691095807
1.5707167480
1.8740079957
1.0594154919
2.0519858605
1.3384421497
1.4111095603
1.4357953002
1.2113072354
0.9855888729
1.1980515648
0.6936485963
0.4383124612
1.6250237033
1.6413447908
0.5958704904
0.6668039805
1.1787322015
0.9340712937
1.0451617845
1.0928281505
1.7385332695
1.6756328286
1.3978734577
1.4302356269
1.5809358550
1.4755492019
1.8795759008
1.6085361807
1.4644368358
1.2711139993
1.4424132283
0.8249070739
0.7791348575
0.6049029204
0.6284010278
0.6573428464
0.5769346292
0.9434914535
0.7120638608
0.9504793229
0.6513270159
1.0057226136
1.2360458614
1.3686023911
1.2731208227
1.3439357502
1.4656592990
1.4935460637
1.2966862026
1.4628988338
1.3991020960
1.4255178052
1.4093713203
1.2747491252
1.2954521996
1.0245887286
1.0024778309
0.9368328402
0.8536850873
1.0269071595
1.2016806402
1.0517563678
1.1030047367
1.0829582251
1.3512564887
1.6434668466
1.8246469562
1.9348674645
1.9087673064
1.8376624652
1.7971830169
1.6181730652
1.6025791026
1.5808756831
1.2566587647
0.8311414778
0.7357743042
0.9024561009
0.7902129180
1.0695705508
1.1293594040
1.1669648443
1.2575729358
1.3334114461
1.4981021230
1.2890008323
1.3712775945
2.1291239741
2.3173337739
2.0152542087
1.9056439772
1.9080310691
1.8709243421
1.3991924392
0.9884551566
1.5630945479
1.4840960131
1.3253819333
0.7702585296
0.8618932849
1.3568290179
1.0441491688
1.3275530865
1.1270611898
1.0620102529
1.5709166367
1.3375993663
1.2795496302
2.1144310756
0.8836633572
1.1434155760
1.1187847119
1.4524264597
1.2584020087
1.3369834710
1.3456485932
1.5732698768
1.9640138450
1.8021255123
1.7594493331
1.7420522503
2.2252875883
1.4838277593
1.5774112275
1.5634549128
1.2582419505
1.7250329231
1.7893777249
1.2010992595
2.9683609745
1.1289223140
2.6206290438
0.6785814653
1.6657140463
1.2771617589
1.2155630301
1.1465836370
1.2747655967
1.0426216411
1.4342161568
1.5319743970
1.6474650047
1.4955384217
1.8328700381
1.7424892256
1.7041912428
1.7219197496
1.8793166267
1.7051194282
1.7152862013
1.3938146406
1.6282198288
1.8146234201
1.5604038518
1.4827371330
1.4873147936
1.5881712963
1.4285982154
1.4067852893
1.3902428003
1.1982747667
1.0800446383
1.3296802263
1.1881775698
1.1226548903
1.0380575650
0.7709206393
0.5917481907
1.1214463955
1.1670380282
0.9659335358
0.9769719386
1.1133594014
1.1411688416
1.3296042874
1.5533397083
1.7689436135
1.9831309090
2.1837170320
2.0540302601
2.0596758406
2.0436005162
1.9890950748
1.9864431739
1.8122360239
1.6873524040
1.5181902467
1.3512255936
1.3452872567
1.5170270207
1.5072753593
1.4718079997
1.2623068897
1.3890736793
1.3731795048
1.2650045411
0.9915371350
1.4457274013
1.3078312286
1.4483411849
1.1832327722
1.1988745721
1.2034697738
1.1197596833
0.9863351069
0.8900664826
0.7642686587
0.4285058423
0.4693087092
0.9489938939
1.0379183229
1.2857561061
1.6937905850
1.9230107246
1.9504606361
1.9777157446
1.9925145047
1.7851447569
1.0070727940
2.4889160685
2.3380355214
2.2253801555
2.6315711281
2.4255151482
1.6552660044
1.5146460703
1.1723607229
1.0701578275
0.9821120530
1.1431031003
1.1756438525
1.2350045864
1.4034958436
1.8505391707
1.8144057770
2.0089690672
2.4249447934
2.7813085212
1.6535430123
2.7220097132
2.1332979349
2.1621575064
2.3105871002
2.1348573481
1.3037807239
1.2763339900
0.9691495293
1.0635671204
0.7728963396
1.3064666284
1.2458939295
1.2105737040
1.7790378111
1.7287184763
2.0699364088
1.6886026907
1.6803637684
1.6641342781
1.8019293219
1.5775050376
1.5707680963
1.3014784138
1.3139062255
1.0879660795
1.0778853720
1.2424807023
1.3196341031
1.2561684332
1.2560342055
1.3415625344
1.3814787129
1.2994832170
1.4157799376
1.3880718642
1.6696425372
1.7970324644
1.9483969785
2.1420262607
2.0734363970
2.0018529280
2.2301960198
1.9777596962
1.8293465694
1.9005980034
1.9250394972
1.0742863219
1.2137753412
1.1529351371
1.2076210539
1.0202376275
1.3204025020
1.1063407895
1.0118747786
1.2748674750
1.1712688670
1.3007419015
1.0347766736
0.8837232832
0.8805624429
0.8093054887
1.1644220119
1.4611730121
1.4349297265
1.3375919921
1.4575895934
0.7341155857
0.6754573865
0.7784812799
1.3314095253
1.2635766255
1.0599553625
1.2955942131
1.8308946290
1.2729909567
1.4763778929
1.2776831236
0.9672077116
0.7865954776
0.8107379953
0.8886651992
0.8343854126
0.6547484722
1.2117173990
2.1274640846
1.1502962593
1.3391679200
1.7344162950
1.6261446825
1.6662921803
1.7923845272
1.2888807838
1.6024763448
1.5748212447
1.1901874106
0.9920419378
1.0881231245
0.8580147288
1.1607452471
1.0055837613
0.8635213647
0.8992712561
0.7454548523
0.6864360909
0.5954156616
0.4908370090
0.2739630593
0.1675089507
0.4441227140
0.8142138137
0.6289654418
0.8175667925
1.0215178496
0.5686805166
0.9175055895
1.1700024461
1.1755687634
1.0959031449
1.4735828956
1.6426219314
1.2383655975
1.1277930039
1.0839069860
1.1063212975
1.1448937626
1.1005754552
1.2045746822
1.3792311157
1.3571232763
1.5344162594
1.3428737725
1.1099864212
0.9210062302
1.1077138214
0.9781660855
0.5789170187
0.4702672022
0.8547963194
0.8951124257
0.9596341329
1.1785194047
1.0460623898
1.1073739014
0.3439241391
0.8246439412
0.8279831070
0.9306865518
0.8101494715
0.9810878240
0.5984711681
0.6932952010
1.7823774582
0.9364385799
1.4100243899
0.7618444856
0.5033830621
1.8121000665
1.8166015906
1.5922621719
1.5203822901
1.3092574283
1.1927043520
1.1229816034
1.1287538861
0.8840125733
0.9396094930
0.9463785286
0.7469979249
0.6005070273
0.4568208126
0.6259625088
0.7999488648
0.9170497147
0.6389853430
0.8180737274
0.9444733334
1.3407816079
1.5795920776
0.5864784525
0.8441015288
0.4242544690
0.6825171798
0.5071925586
0.8282498009
0.8133663390
0.4363002027
0.2619757658
0.2829102326
0.2187114294
0.2041122659
0.3270616919
0.8078197259
0.8287820261
0.6096032126
0.9507336973
1.2941219548
1.7129900710
1.6023175211
1.1485284667
0.3694201945
1.2960502145
0.7023094862
0.6409980814
1.5487786963
1.3294670603
1.3224598752
1.1909534074
1.2643311330
1.1138754847
0.8549457748
0.8919987497
0.8195080361
0.8001920204
0.4690047489
0.3531774790
0.9200428475
0.6580178045
0.5037963962
0.5960606766
0.5821377077
0.5173097682
0.3331084316
0.6923608739
0.4747634818
0.1724518495
0.1548459669
0.0827807713
0.1564426669
0.1143569126
0.2332210576
0.3852165453
0.3890070605
0.5593376279
0.9637712931
0.8254902037
0.4032868726
0.3571627399
0.5846410049
0.4683639561
0.4691308978
0.1775257511
0.6305368280
0.3601959233
0.4188696872
0.5262094269
0.4386831615
0.5247612689
1.2000002197
0.9716250675
0.7817931284
1.4106520789
0.8863821199
2.3069863008
1.0735189093
1.4449861632
0.1007969339
0.4400630410
0.5243705564
0.4893094155
0.4094136106
0.3361652741
0.5325101281
0.4747617208
0.7947197025
0.5688258385
0.2612144890
0.5135442612
0.4167619476
0.5040658934
0.7170000455
0.8287687915
0.8707521004
0.6823102904
0.5603531927
0.8158752931
0.7682820936
0.8937750482
0.3041169394
0.3692658966
0.2641432637
0.2444841810
0.2899135576
0.3059302418
0.3393211290
0.4059170531
0.6236230477
0.7944797782
1.1635873510
0.7875898653
0.6112530016
0.6602810379
0.5542272310
0.5681475157
0.5406017131
0.2155587249
0.2747104040
0.1857384682
0.0166125703
0.1615108472
0.1319475429
0.3378366005
0.5957272833
0.3005756767
0.5827302206
0.3781610604
0.4660202933
0.8219799699
1.1789713374
0.8133321778
0.6726883334
0.6535008496
0.8534704506
0.8569531033
1.1037820284
0.8572741143
0.9631907548
1.1048823228
1.2387467664
1.4478079701
1.3640860515
0.9282696372
1.0018439745
1.0441912089
1.5264290515
1.5197021246
0.7900991753
0.7940854597
1.1130420342
0.8146353181
1.0213372415
0.7872087722
1.1178981516
1.0442252543
0.5223834048
0.8021983216
0.4792579098
0.7075279942
0.9608788001
1.0650756309
2.0386602721
0.9231064434
0.4217556100
0.7281122033
0.4356875739
0.5051528255
1.9186330319
1.7927095299
1.9084796565
1.8891100143
1.4104396637
1.5860574581
0.9809442428
0.8344511938
0.1843165986
0.1473339737
0.2281421662
0.4135536399
0.4753558543
0.6960205422
0.9463308717
1.3244293253
0.1040469438
0.2758985600
0.4794880836
0.5986307774
0.7379663234
0.9801657012
0.8881446350
0.7516195410
0.9061589779
1.2372745531
0.7475829119
0.6867205963
0.8067238723
0.6312734911
0.6299957906
0.8201711823
0.8968262749
1.1470745642
1.5720868770
1.4724114930
1.5110834426
1.6799509059
1.7559429179
1.9074290626
1.7131459216
1.7455822083
1.5323298651
1.3619655405
1.2312906333
0.4235027015
0.6233236505
0.7707266985
0.9243985396
0.9632036182
0.9622847862
0.7286704381
0.8541839942
0.7695026841
0.5456995733
0.8106999121
0.5950918462
0.6246834991
0.4637503231
0.8449017760
0.7528303040
1.5218700166
1.7719578324
1.4140047510
1.4833873480
1.3141580493
1.3172342782
1.1100858015
0.9205769956
1.5079003382
1.4583656856
1.4158050447
1.8627717292
1.6279749393
1.4388594676
1.6039658174
1.8808259846
0.9025395829
1.3958990932
1.1072161071
1.2034028435
0.8843091969
1.2480912866
0.5745097005
0.8397033957
0.7660667063
0.7242954670
0.9317457443
0.8256698699
0.6476207371
0.4971293721
0.6575023619
0.6020204299
0.6906323331
0.9523200734
1.0633623585
1.1166156444
0.9694629534
1.0809219801
1.3145752792
1.2681096870
0.8458629968
1.3921823486
1.5970852999
0.9457812707
1.6855546362
1.1062376569
1.4814398957
1.3459889294
1.2613262615
0.9266507251
0.9842790971
0.8736197926
0.9357043837
0.9867027473
0.9887863379
1.1506809051
1.3213656646
1.4863797027
1.5437270730
1.5645226753
1.5757167492
0.4235098363
0.8010440024
1.1240380800
0.2401868960
0.3187826428
0.3178999546
0.2753188081
0.4780709680
0.7404936834
0.4461522807
0.4186257917
0.6025395495
0.5631218189
0.4788020712
0.4320380833
0.4262669607
0.4004488700
0.5492321549
0.4516817612
0.6696763459
0.8799344031
0.2694705873
0.0565962753
0.3074886252
0.1947852267
0.2422348762
0.3538256394
