1.0464491473
1.0464320852
1.0360951609
1.0359986417
1.0471345643
1.0465400215
1.0374184862
1.0642450299
1.0627260633
1.0654612018
1.0711034501
1.1309749962
1.1508261037
1.2317092270
1.2663909123
1.2831383988
1.2977488556
1.3115573033
1.3332846748
1.3472910074
1.3682070494
1.3797645383
1.4044519085
1.4332265470
1.4551894522
1.4761002799
1.4816245389
1.4836295338
1.5022978703
1.5377956303
1.5704775283
1.6000644662
1.6273431834
1.6543536764
1.6787158407
1.7038390593
1.7258134249
1.7398829773
1.7462942545
1.7395373559
1.7019215543
1.6630523513
1.6507464111
1.6357497551
1.6178448614
1.6086005580
1.6015150695
1.5971257517
1.5907056494
1.6019906447
1.5907832639
1.5835625239
1.5915531024
1.6041674165
1.6544965224
1.6718841468
1.6979432354
1.7485914257
1.7859094127
1.7896712441
1.8524828379
1.8546545160
1.9019557134
1.9095370765
1.9180060831
1.9644172223
1.9698648586
1.9755166583
2.0092620002
2.0193688811
2.0523087599
2.0684658575
2.0834189664
2.1104187953
2.1224400192
2.1373447539
2.1438324584
2.1583906550
2.1558311245
2.1804605125
2.1837831213
2.1990179731
2.2055977605
2.2268430092
2.2344986997
2.2638245589
2.2696192515
2.2771422488
2.3036197309
2.3131466777
2.3411790593
2.3433379150
2.3494401949
2.3514557889
2.3557261561
2.3536590887
2.3628369510
2.3665471579
2.3875876856
2.4028459095
2.4436576727
2.4772456846
2.4735198105
2.5213957371
2.5687256137
2.6025143312
2.6323418984
2.6464490584
2.6949214854
2.7114637664
2.7200000490
2.6932222349
2.7099591797
2.6933463923
2.7158786608
2.6982579662
2.7124114373
2.6993671881
2.7055698482
2.6770370283
2.6232826615
2.5419523455
2.4913725651
2.4374406083
2.3801739742
2.2602094065
2.1705242660
1.8610279237
1.6847460695
1.5110610348
1.4236684312
1.2834970745
1.1636463855
1.0344973078
0.9641858185
0.8669784665
0.7548735639
0.6352214228
0.5618745102
0.4450521801
0.3853501040
0.3236573156
0.2710219872
0.2139816981
0.1575714179
0.1107212969
0.1010200063
0.1417581893
0.2093881201
0.3015031146
0.4716418769
0.6327973856
0.7309000248
0.8310983858
0.9358720750
1.0008916698
1.0650507329
1.1657034438
1.2293272716
1.3260157285
1.3827838445
1.4341460767
1.4811016725
1.5272880412
1.5734873826
1.6172171482
1.6616053262
1.7065618770
1.7530195504
1.8014750074
1.8872494811
1.9349869753
1.9871805718
2.0311024113
2.1034807739
2.1453057941
2.1930909578
2.2181467720
2.2404587970
2.3254817010
2.3823829371
2.4126446532
2.3288438934
2.2930221370
2.2516206502
2.2230073230
2.1792430292
2.1473083049
2.1202911953
2.0178024725
2.0125888464
2.0010978215
2.0049281728
1.9792583327
1.9573917023
1.9380739413
1.9244776991
1.9173178241
1.9010558839
1.8928630290
1.8933166402
1.8974157116
1.8959036668
1.8895120117
1.8831132678
1.8908675368
1.9011006069
1.9062469737
1.9053669908
1.8807805891
1.8946780550
1.8615559456
1.8674402705
1.8648146954
1.8589651802
1.8546022469
1.8141446352
1.7989878400
1.7197709660
1.6128143407
1.5674217094
1.5366859950
1.4757344941
1.4589841968
1.4384823611
1.4270686327
1.4090293228
1.4018007721
1.3904226470
1.3794330909
1.3945210170
1.3986795303
1.4193502269
1.4304296592
1.4495583659
1.4739971727
1.5009930682
1.5300121333
1.5555864111
1.5813993665
1.6068649044
1.6298452181
1.6655555991
1.6805349269
1.6938722205
1.7028512052
1.7209384849
1.7323005019
1.7462264420
1.7587292881
1.7637242652
1.7761871151
1.7495761070
1.7416883063
1.7269092465
1.7315374868
1.7278199865
1.7330037821
1.7324914147
1.7490009938
1.7445658680
1.7586110248
1.7666075613
1.7709205634
1.7891082305
1.7916838396
1.8075994293
1.8232436547
1.8385404465
1.8522688029
1.8432384763
1.8514022676
1.8616102909
1.8793189600
1.8858680337
1.8884135649
1.8834085831
1.8919166677
1.8969757456
1.9173213287
1.9085470327
1.8767748450
1.8599210686
1.8292087272
1.7936010998
1.7553269198
1.7194307664
1.6717369707
1.6523197139
1.6118819857
1.5938899771
1.5789728755
1.5370756353
1.5280437390
1.5134549913
1.4970178621
1.5119255708
1.4928182929
1.5305658761
1.5324941721
1.5465574940
1.5441227776
1.5507859194
1.5575259389
1.5691214249
1.5828468330
1.5842583831
1.5769696452
1.5708261034
1.5602863759
1.5391765693
1.5019372659
1.5106221628
1.5261926229
1.5311572911
1.5607001059
1.5669441910
1.6067133408
1.6376014105
1.6497469008
1.6590275883
1.6574722782
1.6587470580
1.6349704103
1.6061413999
1.5686410577
1.5762227446
1.5384618996
1.5164971592
1.5172229321
1.5000371180
1.5065087557
1.4954883239
1.5052475368
1.4957146070
1.5033248940
1.5077502828
1.4951278140
1.4954291859
1.4960626887
1.4521426720
1.4397549407
1.4260605668
1.4233174854
1.3993146117
1.3833156572
1.3566330699
1.3303909311
1.3146928232
1.3162543888
1.3116556912
1.3103736607
1.3085860534
1.3200276308
1.3339689096
1.3392626369
1.3520844248
1.3441493773
1.3607458700
1.3601480410
1.3669301567
1.3528515929
1.3361908741
1.3411133687
1.3068729669
1.2742329171
1.2598652843
1.2163818232
1.2053116268
1.2335006166
1.2217196906
1.2287448669
1.2274807523
1.2582851141
1.2486935079
1.2623250784
1.2479864406
1.2514713617
1.2444629258
1.2231451190
1.2277927502
1.2271514277
1.2328621997
1.2408650722
1.2568695750
1.2611474595
1.2547061462
1.2510666266
1.2419838147
1.2329379624
1.2259486424
1.2245699272
1.2205600618
1.2177146008
1.2132933598
1.2128950385
1.2119241840
1.2096435679
1.2129245969
1.2092794668
1.2015875010
1.1890422894
1.1708702366
1.1559824302
1.1467627921
1.1404267874
1.1384626447
1.1386328788
1.1353896005
1.1428400641
1.1488730900
1.1527739609
1.1624655034
1.1660461599
1.1720480355
1.1764367593
1.1842858230
1.1860507140
1.1929328331
1.2103225788
1.2257488710
1.2481402819
1.2769045780
1.3117193949
1.4259880881
1.4775684155
1.5281939773
1.5601200458
1.5720456865
1.5951549218
1.6039220453
1.5815325170
1.5840277740
1.5861770467
1.5671580030
1.5688142722
1.5480036778
1.5426007724
1.5282431590
1.5094366102
1.5060841562
1.5011994330
1.4754149918
1.4778585394
1.4812333576
1.4904757695
1.4940260265
1.4808444743
1.4884417630
1.4944499473
1.5021286920
1.4926016510
1.4886120255
1.4679972801
1.4468455837
1.4464985541
1.4489624212
1.4429014921
1.4445414591
1.4445585062
1.4241598218
1.4055804550
1.3514086112
1.3161899872
1.2925953060
1.2856520768
1.2778405735
1.2671176682
1.2652284627
1.2591577414
1.2458483102
1.2555770046
1.2518801829
1.2904409502
1.3268312658
1.3293676495
1.3239345582
1.3241835703
1.3129200697
1.2989134876
1.2838084568
1.2685603631
1.2687436174
1.2488710873
1.2283703215
1.2061623743
1.2013629332
1.1792616470
1.1600284256
1.1495152546
1.1427029669
1.1207384241
1.1196392739
1.1156714258
1.0935721914
1.1033450784
1.1170558806
1.1468807225
1.1740508070
1.1894471164
1.2106727923
1.2255025006
1.2451250060
1.2542333487
1.2681649948
1.2815581289
1.2860830733
1.2973272574
1.3162185235
1.3249186089
1.2907467870
1.2169269892
1.2114496614
1.2041674348
1.2143123714
1.2119137288
1.2233509548
1.2354885135
1.2583373974
1.2735387737
1.2965312777
1.2969350148
1.2951079131
1.3054570163
1.2838523320
1.2769466736
1.2413688287
1.2100389456
1.1786139245
1.1791691380
1.1564107853
1.1384057880
1.1157684257
1.0928248056
1.0948441039
1.0727768942
1.0700006694
1.0514899929
1.0489431107
1.0291467380
1.0244585561
1.0028869541
1.0043371588
0.9810300296
0.9802384585
0.9805684495
0.9667128129
0.9703157015
0.9539633320
0.9624670436
0.9481710391
0.9546865999
0.9412576596
0.9384929926
0.9282259500
0.9256262028
0.9300763711
0.9370361138
0.9466664160
0.9587086614
0.9631423173
0.9816904071
0.9876656159
1.0050724740
1.0096235408
1.0197279829
1.0299665991
1.0293330699
1.0383671728
1.0251435830
1.0263243820
1.0111941886
1.0144694985
1.0093000444
1.0321236996
1.0482970806
1.0738964678
1.0829144390
1.1161428039
1.1412480856
1.1567834097
1.1839848592
1.2137803795
1.2181586679
1.2429485008
1.2792940803
1.2833427095
1.3252134057
1.3625941991
1.4046719735
1.4488476282
1.4888551639
1.5301838025
1.5744385073
1.5810385756
1.6139686074
1.6315217872
1.6318105977
1.6258789024
1.6180843825
1.5839998962
1.5598639831
1.5486506268
1.5401281834
1.5453012113
1.5510904949
1.5652935978
1.5825301703
1.5951895953
1.6284019879
1.6565477375
1.6257121846
1.6648673581
1.6791429337
1.7293519041
1.7434242712
1.7447374978
1.7405125699
1.7382547731
1.7315165592
1.7080004033
1.7139873159
1.6671833729
1.6392895931
1.6429610740
1.6666683275
1.7021042134
1.7225081384
1.7488171243
1.7729229669
1.8065994144
1.8355867750
1.8581919913
1.8628868933
1.8764859808
1.8302245511
1.8215899873
1.8369735305
1.8546070485
1.8607414696
1.8681711664
1.8765737793
1.8885113640
1.9004216611
1.9145124696
1.9235075975
1.9353571821
1.9589015269
1.9898381953
2.0032725877
2.0117985972
2.0193233247
2.0261242182
2.0326589576
2.0401110811
2.0497552390
2.0597705676
2.0716761337
2.0857378357
2.1014309415
2.1140196757
2.1244694180
2.1358424204
2.1479458967
2.1551302085
2.1581168052
2.1581233893
2.1582781595
2.1585774690
2.1625920187
2.1581837816
2.1627029444
2.1626322192
2.1721345132
2.1840905684
2.2001175456
2.2202904819
2.2455056527
2.2775163652
2.3178678975
2.3618245702
2.3994931127
2.4304320769
2.4627828962
2.5006892853
2.5380164970
2.5689221824
2.5948658725
2.6172131106
2.6361448764
2.6695237714
2.6866587343
2.7195498165
2.7340274812
2.7667483429
2.7970411198
2.8104532052
2.8443456582
2.8710314899
2.8767146831
2.9022224225
2.8855044194
2.8637456533
2.8275183862
2.8142549722
2.8224251285
2.8356144783
2.8363668372
2.8200103212
2.8159586354
2.7900505065
2.7946458966
2.7962877998
2.7957164570
2.7966029406
2.7982061532
2.7957832022
