5.1342137514
5.1651389566
5.1694757995
5.2090665746
5.2235718116
5.2602450522
5.3220281133
5.3902956367
5.4157077633
5.4505036918
5.4627999485
5.4838591804
5.4696561900
5.4682165277
5.4820384567
5.4953713309
5.4971196362
5.5250916051
5.5828503218
5.6048471296
5.6562346281
5.7276727561
5.7684113572
5.7955083874
5.8013204992
5.7862640775
5.7916767307
5.8053031857
5.7995635926
5.8126881763
5.8336743665
5.8564147027
5.8992225229
5.9435588423
5.9870764338
6.0204095079
6.0474111635
6.0842798387
6.0996569504
6.1147346866
6.1257585218
6.1528249002
6.1874009534
6.2058459810
6.2334384543
6.2632420692
6.2844374280
6.2957135590
6.3205716972
6.3259716716
6.3375349877
6.3632925344
6.3826284286
6.3810767648
6.3969487043
6.4212208366
6.4265180346
6.4400164688
6.4679666585
6.5413102882
6.5930424835
6.6430918908
6.7098971057
6.7636936946
6.8080591937
6.8805984102
6.9476798319
7.0024503668
7.0636186480
7.1080736136
7.1229441512
7.0817312085
7.0247868990
6.8977028290
6.7563361409
6.6401191578
6.4891140578
6.3559307334
6.1691009412
5.9761523234
5.7090621225
5.3556903032
4.9106151573
4.4277025556
3.9335288189
3.4544442114
3.0836202689
2.8146199504
2.6694335585
2.6124200170
2.6312024131
2.6734971193
2.7844424252
2.8597502972
2.9412610418
3.0067461026
3.0340214587
3.0281790533
2.9864054283
2.9441355076
2.9075901297
2.8672007356
2.8499327490
2.8337598551
2.8105055243
2.7784702047
2.7633788842
2.7484472821
2.7160100128
2.6909876802
2.7022537699
2.6816624183
2.6774487160
2.6773230913
2.6798150028
2.6734558744
2.6386669703
2.6099184851
2.5844490081
2.5844233127
2.5882564666
2.6255620897
2.6327076751
2.6497719283
2.6739379229
2.6480449165
2.6658405456
2.7196909760
2.7089914028
2.6982884554
2.7213032116
2.7725449356
2.8075417610
2.8194080788
2.8012084577
2.7925461714
2.7824207683
2.7466248237
2.7225665079
2.7319328129
2.7357786262
2.7339225307
2.7314797229
2.7204586366
2.7212859088
2.7206474382
2.7183403342
2.7046046000
2.7030718538
2.6949173738
2.6857770631
2.7091051437
2.7288754601
2.7704519739
2.7926152988
2.8094273346
2.8157689880
2.8359880839
2.8679258679
2.9024579589
2.9328641029
2.9465848776
2.9621164037
2.9594317589
2.9662385840
2.9795739855
2.9905498482
3.0260284443
3.0756490415
3.1408544424
3.2079216178
3.2246542447
3.2583471562
3.2815981511
3.3099344857
3.3434067530
3.3473272714
3.3514847743
3.3557397364
3.3660157800
3.3515236254
3.3476945325
3.3643757271
3.3732974228
3.3856811466
3.3744800648
3.3463355496
3.3082521493
3.2647951500
3.2298896700
3.1901586680
3.1599140950
3.0986570476
3.0598875205
3.0179801843
3.0260971193
3.0313914939
3.0194032800
2.9907876795
2.9885774047
3.0049872675
3.0108777638
3.0394233574
3.0619032710
3.0700229247
3.0701007827
3.0728761839
3.0698262696
3.0729758336
3.0679627372
3.0817938243
3.0761631280
3.0981390546
3.1231795251
3.1202584606
3.1184875727
3.1049518775
3.1014846351
3.0978833276
3.0968031335
3.0789137187
3.0268018718
2.9711806099
3.0050713578
3.0381790193
3.0487250048
3.0269904659
3.0076737917
2.9807657508
2.9717389000
2.9732752862
2.9647823398
2.9591158019
2.9448751191
2.9259558971
2.9201290707
2.9093327958
2.8950517812
2.8682199692
2.8628789645
2.8478200465
2.8356547645
2.8223606225
2.8053736227
2.8039918882
2.7997000135
2.8014759324
2.7926560700
2.7804539977
2.7781846271
2.7690566824
2.7807351505
2.7653561805
2.7527685280
2.7463432343
2.7310102061
2.7152523845
2.6922368820
2.6718752973
2.6477881768
2.6276035285
2.6202370666
2.6191614501
2.6275078091
2.6266796889
2.6218111015
2.6255085151
2.6144072201
2.6214716128
2.6325141353
2.6371775875
2.6242461317
2.6128821212
2.6072645738
2.5945064802
2.6073471642
2.5929646653
2.6083836290
2.5982946148
2.5933754471
2.5931678715
2.5831466498
2.5889971440
2.5712278572
2.5532804274
2.5387005072
2.5355920887
2.5253522494
2.5111606621
2.4982000264
2.4988714704
2.5077850068
2.5068555585
2.5067149567
2.5149163071
2.5010329888
2.4984086334
2.4981964893
2.4941920299
2.4807727502
2.5091219419
2.5495331253
2.5471504111
2.5542119122
2.5526497047
2.5541894990
2.5679275085
2.6098843138
2.6384468021
2.7137271561
2.7963023329
2.7899216882
2.8160587294
2.9682695716
2.9293676679
2.9193163694
2.9005953954
2.8673594329
2.8138333673
2.7840733392
2.7669306179
2.7537464414
2.7351432802
2.7207722171
2.7103783696
2.7137801072
2.7160777592
2.7367532304
2.7612475712
2.7871434734
2.8265371027
2.8549484732
2.8793168519
2.8949602946
2.9154563280
2.9280157506
2.9418568158
2.9584996779
2.9693102521
2.9708185110
2.9727484631
2.9791907339
2.9879808788
3.0064071350
3.0182042293
3.0179730205
3.0085424467
3.0015405570
3.0032466355
3.0094161384
3.0156341098
3.0221080105
3.0182174243
3.0108306955
3.0054341813
3.0011219560
3.0060195186
3.0166607472
3.0234748747
3.0306815176
3.0350621896
3.0405507667
3.0468282828
3.0558768592
3.0626706371
3.0705822863
3.0747899162
3.0759793928
3.0871468771
3.0942374349
3.0936209808
3.0968163061
3.1006988198
3.1066317882
3.1161278191
3.1277719804
3.1407534090
3.1612160712
3.1778585400
3.1933879565
3.2046352358
3.2153240718
3.2224038720
3.2254665347
3.2245515622
3.2221514210
3.2251430790
3.2305036573
3.2310643111
3.2312057555
3.2322858280
3.2279221713
3.2269968059
3.2257444714
3.2276759415
3.2214442041
