0.4385152657
0.4676447066
0.4967592878
0.5250801677
0.5539007773
0.5801597611
0.6124394403
0.6434537070
0.6715162199
0.7011862575
0.7167857741
0.6610711450
0.3560392908
0.3655861416
0.1388492820
0.0800392270
0.1021125241
0.1583558988
0.1247631654
0.2362736685
0.0346139120
0.0369986692
0.0414923991
0.1600996157
0.2413519154
0.2234680876
0.2111708087
0.1514534823
0.0733563875
0.1265935419
0.1841372878
0.1836849129
0.1819219874
0.1817244075
0.1778416839
0.1620798315
0.1543643772
0.1168777241
0.0501754137
0.1060552968
0.1221225770
0.1810668953
0.1563530376
0.1706085406
0.1039296480
0.0460913643
0.0748572950
0.2226125764
0.0779999274
0.1294333279
0.1936776740
0.1859049043
0.1283302921
0.1278634880
0.1322652687
0.1334018597
0.1060965161
0.0678000088
0.0482027344
0.0385150827
0.0141196222
0.0226398212
0.0156513170
0.0203985543
0.0356671601
0.0348256491
0.0431359216
0.0487712699
0.0550494861
0.0480811695
0.0512890851
0.0499218995
0.0423011119
0.0368088583
0.0324207579
0.0310649980
0.0305994777
0.0246947071
0.0291078416
0.0370303394
0.0329139307
0.0235793310
0.0273612631
0.0280711558
0.0289388397
0.0239724780
0.0239680522
0.0299737379
0.0352957621
0.0307126125
0.0262416481
0.0264560496
0.0264546252
0.0275049597
0.0366874809
0.0308224286
0.0339632493
0.0360371003
0.0392776202
0.0439414103
0.0385931616
0.0469779690
0.0480261451
0.0402775793
0.0289262600
0.0331892188
0.0333475506
0.0305209031
0.0320202501
0.0360960590
0.0221110342
0.0254752435
0.0246286739
0.0350045882
0.0327415295
0.0365102269
0.0320082573
0.0350218175
0.0317229100
0.0223353949
0.0203365144
0.0231600376
0.0382423567
0.0454089944
0.0327063061
0.0268824103
0.0239977110
0.0225171920
0.0209720560
0.0198439186
0.0238683916
0.0197931483
0.0200299364
0.0199904472
0.0213266105
0.0233711647
0.0278448117
0.0293299695
0.0295979147
0.0278837744
0.0243240591
0.0242452133
0.0254082264
0.0264363519
0.0292402138
0.0177817085
0.0180955321
0.0227983153
0.0274720868
0.0328935254
0.0211149213
0.0208260858
0.0189371024
0.0205653701
0.0111617447
0.0111306306
0.0135614652
0.0122212731
0.0092152258
0.0052135782
0.0081029149
0.0110264756
0.0086206416
0.0139731093
0.0221607798
0.0281440808
0.0268649565
0.0291387504
0.0283207144
0.0293930718
0.0287718486
0.0285075256
0.0265957353
0.0199288762
0.0189195037
0.0141925159
0.0168020715
0.0155697995
0.0141994389
0.0137346734
0.0181883996
0.0161787419
0.0122792267
0.0150219566
0.0161124478
0.0212399119
0.0216908627
0.0205730853
0.0241614007
0.0249796912
0.0243228789
0.0222811336
0.0192006286
0.0171734355
0.0190733982
0.0164097569
0.0176113573
0.0175363270
0.0169724472
0.0146109556
0.0107275105
0.0082533464
0.0130960947
0.0167901522
0.0091681093
0.0141714026
0.0144374183
0.0197064760
0.0240634984
0.0318923423
0.0261571834
0.0301733198
0.0288408038
0.0341699526
0.0332203892
0.0322155661
0.0313101344
0.0300738106
0.0284324073
0.0237747063
0.0284595783
0.0263907065
0.0283894596
0.0281387582
0.0303224168
0.0273623455
0.0256360641
0.0224825463
0.0251255021
0.0272041778
0.0300098257
0.0267228792
0.0318388127
0.0371326256
0.0377509323
0.0373179750
0.0400872897
0.0336826882
0.0348827879
0.0341816367
0.0352239843
0.0346838954
0.0359322804
0.0338020861
0.0304181672
0.0265580413
0.0232855103
0.0205238456
0.0145733599
0.0120626583
0.0152853998
0.0135309034
0.0137401189
0.0144642254
0.0202263851
0.0177610948
0.0176694130
0.0179165551
0.0200992225
0.0221631729
0.0228763698
0.0252242139
0.0274765443
0.0298081571
0.0307068288
0.0321553401
0.0320702575
0.0332177541
0.0427872873
0.0472521110
0.0473653905
0.0479411619
0.0529093893
0.0442319682
0.0466306606
0.0457216927
0.0434648097
0.0443799401
0.0421670326
0.0453013530
0.0461423522
0.0485905947
0.0463681469
0.0416118280
0.0418220440
0.0416594430
0.0303775708
0.0341783515
0.0439791119
0.0442779581
0.0461375815
0.0462145958
0.0532370176
0.0508569814
0.0507723354
0.0470019386
0.0429810730
0.0417776599
0.0409796414
0.0434315317
0.0451107727
0.0501794006
0.0525945500
0.0473708970
0.0417250150
0.0411411031
0.0393061594
0.0403967044
0.0397839629
0.0434181233
0.0461380168
0.0452883126
0.0458858074
0.0436580491
0.0422492537
0.0451200555
0.0442883270
0.0483478812
0.0474835140
0.0444366782
0.0412283863
0.0398133491
0.0382135541
0.0357379319
0.0383159994
0.0370823350
0.0411667592
0.0380478144
0.0308426115
0.0219727612
0.0257368788
0.0305835966
0.0319433217
0.0316680014
0.0264645261
0.0278756162
0.0289243322
0.0360389794
0.0372247336
0.0356451751
0.0279641333
0.0335721230
0.0277139751
0.0289364160
0.0262977198
0.0254514783
0.0292569012
0.0377737357
0.0406607625
0.0365009048
0.0312687762
0.0283325443
0.0242309785
0.0272417818
0.0307559941
0.0285583302
0.0298265861
0.0290830406
0.0360342300
0.0343034911
0.0273761690
0.0276505112
0.0393945925
0.0394538976
0.0467464770
0.0418857314
0.0418193238
0.0429486420
0.0393506854
0.0435894425
0.0431892802
0.0401679184
0.0369355231
0.0402152325
0.0434503799
0.0414865850
0.0406458336
0.0398912075
0.0439161656
0.0304772381
0.0314919739
0.0315466035
0.0266489352
0.0216741489
0.0330364903
0.0230836951
0.0311611978
0.0240461342
0.0222057648
0.0271357728
0.0265895306
0.0300687143
0.0259029859
0.0237222958
0.0232253190
0.0181984412
0.0187144857
0.0285460677
0.0279569607
0.0231696963
0.0201596879
0.0186818250
0.0205221770
0.0156383744
0.0158556687
0.0322159133
0.0320428752
0.0388673722
0.0388448753
0.0371865183
0.0467739207
0.0405586856
0.0326230696
0.0324587403
0.0347460639
0.0377989545
0.0272553685
0.0330396853
0.0548225846
0.0455857705
0.0538261462
0.0099394422
0.0157229772
0.0397559395
0.0108152993
0.0132077933
0.0153439309
0.0250686413
0.0286010434
0.0320045439
0.0175462749
0.0187184523
0.0271879755
0.0156816096
0.0148982236
0.0180810841
0.0190097437
0.0232583908
0.0197585313
0.0234059378
0.0271856368
0.0285054600
0.0296106324
0.0316061670
0.0340891320
0.0380976598
0.0383764893
0.0379304349
0.0428002684
0.0429860065
0.0365992560
0.0402411720
0.0335932057
0.0399540522
0.0492327741
0.0448254630
0.0414930599
0.0419399938
0.0386398278
0.0400671797
0.0380444318
0.0453451834
0.0437150102
0.0414434749
0.0397943047
0.0371495740
0.0317308474
0.0291125488
0.0286109213
0.0336348999
0.0359066869
0.0380006483
0.0350304877
0.0362498090
0.0394278002
0.0400018432
0.0395136297
0.0393833723
0.0433443265
0.0399446199
0.0442433958
0.0441176678
0.0417981190
0.0397958049
0.0404026322
0.0487651920
0.0489904172
0.0489638078
0.0470726084
0.0487027770
0.0440680161
0.0375906513
0.0367060794
0.0396251829
0.0405279163
0.0387669547
0.0419462157
0.0429555775
0.0462905605
0.0515316823
0.0510752615
0.0496286482
0.0503064762
0.0427932097
0.0395846716
0.0427860733
0.0458468295
0.0454728402
0.0499248117
0.0529312581
0.0477328418
0.0483374888
0.0454447956
0.0515036084
0.0490125227
0.0458371811
0.0430468377
0.0467720996
0.0506549537
0.0518126236
0.0534961100
0.0550982832
0.0560112959
0.0530574604
0.0560248214
0.0537787193
0.0553165691
0.0578183550
0.0584705452
0.0583402294
0.0571247271
0.0579999724
0.0572115762
0.0574140551
0.0576662506
0.0582714877
0.0548631288
0.0589045040
0.0597051401
0.0596027149
0.0611592692
0.0599927571
0.0600514097
0.0617783243
0.0640525471
0.0603487936
0.0609656621
0.0546567058
0.0542580477
0.0511065576
0.0578734412
0.0613327323
0.0630055318
0.0594731262
0.0555930407
0.0588166737
0.0568491492
0.0558392745
0.0487100683
0.0449337846
0.0434935750
0.0505618504
0.0468699202
0.0472905307
0.0470049845
0.0476903628
0.0478431293
0.0504533063
0.0504667962
0.0472557433
0.0456780693
0.0446435744
0.0452510044
0.0478206459
0.0485670785
0.0466916662
0.0455657670
0.0452211098
0.0464881101
0.0526139138
0.0579738704
0.0606915648
0.0654876021
0.0669147038
0.0587534604
0.0533272156
0.0484542212
0.0443788153
0.0427190823
0.0431674020
0.0431891278
0.0450850650
0.0408688349
0.0307254058
0.0310915174
0.0291551021
0.0279548341
0.0262097550
0.0215892821
0.0239491180
0.0279172071
0.0346827119
0.0405561513
0.0399557827
0.0377180818
0.0349652251
0.0308537162
0.0316162298
0.0297816895
0.0285502332
0.0266739554
0.0264322058
0.0304947567
0.0330499828
0.0305019960
0.0340216868
0.0340749835
0.0228504275
0.0242451652
0.0221346082
0.0232829629
0.0240141122
0.0212014158
0.0191519662
0.0283656168
0.0304121112
0.0323131177
0.0332218606
0.0322896806
0.0309493255
0.0308398225
0.0335582333
0.0348341927
0.0354431885
0.0392722429
0.0402871029
0.0385597011
0.0385732632
0.0373927902
0.0436975696
0.0446801857
0.0415455007
0.0497934047
0.0504969413
0.0553177780
0.0574122407
0.0604090099
0.0581117564
0.0602830607
0.0608554472
0.0651605600
0.0627255041
0.0649336119
0.0666702925
0.0695027008
0.0703262785
0.0736892228
0.0707964949
0.0660921613
0.0710248244
0.0693103445
0.0636085890
0.0643173969
0.0670021018
0.0650813442
0.0651494482
0.0629337442
0.0640133098
0.0634472394
0.0599387209
0.0670579963
0.0592076115
0.0680870663
0.0603469203
0.0665037381
0.0667461249
0.0670490122
0.0652164349
0.0600985234
0.0524368184
0.0601796412
0.0630329975
0.0677500446
0.0706096245
0.0717898732
0.0679886231
0.0667198380
0.0673251118
0.0653191952
0.0630499939
0.0586155809
0.0570391745
0.0590708852
0.0639015627
0.0597958921
0.0599024827
0.0645157434
0.0625046313
0.0612958992
0.0645482810
0.0629809766
0.0654860623
0.0636976192
0.0665602353
0.0576000224
0.0598405823
0.0627692163
0.0648909071
0.0624960555
0.0593628972
0.0619716603
0.0684087909
0.0596445231
0.0620761594
0.0620346292
0.0640278287
0.0555783730
0.0629867519
0.0544886455
0.0634046301
0.0562900808
0.0610922301
0.0647364208
0.0639030293
0.0600715743
0.0595873060
0.0636132545
0.0645872678
0.0640085053
0.0624793219
0.0618390065
0.0607913145
0.0675278911
0.0651287093
0.0671561744
0.0674326472
0.0688839879
0.0683454824
0.0658970502
0.0649835998
0.0683317418
0.0675904503
0.0664662531
0.0652181554
0.0623094799
0.0656468813
0.0611314305
0.0469798256
0.0526775607
0.0505518821
0.0439751038
0.0401007016
0.0385672193
0.0300011056
0.0264256880
0.0364607037
0.0355902090
0.0416509765
0.0540864254
0.0493712399
0.0400461890
0.0558931917
0.0640083262
0.0637085151
0.0687828620
0.0883161169
0.0484144528
0.0407961549
0.0349052562
0.0496330521
0.0443331022
0.0512295486
0.0436718256
0.0402827479
0.0421316353
0.0441083816
0.0419970613
0.0438423331
0.0437240193
0.0492196731
0.0502228662
0.0516852106
0.0599970508
0.0594095121
0.0710019926
0.0706059570
0.0685216463
0.0765784726
0.0796874503
0.0730157356
0.0705877006
0.0800877358
0.0813881194
0.0857596760
0.0910068555
0.0857958659
0.0918353601
0.0903444533
0.0915439691
0.0978552681
0.0979769491
0.1002923944
0.0971828934
0.0992313623
0.0911236379
0.0946632724
0.0968733251
0.0933732370
0.0920347485
0.0939522333
0.0933254300
0.0919453582
0.0872076480
0.0849206114
0.0852264480
0.0871444585
0.0890431319
0.0888113851
0.0884743623
0.0883666378
0.0830950508
0.0860789477
0.0908296268
0.0843668468
0.0840502714
0.0877702096
0.0868630675
0.0883410040
0.0863808429
0.0877434382
0.0863268301
0.0854669871
0.0905350337
0.0973699589
0.0731522035
0.0690662056
0.0717507056
0.0628978659
0.0682063380
0.0629107142
0.0615756144
0.0687029067
0.0683567807
0.0606595770
0.1767739002
0.1220711217
0.0751611616
0.0462135461
0.0445772697
0.0440364610
0.0475496687
0.0528892832
0.0668503693
0.0640914969
0.0627854393
0.0590472155
0.0599292450
0.0716567914
0.0652103648
0.0539474746
0.0542848082
0.0522673458
0.0460771309
0.0526299529
0.0538998949
0.0485969484
0.0430807572
0.0572405271
0.0541584837
0.0611435179
0.0651406783
0.0535292116
0.0492735423
0.0337293880
0.0408181444
0.0562346483
0.0626109506
0.0619925068
0.0552170810
0.0496514261
0.0526009856
0.0522165639
0.0546119444
0.0616281874
0.0587105429
0.0595214270
0.0598526483
0.0562645644
0.0540500195
0.0541540500
0.0572497878
0.0584885530
0.0579882057
0.0545361622
0.0492905421
0.0537218824
0.0533498642
0.0582373145
0.0553413861
0.0518835343
0.0550053085
0.0549376468
0.0572821536
0.0557589846
0.0565751513
0.0528549420
0.0495802911
0.0477016607
0.0473606933
0.0399058886
0.0354827913
0.0341932921
0.0346367068
0.0380506539
0.0390563703
0.0403685720
0.0423963048
0.0381629671
0.0391967499
0.0391431974
0.0445479792
0.0453727186
0.0467677730
0.0466416251
0.0463645769
0.0475016443
0.0502154412
0.0455151659
0.0452095419
0.0454785204
0.0500168373
0.0493435410
0.0386894323
0.0407790521
0.0395314256
0.0393922428
0.0348455283
0.0303067768
0.0312746047
0.0275883666
0.0298425828
0.0318094870
0.0342162661
0.0265596265
0.0225357999
0.0201911531
0.0170744210
0.0183365819
0.0148955402
0.0137637657
0.0147173228
0.0055915443
0.0054005959
0.0085300535
0.0165651618
0.0066833639
0.0155043762
0.0185232927
0.0116925072
0.0108586130
0.0094068567
0.0097498908
0.0101221845
0.0069478127
0.0066573865
0.0091161186
0.0053683121
0.0052363166
0.0061977048
0.0063938470
0.0131698584
0.0116022293
0.0132136977
0.0141963346
0.0126265975
0.0182802473
0.0155741927
0.0147710792
0.0122390665
0.0231377698
0.0225642370
0.0266617273
0.0239456817
0.0241210286
0.0167694239
0.0144236871
0.0100443878
0.0111546077
0.0110836292
0.0118552387
0.0126834567
0.0119645879
0.0099270753
0.0123705466
0.0191912809
0.0197511618
0.0198523080
0.0162716071
0.0136569872
0.0121830128
0.0062452734
0.0059503556
0.0208010425
0.0170344462
0.0086994806
0.0108111156
0.0119851997
0.0106534534
0.0126746820
0.0181617041
0.0237266685
0.0252144092
0.0217542933
0.0206016307
0.0178229313
0.0115059978
0.0183582173
0.0328256946
0.0299309089
0.0225890289
0.0135833022
0.0157357222
0.0175159554
0.0167462856
0.0195327994
0.0217785983
0.0187667175
0.0184998298
0.0225295951
0.0319558254
0.0304817336
0.0306117284
0.0316232672
0.0287473514
0.0304326848
0.0322218651
0.0345718834
0.0282767602
0.0270826033
0.0260553379
0.0246976390
0.0279701419
0.0296924800
0.0218289436
0.0261866884
0.0239392985
0.0204631411
0.0161436529
0.0122306532
0.0134922914
0.0225525266
0.0181801568
0.0141079399
0.0102440834
0.0108161915
0.0116938475
0.0143704258
0.0201135777
0.0228474969
0.0214574790
0.0207517034
0.0179866677
0.0185425150
0.0232328338
0.0212253966
0.0205219717
0.0221480174
0.0167753160
0.0134042778
0.0124616399
0.0095458019
0.0151744798
0.0135712594
0.0100300182
0.0100634258
0.0099041516
0.0148318056
0.0109856707
0.0059734880
0.0065384056
0.0170800940
0.0158170219
0.0135680099
0.0141808501
0.0171406447
0.0176262355
0.0149811861
0.0106724188
0.0099519645
0.0093873875
0.0088990056
0.0114600230
0.0131829767
0.0112481771
0.0177254982
0.0164681857
0.0169933942
0.0295756915
0.0289868765
0.0268249251
0.0292655513
0.0296158275
0.0288721792
0.0340194001
0.0321122879
0.0315718535
0.0271575577
0.0305118929
0.0360351990
0.0376364565
0.0364640315
0.0320453263
0.0279953532
0.0293360321
0.0306474781
0.0319993267
0.0327733687
0.0370018764
0.0335929047
0.0355723107
0.0358866449
0.0379426404
0.0511299303
0.0474821638
0.0437367722
0.0411604221
0.0326882861
0.0330444186
0.0301289756
0.0263389557
0.0249785939
0.0172642127
0.0171265556
0.0145362678
0.0184564879
0.0118492388
0.0096556213
0.0066253603
0.0041694731
0.0050645254
0.0033470367
0.0055874477
0.0075396405
0.0102991236
0.0089525069
0.0093248315
0.0081992466
0.0105533039
0.0138783624
0.0122382035
0.0130637032
0.0122483936
0.0154874213
0.0200765690
0.0186617045
0.0122252521
0.0120430912
0.0155005338
0.0105020575
0.0122142064
0.0192482943
0.0176189284
0.0178569412
0.0212376962
0.0179791562
0.0178270974
0.0211337892
0.0305550586
0.0352894273
0.0331774341
0.0360060333
0.0335235651
0.0299667999
0.0245034237
0.0204062212
0.0235156096
0.0228188880
0.0134698018
0.0130656384
0.0155299464
0.0155069004
0.0220779687
0.0152734400
0.0153354171
0.0087516569
0.0115116347
0.0141183749
0.0189053929
0.0142409415
0.0123070089
0.0161663638
0.0268096712
0.0283725462
0.0244100782
0.0159100879
0.0099525340
0.0126288753
0.0121394008
0.0157120835
0.0196639160
0.0224969539
0.0249750273
0.0230949151
0.0170436406
0.0186624579
0.0242839617
0.0384604566
0.0378741506
0.0417509001
0.0331818709
0.0416899084
0.0380419902
0.0357354853
0.0400012897
0.0413266065
0.0398244722
0.0381260873
0.0371675711
0.0320330093
0.0315941228
0.0323196839
0.0313840122
0.0289577679
0.0240950662
0.0216887257
0.0224219402
0.0204714386
0.0232683044
0.0210685113
0.0223182582
0.0210928846
0.0256437686
0.0240512522
0.0253953206
0.0237903686
0.0182534939
0.0238134122
0.0290132039
0.0284063345
0.0289555498
0.0267701016
0.0259025313
0.0251963266
0.0267175164
0.0205093847
0.0194772594
0.0236049100
0.0283957429
0.0335516844
0.0478402657
0.0469286339
0.0502106956
0.0535367518
0.0489779514
0.0471476277
0.0496455713
0.0439924742
0.0388871769
0.0400502586
0.0376407984
0.0370229567
0.0465847423
0.0426031017
0.0434353916
0.0438656949
0.0407483777
0.0402891589
0.0385886033
0.0357797272
0.0353216180
0.0346589199
0.0419853584
0.0303485133
0.0261945373
0.0258342322
0.0217234697
0.0200921120
0.0251471903
0.0232130630
0.0236596039
0.0255524711
0.0250393424
0.0235960239
0.0223682386
0.0232336705
0.0276122240
0.0287657968
0.0172783046
0.0186837195
0.0211083128
0.0223748738
0.0237822952
0.0197455553
0.0236337120
0.0325508728
0.0408413649
0.0407445198
0.0397196226
0.0412193175
0.0416526336
0.0366816519
0.0461089040
0.0491361698
0.0517181774
0.0564978333
0.0556103767
0.0512507730
0.0461475814
0.0444773884
0.0451579869
0.0467114595
0.0444802319
0.0427282846
0.0386479916
0.0303070461
0.0342688266
0.0325458601
0.0288552887
0.0273483192
0.0295678962
0.0310628048
0.0324771694
0.0317816891
0.0291012128
0.0265689175
0.0256224796
0.0294806046
0.0283287617
0.0300378197
0.0311711663
0.0312441076
0.0323788685
0.0306548719
0.0317182131
0.0306356482
0.0335494119
0.0414281422
0.0426169016
0.0457484502
0.0491093058
0.0429400337
0.0443266818
0.0465967151
0.0415908403
0.0349701821
0.0289537220
0.0339954635
0.0374256911
0.0373607093
0.0330934712
0.0347435642
0.0384948204
0.0329226968
0.0288775245
0.0408102055
0.0338636125
0.0362658574
0.0359082787
0.0304386383
0.0372742086
0.0322765337
0.0356644226
0.0357880318
0.0312951286
0.0319444450
0.0390453901
0.0377721118
0.0362644274
0.0357299678
0.0370779038
0.0348299076
0.0371479057
0.0323748095
0.0329287674
0.0361644973
0.0361087925
0.0414463589
0.0453847833
0.0442655400
0.0458378217
0.0505224353
0.0462535488
0.0491680737
0.0557462563
0.0582965145
0.0540670053
0.0497313362
0.0517433171
0.0457253375
0.0510557564
0.0403548479
0.0298505168
0.0272486024
0.0270103657
0.0269743600
0.0265760604
0.0299631421
0.0291409927
0.0219308680
0.0398926589
0.0303654048
0.0214637930
0.0202923989
0.0173650855
0.0178500228
0.0268657187
0.0277550181
0.0270834919
0.0513628309
0.0460110103
0.1033296771
0.0578064300
0.0573438685
0.0392742458
0.0817853591
0.0877105833
0.0808354951
0.0621806706
0.0387297451
0.0386903249
0.1068563284
0.0559327273
0.0490469692
0.0475595568
0.0394105324
0.0352769861
0.0346139306
0.0442071873
0.0481290863
0.0605410839
0.0628456195
0.0615183957
0.0491018523
0.0621501861
0.0553416869
0.0533726540
0.0514357863
0.0511162519
0.0451114582
0.0398156275
0.0367145286
0.0373024311
0.0377043368
0.0418174889
0.0467356341
0.0488578199
0.0500470654
0.0473545053
0.0442753620
0.0372003917
0.0372574289
0.0346374263
0.0355824284
0.0401830078
0.0374477538
0.0367187522
0.0392881306
0.0405651498
0.0452842179
0.0430652440
0.0444424018
0.0461492345
0.0494100944
0.0518557792
0.0535866321
0.0570803158
0.0611319511
0.0557098241
0.0607002384
0.0577093069
0.0553798034
0.0478709038
0.0417271088
0.0388443422
0.0381282746
0.0410978106
0.0411505053
0.0373503169
0.0410773041
0.0440044440
0.0396675617
0.0386299052
0.0305575406
0.0246659727
0.0203326305
0.0195051976
0.0200908708
0.0261589479
0.0284798880
0.0337676368
0.0425446548
0.0400180640
0.0469173475
0.0410765248
0.0502539569
0.0516350617
0.0460029412
0.0539830486
0.0569263780
0.0533093131
0.0554730586
0.0565968933
0.0561293245
0.0648958814
0.0720168953
0.0675403716
0.0647569155
0.0548537228
0.0484760072
0.0683516815
0.0755914575
0.0835756146
0.0767181156
0.0656346722
0.0717993526
0.0739254271
0.0757962128
0.0785940248
0.0722269374
0.0688262164
0.0761753032
0.0696343852
0.0684600977
0.0639601894
0.0610004144
0.0617422635
0.0622459918
0.0634050764
0.0619291170
0.0617396201
0.0585437069
0.0521682330
0.0549878699
0.0570769196
0.0621911844
0.0591703459
0.0528764161
0.0589484842
0.0529277788
0.0537301090
0.0547977245
0.0579443190
0.0569144724
0.0531987137
0.0480019088
0.0481977652
0.0392245564
0.0428929204
0.0409669430
0.0436004190
0.0434743086
0.0474561500
0.0365735502
0.0308204432
0.0228388679
0.0279550330
0.0329883067
0.0359502624
0.0296011079
0.0355998986
0.0422715730
0.0402093749
0.0488374413
0.0480652914
0.0460253034
0.0458935252
0.0455580330
0.0451651233
0.0397773759
0.0387442451
0.0383594149
0.0276926922
0.0226813422
0.0323159493
0.0207813825
0.0270043438
0.0266779971
0.0272870747
0.0136004488
0.0199077675
0.0200521810
0.0096310473
0.0169721619
0.0270698863
0.0282680620
0.0282853336
0.0195454822
0.0212299703
0.0407355827
0.0351826113
0.0340570817
0.0347357367
0.0423815575
0.0418917356
0.0449445161
0.0472218490
0.0575152092
0.0540807240
0.0497302564
0.0466618116
0.0449676228
0.0409963756
0.0499922924
0.0498595747
0.0443272145
0.0430368674
0.0419618823
0.0372543134
0.0334300973
0.0432412448
0.0460996288
0.0435486939
0.0388740164
0.0409621435
0.0390347269
0.0412462452
0.0423395478
0.0349630802
0.0433983151
0.0505089826
0.0388008313
0.0729350035
0.0511522565
0.0483634977
0.0472786882
0.0375987187
0.0467024135
0.0537494385
0.0601438693
0.0605569736
0.0642554154
0.0626371838
0.0542941085
0.0519050213
0.0466098671
0.0385995066
0.0333030279
0.0358256722
0.0293569617
0.0332590131
0.0394936102
0.0524240995
0.0408069988
0.0394997404
0.0405316493
0.0422656807
0.0442035488
0.0430409931
0.0318299252
0.0359875053
0.0318245075
0.0301275398
0.0299967122
0.0336712778
0.0443835373
0.0457014551
0.0477517859
0.0469179150
0.0450615262
0.0467850677
0.0453765931
0.0417245721
0.0466293359
0.0398246993
0.0433916962
0.0523592953
0.0387457308
0.0349285392
0.0470614216
0.0398391924
0.0386725246
0.0414536415
0.0367959915
0.0404281970
0.0371086661
0.0391572522
0.0406796831
0.0439488619
0.0391565817
0.0411778090
0.0379319357
0.0326060917
0.0308046927
0.0309724811
0.0324399059
0.0389581554
0.0346478598
0.0345928240
0.0322504844
0.0342070423
0.0360134159
0.0341382321
0.0431194341
0.0424478940
0.0474904361
0.0502718914
0.0490175416
0.0447145745
0.0465400169
0.0401816578
0.0426241734
0.0414791905
0.0402431232
0.0401713616
0.0426631659
0.0447477991
0.0466124568
0.0478390319
0.0515399164
0.0517387265
0.0490529902
0.0431327548
0.0458182005
0.0544006959
0.0499605805
0.0498488254
0.0492333086
0.0497274976
0.0568710679
0.0516711380
0.0486264694
0.0510624379
0.0494049268
0.0554778318
0.0542493437
0.0582173094
0.0520230681
0.0597457745
0.0554063005
0.0495540720
0.0519570750
0.0506211122
0.0492467417
0.0503712840
0.0484027547
0.0500903809
0.0502807184
0.0502450069
0.0462564862
0.0456145231
0.0329920089
0.0277716361
0.0293590530
0.0282667893
0.0294995330
0.0270531748
0.0322090627
0.0298595210
0.0275185634
0.0277241914
0.0314788413
0.0318541365
0.0320179386
0.0311604593
0.0295074405
0.0302407870
0.0320779653
0.0320585783
0.0299771826
0.0335621374
0.0303711816
0.0311482983
0.0281377451
0.0285225052
