2.968144483076654017e-01
2.939443487626105522e-01
2.879794491786015209e-01
2.827137010619639179e-01
2.921413036954402243e-01
2.908436389805257316e-01
2.864150241221485871e-01
2.919123003781799452e-01
2.929632776355944879e-01
3.040387117471092804e-01
3.095973176410071748e-01
3.123710256543024144e-01
3.108239987392737991e-01
3.079503211082459946e-01
3.091266072804053078e-01
3.094901799352747229e-01
3.104042810980648937e-01
3.127721533418922895e-01
3.108877010790682127e-01
3.110071433591634626e-01
3.111598559079539195e-01
3.087666362518864949e-01
3.080702638296884399e-01
3.083438693918785778e-01
3.097602345628133746e-01
3.108287560870892086e-01
3.089924308350764925e-01
3.085357628455704382e-01
3.073056674818643308e-01
3.067331888638921145e-01
3.088189664803443479e-01
3.093341317768893428e-01
3.074294183363234234e-01
3.100999474361637587e-01
3.104276396373805147e-01
3.094658535729756244e-01
3.092479533918382484e-01
3.090382490623266309e-01
3.082531752506068035e-01
3.077119884869617406e-01
3.090994269836181418e-01
3.058135431200613152e-01
3.080363000813074459e-01
3.085379292537217544e-01
3.083086188035967790e-01
3.091061480451273158e-01
3.109450585923161370e-01
3.082740261763097789e-01
3.081205821914350107e-01
3.083117758325990554e-01
3.093301254422908819e-01
3.104337940522974848e-01
3.083432637285400957e-01
3.094580877512854156e-01
3.064783773398419009e-01
3.017499965942060935e-01
3.009178357138247439e-01
3.012113574648297987e-01
3.046673897092859740e-01
3.071144641505058615e-01
3.089293175124888102e-01
3.090423870151797203e-01
3.091105208809504235e-01
3.093510811815528561e-01
3.070325479619543940e-01
3.081326309089693627e-01
3.121716560030833310e-01
3.135627103768440782e-01
3.149379059654913160e-01
3.132209692737703555e-01
3.134219265970275559e-01
3.001918108057819445e-01
3.071118822366589174e-01
3.098059879322389021e-01
3.143311086121792219e-01
3.131910514852759286e-01
3.139384213030673165e-01
3.160071074277310266e-01
3.161063188404633073e-01
3.213909517794644177e-01
3.137891128105428362e-01
3.139757791632326045e-01
3.200160290368756488e-01
3.227343969337258534e-01
3.241097630999539292e-01
3.245643570466059113e-01
3.233678298300382004e-01
3.266009616032331531e-01
3.268891221544233949e-01
3.252190195109762039e-01
3.340659618321508151e-01
3.385773758910399778e-01
3.456595362815946260e-01
3.487731037610018459e-01
3.536220722218809676e-01
3.623030654757776192e-01
3.696244410698844018e-01
3.689823439176906361e-01
3.705236564954788592e-01
3.706854216996860463e-01
3.650470140878379066e-01
3.339198370809244309e-01
3.532424294299545409e-01
3.570747716739028910e-01
3.580895808436580507e-01
3.487062592274301487e-01
3.541664955595272279e-01
3.533357176437921243e-01
3.645153139525215691e-01
3.631299320438118872e-01
3.717466723437407583e-01
3.704840815220605821e-01
3.725890919804302759e-01
3.664120221130138799e-01
3.585538635871806101e-01
3.625685295651900342e-01
3.660631626389776461e-01
3.704927325977694363e-01
3.652170756458925083e-01
3.349033047988962952e-01
3.350760313262740042e-01
3.306916238754755155e-01
3.358574242846851798e-01
3.351302812184811519e-01
3.436332546027233703e-01
3.371694913433652130e-01
3.367981935828724405e-01
3.412399748893737428e-01
3.408990994878973169e-01
3.484615881528164150e-01
3.508503711472492070e-01
3.658736529131461634e-01
3.749777912739022390e-01
3.625336389198507425e-01
3.501988925224235327e-01
3.469662438561860740e-01
3.532598401357768259e-01
3.520125488371874112e-01
3.457477524249558121e-01
3.465706270557820101e-01
3.457536809840953129e-01
3.422485707073472105e-01
3.379379571248686265e-01
3.574789763180603042e-01
3.498272968146184381e-01
3.459878080548861035e-01
3.356293524817817731e-01
3.281129245082650137e-01
3.354239136571395274e-01
3.440404874295932558e-01
3.427242227141782394e-01
3.413270120707706523e-01
3.446039481098254753e-01
3.354921886814924981e-01
3.381362096570998399e-01
3.343668849222561912e-01
3.316976788879438809e-01
3.346445061505451957e-01
3.371689008025033352e-01
3.440088318410995938e-01
3.483395072971945949e-01
3.567401147182847065e-01
3.646971020692136856e-01
3.697229827329917562e-01
3.707216219980939975e-01
3.787695632577238736e-01
3.893990680881443400e-01
3.955249585331588325e-01
4.147717389749023265e-01
4.158524608209705486e-01
4.337124973231290537e-01
4.355823472004720087e-01
4.403422335883966920e-01
4.315320268006355708e-01
4.485854554685116957e-01
4.434442067874754811e-01
4.422834354558589087e-01
4.310562994261861181e-01
4.304010911526137684e-01
4.314624820143274087e-01
4.293462760263959122e-01
4.255276569241899232e-01
4.242434643236692171e-01
4.280280962303334436e-01
4.254345771029925394e-01
4.385673611562507235e-01
4.392360606657741973e-01
4.462803065062707630e-01
4.554987703453233228e-01
4.628081323305919814e-01
4.536458528831388004e-01
4.485132731354508628e-01
4.401759359407334538e-01
4.348514635461571132e-01
4.367299136505980450e-01
4.342267618204802004e-01
4.422340097744252851e-01
4.448326377089809602e-01
4.414391608765444452e-01
4.440216164305539337e-01
4.436016557131459703e-01
4.403109437297511031e-01
4.281264472201158355e-01
4.253958821882986019e-01
4.246759822532983342e-01
4.252045073472354164e-01
4.298954163725096644e-01
4.370530118435642097e-01
4.448802401777835480e-01
4.404579812654157989e-01
4.369772113084824938e-01
4.379848635470943163e-01
4.375071278052538593e-01
4.419464004337859131e-01
4.428723025168921357e-01
4.450211560737646344e-01
4.379142617877587185e-01
4.375439831889528786e-01
4.335302918136981765e-01
4.343658579270250897e-01
4.339786957097639397e-01
4.274855281680099983e-01
4.284714008817521735e-01
4.350092638235772968e-01
4.330871852422266133e-01
4.341767696460447912e-01
4.321403473675929918e-01
4.291993813639500277e-01
4.262158935031262197e-01
4.371674737414085188e-01
4.239038940966814439e-01
4.133541163033602195e-01
4.014417746390631647e-01
3.802455339601378270e-01
3.697440433217786815e-01
3.579635778283954961e-01
3.561152998700383154e-01
3.504819791460004885e-01
3.474449210699036561e-01
3.330181554900275009e-01
3.354645733195313895e-01
3.437472539453318987e-01
3.375252084737249136e-01
3.330984103624128334e-01
3.322643979583015383e-01
3.325030286761044840e-01
3.340499129163582714e-01
3.456163953563747282e-01
3.405198447617823754e-01
3.475141146374670642e-01
3.461437329578936350e-01
3.642974515738222618e-01
3.594051809853316404e-01
3.800050531387599295e-01
3.762022907648315817e-01
4.288094247794714819e-01
4.236297295602204915e-01
4.157427060516165618e-01
4.184011507894747628e-01
4.069580941377853867e-01
3.970519112439223619e-01
4.043207172892281376e-01
4.043047246872245037e-01
4.160367560987280888e-01
4.069824860043188552e-01
4.088859814644125179e-01
3.996761769182308743e-01
3.947617004735123891e-01
4.112631633180696134e-01
4.098522175573230952e-01
4.271080560726164821e-01
4.281515156208561268e-01
4.445554576338670016e-01
4.904520763439155218e-01
5.038727513504693833e-01
5.345637635752901184e-01
5.417909769993544122e-01
5.489952562008837411e-01
5.518418294760476517e-01
5.620839364959316908e-01
5.616137303932045022e-01
5.648702151944179350e-01
5.612416027340199065e-01
5.630540196277259435e-01
5.677154346776366323e-01
5.767056793714699925e-01
5.687290015521814235e-01
5.673516008130868871e-01
5.851951663343266663e-01
5.823283016495561792e-01
6.038872587368392386e-01
6.047042125351844710e-01
6.195395225150130969e-01
6.408820156449600569e-01
6.364397387320501753e-01
6.418450071983149430e-01
6.528024171525390607e-01
6.522354866487669600e-01
6.671510760449774757e-01
6.828875720304610208e-01
6.809598147507784915e-01
6.979339248764443449e-01
7.203264670804422343e-01
7.182698223567309803e-01
7.361144295324452136e-01
7.378275744945331782e-01
7.602488642201903346e-01
7.743186751971204984e-01
7.813986010740706645e-01
7.857333513274883385e-01
7.931216674312830950e-01
7.915142169355777746e-01
7.724423125228166986e-01
7.633064482765160585e-01
7.607345857506340181e-01
7.425352072121820246e-01
7.351508589255827397e-01
7.249871319363638822e-01
7.139608194109381412e-01
7.039009792030409551e-01
6.986051279349977383e-01
6.954680464669474871e-01
6.952066900652329462e-01
6.959165009840512228e-01
6.887098500109007926e-01
6.882561449615504090e-01
6.876485205489395458e-01
6.829305185353106156e-01
6.791733987754479118e-01
6.734660224396781247e-01
6.673942953608165141e-01
6.620587471022090220e-01
6.534199471108886881e-01
6.503732848973038383e-01
6.423704854368478268e-01
6.386966306483696787e-01
6.410651587321943845e-01
6.369501800886253617e-01
6.384162682272552791e-01
6.420506558661012164e-01
6.421638068250350440e-01
6.406994800546687019e-01
6.379320843550451148e-01
6.344320380933808901e-01
6.287595425713318198e-01
6.392188676422738691e-01
6.425621482529838557e-01
6.422679051956047269e-01
6.430679160970036445e-01
6.444753218098224767e-01
6.456587220439069519e-01
6.448539232230171558e-01
6.429963492643421263e-01
6.445439191698228987e-01
6.391127571460601953e-01
6.345566124717131329e-01
6.319171045193345826e-01
6.323214358952220504e-01
6.308981471713790423e-01
6.237105238647892014e-01
6.243682535146948265e-01
6.241876682985665337e-01
6.198938638517399458e-01
6.183051252378010121e-01
6.164223540904795184e-01
6.119947430769505647e-01
6.085705263403289322e-01
6.029181665539019574e-01
6.016598042183407546e-01
6.018427087034912137e-01
6.030466052896492624e-01
6.027445291291962937e-01
6.047625206498903339e-01
6.006297958892711231e-01
6.017919953909327546e-01
6.084031418015235504e-01
6.093426797327241573e-01
6.083836641436514148e-01
6.066540658258225971e-01
6.009905801866580743e-01
6.029166113012164319e-01
5.973859428425183360e-01
5.962236045846917021e-01
5.956039115235802761e-01
5.956568054659522327e-01
5.964214941280395754e-01
5.974394229977157966e-01
5.986040356749575686e-01
5.991083926774598556e-01
5.982057627045330728e-01
6.092357934582010026e-01
6.056251340137738248e-01
6.050288925951406993e-01
6.076107102581400632e-01
6.084040795701506354e-01
6.047497912976430579e-01
6.108286366033319759e-01
6.229034260251198329e-01
6.330993076659606755e-01
6.381473396627104222e-01
6.410937905752074339e-01
6.445214612303896695e-01
6.495375014802811098e-01
6.491463106533330585e-01
6.478615913030241202e-01
6.549451829642114475e-01
6.613064999892354079e-01
6.607880367114938869e-01
6.551365489114421292e-01
6.650451157552618175e-01
6.692392717880213393e-01
6.708160500891434674e-01
6.707493432810099909e-01
6.700174287618066993e-01
6.702973387491838464e-01
6.717213008922652273e-01
6.729025458007350524e-01
6.727588605107784892e-01
6.754695876744504224e-01
6.744480732815782975e-01
6.774549187317800980e-01
6.783832607280184668e-01
6.828777757725745801e-01
6.808154761731635141e-01
6.824824630659673819e-01
6.832510444651691550e-01
6.833899237123246539e-01
6.804240009732193117e-01
6.783133045539030404e-01
6.748355771046899987e-01
6.841089671924581728e-01
6.884465352339442790e-01
6.938558688186136081e-01
6.942389015281484888e-01
6.952335585163648135e-01
7.019350329673715860e-01
7.023112771103457996e-01
7.039583590128657420e-01
7.021665626519488779e-01
7.018998805330431967e-01
7.001625082743604400e-01
7.037443842345347811e-01
7.054297518892087560e-01
7.000560648362625926e-01
7.013485669215538953e-01
7.043857085087064096e-01
7.006250352753553567e-01
7.003132480770632995e-01
7.005774321615100275e-01
6.983730571453746760e-01
7.038572022685175567e-01
7.017633083744360123e-01
6.967009348338640828e-01
6.947605421039592111e-01
6.943725289959061797e-01
6.965409380183076316e-01
6.963593882264125234e-01
6.926150151293697377e-01
6.949796379155952497e-01
6.987269635946813384e-01
6.980210921976548466e-01
6.990369302291632447e-01
7.047321549900924520e-01
7.088556566379234924e-01
7.124937575645229337e-01
7.170888959823212838e-01
7.172226389232029264e-01
7.190577403239900578e-01
7.197098326590829487e-01
7.163824309189007478e-01
7.149149663849067027e-01
7.101704437895544064e-01
7.073953253339271274e-01
7.052181204636448486e-01
7.006912338954932595e-01
6.978371259651140468e-01
6.929822306596570280e-01
6.884935904030238252e-01
6.904562096348263456e-01
6.868917071179062583e-01
6.885972284946721977e-01
6.903881420533234392e-01
7.007417640130360059e-01
7.017624865303681014e-01
7.031292602424499272e-01
7.074293581485837645e-01
7.001817871663521542e-01
6.990923883780463255e-01
7.039552197296051750e-01
7.137495387862698992e-01
7.108505009255016160e-01
7.033196777977653857e-01
7.067086391395290823e-01
7.147030460019282438e-01
7.155634169714765180e-01
7.149862048221152788e-01
7.138043161053694297e-01
7.173546506354734342e-01
7.183552713932473965e-01
7.178686259848702234e-01
7.269082829834552228e-01
7.236570885486179883e-01
7.189125188831458901e-01
7.061379767350574044e-01
7.164286857342111459e-01
7.181921410189689992e-01
7.271294639588748998e-01
7.274959610692270928e-01
7.310906351831230054e-01
7.345199427312886220e-01
7.416653412373088727e-01
7.459912650484146202e-01
7.452068453389504299e-01
7.598360344781587283e-01
7.646313563411918368e-01
7.705635487269756334e-01
7.658607790187414999e-01
7.663763260754034023e-01
7.769202845217239028e-01
7.808208859750641606e-01
7.906605700559109495e-01
7.899595674682391433e-01
7.948735064903146297e-01
7.929905591694771383e-01
7.913205665470600669e-01
7.837045310742114523e-01
7.811602628351334010e-01
7.796191289859254470e-01
7.720779513811427686e-01
7.694076614200582309e-01
7.696921015917692621e-01
7.674920776790956634e-01
7.646624595272911717e-01
7.543888949141061007e-01
7.383426225017455380e-01
7.224439223292967727e-01
7.303265682670700976e-01
7.314426536333201723e-01
7.173179134787750488e-01
7.138718436646483978e-01
6.961406110119130464e-01
6.937616114236050402e-01
6.900692149617935200e-01
6.877633827437693581e-01
6.866231771901677439e-01
6.881077807541543523e-01
6.918042109754389823e-01
6.917961656658262459e-01
6.937189043679369282e-01
6.967358345714387280e-01
7.009902242188176258e-01
6.993633932780000118e-01
7.016313824512133701e-01
7.045792587883908942e-01
7.004437571134997098e-01
7.035878085770527202e-01
7.101207415974702952e-01
7.077677575687136846e-01
7.132084365690608552e-01
7.177292150063283582e-01
7.154845735847922272e-01
7.006055643874018468e-01
7.015769211396690741e-01
6.943274673732513502e-01
6.809253816036425766e-01
6.833169914557053470e-01
6.883293398235141858e-01
6.842561703540990248e-01
6.840248427599213699e-01
6.796738250630568468e-01
6.804753254695170561e-01
6.757290774532899169e-01
6.764883853288242710e-01
6.751900642498637195e-01
6.744980673266656179e-01
6.731183379349071627e-01
6.716301393275250220e-01
6.774010272873216554e-01
6.691038746354500688e-01
6.676788813884018126e-01
6.648092781109584681e-01
6.600912041247763984e-01
6.572272712717243115e-01
6.557399082072556951e-01
6.593316956912373961e-01
6.641652792513986769e-01
6.605048374047014503e-01
6.568778340910461644e-01
6.527654119569044067e-01
6.512025371017104991e-01
6.467743243695857069e-01
6.442875136774950384e-01
6.435394200672341913e-01
6.444227246044236246e-01
6.466220504785017420e-01
6.422380043148798734e-01
6.352564581317807768e-01
6.331088149159700418e-01
6.262646080782799940e-01
6.229557482452322548e-01
6.225404781213039751e-01
6.238684858571121872e-01
6.221164391460972665e-01
6.219578106565279985e-01
6.247069502693138876e-01
6.279836831834930688e-01
6.215336091375213146e-01
6.225337393716831036e-01
6.207451977257776310e-01
6.215587458911981944e-01
6.225618296035330124e-01
6.282693802056800170e-01
6.301788062039107574e-01
6.323879050195324591e-01
6.347991427044910040e-01
6.321853877501412144e-01
6.323441712482915644e-01
6.313264306040626828e-01
6.349494925066312412e-01
6.280566199224100199e-01
6.296512087942859326e-01
6.301742384021491450e-01
6.283817111046727799e-01
6.229266286380248374e-01
6.237096159101992443e-01
6.256769293220381112e-01
6.259856356302732072e-01
6.203405564830541952e-01
6.217155883768935576e-01
6.245173500587436477e-01
6.157853649464084533e-01
6.193627394840477418e-01
6.185107679931155511e-01
6.199416081003304990e-01
6.179076580876257108e-01
6.197156744573120157e-01
5.908711024156613201e-01
5.923972833497358481e-01
5.918139486244741176e-01
5.842510922594420508e-01
5.817110755826827573e-01
5.689132496244874160e-01
5.636380564233097745e-01
5.596621867551155871e-01
5.606695183101479962e-01
5.514564158730054233e-01
5.546546143826579511e-01
5.465295634740531261e-01
5.568235156431177169e-01
5.568312537090668313e-01
5.577062202308563643e-01
5.292035631883232893e-01
5.250782800516008431e-01
5.196317336772944273e-01
5.191039409907738378e-01
5.217840459401829056e-01
5.242308627944445298e-01
5.306827981904058689e-01
5.430050595490960585e-01
5.448753602326358303e-01
5.541542345034595751e-01
5.596534581733811908e-01
5.645019848163296272e-01
5.680302685080876879e-01
5.647865843738567593e-01
5.596704597561084071e-01
5.565547492130040741e-01
5.525711995357323048e-01
5.510303608245550322e-01
5.455575909797611978e-01
5.410677326595727532e-01
5.421923705615029343e-01
5.415966787506256708e-01
5.335410303879793981e-01
5.293197912392882953e-01
5.303430358031596681e-01
5.184464269875509457e-01
5.087558313605013982e-01
5.036261434422667493e-01
4.997601497770434165e-01
4.895665311247102691e-01
4.845498789346938673e-01
4.905492110979094988e-01
5.014261885588416900e-01
5.002657199445597058e-01
4.958883187109122126e-01
5.017871063925383179e-01
4.955097982311831295e-01
4.881083858553955657e-01
4.761692126842375639e-01
4.690496974597749280e-01
4.614725052368391922e-01
4.485094147234756079e-01
4.378711462817563849e-01
4.256220987319989102e-01
4.134711791804001058e-01
4.070012136367214817e-01
4.070847417297469018e-01
4.127157346092090173e-01
4.243519829128589715e-01
4.340243587546491755e-01
4.403120291419250210e-01
4.330129566437680988e-01
4.482605721383651209e-01
4.550366799926852668e-01
4.502455659993089832e-01
4.489763584600872104e-01
4.471483115471776570e-01
4.345077097876745009e-01
4.222758264651759741e-01
4.149686197636010543e-01
4.125056156023884091e-01
4.174910256536586428e-01
4.163431916851889625e-01
4.054274851538414715e-01
3.988919209680689693e-01
3.464908827935106461e-01
3.172043252298555882e-01
3.152122599574040951e-01
2.971140644139593223e-01
2.918123170423988499e-01
2.953095494348765282e-01
3.074889746058245832e-01
3.295459403049474378e-01
3.479753071923243346e-01
3.457679355298367563e-01
3.504475976066931953e-01
3.506896695239796746e-01
3.451830163066648138e-01
3.360506541088664201e-01
3.266309224766479335e-01
2.832553570147161026e-01
2.394302459435601327e-01
2.158949684811369285e-01
2.101334258603042571e-01
1.951760991104436738e-01
1.967971754249003835e-01
1.593477094898177737e-01
1.509272790229189420e-01
1.474248948124047831e-01
1.421738349541215030e-01
1.476147303684014478e-01
1.448353924173792218e-01
1.733390869773198950e-01
1.794718541580413440e-01
1.815085498728372659e-01
1.746243612644272913e-01
1.779897834725310546e-01
1.808411661258918779e-01
1.927578217400179872e-01
2.013518183873257150e-01
2.047785462133039081e-01
2.218778600996103578e-01
2.537616845685124467e-01
2.756359084427514872e-01
2.924925729040536715e-01
2.999650629857298356e-01
3.108752239837782594e-01
3.131639785728384529e-01
3.221141405924692891e-01
3.265544191602903767e-01
3.274415359988885887e-01
3.240101496767638922e-01
3.204158048461334118e-01
3.196346930078300952e-01
3.171316311229045448e-01
3.262701831379152262e-01
3.244775260894706137e-01
3.177254127207393974e-01
3.183526078703096118e-01
3.183792604604792631e-01
3.179582184853949056e-01
3.221110684159704252e-01
3.209754717911325606e-01
3.262597169595874980e-01
3.282690099887872193e-01
3.293918293541742148e-01
3.280273643636656411e-01
3.315181372557666761e-01
3.300924229946946564e-01
3.320799947096616522e-01
3.373351867244620550e-01
3.370912197794525555e-01
3.450898893103511722e-01
3.463969772059087293e-01
3.453217714499648427e-01
3.578768081749128527e-01
3.609047065566198809e-01
3.604568809228582693e-01
3.628671610420927118e-01
3.667876473350303312e-01
3.704240124273603940e-01
3.796037879863504161e-01
3.802920912907477580e-01
3.804265246044463145e-01
3.732482666998049314e-01
3.704168891982289602e-01
3.718042118646869842e-01
3.756515288375482098e-01
3.807505004709088037e-01
3.902736980882278162e-01
3.939127454371749160e-01
3.934099266885032753e-01
3.911968570226575515e-01
3.900354703655089517e-01
3.918792833514145313e-01
3.909790327787099340e-01
3.926893998701821431e-01
4.015718226714688477e-01
4.103362320677694797e-01
4.272513701745213055e-01
4.363731725362588465e-01
4.429315758352967425e-01
4.417357855365426356e-01
4.465603018503346289e-01
4.539689366246658642e-01
4.652058752839976496e-01
4.652474023025978123e-01
4.654490366132755796e-01
4.683572439269156340e-01
4.680712057247707891e-01
4.651521532586722074e-01
4.579942929898694892e-01
4.614169122274789370e-01
4.596512154368334047e-01
4.609089537785004409e-01
4.602714891783664108e-01
4.612322176989785416e-01
4.596743028554348687e-01
4.637035850414668592e-01
4.642240678678698496e-01
4.643730686879335434e-01
4.651159375761227399e-01
4.648029587897376524e-01
4.646413578440912184e-01
4.648335946374546057e-01
4.674800398423842318e-01
4.677550873230663653e-01
4.679265129217798358e-01
4.633561101899025814e-01
4.616152724675686714e-01
4.623427438172736936e-01
4.603278727103879975e-01
4.657108252236811241e-01
4.665342239357910259e-01
4.659499290579218189e-01
4.665955993255677670e-01
4.660980446780114694e-01
4.677646636035581729e-01
4.685053346748502823e-01
4.655335521233526785e-01
4.662920696128188269e-01
4.658305015765104029e-01
4.628496370410445371e-01
4.631124655732558049e-01
4.635424191329267085e-01
4.647854988112740671e-01
4.667461232299123797e-01
4.675446473011548032e-01
4.661258194218882989e-01
4.649561979781889898e-01
4.602206122718439096e-01
4.603081234015012901e-01
4.619289068308373158e-01
4.662521417059387607e-01
4.685044245167345744e-01
4.680098913868612764e-01
4.660754188767260997e-01
4.645855008121547725e-01
4.638594483802578328e-01
4.634806182036881328e-01
4.635882439989472137e-01
4.612171832431848362e-01
4.616910879813613255e-01
4.656392241463739867e-01
4.655084389519913990e-01
4.618126007601708327e-01
4.596732446903589175e-01
4.577193565646752726e-01
4.587848999018279139e-01
4.613626998151881264e-01
4.610467047228969384e-01
4.645237185462295915e-01
4.650217459529039643e-01
4.675425102555330614e-01
4.682227966045635070e-01
4.661873944505842138e-01
4.679685326802061618e-01
4.638756084955888426e-01
4.628584567951344875e-01
4.637943446673273851e-01
4.604653496670900181e-01
4.563123190042346899e-01
4.548076619839209189e-01
4.507225320270721314e-01
4.538699728230949360e-01
4.501653814249802488e-01
4.527015011919672816e-01
4.504318465716655728e-01
4.493647191312794553e-01
4.502636783640143747e-01
4.503435270421893843e-01
4.481262651816029230e-01
4.413988445441605624e-01
4.330668426216028322e-01
4.266777968217120298e-01
4.209280986299421268e-01
4.188188354220124254e-01
4.177744625494001496e-01
4.156203891475624967e-01
4.126080096153617593e-01
4.118808966707452335e-01
4.109560824168975168e-01
4.063855442930190964e-01
4.072498834758239705e-01
4.048685558674628426e-01
4.051045782822850216e-01
4.034503031509267812e-01
3.994185346876307219e-01
3.973632120879445062e-01
3.947957639945413599e-01
3.978383822780227619e-01
4.035174941349797262e-01
4.047556426266815666e-01
4.042375661907488538e-01
4.011838156455081461e-01
3.991663094442848836e-01
4.015209283185353084e-01
4.022176371437461428e-01
4.047523230410638440e-01
4.059612500490734632e-01
4.059394218578616931e-01
4.083394829215586386e-01
4.106865118862445541e-01
4.105056013671046777e-01
4.148480465701545050e-01
4.185857639829878574e-01
4.327192744794143842e-01
4.345262290585183429e-01
4.371777172194691863e-01
4.397439927236648227e-01
4.431088212792305137e-01
4.444205644579672376e-01
4.436837161636038585e-01
4.440626247403374194e-01
4.427861917626614852e-01
4.394852977997170673e-01
4.452652202581772189e-01
4.462993396543250002e-01
4.474943662888289930e-01
4.501214264049460678e-01
4.469282133257977963e-01
4.498535927158504588e-01
4.478940983158854472e-01
4.470299219646562405e-01
4.452463077994033847e-01
4.475549665389482734e-01
4.478757256171994050e-01
4.429979208449457140e-01
4.409121333141024501e-01
4.357320588450724341e-01
4.354818250361692789e-01
4.344270500677339109e-01
4.362481690339310991e-01
4.354788296252982138e-01
4.346899669741831063e-01
4.325495468333702687e-01
4.301892981200974853e-01
4.295817737632078859e-01
4.284034861554132934e-01
4.319299601431366153e-01
4.313316592363427016e-01
4.292866321752075720e-01
4.293298398774083591e-01
4.314390132612296869e-01
4.307886197267509765e-01
4.281049527943052158e-01
4.297325887764854024e-01
4.257641731984767031e-01
4.260651175593475060e-01
4.288980035361993903e-01
4.248087342032165203e-01
4.194749976927071300e-01
4.164076610642588605e-01
4.091095709563107863e-01
3.948441867248722592e-01
3.935750045233065153e-01
3.967344216933216816e-01
3.939882541229514645e-01
3.875229804491711616e-01
3.879971402289619231e-01
3.817045568250093113e-01
3.760360441074434568e-01
3.716131482327464930e-01
3.775387908741682508e-01
3.826268403845362043e-01
3.798496000127618011e-01
3.776730334460352001e-01
3.613585028601973836e-01
3.575373054410703744e-01
3.574094825981505297e-01
3.457443378364625786e-01
3.301198280132723317e-01
3.334798750120684385e-01
3.489118793839492971e-01
3.381317776958886467e-01
3.301798856634072798e-01
3.207358010765670175e-01
3.119301268184376807e-01
3.043005910801057090e-01
3.148407872975289568e-01
3.180267690543758241e-01
3.242999152064080515e-01
3.332675692952022373e-01
3.365789008974491292e-01
3.417724464512823523e-01
3.369489207233246630e-01
3.219384313659773844e-01
3.142839986441160471e-01
3.128849929105714245e-01
3.214599413296886365e-01
3.097410626925392041e-01
3.144063607068520727e-01
3.144298195890583014e-01
3.015370532221553490e-01
3.007779262408008525e-01
3.238830204776965704e-01
3.064575179347419076e-01
2.979098508633921116e-01
2.760599042453723007e-01
2.652838710422917856e-01
2.588377237434181799e-01
2.644688524980183253e-01
2.547273284053868658e-01
2.572693251833567674e-01
2.590594122354067386e-01
2.606434880942580801e-01
2.680960920096729372e-01
2.716364149438521558e-01
2.701587867915107299e-01
2.708459560509874908e-01
2.700621715612938067e-01
2.641583662494369489e-01
2.637010980351524037e-01
2.604104828711927833e-01
2.617765031753194194e-01
2.618558020594887181e-01
2.612777094365363872e-01
2.635900807435973547e-01
2.660925391927216888e-01
2.624841746694378530e-01
2.665913138956657602e-01
2.677952848820561726e-01
2.660084716831174756e-01
2.655798377253234532e-01
2.632702631091679013e-01
2.599493027647594712e-01
2.571996880406290376e-01
2.554570147094230581e-01
2.541959706376157868e-01
2.588578477513108766e-01
2.622799177119898850e-01
2.637741550055255901e-01
2.635666628709619763e-01
2.623572350526451880e-01
2.584079072586153436e-01
2.535145285090472655e-01
2.498306928294501406e-01
2.473023018673833895e-01
2.427412405216024527e-01
2.385351857814262955e-01
2.347027436786358334e-01
2.307861299490925056e-01
2.232956861560268791e-01
2.235638469728906119e-01
2.220058350237124334e-01
2.199097808628503736e-01
2.222374825845347679e-01
2.235716968983987307e-01
2.220947000684413142e-01
2.337328354602755398e-01
2.345189696779234612e-01
2.345205230812978103e-01
2.343367780490669128e-01
2.342344760672255000e-01
2.384086097943199922e-01
2.356128419091862713e-01
2.376012266893090252e-01
2.379469907578722621e-01
2.356908535734165144e-01
2.326888291119711960e-01
2.335516508888185461e-01
2.352384459447879606e-01
2.312354976762826531e-01
2.294619997964606473e-01
2.209503671659864277e-01
2.153605332096273361e-01
2.108445374551898843e-01
2.108376365982012335e-01
2.102690554929756428e-01
2.115472011514234751e-01
2.093062491717050944e-01
2.107744963327459753e-01
2.110555103312760639e-01
2.114705845052784750e-01
2.156537312609185519e-01
2.168224975181978209e-01
2.100215156737451072e-01
2.132356831494959248e-01
2.105240132222534200e-01
2.112337815915872608e-01
2.115687738866589007e-01
2.163495942737739264e-01
2.218414523403204608e-01
2.236758889153777075e-01
2.217102718012499418e-01
2.228714000564390174e-01
2.242421021535881687e-01
2.253898408575043255e-01
2.267565354101845065e-01
2.272284435936552383e-01
2.271292590596161731e-01
2.294780487586291495e-01
2.299180282388030017e-01
2.313447687096851224e-01
2.398910921350831116e-01
2.452302889255759399e-01
2.600421753420547599e-01
2.660749778579884484e-01
2.634635281228700499e-01
2.677335214075017289e-01
2.711627842085428952e-01
2.774853941086442566e-01
2.836294753336340846e-01
2.907363878924645872e-01
2.980843422092063766e-01
3.028551107047089408e-01
3.096166949371479404e-01
3.137120026793662197e-01
3.148298509284453983e-01
3.203841130569001772e-01
3.264965947635826704e-01
3.264398707957995582e-01
3.291895893112853355e-01
3.326294036329877635e-01
3.347411775635361075e-01
3.369709435531266783e-01
3.406207133198573267e-01
3.422081236574899821e-01
3.413173013563280400e-01
3.437921912929231549e-01
3.431266045929762254e-01
3.336058317860545741e-01
3.340785876934549981e-01
3.296539240690647410e-01
3.350794575443412082e-01
3.383440736963538864e-01
3.353877348348285881e-01
3.498211631886098405e-01
3.443555062893121077e-01
3.473295554579005073e-01
3.448468645709382163e-01
3.497516517388793988e-01
3.554471756131599713e-01
3.587322222134724514e-01
3.627078839538347976e-01
3.615240721417859460e-01
3.581275476420220372e-01
3.583911201891050724e-01
3.586299445852267898e-01
3.618175161736981171e-01
3.625472146960320718e-01
3.555694354681321334e-01
3.456458521798870254e-01
3.375467351292212870e-01
3.197849656141716346e-01
3.139420934018169462e-01
3.063493546035561677e-01
2.920638828582476365e-01
2.801389344640416446e-01
2.734608132123374502e-01
2.641091577116382871e-01
2.544313584353882218e-01
2.441765699249464350e-01
2.264219051694552898e-01
2.283934910384360639e-01
2.234473593744046305e-01
2.161116964162524690e-01
2.160911173935632923e-01
2.138879802689860610e-01
2.003569506771233077e-01
1.961557327325902933e-01
1.949160056079175252e-01
1.875644145987210298e-01
1.802515382697510715e-01
1.783004167450532584e-01
1.771481853384591909e-01
1.781233852696054443e-01
1.780875884241976681e-01
2.010916716526768011e-01
2.030252325750518394e-01
1.946686579115843863e-01
1.917360486895177407e-01
1.875878425278752759e-01
1.849098204320120120e-01
1.818615981673403215e-01
1.898003911135410227e-01
1.914357552825182718e-01
1.843839845491640483e-01
1.875070719990222234e-01
1.889492007978642030e-01
1.844432982158241419e-01
1.967841052375474409e-01
1.917072865042064589e-01
2.060641466876818595e-01
2.255728469699690708e-01
2.276017850018694222e-01
2.549353924306376196e-01
2.565291135511501563e-01
2.439739588264697168e-01
2.430987880270803758e-01
2.327877637528099897e-01
2.242433969312861153e-01
2.230629085585590365e-01
2.354405496583986679e-01
2.431879793741104079e-01
2.478594932602375678e-01
2.564610846074421024e-01
2.650104580988263958e-01
2.741409072386237766e-01
2.671938084776202538e-01
2.633169394181750778e-01
2.467168382451289388e-01
2.424147267510211867e-01
2.420791221206443911e-01
2.422099819106814655e-01
2.485585182699393825e-01
2.466945684762941737e-01
2.626108668052491435e-01
2.684599135316917962e-01
2.715663958612986595e-01
2.768595299690232436e-01
2.746702039604913548e-01
2.637931484722009778e-01
2.647158089113362811e-01
2.624311747308908371e-01
2.565189662278221094e-01
2.581613643089542554e-01
2.613178993827102170e-01
2.611288882969524661e-01
2.500837485033930996e-01
2.478387850472886511e-01
2.430742002632133303e-01
2.413543632549349505e-01
2.356605875491403768e-01
2.348411638001205171e-01
2.365875222934337441e-01
2.357187136929718985e-01
2.414552189651612002e-01
2.458632798981823242e-01
2.506453738997738712e-01
2.537719559011145654e-01
2.576181665531701581e-01
2.599315889276283542e-01
2.617974298049948190e-01
2.612991458167208680e-01
2.573271375489134538e-01
2.535637482072920501e-01
2.517051587589934636e-01
2.500246533359687384e-01
2.446008097107783552e-01
2.354764317547250185e-01
2.350125615866836826e-01
2.303420491211511933e-01
2.272058192704433655e-01
2.223704396701932651e-01
2.245736058700117943e-01
2.260056038604366102e-01
2.281875048934234318e-01
2.310202718626142016e-01
2.321674669296782123e-01
2.291764823819140151e-01
2.351100127564874909e-01
2.413241437874285578e-01
2.434959880136896571e-01
2.456313987921283082e-01
2.469253872996871879e-01
2.494861569092161058e-01
2.498483025942620228e-01
2.573277654140532777e-01
2.499808214896376279e-01
2.373949375805152473e-01
2.335340699953831756e-01
2.306498466884420173e-01
2.288166440504892929e-01
2.292044078456610123e-01
2.273730794091807506e-01
2.293170568813829857e-01
2.291598560076301694e-01
2.320938209053810264e-01
2.338517268988776210e-01
2.336154234584509604e-01
2.353626801744815589e-01
2.353380259796708784e-01
2.424439155646163635e-01
2.438364371413018761e-01
2.477517298543296109e-01
2.511017701004903402e-01
2.545450089637790181e-01
2.519792778228374663e-01
2.494637595808840425e-01
2.469391256582268990e-01
2.475296294904805461e-01
2.451739041448110501e-01
2.452577939538114205e-01
2.585733470029717984e-01
2.580425160692690900e-01
2.624928753269434312e-01
2.680506854213223211e-01
2.662040354732921887e-01
2.754390853567117436e-01
2.777745315889720290e-01
2.806177343400358959e-01
2.929026524759479888e-01
2.934150496978226164e-01
2.953608048934842634e-01
3.021175675609472089e-01
3.070616741405568506e-01
3.056501475412281010e-01
3.061475654167946647e-01
3.131784337951734054e-01
3.151507162310613341e-01
3.240680672130178408e-01
3.362077826474803577e-01
3.367731116498627331e-01
3.455519012541773960e-01
3.484408540496655160e-01
3.570006489194931798e-01
3.686392584679112350e-01
3.697407443928520943e-01
3.808382732996875575e-01
3.942991603023115466e-01
3.969874806342359452e-01
4.021204079784391761e-01
4.095570816087591992e-01
4.093715508896993982e-01
4.126991991957067452e-01
4.128528680432747566e-01
4.182697527856968911e-01
4.075307456182714616e-01
4.110732688215536501e-01
4.149815312525503841e-01
4.204388974289107184e-01
4.176473957559157513e-01
4.213490831756782629e-01
4.145053360767944062e-01
4.159837039082758814e-01
4.143879762622006413e-01
4.215825976701023658e-01
4.224944039225916881e-01
4.202242330413463733e-01
4.208210799514305878e-01
4.072011652208888943e-01
4.085161638961289921e-01
4.073563700430829493e-01
4.078039227725405169e-01
4.126934322191619375e-01
4.196831327081277929e-01
4.136609056432352105e-01
4.162986302535769956e-01
4.053047329275490940e-01
4.030621520547431058e-01
3.973216943619835573e-01
3.809453339161459340e-01
3.737492697632582295e-01
3.675394624584962799e-01
3.647161692095504115e-01
3.682120485521253594e-01
3.667517726497279140e-01
3.627135886142965893e-01
3.623988504385476928e-01
3.652399136172086447e-01
3.710736398091786792e-01
3.782456280485154698e-01
3.827917636693021763e-01
3.940974082375016119e-01
3.929884024108231122e-01
3.980321092867715738e-01
3.894779252685026116e-01
3.688827782755795259e-01
3.554286853789118128e-01
3.547735008331562856e-01
3.603118486919398289e-01
3.572183148338718972e-01
3.553245810332235077e-01
3.633990149909018252e-01
3.717372472945080220e-01
3.704229029178977561e-01
3.748005001340606879e-01
3.764986304525246852e-01
3.725527256288148070e-01
3.747840314969969056e-01
3.807388545794709311e-01
3.873076031607156078e-01
3.889868621970429818e-01
3.830927262017550516e-01
3.804322462149614115e-01
3.785197989574415334e-01
3.854742283728622709e-01
3.853602380805845051e-01
3.830962484504765730e-01
3.851493832054268540e-01
3.831616515452676008e-01
3.785780152310503355e-01
3.772143307520128830e-01
3.776110747023538883e-01
3.761369695964362214e-01
3.790483470150602940e-01
3.833617418517074604e-01
3.842385868251713688e-01
3.868213944749857580e-01
3.869772620257717621e-01
3.810763239841570837e-01
3.752996099453781431e-01
3.754637976315033931e-01
3.817161181165554806e-01
3.889540107966816818e-01
3.899605791838947622e-01
4.020691405439241195e-01
3.982126843459668497e-01
3.957261408260428492e-01
3.941468632063269695e-01
3.926203103450753296e-01
3.856510593154027777e-01
3.842973342909142276e-01
3.811791930211146373e-01
3.786256167567345621e-01
3.790069171269451753e-01
3.787512259809620030e-01
3.810765958067402481e-01
3.871398610911653271e-01
3.938443422067863242e-01
4.001218362434197928e-01
4.013244354492053190e-01
4.002287326578634064e-01
3.945121384923060415e-01
3.828819115695104025e-01
3.817936528042218947e-01
3.793691755812143018e-01
3.772089417912952158e-01
3.780944977936480655e-01
3.902797832515644272e-01
3.969458998427203289e-01
4.086369916923387469e-01
4.219281053752487187e-01
4.291099913403954025e-01
4.297705409619345107e-01
4.214284402674838281e-01
4.176874685794673137e-01
4.133921860051313346e-01
4.127447905370679737e-01
4.100729909890091229e-01
4.123593319256392276e-01
4.236062062210543266e-01
4.306167391440269276e-01
4.392653527706130157e-01
4.403292793147198236e-01
4.421034306227129562e-01
4.390828618993195542e-01
4.353732340205206386e-01
4.368704829333850959e-01
4.332038641642693144e-01
4.352915602099721726e-01
4.368481387506594205e-01
4.391529041584437132e-01
4.402138064542048257e-01
4.390415585691967437e-01
4.370376233498595164e-01
4.382968088351349989e-01
4.402779603052327517e-01
4.423302409751391773e-01
4.328045592221977378e-01
4.320107364282502749e-01
4.310589342212152175e-01
4.326823882540753452e-01
4.253433148343711556e-01
4.173727936474512790e-01
4.084305268650681442e-01
4.190562358926249176e-01
4.191131428046964147e-01
4.148176019089830913e-01
4.076896789192666626e-01
