5.9239127107
5.9236941161
5.9228133035
5.9256417283
5.9246465323
5.9246134480
5.9442969601
5.9442527551
5.9439634848
5.9446991463
5.9447457330
5.9439994888
5.9460151751
5.9461829670
5.9461351985
5.9468531125
5.9477008686
5.9484646128
5.9500762611
5.9497822575
5.9495412481
5.9506844615
5.9526319865
5.9538128032
5.9505761864
5.9739661455
5.9739602016
6.0026923768
6.0027893162
6.0481309815
6.0545668304
6.0905328742
6.0879957308
6.0910475221
6.1313432386
6.1328593705
6.1345689097
6.1749575378
6.2151479124
6.2162137684
6.2450977547
6.2691275153
6.2860378526
6.3054018682
6.3211928824
6.3374364555
6.3570898472
6.3827892944
6.4183984666
6.4175084001
6.4542288391
6.4851396389
6.4909152637
6.5235735253
6.5265575698
6.5482461607
6.5455313977
6.5663420718
6.5895684374
6.5863013410
6.5804133963
6.5659339296
6.5459169759
6.5238269939
6.4943396941
6.4670131852
6.4238737568
6.4207298347
6.3819528106
6.3392670671
6.2934111339
6.2943337340
6.2571161482
6.2098409497
6.1991443012
6.2078290143
6.2150513210
6.2277332863
6.2475029067
6.2525175077
6.2730617373
6.2805217910
6.3019663590
6.3172307938
6.3279105236
6.3336881018
6.3233353579
6.2985558364
6.2860572163
6.2865180950
6.2859010535
6.2902557286
6.2898433863
6.2892062395
6.2903920710
6.2891795876
6.2890316851
6.2914815006
6.2999218571
6.3079073939
6.3108846144
6.3068315115
6.3063921262
6.3061279420
6.3034027395
6.2931762505
6.2905238416
6.2930190125
6.2903537552
6.2993672910
6.3074494470
6.3108269306
6.3055269526
6.3060574611
6.2953991939
6.2825251299
6.2832678193
6.2860015475
6.2907599976
6.3020989132
6.3012816649
6.2979431466
6.3028563169
6.2945056634
6.2935833541
6.2916571395
6.2865509631
6.2799592796
6.2753404624
6.2728862506
6.2773925660
6.2872521569
6.2922552746
6.2998679210
6.3116076372
6.3174173351
6.3128902328
6.3110056452
6.3118165343
6.3054738520
6.3034525196
6.3037385388
