0.0601936300
0.0597237994
0.0564551092
0.0576186868
0.0560220221
0.0560545019
0.0551862599
0.0550448383
0.0546069535
0.0539380067
0.0521096103
0.0519794066
0.0533165973
0.0526212242
0.0555446897
0.0634947020
0.0714426044
0.0798677989
0.0767922239
0.0712227994
0.0695926976
0.0700279194
0.0689998110
0.0692593337
0.0691950993
0.0682072001
0.0670548454
0.0656635514
0.0682141164
0.0714793209
0.0725750067
0.0796268680
0.0828510136
0.0775711515
0.0850985111
0.0831826815
0.0894321162
0.0935322221
0.0933263834
0.0934887338
0.0922431034
0.0868315119
0.0904934781
0.0953853885
0.0931076710
0.0971715596
0.0988322559
0.1077525310
0.1226757249
0.1251314140
0.1268035054
0.1272233299
0.1264411162
0.1261181081
0.1245683760
0.1218613423
0.1192685866
0.1166036156
0.1134138963
0.1100790265
0.1076845536
0.1048139558
0.1006744984
0.0983065059
0.0952459492
0.0926546437
0.0912816163
0.0905802376
0.0914675208
0.0913877392
0.0942032420
0.0952062687
0.0980964813
0.0985276095
0.1023628560
0.1056000112
0.0994052733
0.0972335744
0.0928425682
0.0877857167
0.0892026610
0.0870277426
0.0815742544
0.0805798311
0.0765113468
0.0805154892
0.0905210010
0.0927555387
0.0964854816
0.1011160536
0.1128637830
0.1100845655
0.1194872419
0.1253570471
0.1225450402
0.1282160665
0.1313751555
0.1287196014
0.1184794406
0.1252409730
0.1163898826
0.1066711906
0.0910153164
0.0990574685
0.0977227417
0.0973371634
0.1052161056
0.1027021752
0.1055898850
0.1059063795
0.1100163994
0.1041468848
0.1035645353
0.0977721498
0.0966220834
0.0800294384
0.0600691526
0.0554894490
0.0541670933
0.0513571937
0.0501154297
0.0623014554
0.0696411265
0.0805726372
0.0921658563
0.0956250255
0.1079874365
0.1171283259
0.1169048386
0.1243211910
0.1223998042
0.1144699582
0.1200346675
0.1144186135
0.1136039785
0.1118693794
0.1072542526
0.1078102886
0.1076599501
0.1121699882
0.1131545901
0.1142840951
0.1207296363
0.1114628120
0.1114943663
0.1252155105
0.1176976929
0.1208380849
0.1202859574
0.1263619559
0.1322153146
0.1226200480
0.1172881495
0.1168910963
0.1130281017
0.1087944189
0.1102794722
0.1120641003
0.1193084647
0.1205661006
0.1256060230
0.1301789573
0.1311762911
0.1299929508
0.1276457655
0.1246238316
0.1273994507
0.1264904578
0.1293006386
0.1313960955
0.1294098902
0.1309689278
0.1304581825
0.1263266661
0.1302240660
0.1303369310
0.1292448026
0.1328991957
0.1354804909
0.1347998557
0.1327242239
0.1343895173
0.1421953535
0.1414450189
0.1337218706
0.1294962867
0.1313955051
0.1363077264
0.1421751948
0.1423389316
0.1441127787
0.1363473712
0.1249337621
0.1177623772
0.1125263588
0.1135611655
0.1155759779
0.1265771704
0.1372136301
0.1328381162
0.1350511599
0.1324146416
0.1301215261
0.1263528853
0.1257886054
0.1260593491
0.1255789223
0.1234148332
0.1205175632
0.1206565746
0.1259894088
0.1261936351
0.1254177205
0.1193735999
0.1202872317
0.1198066266
0.1193507349
0.1191234134
0.1180637464
0.1158805674
0.1124565157
0.1101450330
0.1076114938
0.1077287875
0.1079590262
0.1070277548
0.1099701134
0.1244357560
0.1246704870
0.1255492131
0.1248498508
0.1257059492
0.1274539864
0.1287811384
0.1308199187
0.1333961078
0.1340880482
0.1342188277
0.1331219784
0.1347307607
0.1366652983
0.1379815118
0.1389753324
0.1379800221
0.1380597618
0.1374696706
0.1404843227
0.1414578496
0.1400851260
0.1342237444
0.1334113402
0.1283601042
0.1288554109
0.1241665354
0.1200206746
0.1138776646
0.1041375217
0.0993657355
0.0936642957
0.0892639407
0.0837478074
0.0803010691
0.0768268160
0.0707270807
0.0583339448
0.0502753579
0.0528667865
0.0467632568
0.0422364191
0.0360161843
0.0384717914
0.0367025961
0.0380486513
0.0420769323
0.0415204322
0.0420070441
0.0398086747
0.0389869440
0.0340602593
0.0342616318
0.0322310894
0.0325669364
0.0326357222
0.0334762950
0.0328269480
0.0319086713
0.0319095602
0.0280018899
0.0259613225
0.0390383580
0.0335537029
0.0419415539
0.0467637870
0.0523119133
0.0566427135
0.0580223613
0.0647872245
0.0667894870
0.0533015668
0.0530855156
0.0565661050
0.0600981134
0.0649643231
0.0578102238
0.0648117427
0.0598288662
0.0596288972
0.0590507471
0.0629126022
0.0661153927
0.0679712122
0.0673190765
0.0698014433
0.0691851537
0.0742033446
0.0742418041
0.0661477239
0.0648411829
0.0629377341
0.0597987488
0.0619749268
0.0626229586
0.0616096954
0.0638323107
0.0667845085
0.0675949838
0.0642616202
0.0640545811
0.0584711306
0.0582344502
0.0561088947
0.0556805609
0.0514078957
0.0484870696
0.0417874697
0.0408755498
0.0397566617
0.0378097822
0.0312516759
0.0350398482
0.0352056730
0.0338222373
0.0290368485
0.0264780422
0.0199665373
0.0234920081
0.0208482446
0.0231814757
0.0173732605
0.0115963494
0.0164675710
0.0152368926
0.0240219489
0.0112720504
0.0214600183
0.0413490778
0.0262950840
0.0328547009
0.0325992226
0.0295279199
0.0392168790
0.0350832276
0.0351271831
0.0203151638
0.0167673724
0.0198390139
0.0206444474
0.0261794448
0.0308478268
0.0327054196
0.0275914435
0.0299651909
0.0285743574
0.0295662126
0.0300068151
0.0243045269
0.0175217433
0.0158610676
0.0175746231
0.0185703299
0.0213914489
0.0228179415
0.0221518624
0.0234378181
0.0244079294
0.0270600655
0.0310580851
0.0334005028
0.0335990678
0.0376000488
0.0411063669
0.0402384252
0.0410633967
0.0380547262
0.0408514011
0.0397182447
0.0396427335
0.0393425155
0.0395446375
0.0411421129
0.0404672285
0.0389259579
0.0359178876
0.0348176304
0.0325253766
0.0323044131
0.0312805958
0.0321462840
0.0292990115
0.0325630950
0.0283051423
0.0295646266
0.0347568610
0.0317304269
0.0308552504
0.0476301052
0.0502648777
0.0479543714
0.0497766781
0.0506290264
0.0512543670
0.0582633179
0.0592540280
0.0579688867
0.0616848583
0.0575586340
0.0596182204
0.0550928197
0.0597857776
0.0604609081
0.0553610864
0.0560051771
0.0619272435
0.0597312667
0.0650086861
0.0556804059
0.0573062258
0.0608861462
0.0643551653
0.0627206520
0.0598351239
0.0622257793
0.0601419627
0.0609744432
0.0604362456
0.0581845065
0.0592381280
0.0605200404
0.0618037372
0.0612302440
0.0607211932
0.0598805363
0.0605403133
0.0595941990
0.0592359254
0.0564289009
0.0535472969
0.0504187333
0.0480156625
0.0465153619
0.0438014035
0.0411069385
0.0417959932
0.0387303293
0.0353701853
0.0336458894
0.0303745804
0.0331633527
0.0328818736
0.0255756155
0.0250424618
0.0208024013
0.0127745211
0.0234974284
0.0321880034
0.0085701104
0.0090459628
0.0125629379
0.0163495351
0.0217557702
0.0157999185
0.0365832265
0.0551608720
0.0369993089
0.0778876682
0.0591701558
0.0554208514
0.0249397397
0.0202946692
0.0140208079
0.0129713680
0.0186436348
0.0157696989
0.0116725472
0.0113620226
0.0112543191
0.0085158583
0.0118084358
0.0111136989
0.0172238816
0.0170893553
0.0196417566
0.0262195661
0.0282198858
0.0286423978
0.0276436236
0.0238012829
0.0283652193
0.0309888779
0.0359489368
0.0495718533
0.0502420170
0.0504888603
0.0484748459
0.0462205231
0.0437911555
0.0427754015
0.0553914366
0.0535273422
0.0530372137
0.0409760522
0.0458631411
0.0425205158
0.0416019596
0.0400367059
0.0383675665
0.0336512754
0.0289008279
0.0284340997
0.0264193710
0.0239139877
0.0220518424
0.0191238546
0.0200953879
0.0201720488
0.0189217064
0.0211294783
0.0174681075
0.0238186613
0.0250876458
0.0275593417
0.0281707534
0.0283997466
0.0304670607
0.0359774505
0.0387440854
0.0379891503
0.0379694957
0.0365027632
0.0457424165
0.0438725186
0.0483252976
0.0407399347
0.0402530787
0.0347039057
0.0317003816
0.0270392300
0.0193946200
0.0326535182
0.0350513075
0.0398668399
0.0259550974
0.0198425984
0.0507446422
0.0130853909
0.0289197276
0.0188678298
0.0154705094
0.0028941158
0.0112844880
0.0075877641
0.0302495233
0.0168695152
0.0457166250
0.0482407585
0.0436244130
0.0581882945
0.0639043532
0.0630751730
0.0621844952
0.0636722183
0.0657382087
0.0765624968
0.0780002335
0.0780018393
0.0794536184
0.0806412745
0.0824786251
0.0839800931
0.0839677015
0.0822609855
0.0813376875
0.0802014036
0.0770181949
0.0740009397
0.0685338453
0.0646832153
0.0586233601
0.0558028863
0.0516892741
0.0512694170
0.0500801689
0.0484997677
0.0475805730
0.0474377111
0.0513921669
0.0471265089
0.0461418080
0.0459849301
0.0439617018
0.0460672090
0.0460040453
0.0511946477
0.0523112419
0.0547746517
0.0530470084
0.0483213630
0.0451267025
0.0509780714
0.0472734681
0.0477670561
0.0454049556
0.0453582728
0.0409429710
0.0385631762
0.0391634865
0.0364465120
0.0373344272
0.0349312655
0.0326586502
0.0429729866
0.0365925520
0.0329497819
0.0370334302
0.0348944433
0.0330914300
0.0326010738
0.0336991979
0.0353385146
0.0300104008
0.0302535804
0.0255464396
0.0255149255
0.0296795024
0.0385879388
0.0432684353
0.0200422620
0.0148122621
0.0189219173
0.0176517441
0.0178506746
0.0210099748
0.0298362644
0.0309023356
0.0333234447
0.0353918895
0.0390918130
0.0431561647
0.0452633198
0.0493123908
0.0519032429
0.0531590551
0.0536161029
0.0486134357
0.0468389742
0.0423280637
0.0411488985
0.0382434056
0.0335979246
0.0300439707
0.0270429811
0.0272351201
0.0269598217
0.0295926337
0.0280923659
0.0314635798
0.0297498261
0.0316563542
0.0335442971
0.0368041193
0.0359055293
0.0375535810
0.0401588705
0.0419041640
0.0445308486
0.0425733524
0.0486488630
0.0453726398
0.0471246809
0.0424015789
0.0406654319
0.0364054983
0.0348122109
0.0385358851
0.0418181331
0.0369860611
0.0109456541
0.0164572224
0.0132615366
0.0606519048
0.0134811131
0.0211383116
0.0114070062
0.0285573573
0.0308789735
0.0292541454
0.0200556993
0.0411836650
0.0187087397
0.0154661850
0.0266631544
0.0312514456
0.0255020937
0.0203440602
0.0231812125
0.0187463814
0.0180958296
0.0171446092
0.0368265489
0.0390437736
0.0415110964
0.0427024113
0.0426508434
0.0418931120
0.0406032988
0.0423737920
0.0429695763
0.0409292533
0.0391548206
0.0384163161
0.0376726945
0.0351390216
0.0336161405
0.0338465998
0.0291230352
0.0266772043
0.0239932143
0.0260962577
0.0253224682
0.0273490654
0.0274715321
0.0286731783
0.0291394502
0.0322686869
0.0336013832
0.0350529803
0.0314854894
0.0338130109
0.0346885310
0.0388618222
0.0496988032
0.0434480691
0.0402205920
0.0447353192
0.0497574364
0.0439679348
0.0369641094
0.0371913088
0.0460885971
0.0381669448
0.0522657198
0.0801320638
0.0527341048
0.0199534014
0.0185893483
0.0186327313
0.0139167604
0.0161729685
0.0282205623
0.0275919274
0.0059837834
0.0454907865
0.0753520961
0.0365453388
0.0200448080
0.0393790924
0.0400169204
0.0494378095
0.0429875547
0.0417020015
0.0652971004
0.0648374813
0.0647067458
0.0662885846
0.0671286172
0.0682200042
0.0691035774
0.0669802124
0.0655456153
0.0667421835
0.0671844848
0.0641973356
0.0636663128
0.0633408677
0.0617422651
0.0650193858
0.0625845970
0.0589608329
0.0559461598
0.0532626202
0.0544317677
0.0534488020
0.0547061403
0.0533154594
0.0549090694
0.0540213196
0.0561188591
0.0539227041
0.0561634122
0.0571531272
0.0582596658
0.0632555788
0.0659702625
0.0696376017
0.0634888782
0.0714627284
0.0729835071
0.0725353864
0.0734294755
0.0574090722
0.0638636373
0.0634749445
0.0625102692
0.0467267058
0.0617272950
0.0503857943
0.0482996408
0.0441965208
0.0281136203
0.0432675103
0.0438567198
0.0418952070
0.0559593221
0.0340578626
0.0382824085
0.0338803258
0.0353256092
0.0702164735
0.0551961879
0.0521562113
0.0633603943
0.0646646845
0.0638695348
0.0594865387
0.0636391829
0.0724277357
0.0720022149
0.0729006473
0.0741981292
0.0745500549
0.0763713974
0.0772161098
0.0755572170
0.0762687591
0.0775059907
0.0745878777
0.0742187912
0.0755368551
0.0733065858
0.0725548440
0.0679404386
0.0657769622
0.0612489787
0.0617931703
0.0571387427
0.0585778336
0.0579098770
0.0580852835
0.0523275605
0.0568859468
0.0547841697
0.0528054745
0.0495168655
0.0520271416
0.0490731358
0.0527852296
0.0538729320
0.0595884836
0.0594086055
0.0559161553
0.0514992694
0.0563588290
0.0504612559
0.0470224083
0.0414780019
0.0392436418
0.0349805007
0.0515241922
0.0583644664
0.0348907076
0.0225936210
0.0261646006
0.0250290897
0.0323172000
0.0334446850
0.0211875608
0.0432732656
0.0506192787
0.0732255074
0.0339602760
0.0205775932
0.0017376224
0.0113488414
0.0266358948
0.0421053969
0.0573666393
0.0372587999
0.0426122294
0.0302798404
0.0287515377
0.0387972491
0.0356925229
0.0375491556
0.0325206171
0.0345383955
0.0345030327
0.0386270984
0.0370220951
0.0375103185
0.0367573803
0.0365366779
0.0362159938
0.0358933896
0.0365604995
0.0363978714
0.0375555627
0.0372362799
0.0387986936
0.0401733931
0.0372308374
0.0358846774
0.0341860932
0.0339437273
0.0311391504
0.0295344018
0.0252317256
0.0236788304
0.0223199208
0.0211845865
0.0246810553
0.0258189882
0.0275243051
0.0284342190
0.0311977819
0.0351224529
0.0376286568
0.0408106176
0.0424627553
0.0481039852
0.0528479042
0.0479972990
0.0509979732
0.0490455540
0.0497962794
0.0564060682
0.0447904327
0.0492543033
0.0572247104
0.0568027144
0.0458984733
0.0417679818
0.0386725627
0.0317631334
0.0193125996
0.0154702348
0.0324242936
0.0274445398
0.0630444297
0.0651941754
0.0317648834
0.0513852877
0.0612661057
0.0833115179
0.0820645506
0.0398392257
0.0240849799
0.0314766339
0.0299007665
0.0276843866
0.0309091001
0.0309143152
0.0288123285
0.0295001172
0.0307684660
0.0320555396
0.0369175081
0.0390208996
0.0405990707
0.0421290688
0.0441030658
0.0476411223
0.0465048882
0.0475992287
0.0524891584
0.0569769410
0.0631298694
0.0648135564
0.0680964903
0.0670810265
0.0658757717
0.0678777749
0.0691400789
0.0695722497
0.0689519207
0.0661059200
0.0602571705
0.0555808117
0.0503009027
0.0448995026
0.0443379092
0.0417087117
0.0372888771
0.0344536842
0.0366459329
0.0467595353
0.0530659140
0.0625062895
0.0605874400
0.0708231871
0.0728736487
0.0724226840
0.0735922665
0.0732095717
0.0729164753
0.0725864170
0.0734689556
0.0763702190
0.0725810989
0.0728417025
0.0631559761
0.0483051117
0.0531943891
0.0425008560
0.0345211846
0.0657386824
0.0796211821
0.0933185975
0.0778838132
0.0741393719
0.0691255396
0.0785953521
0.0706024446
0.0558387638
0.0614543083
0.0448894425
0.0485101264
0.0627608568
0.0657256968
0.0614312563
0.0647389633
0.0666618301
0.0710783100
0.0688391379
0.0610258524
0.0606956393
0.0597445046
0.0589206419
0.0579900242
0.0532102595
0.0578493564
0.0601208107
0.0580830145
0.0548377495
0.0526180511
0.0497626353
0.0467100413
0.0400274040
0.0376053170
0.0361155942
0.0345329539
0.0337836617
0.0329439070
0.0319704297
