1.0859797782
0.9729417186
0.9970314415
1.0440521133
1.1337128202
1.2821583589
1.2836531281
0.9601939751
1.1653909816
0.9281522767
0.7797758221
1.0436159323
1.1890589846
1.1532559740
1.0875339637
1.0574996948
1.1843015826
1.2772992167
1.2466336407
1.0252181266
1.0404396185
1.0475570864
0.9295549497
0.9273756955
0.6921677401
0.1249614736
0.1683534889
0.3327139246
0.3187505761
0.3642887942
0.5729720642
0.5879231441
0.5625649554
0.6080747781
0.5429413252
0.4080952701
0.5789660716
0.6703033486
0.4985524707
0.5303596128
0.3941257370
0.3576080535
0.3918134657
0.2410750778
0.4350001343
0.3272152425
0.3080384317
0.4069944954
0.2615245851
0.2047508398
0.0912521770
0.3940874884
0.2410927680
0.1445017288
0.2094886532
0.2222914193
0.2146266529
0.2649142739
0.4989282486
0.5377911695
0.3717110203
0.5786531315
0.4432976869
0.4916912068
0.5223485912
0.6617567260
0.7055575387
0.6824167141
0.7156226040
0.6120574005
0.7696181975
0.7025975081
0.6787868617
0.7026113039
0.6209648667
0.5221550479
0.3718876604
0.5025126582
0.5078030937
0.4848888870
0.3911021505
0.3070680039
0.3486220349
0.5612078507
0.5119893709
0.3871849925
0.3505916230
0.3672350244
0.5015449904
0.3464806926
0.4644827327
0.2978271197
0.3456735601
0.2333703309
0.2634867250
0.2996518866
0.2065599836
0.2497958479
0.2176184648
0.1730560072
0.1374478051
0.3521454732
0.4449199089
0.5023247118
0.3989000000
0.4230126519
0.4299223376
0.0595382995
0.1492899540
0.3413973682
0.1761558338
0.2413223526
0.3810132170
0.7335233220
0.7865798430
0.6036522356
0.8590064667
0.7239626846
0.8280350430
0.9768261091
0.8267267915
0.6468205045
0.6275518582
0.4878178528
0.5445280778
0.5073430771
0.5113888289
0.5791319534
0.3796132307
0.5155266571
0.3267163866
0.3000573035
0.3345084556
0.3355719079
0.3570346687
0.2982867633
0.4915543313
0.3587053394
0.5434246235
0.2736474873
0.4864368187
0.2571447287
0.2719917172
0.3975351376
0.5011553511
0.3569013534
0.3740871924
0.4460699372
0.2655030549
0.1870826010
0.2079598180
0.1108132891
0.1220380583
0.4022711104
0.5155159567
0.4700676704
0.1903938832
0.1391911046
0.2064780495
0.4750680435
0.5591952482
0.5184982695
0.6142295739
0.5809207969
0.6846334620
0.7086741267
0.4659871076
0.3841360870
0.3695186015
0.2188747180
0.4876710439
0.4879324679
0.5145454759
0.3561798251
0.6146864143
0.7269893173
0.3699728937
0.5287121650
0.5824965699
1.2945346694
0.6658446005
0.9813726283
0.9108890486
0.3640097870
0.6712696520
0.7199882582
0.5096566545
0.9131966110
0.9319289210
0.3841143342
0.3286009919
0.3689347070
0.7391797274
0.4959168929
0.4398072450
0.4575674309
0.4283131287
0.2427209191
0.5885052708
0.4841167066
0.4701879105
0.3285719929
0.2357145898
0.1792422751
0.2783533366
0.4160143738
0.5042182672
0.5585054601
0.6981247427
0.7305318235
0.7731609866
0.3544191892
0.3645947450
0.6221874435
0.6391249241
0.5248226147
0.6925458775
0.6834882156
0.7107392042
0.6557884208
0.7926381980
0.8407902963
0.6440281020
0.7650486447
0.7808737456
0.8908157234
0.7916300304
0.7976751142
0.9855391597
0.9354911696
0.8221289598
0.9546389902
0.2336437278
0.0344986366
0.4987420759
0.4926700333
0.5099126413
0.4940080146
0.5235021569
0.4212565970
0.5255906679
0.4790036134
0.4632242747
0.4276691341
0.5628833786
0.7845752727
0.4506495433
0.6005924983
0.4875612366
0.2169266271
0.4687477849
0.5047592463
0.7009173524
0.5782792200
0.6256958868
0.3767366635
0.2374343598
0.0892655274
0.2317113599
0.2266460063
0.3948639058
0.7083772006
0.6312458397
0.5066013181
0.8067253896
0.5492198164
0.3867734459
0.2053339053
0.4062646141
0.5426965950
0.8624294081
0.8689323419
0.7741429327
0.7805560259
0.4924720693
0.6305230878
0.5486246948
0.5511298008
0.3560853715
0.6302582585
0.1563586966
0.3720668830
0.2325336356
0.1662330704
0.2446096228
0.1351002232
0.1685737639
0.2097596679
0.2368531884
0.3080808472
0.5309615400
0.6251575234
0.7715897748
0.6857331082
0.5834554788
0.2340074442
0.1107435593
0.1941336365
0.2064685318
0.2012822534
0.3308923862
0.3281402923
0.0978927069
0.4945120518
0.6471008811
0.3249592538
0.6608411824
0.7304537936
0.7668739588
0.7106270762
0.6973846567
0.8295762009
0.8891042604
0.6543151562
0.7887408754
0.9018484288
0.7705391192
0.7965212689
0.5781593572
0.3509836369
0.4504590101
0.4101711736
0.4024235071
0.2835837262
0.2252812618
0.2499668322
0.2828852514
0.2544893867
0.3213662487
0.3039852291
0.3295276353
0.3073090980
0.4725715788
0.2932459077
0.1889386047
0.2345570057
0.1689110969
0.1306952004
0.1202181560
0.4261302166
0.2079473224
0.1642819108
0.1864466577
0.2064404227
0.4756088637
0.4815540472
0.4625176090
0.2417251125
0.2450817136
0.3050520369
0.4909851045
0.5421440647
0.6601571641
0.3254369232
0.7897407247
0.4028906376
0.6992197342
0.1120051121
0.3408958484
0.5565989098
0.4967765898
0.7260702587
0.9123729886
1.3571709430
0.6972169620
1.1285656992
0.2588123320
0.5290824833
0.1689359785
0.7905885723
0.2576362233
0.6572104968
0.4459416849
0.4426386831
0.1574833225
0.3000419449
0.2327066964
0.4060411243
0.4870499692
0.4216478051
0.5761837455
0.4203881788
0.5042912747
0.3605164645
0.6033825573
0.6840713443
0.7997935292
0.7825134402
0.4701393861
0.4737029695
0.2885476155
0.2277214073
0.4108315082
0.1666492813
0.3733164073
0.1877801350
0.2974786604
0.2056526504
0.3543794585
0.2477202040
0.2719331062
0.2915997826
0.0440927195
0.4268689522
0.5940736259
0.6384617583
0.8941644425
0.9363984281
0.9223299696
0.7950069668
0.5718465794
0.6651445989
0.6194631119
0.7410831829
0.1781122864
0.1871591518
0.4002592258
0.4503926888
0.3827129835
0.4961302507
0.4583144472
0.4349687338
0.5525314737
0.7162957785
0.8243135866
0.8594195219
0.6324733588
0.7106678453
0.7833570605
0.8203674033
0.9685907897
1.2069866556
1.3831826389
1.1112818371
0.7642737920
0.5516786416
0.4262848977
0.6372710927
0.5848959483
0.5422504002
0.5783018947
0.5512393291
0.4534870803
0.4242436429
0.4280742370
0.7502202905
0.5622051930
0.8815616373
0.6479987864
0.5165475486
0.5571953434
1.1383499357
0.8894985819
0.6025895480
0.4460913231
0.8798906217
0.7510267245
1.6722501165
0.3466268027
0.6220817738
0.8749950927
0.8463197490
0.3872754536
0.7073743542
0.6233590770
0.2966689919
0.3237472720
0.3104625570
0.3277060173
0.4430376964
0.7306228711
0.7991882983
0.8680852604
0.7327440418
0.7522155510
0.8723530317
1.2226821608
1.3851146632
0.9178613884
0.5627084840
0.4378594423
0.5807987609
0.3430702901
0.2267427493
0.3221961879
0.5194200311
0.5510021991
0.4525284315
0.3926429207
0.4156241208
0.4734317907
0.6500758225
0.9834854984
0.8708008841
0.8373323038
1.0858320707
1.1338608790
0.9489242956
0.9460836259
0.6021518988
0.9698086271
0.8824831449
0.6983427333
1.1625763594
0.7203740350
0.2357833167
0.2660453215
0.2344877653
0.4710722761
0.5491348445
0.5568987740
0.6084265014
0.4456962807
0.3512386667
0.3057285680
0.3661598454
0.5159540928
0.6162844879
0.7722994871
0.8409254140
0.5387582931
0.5701464772
0.5515169566
0.6073555842
0.3377568059
0.2821048475
0.5703710728
0.5544139124
0.7698473629
0.7025351433
0.6410381916
0.5304944221
0.5300676389
0.4757454012
0.4683459854
0.5365122616
0.6412617529
0.8593236674
0.8734674345
0.8946247360
0.8934784636
0.6200942098
0.7262831741
0.6412340664
0.4282843971
0.4130316085
0.2636611222
0.4083977466
0.2468036175
0.1238450921
0.1636492946
0.3428343049
0.9907331179
0.9290547234
1.4331507054
1.6245320629
1.5462649226
1.0228697502
0.8268082761
0.2994962546
0.6381976821
0.9704717048
1.1381160420
1.0163672755
0.6966582865
1.7868322772
1.9052258811
1.4231177439
0.4818310865
0.1564462030
1.2410075147
1.1958608484
1.4962158443
1.0594062887
1.0659320795
0.7357097641
0.5364103625
0.6984769599
1.3954064671
1.3841221945
1.0631206724
1.3020693484
1.2475634132
1.4415204783
1.1787717143
1.2885145061
0.9902703509
1.1227396460
1.0565439113
0.6901095422
0.5502019707
0.4390430830
0.8281722377
1.1040425002
0.9168639696
0.7717648784
0.5358156430
0.4659193874
0.8543625402
0.9756375505
0.9551019758
1.3343178962
1.1394009562
0.9223227359
0.9162079289
0.5329256305
0.7921278820
1.1110794846
1.4203688916
0.2762202995
0.7028420334
0.9142157757
1.4736007456
0.9547404583
1.1228367082
1.0754932043
0.4542499311
0.9934322508
1.2302966942
1.2859928754
1.4066887653
0.7787408410
1.2349265450
0.6286069393
0.7542457494
0.7631812850
0.8890123866
0.7106942695
0.8728648046
0.7910717129
0.4570844247
0.3818490852
0.1797474180
0.1949980874
0.4368582069
0.1962695619
0.3892686188
0.2279285270
0.3588354616
0.3970929757
0.2039554276
0.7092287010
0.4885532515
0.4173282495
0.6958157086
0.6927522940
0.8321717798
0.5875666742
1.0470281704
0.6520017271
1.5986349744
0.4697278836
0.5772021390
0.8739161222
0.2811408591
0.2936649052
0.2109249184
0.1141622543
0.2051285216
0.2765497649
0.3577342086
0.5431618208
0.5101611908
0.4835358553
0.5536995500
0.6136863781
0.5044448368
0.4406956484
0.3427740914
0.4687329198
0.3815738643
0.4833018368
0.5381980260
0.5943022758
0.6908050980
0.8019893217
0.7932212735
0.6851977520
0.6209209307
0.6010068270
0.4086481331
0.3375866377
0.2957370577
0.4054085090
0.5164536591
0.3918846160
0.3297138011
0.3228284279
0.2625668798
0.2187393293
0.2366139931
0.2120677179
0.1608742188
0.1429067088
0.1437087275
1.1572725039
1.3495740176
1.3876522774
1.5271483859
1.5496587530
1.2956272427
1.1052112428
1.1126153141
0.7792637855
0.5217502642
0.2819629264
0.0962901214
0.3770888957
0.4784501553
0.5324732583
0.6372068502
0.6176287927
0.6483648893
0.6499124501
0.5707633931
0.6164694333
0.4962835968
0.5026728287
0.5503490904
0.7804220726
0.8063704675
1.2931979772
1.3347097893
1.4074888439
1.5620941339
1.3089516375
1.5766532686
1.1296466358
0.5075641808
2.3022749682
1.1334729306
1.2796433056
1.5779016890
0.3558447863
0.5557090815
0.4577283717
0.9786893608
0.9809812874
1.0221264977
6.1312375615
6.0270780605
2.9868019973
3.1930924851
0.3680166617
0.2438877590
1.0188810071
0.9807300044
0.8850931118
0.5805802405
0.7398658838
0.8320795265
2.6587503579
2.5705614938
2.2082662321
2.0284108526
1.7385146928
1.6233124220
0.2631238240
0.2642286551
0.4563131862
0.3140418693
0.2420890852
0.3387511828
0.3550605121
0.3966732565
0.3634769982
0.3407608658
0.2765349571
0.2502413204
0.3313436785
0.2777491161
0.2796239218
0.2505883734
0.2456679177
0.3009552458
0.2784269250
0.3213761470
0.1857559578
0.2461235781
0.2429270026
0.2695947624
0.3161325414
0.3312178560
0.3212749297
0.3800671536
0.5099886708
0.4064903780
0.2948272680
0.2714665148
0.3094975935
0.5270632221
0.5334195032
0.5012928481
0.6029897547
0.2831871166
0.2108926662
0.1780703090
0.1565057043
0.2081215049
0.1256714417
0.2989324848
0.1823912587
0.1826700584
0.2748416225
0.3224043124
0.3164978037
0.3864313273
0.3949780395
0.3355481709
0.4566059444
0.4558137774
0.4467426796
0.5244436123
0.5158302244
0.5146764757
0.3805776647
0.3997977440
0.5718335955
0.5722401958
0.4668835461
0.6015831535
0.3656190700
0.2859737018
0.2522472233
0.3965048693
0.6032370426
0.5339462475
0.3350219795
0.1620561217
0.3196169091
0.4645517676
0.5383981346
0.8990071950
2.2409664882
0.9717825706
2.0792680537
0.2543525347
1.5688191876
6.2471541961
3.7822536501
0.6135099380
1.1002751715
0.6386917138
2.5347770618
2.6841630105
2.8642514602
0.7711827997
0.6336493460
0.7422919373
0.8907450201
0.6113133836
0.2639599995
0.3133750636
0.5064350491
0.7649531335
0.4895073816
0.5662225034
0.5307004662
0.6810507290
0.6557335461
0.6359666589
0.8169748445
1.0661531122
1.0633189158
1.3454332752
0.9619835938
0.7401990496
0.3464300940
0.3412493239
0.1284810348
0.2115494933
0.2141596502
0.2301889393
0.3531472493
0.3138061413
0.3925530928
0.5734396479
0.5632995547
0.7681869552
0.5988654863
0.4251164887
0.6126640653
0.6072016920
0.9888585090
0.8377603622
0.4935499985
0.5541122373
0.5353990594
0.6011999839
0.4924083868
0.4572668714
0.3973456247
0.3155246173
0.1642069451
0.0859948683
0.2040826216
0.2845722146
0.2652769825
0.2300385495
0.2876783827
0.2793556644
0.2619376865
0.3166127119
0.2531383700
0.2350557162
0.2119828371
0.1587967954
0.2564353582
0.2575304233
0.2211016985
0.2469406567
0.1742900632
0.1879903425
0.1412480807
0.2180252388
0.2093113480
0.1332672123
0.2817684868
0.1597179007
0.3339641381
0.1677008802
0.1550648359
0.0631247218
0.0793396772
0.2001008343
0.4330683257
0.4658572670
0.4087197071
0.4077826195
0.4357054132
0.2869932781
0.2987123024
0.2223634981
0.3153585943
0.3244866783
0.4154365677
0.4437762859
0.4480265682
0.4173729575
0.4896310530
0.1763316373
0.2180631210
0.3328291303
0.3698707698
0.3725852900
0.3500307431
0.3277891983
0.3210323810
0.3199655769
0.2934142551
0.5058037901
0.4186186715
0.4592651888
0.4560391772
0.4633165910
0.4196417644
0.5118204754
0.4643096978
0.5042674240
0.3990121427
0.4756399021
0.3764039507
0.5018887953
0.2920223279
0.3796840568
0.5376490674
0.5032486365
0.4849129243
0.5413030497
0.3881926217
0.4332582222
0.5743653687
0.4554365517
0.5689394939
0.5926163603
0.5041726283
0.4683456482
0.6866005034
0.7574741647
0.5536623634
0.7196548583
0.4667378745
0.5260922407
0.6761386576
0.5860090893
0.7400934031
0.8883245109
0.6667192106
0.7042978081
0.5313934827
0.5564674965
0.6193115153
0.6241403736
0.6108717196
0.6190873834
0.5657476793
0.6409610068
0.7418793302
0.8114524101
0.7578061213
0.9128804827
0.6959008789
0.7555465336
0.7318847128
0.5645536203
0.6722391141
0.5220689505
0.8586609866
1.6686819723
0.6811772723
0.5347126567
0.9068465431
0.8029169962
0.6854094323
0.6361791733
0.7726306306
0.9390982940
0.6990194944
0.5132434120
0.5228019525
0.5601397392
0.5164546991
0.6273916623
0.5395579487
0.4838313902
0.5642643952
0.6309372187
0.8109144068
0.8360651738
1.2187921418
0.9219050227
0.6665497505
0.4605668236
0.3965707077
0.5174441443
0.4693597301
0.3356048892
0.3349626923
0.2767669753
0.4792873250
0.2347367756
0.3647215789
0.3743567268
0.4038087268
0.4562506843
0.4194355450
0.5948444979
0.6226711451
0.8813245914
1.0786146282
1.1680547236
0.9386192829
0.4850981490
0.6220301276
0.4449068550
0.6638844425
0.5158980445
0.7631255153
0.5400111464
0.7440885318
0.5114049604
0.5573352611
0.2839912557
0.2038792316
0.3651787546
0.4634626800
0.5027392992
0.3673262672
0.2850916212
0.3535127572
0.2923796439
0.3156468792
0.3544557814
0.3534686852
0.4357923605
0.3163685022
0.3570281235
0.3833844214
0.3523232013
0.3542603508
0.2369251724
0.4163340452
0.2221460967
0.3561189736
0.3982023915
0.3367838547
0.5694985171
0.6866739630
0.8311991690
0.6244502081
0.8558330438
0.7784720930
0.4917282473
0.5047047939
0.4978829578
0.4945745592
0.4516966641
1.0289853759
1.0948510960
1.0638899946
1.1048265479
0.9179665554
0.5199007168
0.6970054056
0.6854730984
0.4468721638
0.3288845016
0.4426342222
0.4635120538
0.2273425582
0.3320126576
0.2814778446
0.4504724842
0.3393949063
0.2912794227
0.1884160359
0.1791835851
0.2451462641
0.2959868522
0.3745128865
0.3715667497
0.2510839994
0.1570943460
0.2457054699
0.6461464622
0.4844754087
0.6035526808
0.7297919388
0.6616064424
0.7118167586
0.7092604502
0.8953692384
0.4778086558
0.6002637841
0.7267740929
0.5406985680
0.5526156735
0.3700467034
0.6237280802
0.4482248975
0.4701162845
0.2130356237
0.4228245135
0.3846747479
0.2619508735
0.2220255193
0.2376446512
0.1867015105
0.1930422612
0.3068527724
0.3481547095
0.3846897255
0.3808243667
0.2522266408
0.3555020032
0.2917263524
0.3702627043
0.3919388967
0.3756780226
0.2883215791
0.2623752985
0.2280987627
0.2368540273
0.2209587619
0.2872516978
0.2920682212
0.2740491108
0.2430320651
0.2895784727
0.2635927213
0.1850562897
0.3697545403
0.2324381981
0.2085966005
0.3588419393
0.3987328580
0.2515122800
0.1937009466
0.1412658963
0.2654319901
0.2485382472
0.2865050197
0.2674789455
0.4108507910
0.4583778379
0.4026661782
0.2746814957
0.2616649277
0.3888074351
0.3026112475
0.1577546911
0.1152056551
0.1833145341
0.1798264696
0.2617592169
0.2508841022
0.2624347931
0.3500667428
0.4141860114
0.5741796465
0.4359544659
0.3481461772
0.4551681660
0.4939831634
0.4494942463
0.2504598223
0.3744119472
0.3031460237
0.3977889926
0.2886508206
0.3452746092
0.3477589211
0.3748098890
0.3505110495
0.4124547472
0.4558566277
0.5755381891
0.5924351802
0.5030934187
0.4715790539
0.3560153911
0.3926063428
0.3669483809
0.3448731329
0.4720844404
0.2514131033
0.1608223035
0.3040485655
0.2443571564
0.3992580475
0.4133931173
0.3470048118
0.3217793542
0.3050820850
0.3636033183
0.4411679348
0.3854461889
0.3980223756
0.4402213155
0.5239074681
0.6663644007
0.7193074837
0.6912565607
0.5806025844
0.7295145498
0.5964023431
0.5699916384
0.4159238542
0.4620772481
0.6410215050
0.5902649101
0.6116949751
0.6222374055
0.4548804501
0.4377775257
0.4644995458
0.4225234144
0.2461616941
0.2307572844
0.3654172910
0.2381585620
0.3199387913
0.4086034784
0.4013027321
0.4666439174
0.9968948813
1.0204290041
1.1249768183
0.7366664755
0.7805352758
0.4774954976
0.6081863848
0.5963843539
0.5287928666
0.4119833067
0.5923900027
0.3448369469
0.3784132383
0.4256856243
0.4067511082
0.4839585316
0.6221751372
0.3810530491
0.5158614491
0.4210858858
0.5359679769
0.4288386438
0.2894420826
0.1567746460
0.5543013585
0.3733369966
0.5291021439
0.9295920174
0.3190849863
0.0899029468
1.0356424070
0.9012582087
0.8431359125
0.3144042604
0.5222759202
0.6719713200
0.6147178727
0.4488065134
0.3594841120
0.2817369906
0.5330476893
0.4842344581
0.5710483683
0.5775381786
0.2786612073
0.3154022402
0.4466430472
0.3040528437
0.5353916431
0.5525712852
0.7304115608
0.8043541397
0.8087003707
0.6660134945
0.8370396152
0.9889706274
0.6734436559
0.2497569870
0.2078147702
0.3456579129
0.5450380688
0.5718077563
0.8998051046
0.5247568404
0.5212614387
1.0645107813
0.9226766754
0.6644916123
0.5582937681
0.9449417318
0.9487592373
0.8402575824
0.5933726170
0.4553672245
0.3432063719
0.7734733548
1.0851483995
1.2711685934
1.1160696635
0.9063781087
0.5482195318
0.3565003694
0.2809034292
0.5733792837
0.9643336787
1.0542180082
0.8840572320
0.8156068371
0.6572927963
0.5561497090
0.8734201496
0.5984845813
0.6283257329
0.5811294588
0.4041614965
0.6163509164
0.4513893314
0.4953719075
0.6287852387
0.7214879898
0.6472619872
0.4008391037
0.3915953261
0.3715291554
0.5236136268
1.1394426573
0.6757122624
0.5068781076
0.6485347795
0.3953470241
0.2785848463
0.6726446013
0.6928899809
0.7592269629
0.8013838337
0.6902893072
0.6987787364
0.6893302421
0.6591198109
0.6589104713
0.4474991175
0.3190310679
0.5110677918
0.7647094425
0.9301353363
0.6926260830
0.0406533858
0.4026884904
0.5311088857
0.5218219050
0.5151665821
0.6129458207
0.6111167175
0.6095455078
0.5101886912
0.5452149630
0.4418174659
0.4781259675
0.1936456594
0.1899100241
0.6369403259
1.0875942418
0.8412014339
0.5140557846
0.6905198169
0.6446620342
0.5368756384
0.4391553679
0.3483632458
0.1664421475
0.0794960196
0.1159689267
0.2776996158
0.5099184312
1.1839171643
0.9806931683
0.9087014023
0.8329938418
0.6284909887
0.6731094093
0.1444399166
0.5721722610
0.4003327475
0.2704055996
0.9953479694
1.1005968126
0.9906068365
1.0100175637
1.1263429000
0.8658984886
0.8019955892
0.5524209298
0.4112115947
0.2660408617
0.1774072686
0.0346234855
0.4777400323
0.5719734383
0.4903365601
0.4707865079
0.5080278529
0.4573151248
0.5001761004
0.4940374801
0.4199583733
0.4843706214
0.3746185582
0.3404526036
0.3431430289
0.4217226501
0.4382472673
0.3662116003
0.3302018796
0.4466672311
0.3885712313
0.4208143290
0.3576025380
0.4165850430
0.5115569978
0.6740683026
0.4290371318
0.5510315493
0.5366181536
0.6209999226
0.7008716093
0.7549960628
0.7450192073
0.5946738065
0.6246262749
0.5510440109
0.5104072604
0.2981820313
