1.7447514811
1.7235128050
1.7175029886
1.7291117209
1.6923239946
1.6844145020
1.7633666238
1.9459804791
2.2237809549
2.4169929036
2.5821294520
2.7037752353
2.8566549028
2.9712636725
3.0846472038
3.1637855788
3.3465346924
3.4347121999
3.4752742528
3.4541570340
3.4378076851
3.5070151347
3.5027391703
3.5003011606
3.4609641997
3.3862335966
3.3639164643
3.2991379382
3.2859570419
3.2721339592
3.1945923898
3.1457010313
3.1082455153
3.0172964605
2.8665340488
2.6805473062
2.5803920095
2.4529344085
2.4201009215
2.3813351469
2.3334191884
2.2679162735
2.1710101618
2.1298518953
2.0884866192
2.0528734810
2.0040989601
1.9852471190
1.9763673536
1.9569843435
1.9401486688
1.9225558235
1.8902476875
1.8657308535
1.8444028506
1.8311645475
1.8131154817
1.7894985626
1.7765642958
1.7482863391
1.7272890523
1.6958924395
1.6343505737
1.6154405742
1.5846531422
1.5657992105
1.5115453952
1.4990697058
1.4759412773
1.4597002024
1.4146122140
1.3989336880
1.3815970794
1.3707319155
1.3586528213
1.3445045178
1.3291662279
1.2914419543
1.2664311889
1.2423941883
1.2172533810
1.1888970969
1.1790560896
1.1616662553
1.1354774425
1.1159019230
1.0902098877
1.0680977823
1.0380617294
1.0141663167
0.9905281096
0.9689570358
0.9463555401
0.9282355960
0.8999523917
0.8650694168
0.8472500345
0.8310427648
0.8165564824
0.8140297039
0.8200308794
0.8258892241
0.8346887641
0.8486962598
0.8736475080
0.8940501147
0.9161464436
0.9391579252
0.9584969913
0.9919769342
1.0205175759
1.0428666217
1.0705028974
1.0798364037
1.1075325946
1.1099917210
1.1292954925
1.1252109223
1.1476432588
1.1714839275
1.1664271073
1.1786585048
1.2039803024
1.2128343265
1.2413055593
1.2392857182
1.2406441509
1.2126727752
1.1902939711
1.1771301241
1.1763211750
1.1832019635
1.1702890951
1.1716434881
1.1545626590
1.1634204673
1.1526639107
1.1383238150
1.0972650288
1.0536833661
1.0126632827
0.9726647239
0.9267562570
0.8761098801
0.8477194189
0.8413318828
0.8048025953
0.8011685200
0.7777337501
0.7702569424
0.7941012732
0.8190727165
0.8416573617
0.8722600363
0.9179984002
0.9454943189
0.9789996796
1.0148668386
1.0326060301
1.0664965049
1.0837506904
1.1115274044
1.1397005363
1.1340343887
1.1482906253
1.1381589108
1.1526955265
1.1455325829
1.1521290372
1.1473993846
1.1457305752
1.1393254416
1.1485179287
1.1426475903
1.1569387488
1.1754514885
1.1962874710
1.2080990485
1.1976131328
1.2020563542
1.2030735024
1.1977219280
1.1892756651
1.1775827298
1.1532180535
1.1476327805
1.1522350043
1.1529374533
1.1415634457
1.1407623287
1.1260225053
1.1073780473
1.0917757551
1.0722640445
1.0674947129
1.0506792792
1.0439472598
1.0380106781
1.0245003385
1.0202519166
1.0137846235
1.0031185702
1.0012752253
0.9926730120
0.9858555208
0.9806460082
0.9795977581
0.9703415492
0.9601703576
0.9530677223
0.9474086633
0.9416984749
0.9386516570
0.9307666704
0.9251249257
0.9205212469
0.9135839467
0.9081824932
0.9043488704
0.9027405669
0.8977698391
0.8917962234
0.8855460072
0.8806662297
0.8785240416
0.8754934365
0.8730210433
0.8682337517
0.8613787512
0.8549283193
0.8492623864
0.8433910415
0.8369312009
0.8317944923
0.8296733550
0.8264733267
0.8213110249
0.8201340938
0.8148352579
0.8093478091
0.8064874821
0.8013283575
0.8006333010
0.7978785601
0.7944868033
0.7916475227
0.7878784004
0.7875225650
0.7826661810
0.7818886046
0.7798071053
0.7760019050
0.7765040066
0.7742682266
0.7703336157
0.7670443961
0.7645968747
0.7599127292
0.7561050184
0.7509247355
0.7473178462
0.7446979461
0.7419709936
0.7369888935
0.7330304557
0.7304504793
0.7281012300
0.7277416107
0.7273175476
0.7258243837
0.7227950115
0.7193169620
0.7159562758
0.7117941243
0.7091924347
0.7056636718
0.7023342967
0.7014365216
0.6978157337
0.6973555957
0.6926559840
0.6907931561
0.6895296670
0.6873633246
0.6839246704
0.6827558102
0.6819314701
0.6786778550
0.6753603541
0.6733739621
0.6701250264
0.6978732367
0.7950435970
0.8604280657
0.9042836952
0.9239142349
0.9262802371
0.9309974194
0.9361846180
0.9361297176
0.9303010369
0.9244126067
0.9132087822
0.9149677747
0.9322682770
0.9444190221
0.9515705378
0.9615932123
0.9529750311
0.9374938772
0.9354862705
0.9333151598
0.9201176556
0.9139732581
0.9187321428
0.9095738259
0.9011131142
0.9042832540
0.9064100111
0.9040203771
0.9038672676
0.9040846401
0.9058145425
0.9119451015
0.9125584281
0.9143481321
0.9157665478
0.9079039968
0.8973259003
0.8852110336
0.8802602030
0.8798750566
0.8779833078
0.8704719638
0.8619402842
0.8546121058
0.8662023821
0.8499135198
0.8481286272
0.8396607178
0.8482436727
0.8510378244
0.8525901878
0.8523861740
0.8613614895
0.8571672169
0.8530171357
0.8608792566
0.8671642796
0.8681209520
0.8751158916
0.8796190347
0.8847779244
0.8928542604
0.8991643067
0.9021103110
0.9051865863
0.9040783246
0.9028425167
0.9045651284
0.9049949504
0.9048176757
0.9107112604
0.9139406821
0.9159523377
0.9168893960
0.9159173605
0.9183823207
0.9263091575
0.9331986482
0.9331863546
0.9300173821
0.9281716794
0.9222692095
0.9129842889
0.9232490548
0.9299792205
0.9286631568
0.9271323983
0.9285124403
0.9326226916
0.9337756659
0.9244811883
0.9126530427
0.9132119679
0.9143484105
0.9186017126
0.9201854028
0.9165428148
0.9250892325
0.9732925526
0.9920306821
0.9972385597
0.9999115711
1.0020045793
0.9991494836
0.9929424426
0.9910188541
0.9884557213
0.9811682105
0.9710257893
0.9656329078
0.9608021992
0.9543810650
0.9457868135
0.9364600091
0.9289158996
0.9227694593
0.9174950605
0.9106492064
0.9007377821
0.8916758911
0.8854595055
0.8781886616
0.8731151863
0.8672630710
0.8653245934
0.8621035374
0.8492113697
0.8266816508
0.7975759771
0.7761185775
0.7802470480
0.7780775543
0.7573785124
0.7655649522
0.7863409559
0.8062331550
0.7733843935
0.7665938794
0.7539174378
0.7765453844
0.8090262893
0.8420901772
0.8160024500
0.8099672094
0.7789504755
0.7526627653
0.7280902338
0.6796676634
0.6792567739
0.6589369577
0.6379192475
0.6114878065
0.6071398309
0.6075556498
0.6028877223
0.5941869135
0.5874540603
0.5811008024
0.5984762209
0.6087833435
0.6147553136
0.6368712217
0.6406442277
0.6451666054
0.6454711946
0.6711527449
0.6705502302
0.6714133139
0.6676972594
0.6835879577
0.7081325580
0.7454214495
0.7938676243
0.7888595776
0.8250366697
0.8486815399
0.8735010455
0.8702216883
0.8832530054
0.9074238489
0.8942249608
0.8865557649
0.8635758797
0.8365197743
0.8137345792
0.8003305490
0.7982272308
0.8122313868
0.8274390620
0.8550756104
0.9039485064
0.9814048661
1.0938879723
1.2107145102
1.3279979775
1.4346638702
1.5618338973
1.6826431406
1.7783965734
1.8976685303
2.0248038764
2.1688944443
2.2568505031
2.3451321394
2.3876916477
2.4171477706
2.4272220258
2.4264732793
2.4044819204
2.3653969896
2.3074282003
2.2614711160
2.2149980156
2.2059235501
2.1256753516
2.0572721810
1.9974011871
1.9683939117
1.8661263783
1.8051354439
1.7302407361
1.7072022348
1.6987511699
1.6625145335
1.6283952429
1.6154368861
1.6067153335
1.6147553769
1.6049673000
1.6113848405
1.6093912455
1.5976820198
1.6002510203
1.5563118040
1.5502344825
1.5185348048
1.5113650436
1.5004013280
1.4996779435
1.4966653329
1.4956987246
1.4879413789
1.4780440763
1.4537096602
1.4613237225
1.4695147114
1.4884270461
1.5010619760
1.5079013755
1.4982829280
1.4891118226
1.4472446874
1.4070499663
1.2694728317
1.2011354094
1.0755390112
1.0063363800
0.9764413295
0.9450780202
0.9013903824
0.8623767650
0.8137125189
0.7472574298
0.6937353092
0.6522834785
0.6538061540
0.6649625103
0.6911170227
0.7173221034
0.7403376792
0.7496406679
0.7354057812
0.7228870556
0.7096437697
0.7094554463
0.7044446887
0.6780111306
0.6545693183
0.6567049623
0.6228332513
0.6268208628
0.6342514588
0.6212016603
0.5963108736
0.6198056159
0.6594561108
0.7126252683
0.7337914723
0.7854634487
0.8375662636
0.8505713637
0.8796121714
0.8891138464
0.8850099996
0.8901890661
0.8913820885
0.8838580419
0.8864403789
0.8791591786
0.8912038105
0.8750541459
0.8805797584
0.8740147187
0.8686788504
0.8745746033
0.8805605202
0.8778557051
0.8868137768
0.9040103141
0.9054792842
0.9220664623
0.9289736100
0.9664503498
0.9960997025
1.0112747726
1.0417115498
1.0501978911
1.0483833281
1.0577791326
1.0847358371
1.0900803828
1.0927477534
1.0963560183
1.0897964368
1.0806430979
1.0933577168
1.0922854187
1.0850368278
1.1002478149
1.0889172614
1.0903002363
1.0777157772
1.0809004356
1.0839455883
1.0729302301
1.0783198513
1.0819399473
1.0965082916
1.0944837672
1.0874510814
1.0751617682
1.0625647242
1.0667254356
1.0625933899
1.0719650599
1.0803299727
1.0871631662
1.0976600093
1.1040131434
1.0951343143
1.1037938107
1.1136183139
1.1402760395
1.1729808668
1.1651509320
1.1870564217
1.1730372448
1.1747230093
1.1892360677
1.1926311837
1.1720022618
1.1697566521
1.1476217690
1.1305014549
1.1514282313
1.1573523078
1.1447624362
1.1607116486
1.1510589324
1.1369398487
1.1248058384
1.1022349714
1.0464308005
1.0217690033
0.9954879884
0.9856666322
0.9824531138
0.9839369240
1.0072815352
0.9994838204
0.9879858213
0.9775411136
0.9643872327
0.9434842392
0.9098221243
0.8664479811
0.8257709018
0.7680022763
0.7525374948
0.7110543333
0.6710334367
0.6431345817
0.6216575525
0.5902839461
0.5717455582
0.5406562032
0.5162924216
0.5145828720
0.5125225356
0.4877144981
0.4817285751
0.4736977963
0.4714887729
0.4525626649
0.4386876388
0.4135908998
0.4111212069
0.4067137357
0.3966544360
0.3936752696
0.3851419825
0.3812680578
0.3744133210
0.3710250508
0.3649360930
0.3671770485
0.3663248005
0.3784074438
0.3844451582
0.3956087212
0.4124854406
0.4301927597
0.4621641538
0.5019281308
0.5541610490
0.5962457785
0.6410885874
0.6542517555
0.7005819467
0.7113659150
0.7559342812
0.7663649001
0.7633325581
0.7595629510
0.7575156245
0.7420848726
0.7315125842
0.7221100101
0.7095237123
0.7064489915
0.6974448764
0.6895937347
0.6860102521
0.6791029953
0.6710860607
0.6633799789
0.6526831565
0.6337527177
0.6236431341
0.6224905192
0.6258827004
0.6108316002
0.6139964433
0.6216263240
0.6329677508
0.6502564741
0.6675213744
0.6899410342
0.7205521624
0.7534939656
0.7697314623
0.7911334772
0.7923573971
0.8136630945
0.8116403064
0.8243394952
0.8237841982
0.7279006873
0.6785575049
0.5857829535
0.5650792820
0.5729504471
0.5765053866
0.5837916982
0.5709166734
0.5906675226
0.6022958244
0.6053496511
0.6121666916
0.6123105530
0.5930325734
0.5865740138
0.5807272933
0.5842789658
0.5791917601
0.5688597480
0.5573350478
0.5397031017
0.5365677951
0.5324923964
0.5331816300
0.5331074206
0.5271309541
0.5253424060
0.5287643339
0.5233353243
0.5169666635
0.5295078140
0.5257721763
0.5209804201
0.5191719310
0.5344737368
0.5320429219
0.5324322379
0.5344066122
0.5675888450
0.5720441816
0.5722547701
0.6049546121
0.6068037325
0.6349881541
0.6365934331
0.6336642661
0.6408723206
0.6359420557
0.6361241157
0.6414924385
0.6381355037
0.6285801397
0.6167817646
0.6012297149
0.5861647839
0.5641086809
0.5542278487
0.5439311712
0.5345210211
0.5400071712
0.5429113791
0.5737933959
0.5851861140
0.5814115840
0.5988713541
0.6190743934
0.6152495085
0.6354520565
0.6378196639
0.6396083726
0.6447235425
0.6561420531
0.6782256289
0.6810455381
0.6752864767
0.6960124213
0.6957560102
0.7050281156
0.7043786642
0.7310836194
0.7388856759
0.7449955147
0.7339874329
0.7179463707
0.7021333124
0.7013648274
0.7171805331
0.7339401993
0.7590955422
0.7742680249
0.7696787158
0.7533001193
0.7403539776
0.7434908735
0.7343348946
0.7372945881
0.7192785730
0.7181837719
0.7209632112
0.7246163210
0.7349524521
0.7596309549
0.7660369713
0.8005435845
0.8264266747
0.8264563293
0.8712976787
0.8824269791
0.8773940296
0.9109132416
0.9355193620
0.9587743724
0.9786313917
1.0057300923
1.0492266307
1.0715689033
1.1132808611
1.1304834539
1.1891375242
1.2735284700
1.3921716875
1.4669732364
1.5156930208
1.5376346757
1.5496072885
1.5552962483
1.5774022076
1.5830098815
1.5877481849
1.6071522716
1.6593769635
1.6950082479
1.7444987460
1.7869518143
1.8429805901
1.8654767058
1.8551216918
1.8372468852
1.8091859564
1.7824884778
1.7565418679
1.7649955929
1.7761915297
1.7878867703
1.8243095982
1.8524535324
1.8661329633
1.8434556352
1.8195926034
1.8009260343
1.7813163614
1.7614028424
1.7563980251
1.7470789660
1.7448762296
1.7530447344
1.7564745394
1.7711073849
1.7872411468
1.7922065203
1.7955967245
1.8115582922
1.8076429282
1.8087294219
1.7962283288
1.7777338957
1.7376148597
1.7218421692
1.6991866176
1.7014743030
1.7175175481
1.7156381281
1.7423707381
1.7459317853
1.7468756248
1.7442007135
1.7584478039
1.7646267418
1.7681549788
1.7541303449
1.7414200922
1.7025335346
1.6744382693
1.6378926186
1.6057625639
1.6024379806
1.5958443197
1.5801740944
1.5699643023
1.5558478718
1.5326284506
1.4987511985
1.4520815642
1.4018063785
1.3800647009
1.3676175766
1.3378833499
1.3257010230
1.3070917225
1.2887438304
1.2769460396
1.2429482993
1.1916354226
1.1786711333
1.1418599811
1.1236988632
1.0956868100
1.0734290273
1.0435234732
1.0220825410
0.9983089942
0.9833074728
0.9542995330
0.9309463802
0.9060333921
0.8803602813
0.8425898386
0.8041892850
0.7659805013
0.7213265973
0.6795834562
0.6463101975
0.6115635717
0.5835525228
0.5433952077
0.5164482858
0.4806106310
0.4570593955
0.4442844752
0.4204002642
0.4048509086
0.3909825006
0.3834175032
0.3667891845
0.3505526921
0.3299751389
0.3057722890
0.2923505482
0.2699315797
0.2780340199
0.2995048634
0.2868991193
0.3041153711
0.3228721674
0.3444680538
0.3824828221
0.4335012075
0.4621045303
0.4864898439
0.4829299109
0.5290556247
0.5619598968
0.5879899655
0.6109130588
0.6471359321
0.6704398661
0.6880013587
0.6992130224
0.7006373972
0.6659107189
0.6718935820
0.6807839336
0.7045112343
0.7340664653
0.7488713391
0.7651407706
0.7633274060
0.7497934519
0.7650698042
0.7956482300
0.8138036448
0.8014396070
0.7625633889
0.7091628410
0.6512454312
0.5883024668
0.5416653464
0.4839840515
0.4852968206
0.4950856082
0.4922267696
0.4624753214
0.4730180803
0.5167079165
0.5504777529
0.5996272378
0.6417615742
0.6223217996
0.6416493395
0.6227169126
0.6173896989
0.6335982898
0.6602568083
0.6601322119
0.6881580170
0.7014044513
0.7353040547
0.7316978287
0.7647347612
0.7804190884
0.7870358520
0.7751887039
0.7940305119
0.7981074470
0.8080621658
0.8135696878
0.8475055473
0.8807783444
0.8950556322
0.9214643945
0.9368321997
0.9290775478
0.9689933273
0.9791511143
0.9798328733
0.9897888358
0.9911782801
1.0103750398
1.0089240765
1.0316575137
1.0645853396
1.0971420181
1.0902996166
1.0960601548
1.1196866776
1.1300436036
1.1345125804
1.1572141880
1.1618577000
1.1737760631
1.1753520778
1.1717437003
1.1892142310
1.1827439814
1.1998972055
1.1934251482
1.2020537061
1.2115789325
1.2290900386
1.2330182640
1.2415577604
1.2398529054
1.2297291897
1.2183850033
1.2220929921
1.2252621224
1.2318376888
1.2296259030
1.2328669570
1.2485139189
1.2531782905
1.2470680405
1.2272852767
1.1944916222
1.1812439023
1.1865037051
1.1870879188
1.1850527510
1.1428887540
1.1294694805
1.1146283223
1.1347760624
1.1378435887
1.1333517965
1.1366977707
1.1231851139
1.1116075212
1.0963645144
1.0938283225
1.0751346591
1.0567214626
1.0413642042
1.0282933838
1.0196496053
1.0076983273
0.9918004091
0.9637340822
0.9463401293
0.9381892135
0.9292815140
0.9202634233
0.9153322861
0.9076864874
0.8979344465
0.8912416114
0.8820514345
0.8819066381
0.8780116714
0.8724551355
0.8700568283
0.8706326625
0.8764556868
0.8738572688
0.8836899487
0.8824289618
0.9063759016
0.9121118054
0.9156195405
0.9180669316
0.9180688916
0.9098122631
0.9178499782
0.9007076324
0.9090215110
0.8920007454
0.8865067847
0.8641284067
0.8553465760
0.8182673171
0.7829131581
0.7601467263
0.7570262889
0.7465197931
0.7586012990
0.7669948612
0.7856307351
0.7875995270
0.7968082642
0.8070980951
0.7908360547
0.7643305056
0.7450165496
0.7405529222
0.7348990618
0.7577527516
0.7667861767
0.7677466864
0.7723226415
0.7800160440
0.7981268327
0.8191594106
0.8282144142
0.8741497560
0.8774462910
0.8934348471
0.9356969540
0.9666674186
0.9904241417
1.0115844177
1.0067545281
0.9983707196
1.0010342329
0.9898162121
0.9907734602
1.0111667374
1.0179694277
1.0452960851
1.0340855258
1.0194421536
1.0189502894
0.9919108470
0.9535518109
0.9355959412
0.9019027801
0.8753952324
0.8469685538
0.8173636787
0.7995517355
0.7960490351
0.7770830485
0.7735233796
0.7784193216
0.7836314707
0.7832453039
0.7798754645
0.7790767323
0.7559584784
0.7369748463
0.7348105850
0.7311340596
0.7206480962
0.6954629631
0.6895376685
0.6522121672
0.6372412010
0.6066795400
0.5926072189
0.5688496319
0.5740160835
0.5818347215
0.6020584165
0.6143062895
0.6176698296
0.6099493635
0.6058970272
0.5977330903
0.5808316851
0.5672739554
0.5387818631
0.5266487932
0.5419986092
0.5548507840
0.5748961009
0.5726948474
0.5756347102
0.5751490424
0.5866609210
0.5816369238
0.5911507766
0.5865052746
0.5827345883
0.5346747367
0.4937406068
0.4623894893
0.4314978413
0.4102067575
0.4086180132
0.3678622694
0.3428662833
0.3020544337
0.2796404193
0.2375940472
0.2156989873
0.2020064805
0.1774982777
0.2047360691
0.2266714066
0.2486859278
0.2657781018
0.2821845816
0.3000915238
0.3001527666
0.3108190414
0.3038124400
0.3050293887
0.2944253852
0.3212830863
0.3242891517
0.3325147459
0.3332049557
0.3580679846
0.3719817746
0.4002698020
0.3950299066
0.4088371773
0.4074565227
0.4130899491
0.4110170094
0.4148410129
0.4111148672
0.3880683599
0.3898577853
0.3752997451
0.3689993507
0.3523398292
0.3407437406
0.3212328369
0.3165831912
0.3383340900
0.3548402298
0.3663068025
0.3812829390
0.3800201305
0.3974547722
0.4183356076
0.4224120792
0.4487733075
0.5156121622
0.5450629050
0.5607162119
0.5426130159
0.5412639206
0.5540468871
0.5610322779
0.5803809205
0.6019278883
0.6167413639
0.6267977409
0.6318209033
0.6403296189
0.6492433539
0.6328918926
0.6041162029
0.6015287273
0.6058742580
0.6227563118
0.6794124039
0.7149015310
0.7303179258
0.7640619858
0.7673326670
0.7943465697
0.7825534245
0.7699070991
0.7553733910
0.7531924436
0.7414946316
0.7672129676
0.7582628560
0.7514696261
0.7515805698
0.7760555247
0.7783653084
0.7777914421
0.7816959754
0.7985514375
0.8034472100
0.8072517162
0.8063380667
0.8088621470
0.8127839712
0.8213523275
0.8176285997
0.8150495138
0.7791699816
0.7770539289
0.7598465240
0.7308377678
0.7168984599
0.6944104371
0.6839045601
0.6670026629
0.6344892299
0.6282607518
0.5615684148
0.5523832822
0.5514112167
0.5614338925
0.5963075595
0.6319598995
0.6921187698
0.6965781473
0.7530443845
0.7783316493
0.8012096671
0.8032292667
0.8088143960
0.8533050207
0.9014912482
0.8971398221
0.9293279929
0.9291312903
0.9478013203
0.9866278981
0.9779051213
1.0077403591
0.9849186486
1.0116280011
1.0081085596
1.0077863609
1.0348858446
1.0516102379
1.0820294836
1.1300596152
1.1711828242
1.1789043347
1.1974661757
1.2033416341
1.2212892979
1.2263593341
1.2470409012
1.2418502805
1.2444883952
1.2264594676
1.2027977104
1.1776191675
1.1401517469
1.1283648759
1.0897913007
1.0877048088
1.0618721865
1.0373723363
1.0089148256
0.9991019855
0.9873818311
0.9357396440
0.9157985785
0.9121647456
0.8748945163
0.8744476368
0.8733867257
0.8374244105
0.8303070151
0.8213118300
0.8150757327
0.7775723080
0.7804503281
0.7831800670
0.7776727797
0.7495457354
0.7626750492
0.7741471001
0.7719538114
0.7700821534
0.7671349297
0.7699584292
0.7605193572
0.7522858285
0.7424368267
0.6982788499
0.6864332286
0.6733301514
0.6601960425
0.6220058359
0.5965590958
0.5885934583
0.5539571439
0.5350230732
0.4866472505
0.4725461384
0.4274771655
0.4290731226
0.4260946246
0.4179358622
0.3971602053
0.3785578196
0.3748342650
0.3294048945
0.3198947382
0.2819435251
0.2928175774
0.3225046483
0.3357427946
0.3519510751
0.3637135181
0.3722180593
0.3689055773
0.3640416484
0.3353204260
0.2930570539
0.2526694929
0.2382319465
0.2176055175
0.1952814035
0.1796850970
0.1612381831
0.1613396666
0.1583513078
0.1668388552
0.1854531331
0.2305407444
0.2579409230
0.2488013368
0.2522831976
0.2628138622
0.2550905616
0.2489203986
0.2585969985
0.2471184027
0.2433448519
0.2533761265
0.2409769117
0.2411620050
0.2297701069
0.2257622561
0.2181797212
0.2010330414
0.1874163689
0.1770406905
0.1627924234
0.1564133552
0.1419739265
0.1306518503
0.1283597253
0.1239710426
0.1214997986
0.1301636055
0.1385729464
0.1506528546
0.1401723817
0.1511128869
0.1545269414
0.1589763829
0.2124021244
0.2556328967
0.2491784439
0.2786157774
0.2664096516
0.2674794929
0.2732190165
0.2721866749
0.2791893784
0.2982529383
0.3134021805
0.3251230954
0.3694040201
0.3853296554
0.4331458288
0.4375071667
0.4449908937
0.4840074704
0.4887238590
0.4895955564
0.5223169726
0.5210059874
0.5235239670
0.5394157672
0.5394746577
0.5618050248
0.5623233256
0.5759384263
0.5734714934
0.5900126146
0.6077585535
0.6198349763
0.6186650421
0.6168708394
0.6242273248
0.6177151389
0.6231165266
0.6220734672
0.6147955473
0.6049098098
0.5972889236
0.5741387425
0.5696696817
0.5350203699
0.5334385849
0.5117784486
0.5188075999
0.5165561268
0.5141546321
0.5061648209
0.5017131687
0.5082894596
0.5034384992
0.5056547701
0.5037535280
0.5031106301
0.5156055955
0.5223218545
0.5426244151
0.5477203067
0.5572146994
0.5775843266
0.5736209909
0.5672158332
0.5594534041
0.5857538249
0.5846404172
0.5866136164
0.5848252604
0.5988170317
0.6118856856
0.6276066757
0.6314066445
0.6332513309
0.6359969851
0.6415447312
0.6418692416
0.6303636195
0.6352409708
0.6371916911
0.6335913627
0.6392634163
0.6400501131
0.6386440868
0.6424183735
0.6447399424
0.6420034662
0.6419080833
0.6688434132
0.7113397949
0.7092475899
0.7260563955
0.7189802682
0.7647145456
0.7809815483
0.7967164408
0.8338051769
0.8327569989
0.8388791280
0.8630535927
0.8921713299
0.9289768999
0.9528457476
0.9640194477
1.0127744392
1.0192880675
1.0591532201
1.0463962536
1.0760194143
1.0709380646
1.0968428082
1.0934356060
1.1252365016
1.1215565260
1.1226671734
1.1226632418
1.1517014426
