1.5586719911
1.5625333003
1.5655178175
1.5682498606
1.5621001066
1.5605526692
1.5611874156
1.5628339388
1.5628245413
1.5679517779
1.5662623361
1.5645693801
1.5608219887
1.5591123774
1.5607178987
1.5630766425
1.5658727654
1.5742156487
1.5712738781
1.5606114761
1.5602884370
1.5562117556
1.5544629455
1.5520187226
1.5529319652
1.5581298151
1.5586123746
1.5544673642
1.5523971603
1.5526883187
1.5510197273
1.5503765947
1.5469571423
1.5425488703
1.5506937430
1.5563852494
1.5642654979
1.5742568582
1.5575490206
1.5419618138
1.5465076267
1.5505307035
1.5594791881
1.5617771829
1.5579724789
1.5767815420
1.5595802452
1.5564124044
1.5593051195
1.5588417312
1.5550459622
1.5567737155
1.5624888831
1.5668762259
1.5702680283
1.5746539364
1.5788170437
1.5723742668
1.5751165043
1.5747845323
1.5760552369
1.5749455507
1.5619757115
1.5609008099
1.5617212557
1.5602511501
1.5571163752
1.5561730683
1.5553709547
1.5556291018
1.5537325502
1.5536893748
1.5535390188
1.5528043333
1.5526693465
1.5517748410
1.5519466090
1.5529861822
1.5523964288
1.5520238537
1.5513571355
1.5502712972
1.5505484987
1.5531372260
1.5529814302
1.5536140608
1.5537425863
1.5524446711
1.5515983962
1.5514588985
1.5505444593
1.5496132572
1.5491316225
1.5488604595
1.5479219044
1.5479899241
1.5473124402
1.5472581371
1.5473849245
1.5460626161
1.5455271672
1.5447685337
1.5470180014
1.5464320428
1.5460006694
1.5462935401
1.5564254325
1.5583276395
1.5567661896
1.5582352693
1.5558231194
1.5557669095
1.5543381629
1.5556092235
1.5583307744
1.5599478377
1.5563111133
1.5541015361
1.5540979517
1.5519766537
1.5469789792
1.5449715625
1.5379966858
1.5329407180
1.5343662194
1.5378157629
1.5364524288
1.5360855547
1.5371463497
1.5368551248
1.5328901295
1.5329850111
1.5300152002
1.5298710490
1.5310934188
1.5362440604
1.5371418938
1.5362084725
1.5367982806
1.5371847200
1.5374615503
1.5358127007
1.5299896933
1.5335963773
1.5257645356
1.5279619278
1.5229196606
1.5331094398
1.5327617172
1.5315373661
1.5321239850
1.5326875081
1.5259217682
1.5156452845
1.5130062973
1.5106596459
1.5085410922
1.5130075243
1.5054193335
1.4962169657
1.4968711976
1.4990638128
1.5031673640
1.5039636838
1.4942280726
1.4998552837
1.5017973371
1.5036653396
1.5065180406
1.5113962255
1.5144250738
1.5167624583
1.5177515242
1.5193665929
1.5213900161
1.5286505815
1.5216321185
1.5278890962
1.5333247257
1.5334049015
1.5320731924
1.5328819082
1.5326178524
1.5346839697
1.5375849094
1.5426392906
1.5372189273
1.5325340002
1.5317848734
1.5357470835
1.5434179222
1.5455165409
1.5346836410
1.5317340105
1.5341428302
1.5371254802
1.5376801804
1.5376784192
1.5397621582
1.5405859821
1.5419268767
1.5401386837
1.5433919487
1.5426026739
1.5403959577
1.5394006905
1.5375141462
1.5427376080
1.5418974848
1.5395719371
1.5399809833
1.5391764954
1.5385070060
1.5373180353
1.5380129236
1.5418772422
1.5455042874
1.5483234181
1.5430775116
1.5421790204
1.5438550021
1.5454970396
1.5501882383
1.5584052044
1.5569651946
1.5566483445
1.5527489072
1.5445088292
1.5438144362
1.5394242660
1.5411590926
1.5411920251
1.5420641634
1.5445435455
1.5438545014
1.5472397651
1.5507445071
1.5467596396
1.5445754487
1.5345340119
1.5384230838
1.5369200902
1.5401134956
1.5326117258
1.5314376293
1.5289541674
1.5252611467
1.5298774339
1.5277671112
1.5245070075
1.5297048362
1.5278693615
1.5289508715
1.5308388723
1.5311714431
1.5323286495
1.5318360584
1.5381518383
1.5346464802
1.5348621763
1.5370757046
1.5343188289
1.5278731805
1.5295705693
1.5300292077
1.5350791298
1.5335411614
1.5332854565
1.5377444392
1.5372501778
1.5384669578
1.5373276824
1.5353324917
1.5359812278
1.5364294795
1.5406479390
1.5429028366
1.5413549654
1.5401647159
1.5493773011
1.5497571327
1.5545656110
1.5475706068
1.5492384027
1.5515262271
1.5561012303
1.5531709033
1.5483237505
1.5545862037
1.5594263609
1.5541121388
1.5490632280
1.5457718709
1.5458009369
1.5348454349
1.5353865328
1.5323763548
1.5307505014
1.5355698139
1.5332979994
1.5368118930
1.5324767701
1.5305798108
1.5304671200
1.5243997419
1.5205689756
1.5204322675
1.5160839616
1.5104571196
1.5132943703
1.5132862001
1.5141124248
1.5104761729
1.5109477825
1.5079766959
1.5032849745
1.5026847336
1.5144304059
1.5081767461
1.5051007064
1.4972427971
1.4928229844
1.4978342247
1.5025953245
1.5022847338
1.5011119884
1.5019605305
1.4964428685
1.4997884880
1.4993248547
1.4993287094
1.4964709174
1.4947237421
1.4957056105
1.4931414241
1.4913704999
1.4904909937
1.4899705040
1.4893420141
1.4871100235
1.4852834966
1.4835411184
1.4831069210
1.4780206369
1.4807654155
1.4830077269
1.4842545719
1.4891593231
1.4911652195
1.4874106788
1.4912597020
1.4891081678
1.4839029273
1.4845363218
1.4889905659
1.4850625025
1.4844013588
1.4861103177
1.4898207181
1.4861079986
1.4892958167
1.4904530830
1.4916171956
1.4909037802
1.4964258520
1.4934193071
1.4961399809
1.4990659356
1.4982586632
1.5003126170
1.5030217965
1.4978041036
1.4947860181
1.4898470993
1.4884987623
1.4942696549
1.4945646117
1.5015783595
1.5025573818
1.5089518359
1.5032552984
1.5085103585
1.5144968887
1.5145255757
1.5138419069
1.5120288351
1.5188020944
1.5192840891
1.5104820832
1.5055784959
1.5095532126
1.5103802413
1.5116514468
1.5170770178
1.5126919963
1.5152099051
1.5179149973
1.5238330646
1.5231689345
1.5217821671
1.5240910437
1.5303472283
1.5265838244
1.5290345960
1.5279664560
1.5288098640
1.5288328147
1.5312895745
1.5310564388
1.5306913723
1.5336957403
1.5337889290
1.5354118135
1.5333944673
1.5332273625
1.5303499875
1.5300528648
1.5319532955
1.5338443321
1.5349848990
1.5378297508
1.5393286721
1.5372602876
1.5422492160
1.5432048363
1.5492433235
1.5500897414
1.5532879603
1.5567254768
1.5613603265
1.5640523504
1.5646480832
1.5636858988
1.5657258276
1.5643755255
1.5595007527
1.5538119397
1.5568770747
1.5481878804
1.5480480869
1.5489849656
1.5483969752
1.5449905261
1.5423485421
1.5383266552
1.5409939191
1.5428212149
1.5478531840
1.5437250930
1.5394323945
1.5360633475
1.5387256502
1.5372734412
1.5383814992
1.5407873843
1.5382178151
1.5379523777
1.5377356375
1.5389485633
1.5419158806
1.5362039202
1.5360136182
1.5290642621
1.5176875571
1.5195695778
1.5170785422
1.5203797249
1.5113251886
1.5129177106
1.5204599793
1.5123326931
1.5159227894
1.5174781850
1.5161020711
1.5224468301
1.5249673891
1.5237718081
1.5235972290
1.5221027124
1.5293462065
1.5333341540
1.5322513182
1.5321210341
1.5337373013
1.5347924346
1.5353347475
1.5339063966
1.5332775437
1.5317168211
1.5308361131
1.5283188695
1.5289839840
1.5322354923
1.5330360553
1.5359429707
1.5360461121
1.5356707205
1.5354627951
1.5341587171
1.5360988697
1.5374452782
1.5368888653
1.5384338246
1.5385904391
1.5409320022
1.5398437819
1.5409834932
1.5436819065
1.5420804561
1.5431539985
1.5512606028
1.5460016092
1.5423477866
1.5421508134
1.5397570363
1.5369401574
1.5378277067
1.5429718973
1.5530669741
1.5531251500
1.5546933995
1.5620513197
1.5542742552
1.5377757585
1.5373516103
1.5376642558
1.5412167462
1.5418764664
1.5386574136
1.5407114988
1.5342140875
1.5362351548
1.5445636499
1.5434135673
1.5173793545
