0.3781863898
0.4232746807
0.5114477598
0.4343056304
0.3698047663
0.4709947727
0.3638294499
0.3486206495
0.3990892771
0.4405583827
0.3798747757
0.4190116646
0.5069927304
0.5634709909
0.5472017253
0.5551702163
0.5788636116
0.5664741224
0.5943933787
0.5805375017
0.5701387710
0.5459413051
0.5979957931
0.5275273918
0.9432151846
1.1811037615
1.5506800300
1.8355841810
1.9731717273
2.2640962763
2.1592305446
2.3377077543
2.2010441704
2.2824586434
2.1368439570
2.1937343348
1.8030926199
1.6163929998
1.7353378987
1.5502392132
1.4778809914
1.4143643465
1.4109632480
1.2610625465
1.2012030851
1.4853047562
1.3802641158
1.4628334136
1.4930302843
1.7028059195
1.5105019098
1.5105472994
1.6204330293
1.0080469683
0.8506806520
0.6151999148
0.9204795452
0.6779494509
0.3482742152
0.5543592801
0.5769397657
0.7130286317
1.0394632755
0.7965433963
0.5636214893
0.5481151510
0.6378011810
0.5401415795
0.5453616473
0.4480998482
0.3792263405
0.3591034353
0.3789199586
0.2334138098
0.3190223595
0.2332746082
0.4521023410
0.3891439310
0.3368765769
0.4496482672
0.4183510913
0.3392175663
0.3523689395
0.5429358377
0.5791744995
0.2951120596
0.5986070568
0.3815732066
0.4139155074
0.3891949856
0.4523890496
0.3501328082
0.3958534792
0.3715621123
0.3196118562
0.4600334009
0.4937357032
0.3263779197
0.3660634415
0.3406391720
0.2103130656
0.1922378953
0.1612714475
0.2189549645
0.3424072243
0.3884598348
0.2086365827
0.4982708393
0.4879087244
0.4462854087
0.4328148426
0.1781480633
0.0691066954
0.2761238906
0.3117792464
0.4019014434
0.4049007087
0.5954480144
0.6616125282
0.5338151990
0.5220079570
0.4474947106
0.3776415893
0.2474550120
0.3240549110
0.1753976532
0.2209042509
0.3513826788
0.1446704092
0.2283977399
0.2539106176
0.3549444094
0.3301114838
0.3557986059
0.3628394927
0.3854224546
0.3431933107
0.2732868283
0.2835546395
0.2125602748
0.2894650872
0.1875484129
0.2430925015
0.2104289921
0.4976727847
0.5302703850
0.3331781328
0.4755702701
0.4733696569
0.6544491643
0.6137087681
0.5279758486
0.6346718228
0.5971426374
0.5982797593
0.5989261240
0.4638123195
0.4763388212
0.4190450747
0.3859437575
0.3774166457
0.3200783857
0.3548413739
0.2305794612
0.0527135615
0.1927986309
0.2357406764
0.2164503503
0.3021796310
0.3294779280
0.3404483408
0.5211167877
0.4975862578
0.5274490124
0.5269921631
0.4594707288
0.3543494516
0.2236126988
0.2133966940
0.2923084555
0.3086003112
0.2419838885
0.2798059621
0.2184369877
0.2738368838
0.2751285432
0.2553980042
0.3927280384
0.3799481460
0.3412723315
0.3134912714
0.3789807226
0.3508027215
0.8217114330
0.5091890881
0.3109602186
0.5816564888
0.7187165588
0.3403586814
0.4627364059
0.3252182283
0.3836770266
0.4554584091
0.5047029499
0.4922895981
0.3654804565
0.1212369858
0.2301408708
0.5882788215
0.4175954035
0.1895004989
0.2508259302
0.3170834261
0.3159979010
0.3427652532
0.4743749739
0.6117925231
0.5408477241
0.5514530131
0.5798108392
0.5235083540
0.5188629746
0.2903683536
0.3641893087
0.3200559573
0.1827431035
0.0868393229
0.2727278901
0.2558554278
0.2642573549
0.2748401980
0.2837345409
0.1754769611
0.3303740934
0.2788875218
0.6684981787
0.4198818642
0.4051950660
0.5066214740
0.5499454159
0.6524508180
0.3403756790
0.2607932136
0.1647004670
0.3766472041
0.3912396068
0.1626122555
0.2409208351
0.1495005162
0.2061038802
0.1470881262
0.0855430589
0.3119606706
0.1813854919
0.3423384638
0.0535378488
0.1992630414
0.3421963348
0.1771130835
0.2945249660
0.0938280826
0.1442815493
0.1446046726
1.5646383795
0.2757964145
0.1275351149
0.4777201540
0.4084319134
0.3721560439
1.0800546449
0.4112110135
0.5540055002
0.4809688348
0.9189330299
1.1131262364
0.4233904126
0.5172159068
0.5969731722
0.6637592570
0.9542872205
1.1066217728
0.8969962760
0.7096944973
1.0097749761
0.8565931811
0.6793378158
0.5192225292
0.6114290918
0.5016603632
0.5896443028
0.4057168094
0.4532710209
0.3344967394
0.3741444758
0.2729833712
0.2600645760
0.3025666274
0.2326683062
0.2517318454
0.3350643237
0.3730700926
0.4314333473
0.4671481035
0.4612739468
0.2563503278
0.3006830447
0.5794012113
0.3219451484
0.5506023264
0.6047045555
0.4566604560
0.4047285478
0.4445550934
0.4441399624
0.4212857987
0.5390333526
0.6671528155
0.5356490544
0.4018656544
0.3923868141
0.4059425806
0.3039892728
0.2551450623
0.3555622453
0.3203441952
0.3963674928
0.3351418722
0.3003175955
0.3710569891
0.3617728831
0.4331873680
0.3805902448
0.3028976991
0.4177042798
2.8317454620
2.8725711206
3.8342112084
4.0960124827
6.4030697999
4.1618891041
3.8847025382
3.7970916630
4.1552798221
3.1947793720
2.9165819891
2.5719278380
2.6802029575
3.3392157848
3.7616732839
4.1436447118
4.5776243384
4.3350359646
4.9745097161
5.0369867526
3.8810178132
2.0700262017
1.2815514902
0.5969738353
0.9153540980
1.6795895100
3.1465734943
3.0474647375
4.0667353609
4.8163839965
4.4205169735
4.8053995763
4.5569778438
4.1438331227
3.6415724706
3.2949291685
2.7238388225
2.0987876097
1.7404843288
2.1310458369
2.0068326573
2.3155434773
3.8500901334
5.4439725832
6.8202314758
6.6591066806
6.8587257234
6.5394540664
5.9306156278
5.3000288698
4.9275120352
4.2257161088
2.8987612846
2.0204861597
2.0875762342
2.6548821868
2.3402328073
2.3754621753
1.0836774569
1.5667169926
2.0748615996
1.9670929894
1.8027748984
2.8289668010
3.6937363301
4.0291847099
3.8951222029
3.4443782958
3.9850168636
4.2940050563
4.7017957853
3.4416010977
2.7988290447
1.3043850272
2.5571233706
1.8442949438
2.3863087142
4.1437258529
5.8175949635
6.0569714082
5.8390840797
4.9824964509
5.3411618717
4.4815496972
5.1331152750
4.2626723394
3.8753837522
4.3826643514
3.7221855664
6.2420713811
3.7128053763
4.2658109488
4.9277770432
5.7364275053
5.1286542892
5.1865774554
4.4228217196
5.0191364612
6.0166000041
5.6754105615
5.6862458055
6.3795445122
5.4316545052
4.5162567625
3.3202178140
3.4414628201
1.9868898386
1.3988237357
1.8315365773
1.9306450937
2.7622012666
2.9239473473
2.4957393028
2.2218371682
2.5992822095
3.1548066699
4.1855253041
4.7646210051
4.5374681555
4.2371091344
4.7718660495
5.2182260841
6.0492564687
5.4267406025
5.3821788654
5.6861677852
5.0472282909
5.8963656997
6.0796879046
6.0655464974
5.2315758631
4.4484887289
3.3590160925
2.7156813834
2.5557019937
2.5188180859
3.0852747027
2.8971140273
2.5577874727
2.1768486514
2.4695332614
3.3163957645
3.7031324863
4.5593059049
5.0138877249
5.0205006744
5.0811610326
5.2746834349
4.7522689457
4.6559663178
5.1192579725
5.3035687291
5.2886518462
5.3990707623
