0.5226424196
1.6323135109
1.5457811381
1.6910181648
1.4861713152
1.1348276157
2.2334916621
2.0529655898
0.7429087412
0.5547408895
0.6088992508
0.4993785940
0.6992027675
0.3382432841
0.9730614073
0.9609603859
0.8089272290
0.5694330368
0.8417732650
0.7467368436
0.6871944123
0.7455202747
0.2332612970
0.1945503988
0.4244129345
0.2107103788
0.3079824275
0.3902390283
0.4755359735
0.4930566226
0.5336105287
0.5627389629
0.5664001028
0.6145960885
0.6368916579
0.7611723326
0.6301219292
0.7988220626
0.7545236923
0.6736787567
0.5102460761
0.5587278767
0.5276459390
0.4284524686
0.4123025097
0.2785524381
0.2770736339
0.3004069618
0.2494209024
0.2255051376
0.2116345012
0.2248031621
0.2087792099
0.2286785706
0.3419756867
0.1974882128
0.3037363823
0.2785241536
0.3779822242
0.2146815750
0.3265427405
0.5623014592
0.5936613363
0.5771256334
0.1882853965
0.3288052595
0.2985007430
0.2925879527
0.3185207173
0.3204631364
0.5679272489
0.5835860526
0.5369494818
0.5444113401
0.5488449919
0.5379065687
0.5385666632
0.6120927308
0.5926618746
0.5989753284
0.2110751391
0.3838569860
0.3808462645
0.3686702336
0.3169588862
0.5016380423
0.5025109983
0.4843073858
0.6120199550
0.6430978760
0.6297571298
0.6624986413
0.6979852456
0.4379388160
0.6114604412
0.6623846265
0.6396968951
0.6020217460
0.7362328100
0.6535219337
0.7615480779
0.7688106074
0.6427543709
0.8095734259
0.9159383904
0.9971998776
1.1200836755
1.2296677964
1.4992761746
1.5604019296
1.5885586743
1.4278488218
1.3683063743
1.3331948939
1.0352674240
1.0687989348
0.9898932978
1.0194513756
0.7356960254
0.5372458622
0.4801116880
0.6859421450
0.8677585425
0.9940766505
0.7648629140
0.7422974442
0.6313370619
0.5772263857
0.7814199460
0.7407334832
0.2025949562
0.7109994927
0.6787237349
0.7365122625
0.8408038993
0.2894951423
0.3744719572
1.0294342764
0.9840247525
1.0268527670
1.0103470400
0.8939591846
0.7756850515
0.7712556697
0.9160728782
0.8841153934
0.4289382981
0.4350394542
0.3977978854
0.4859077913
0.6138631064
0.3496641201
0.5738601020
0.3789438908
0.3629013526
0.7056855361
0.3584316426
0.3702755579
0.2346004819
0.5853568233
0.4384115371
0.3347972454
0.2822766020
0.3439586364
0.3622946230
0.2693741502
0.3209787104
0.3464300613
0.2668401991
0.2367602946
0.2919852209
0.2977700588
0.4657762912
0.2075003723
0.2759784655
0.1628227004
0.2007285235
0.2830560365
0.1919718335
0.0990321144
0.1167177926
0.1438583398
0.1625228283
0.1493913193
0.0389696934
0.1144510240
0.2789639769
0.3021919217
0.2894730332
0.4119205374
0.4294778691
0.4766100817
0.5647653071
0.5000607977
0.4910850983
0.5473713036
0.5253098327
0.5003337173
0.2825018280
0.3731004823
0.3621409433
0.4111719964
0.4435509952
0.3962075113
0.3548302325
0.3413261572
0.3209143019
0.3394956217
0.1386310856
0.2430765446
0.3739737170
0.3905417175
0.3378279829
0.3521263985
0.4198545601
0.4129378832
0.4230462327
0.3077601065
0.3533515568
0.2933476537
0.2977398540
0.2593226666
0.1534544130
0.2582970485
0.4802089472
0.6350063168
0.5508625667
0.2735073519
0.4083652818
0.3735443367
0.4728100051
0.2601389742
0.3032425516
0.2701697531
0.1321312819
0.1836966784
0.2720466265
0.6156679698
0.1960936247
0.2336303316
0.7531703973
0.3014451294
0.8143683504
0.2371167167
0.1386671047
0.1976962145
0.3496073083
0.3254207364
0.4089209860
0.4692529807
0.4615642843
0.4252650470
0.5528678202
0.4998698675
0.5305904560
0.9579141241
1.1124822326
1.2887439874
1.0875825087
0.9603012333
0.9066106569
0.7630294527
0.6432877641
0.6742585856
0.7540051405
0.7795372301
0.6019342196
0.6625967817
0.4250433305
0.4602102938
0.5372272201
0.6349219876
0.5888397324
0.3451482131
0.5413418788
0.6327213062
1.6581910240
0.5980989466
0.4670212499
0.5958568845
0.2526765025
0.2705685015
0.2498515184
0.3632187829
0.3639250057
0.3332911908
0.6144205983
0.6108840492
0.3210291562
0.2079156069
0.6177992653
0.3209790481
0.7483385348
0.5771299492
0.4151767860
0.7318604311
0.8363562318
0.3881773931
0.4157003950
0.3667552663
0.2817337666
0.3255900303
0.3304415471
0.3264435966
0.3968150365
0.3313641222
0.4675723888
0.5150121521
0.6360907780
0.5656952193
0.5184009213
0.5674517450
0.9555387728
1.1672151332
0.7336086682
0.3502306497
0.6521362509
0.4438539107
0.4254237244
0.7073552942
0.8587055731
0.8442853544
0.3652866816
0.3473830841
0.7139054257
0.5697245510
0.5119784911
0.4554488463
0.4985098296
0.2113336706
0.3595068388
0.3085061696
0.2215876392
0.3036726552
0.2996667012
0.1806556932
0.3185440859
0.5365633643
0.5373510345
0.6477740163
0.7064104422
0.5682538246
0.1899607934
0.2805074657
0.8404139151
0.1819938908
0.1315639759
0.1032792736
0.2535352704
0.1898312940
0.2152105061
0.5700965978
0.4139948945
0.4681851013
0.5230271370
0.7182224557
0.6575269501
0.3865235752
0.1789421284
0.2142703712
0.2415120277
0.2714234591
0.2064886439
0.2031263966
0.1583897810
0.2561312896
0.2884580343
0.2478971465
0.1816808545
0.2072401130
0.1450828502
0.2525301384
0.2018500963
0.1336485112
0.2111508144
0.1925538781
0.1208687441
0.2627175158
0.3377164458
0.2999791101
0.2590872713
0.3027624600
0.2394262585
0.2229891626
0.2979093454
0.3481236249
0.2609827182
0.2598068661
0.4137845122
0.3713319036
0.5436039276
0.4232898934
0.3055769901
0.1874206346
0.1967993882
0.3206842865
0.2797429416
0.2682652928
0.3584469716
0.4656873825
0.3606131176
0.3440987982
0.3853200692
0.2225013191
0.2856351001
0.3539954421
0.3893549989
0.3090861593
0.4183559769
0.4583139090
0.5363185282
0.4074929531
0.7035435927
0.6528558396
0.6154782913
0.5566597062
0.6161957046
0.6716414726
0.6871248307
0.6261553317
0.4938659996
0.7060348169
0.7181336856
0.5571032132
0.5870596412
0.5407107340
0.8083424807
0.6142510720
0.7255410760
0.4192608301
0.4041287977
0.5461479356
0.6193640563
0.5699848913
0.4601563465
0.4895769734
0.4179014331
0.5752596348
0.4287133425
0.3759175893
0.4430468553
0.3878497989
0.5354522704
0.5099294545
0.3269695023
0.3182745296
0.3965538987
0.3729336855
0.5970547986
0.5715735614
0.5664827230
0.3092570205
0.1820137116
0.2469015946
0.2705081547
0.1942496990
0.2078793218
0.2319940275
0.1163365544
0.1722085261
0.2708020606
0.1107715278
0.2236662163
0.5622260570
0.4888651385
0.6269692067
0.6781863896
0.6540578467
0.8120290579
0.7146197575
0.5007593384
0.3417050019
0.4451043130
0.2179003275
0.3140434593
0.5086888167
0.3425046660
0.4591434180
0.4623868792
0.6115931230
0.6559894612
0.6429203739
0.5467437352
0.5244725771
0.2978141041
0.5048810683
0.4883098605
0.4722987677
0.5589562737
0.5242476329
0.5300922522
0.7319349545
0.3161030277
0.0486351917
0.7237850143
0.6257087759
0.6616080899
0.8086725057
0.8107180890
0.8136791946
0.7167689041
1.1526300801
1.1583566338
1.0640478758
0.7609011272
0.6811547322
0.7082001795
1.2663585346
1.1725129837
1.1438070200
0.8793956497
0.6248805566
0.8148865641
0.9378900256
0.8715412086
1.0324244005
1.0280092777
1.2564178792
1.3706016846
1.4585383907
1.4267491182
1.4022681678
1.3643527725
1.3057525708
1.3102874070
1.0765842127
1.0924128897
1.0939377654
0.7322595786
0.8151822178
0.8346649276
0.8095261004
2.2374037050
2.3749533198
2.3640567374
2.3417395225
2.3792746687
2.3386511569
1.0919850600
1.0767829687
1.0483142746
1.0041394570
0.9096906889
0.9034038502
0.8435182842
0.8257248854
1.0572094812
1.0185269518
1.0250417236
0.9587063616
0.9353143947
0.9170499931
0.6563587371
0.7130584865
0.6695408351
0.8687222004
0.8248090722
0.5403056930
0.6252301515
0.4912615319
0.4248515813
0.5324349851
1.0983565126
0.8309071583
0.5710096495
0.4375592013
0.2149539783
0.2517927424
0.3345465146
0.6111133292
0.8500162275
0.8923273155
0.6133218667
0.6366836694
0.6546681333
0.6920214674
0.7206507057
0.5712400447
0.4702371194
0.3844354291
0.4504009189
0.3877247970
0.3796367475
0.2830450224
0.5215902181
0.5020243679
0.2530963397
0.2202710438
0.2241981218
0.4237462043
0.6644066247
0.6195284595
0.4147178169
0.7709877766
0.8502853099
0.4344691728
0.4100500528
0.6647631711
0.5756764138
0.5052125266
0.5923583032
0.7716895584
0.5619577517
0.5682334075
0.7616132157
0.5494798174
0.5352881782
0.6012400459
0.6465043593
0.8795413968
0.7612170653
0.7879762310
0.4727945268
0.5446119672
0.2128740349
0.2628455256
0.6373635531
0.6281687762
0.3672136290
0.4401245395
0.4672427238
0.4322985646
0.4395307153
0.3220101745
0.5286937069
0.4425189930
0.3395268398
0.7443383376
0.3594688031
0.1957451030
0.1538863968
0.2357919889
0.2190897089
0.0929832932
0.4804155314
0.1136576398
0.2685181172
0.3565706600
0.3993206465
0.5803401664
0.6186991091
0.8807148922
0.5971640978
0.6248103486
0.6072610729
0.5848881770
0.7904090330
0.6402790209
0.6041396825
0.6476692400
0.6407332917
0.7501428099
0.5973491614
0.6656216218
0.4999890801
0.4922572351
0.6736299479
0.5153438775
0.5248491670
0.4331879401
0.6083614273
0.6451868427
0.5283539544
0.5894875568
0.7002650569
0.6860938001
0.5249099167
0.5100237872
0.5053619516
0.6653749629
0.5968448458
0.6459431806
0.5593285037
0.4825870666
0.4006634530
0.4011219422
0.3097915975
0.2600110955
0.3002174366
0.3741010955
0.2086283421
0.3677847060
0.3690881434
0.4174241023
0.6394089687
0.2351529221
0.3111793060
0.2820724121
0.5463314778
0.4632245578
0.6098123518
0.6422669981
0.5146433891
0.3234455976
0.6262704992
0.6022766747
0.6045413428
0.7682817233
0.6523013089
0.5408912541
0.4991251091
0.3682650709
0.3711705751
0.3225369544
0.2304384554
0.2984207784
0.1345436709
0.4058376627
0.4430424095
0.3647975544
0.2936995689
0.5703832230
0.3557940725
0.4898022910
0.5803870359
0.9621469651
0.7226816667
0.9802533188
0.4659652790
0.7156028263
0.4109443426
0.3888816295
0.2400612865
0.3986224191
0.3384328155
0.4163165534
0.3450396690
0.2739328827
0.4929498424
0.4800849736
0.3939896748
0.4307495288
0.3651953720
0.3823409999
0.3668388322
0.4373840578
0.3936241877
0.7159366158
0.6745206976
0.6834919230
0.6436349116
0.6645491014
0.6865573761
0.6771705587
0.8210063421
0.8295396057
0.9414927175
0.9390777850
0.8879105483
0.7982269718
0.7935221077
0.6193157129
0.6282268671
0.6358091259
0.6907456003
0.5240268575
0.5717652459
0.8237531307
1.0458475846
0.9483108100
1.1880506744
0.8408555411
1.5146108205
0.9106644162
0.7711595185
0.7096148471
0.6999260198
0.4257147548
0.8019133582
0.7659051685
1.0300150640
0.4273649415
0.6695832338
0.4173064205
0.2178116800
0.3860936989
0.3317485080
0.5031495861
0.4878186668
0.5618631263
0.4313127503
0.7704543318
0.3483504174
0.4465065102
0.6858677130
0.7239486615
0.9562193738
0.9723504296
1.1877023463
1.0394833504
1.2609506761
1.0932066522
0.6480554333
0.5328500874
0.4217658989
0.4677045554
0.3432637081
0.1845650998
0.6944925803
0.9122316447
1.0747435641
0.4841271486
0.5883601077
0.7728392444
5.6325552996
0.7900500582
0.3831029175
0.5636972790
1.1484117621
1.2600874336
1.0578014434
2.4043412851
2.2914009535
0.5307255225
0.7311303076
1.0906916854
1.2271809652
0.8584829514
1.1804891145
0.8078945980
0.7794202911
1.0457076379
0.4563063983
0.3205418416
0.4586130391
0.3959560230
0.6911341530
1.7187142812
0.4679544401
0.8875740602
1.6372944747
1.0886146663
0.4797684482
0.2720656635
0.5940823126
0.7702485389
0.5752118654
0.7300642713
0.8489743558
0.2995068242
0.1683318420
0.3289017806
0.4369202419
0.3330991516
0.4450645639
0.1549177968
0.5681545941
0.7173567154
0.4219066467
0.4761745732
0.1972597924
0.1250573327
0.2324177895
0.3117329318
0.1893483407
0.4903258321
0.2373446070
1.5437273385
0.7254350514
0.6429716064
0.3515673899
0.7256928912
0.7416493954
0.5330223324
0.6358307792
1.1005418120
0.8112554799
0.9573965026
0.7720795073
0.8363228004
0.7039140108
0.6547008701
0.7591553751
0.7613463491
0.7950675555
1.0006514162
0.5828778625
0.5701303254
0.6398600204
0.8513388549
0.6425619070
0.2432381099
0.2665555573
0.3042190903
0.1768767237
0.2888809269
0.3533215003
0.4970402545
0.4560970294
0.3874602505
0.5394565361
0.6105812881
0.4738432783
0.5027499288
0.4944961895
0.2917941049
0.5155241970
0.6201218865
0.5500434718
0.6759719540
0.2699201865
0.2020214339
0.3548901260
0.2668623641
0.2271467728
0.3147436119
0.2867905096
0.3662466125
0.3281579569
0.3511498514
0.2775348491
0.5922702896
0.6376842935
0.4447856344
0.5720462746
0.5173367117
0.4253283467
0.3304051595
0.4063457001
0.4178259484
0.6812894675
0.7741535459
0.9108262672
1.1009960078
1.3418256698
1.1017771648
1.0308396000
0.8530410512
1.1177417556
0.5566975486
0.6399151097
0.6037295979
0.4359669687
0.3488239510
0.5712025973
0.4509000129
0.5999584244
0.5457278509
1.0181236640
0.6526398288
1.2565169788
0.9245988896
0.8005985537
1.0891691439
0.8137931787
1.1472808298
1.4851026793
1.1837508055
0.8907614771
0.8812143292
1.3887910217
1.4211783210
1.3736448301
0.8772227989
0.9939995276
1.1532694588
1.4197514640
1.0160306534
1.1299899546
0.8224879767
0.7261975773
1.1014127328
0.6073091619
0.4252028966
0.6300731101
0.5794723793
0.3603045039
0.3050833292
0.2778551297
0.5483534647
0.5868772368
0.2175986373
0.6580498393
0.5686768919
0.4559884252
0.7772787173
0.4777674529
0.7726603823
0.6562318523
0.7037436849
1.0764619590
0.8836424006
0.8340231417
1.5141139548
1.0057462598
1.2801853356
1.3555354357
1.5078469959
1.2639563961
1.1333884661
1.5582084899
1.3465787467
1.9747444396
1.7271518522
1.1986513723
1.1029721938
1.0392841408
0.7567096377
0.6958131695
0.8894950198
0.7887308713
1.0644307864
0.7717222596
0.7165243309
0.9321004538
0.5853040580
0.3916473667
0.4459655549
0.3802181208
1.3710146729
0.4928042063
0.9948179949
1.1493610104
0.8768646476
0.6185386855
0.3361060763
0.4874243097
0.7344581256
0.5274102672
1.0779695585
0.8825167757
1.0043794796
1.2265458637
0.9921459059
1.2125112707
1.3984890745
1.2864085407
1.2255703836
0.9206929030
0.8078615484
0.8621250489
0.9668926590
0.9388597236
1.2243286811
1.1418986747
1.1119568628
1.0552060761
1.0830477353
1.1585256262
1.0197045286
1.1407363965
1.1075756471
1.1097675572
0.9974160939
0.9988775337
0.9603196698
0.8120506675
0.9238617361
1.0486088466
1.1369273283
1.0176529265
0.9730019769
0.9403566588
0.9016650427
0.7977311566
0.6979423244
0.7379467697
0.7816709360
0.5901566867
0.5502973040
0.7185847860
0.7049494046
0.9003926741
0.9130689933
0.9927746621
0.9593611813
0.7958515410
0.8227094655
0.7611336159
0.7890081605
0.7740377973
0.8673608025
0.9989158297
0.8676575435
0.9474532208
1.0171551383
0.9457493216
1.0466112057
1.0737494730
1.0365635216
0.8917360901
0.7981275047
1.0862022446
1.0672535353
0.9497230004
1.1764698568
0.9852052631
0.6486427381
0.7728433416
0.9201302924
0.8529147948
1.1103757862
1.1627025901
1.6094573744
1.0981606742
1.3042435224
1.2430879939
1.6553046411
1.8448952909
0.9131437963
1.2437268871
0.1936626754
1.0333100789
1.2424227497
0.8173969681
0.7910984030
1.5528601731
1.0956661233
0.9208178005
1.8057914784
1.4037492327
0.7322276015
0.9755108183
0.9720580146
1.0843862445
0.5011871137
1.1530680253
1.2528635851
1.2134075184
1.1575614393
1.1490411723
1.1280297652
0.9007039562
1.2123696474
1.2632331722
0.8969697339
1.2259692603
1.2198912916
1.0539436062
1.2140383516
1.1850370447
1.1673906723
1.2235161831
1.2046831227
0.9806386770
0.9741330033
0.9011872186
0.8933218764
0.8695045327
0.9859163248
0.7691805659
0.7575405350
0.5494131458
0.3940521578
0.7989828058
0.7270821561
0.4977163993
0.1454563409
0.4088828361
0.3169000111
0.3835881380
0.4982948080
0.2777325136
0.1954636942
0.1807893687
0.2178755814
0.3708755089
0.6586321463
0.5277238849
0.1655115412
0.4266041120
0.4337030224
0.2373927717
0.6497565644
0.5774102879
0.7302131201
1.2246781786
1.4601748159
1.2543572680
1.3476732423
1.2188386660
1.1916211436
1.4535674336
1.1884210909
1.2761568895
1.2701740505
1.2242917666
1.4437706454
1.4597288816
1.2911300621
1.2275119882
1.5136116009
1.7077027981
1.4325038507
1.4881058468
1.2896522485
1.4695747465
1.3535028460
1.2569496857
1.2930596368
1.2155848415
1.2248105362
1.1852147906
1.2458142687
1.0317800947
1.1254590260
1.1755506762
1.4233568824
1.3275759138
1.0468679755
0.7994792264
0.9858446516
0.7851714673
0.7092320869
0.4848935575
0.5567223671
0.6788636870
0.7021374627
0.7648803687
0.7995347423
0.9495942822
0.9229426999
0.9023658751
0.9515515884
0.7332314207
0.6422499462
0.7203487514
0.7474478000
0.9646484979
0.9700028413
0.8026571869
0.8428625501
0.9462727028
0.9905111255
0.7193659924
0.7517777173
0.5661981060
0.5721942367
0.6291137100
0.6783060532
0.4698247857
0.6145061325
0.5975773986
0.5711829520
0.5884987533
0.5621503098
0.7893393150
0.7703530318
0.6550618744
0.7542275587
0.5368882752
0.5748776950
0.5189291222
0.5006233304
0.3779842259
0.2713890134
0.2410190399
0.2657169821
0.2578332891
0.2113392711
0.5794905471
0.6386304583
0.6902213510
0.7683027407
0.6456588512
0.4310787106
0.3843777268
0.4688597647
0.2691563482
0.3319382428
0.5771153930
0.5117732763
0.4605943670
0.7105098650
0.5138657494
0.7230639524
1.0592908890
1.0166329573
0.9647462520
1.0058028923
1.0468888827
1.0892562531
1.1136605529
1.1914487820
1.2005669381
1.3920112777
1.3784872283
1.5110366268
1.6446786725
1.0796977624
1.1201655153
1.2846066642
1.3957294273
1.5821681161
1.4958878036
1.3005471212
1.4351302818
1.2829229878
1.3455694942
1.5215462055
1.2601708615
1.2718445543
1.5230915062
1.4659860876
1.6823227303
2.0117500215
2.0134150328
2.0903722943
2.0409318989
1.9157030357
2.0329091155
1.8553342680
1.8329386238
1.7456338138
1.5637149936
1.4853742284
1.3788038942
1.3742197345
1.3934952637
1.4795567165
1.4526662287
1.4680793391
1.6320454093
1.6122120779
1.8435596910
1.8044714014
1.9380545865
2.1024077046
2.2028198516
2.3159214934
2.2866615715
2.3007377202
2.2853295766
2.2044005274
2.3388053939
2.0293916641
2.0851138713
2.0500880699
1.9097965573
1.4639677419
1.5197748575
1.4832099358
1.3547627584
1.4510982295
1.3069767151
1.3703089272
1.5021951841
2.1341079755
2.0329222958
2.1153981214
2.1222224703
2.0569146963
2.0083569510
2.0224011711
1.9871633610
1.6670588428
1.5045437119
1.4643912049
1.6289169477
1.4512548665
1.3266461884
1.2037388982
1.1463348327
1.6136404929
1.8192380331
1.6509860096
1.6091015701
1.6138393113
1.7602429526
1.5324380864
1.6147229322
1.6382294320
1.4949763136
1.4624221886
1.4346400613
1.3157444601
1.2870939346
1.3025644216
1.2390834036
1.0930137794
1.0160360341
0.8287975072
0.7628493031
0.8337781262
0.8286966846
0.7367447602
0.7388902339
0.6506302885
1.4235872833
1.4314807184
1.4969296369
1.4926342326
1.5482702531
1.4902675589
1.3885659172
1.3510935139
1.8375624252
1.8233164100
1.6623062079
1.7088207347
1.7452104606
2.0244702908
1.9685068472
2.1502077408
1.7611757080
1.7881809713
1.7712197428
1.8539206965
1.5672322075
1.9530596274
1.7665668815
1.7372969780
1.7385270328
2.0031956466
1.8469678421
1.5968796649
1.3765809059
1.6537126338
1.5755681545
1.4087112994
1.7676957419
2.3874444297
2.6114875074
1.9341214528
1.8465398666
1.9961562656
1.7895597172
1.1791054976
1.1589974838
1.1687544985
1.1793323882
1.1047909871
1.3194728860
1.3407241304
1.4036688394
1.2206435581
1.3470676446
0.9425501128
1.1955512183
1.1978762607
1.0802395809
1.3268169698
1.2845281739
1.3722976884
1.5003701094
1.6193070037
1.5142084226
1.5791344389
1.9294162272
1.6350988167
1.6726569996
1.7853728782
1.8615913178
1.4146637738
1.4250341005
1.5621759520
1.4603730360
1.6173427540
1.6075463508
1.3679173238
1.9720101451
1.8617199817
1.7881455797
1.8514395177
1.8950612520
1.2086142162
1.2282022961
1.2124467502
1.0923859862
0.9482584371
1.0109277545
0.9415944295
1.0235805592
0.9714998987
1.1176347803
0.9724420226
1.2944552321
1.3207817913
1.3362572688
1.4961196128
1.4428739449
1.4850023456
1.5049246410
1.4691331689
1.2466989644
1.2307472159
1.1959280188
1.0307236334
0.9426189455
0.8774735541
0.8669875444
0.7960684074
0.7444753266
0.6918217204
0.6737048943
0.6896984428
0.6449985887
0.5206172036
0.4998541327
0.3297538534
0.5101708313
0.6990121900
0.7539657051
0.9321505267
1.0360402801
0.9560590400
0.9749196011
0.9969366330
0.8862739833
1.0131380375
0.9639268686
0.9262060444
0.9196318786
0.8081423153
0.9778398652
0.9526362855
0.9546025224
0.6961024342
0.7845119838
0.8871577270
0.6159870562
1.2519713561
0.8388191601
0.3715712685
1.1048462345
1.0943394850
1.1024772747
1.1596181009
1.3881136294
1.2624500458
1.2929537537
1.4545715013
1.4694996369
1.1531226475
1.1228327163
1.2283898610
1.3174597734
1.2454604518
1.3014054111
1.2568481093
1.1573164777
1.1996564023
1.3971725979
1.5268056418
1.2365660962
1.1120692630
1.5043691247
1.3221221931
1.3717807637
1.4243493139
1.4268433465
1.3759560968
1.2712678305
1.2348024586
1.3086640987
1.1509378403
1.1249281513
1.1638704367
1.2968333838
1.4189878639
1.3340542922
1.3549100830
1.3127453523
1.1109404162
1.0754488948
1.1171731307
0.8164074143
0.7464454575
0.7142991864
1.2483496364
0.7864904461
0.8089238810
0.7718072433
0.4812003775
1.0662181254
1.0589568589
0.9191625363
0.5546204199
0.8394640684
0.9681309370
0.7319446053
0.9066168342
0.8633034889
0.7699440738
0.7214774591
0.6233487851
0.7416279090
0.7637464476
1.0211678431
0.9714277952
1.2135599165
1.8095865272
0.8844866954
0.4951234770
1.2281082889
0.9466131722
0.8233445159
0.8540740100
1.3366100495
0.6489514320
0.7001567502
0.3550383221
1.0122020799
0.7164801674
0.3447383841
0.3609475335
0.5465408292
0.2533907785
0.6920496343
0.5822470182
0.6526825813
0.5390535818
0.5839562312
0.6575196219
0.6344781268
0.8113479036
0.6500059441
0.8423899170
0.7730668738
0.8266445942
0.7800838509
0.8474846482
0.8525688202
0.7931721361
0.9320433539
1.1952147095
1.2666949445
1.1459563756
1.1728273961
1.0397738453
1.3160220872
1.1151078849
1.0362088185
1.0612524575
1.0717594912
1.1571199662
0.8472595389
0.7959119639
0.7359970216
0.9003929917
1.0785944938
0.9606315559
0.9775504930
0.9450190709
0.9073199737
0.7842313057
0.8586129658
1.0375217405
0.9489848837
1.0546526718
0.9808513439
0.9400558278
0.9245442909
0.9055844622
0.9948730902
1.1271373735
1.0951309781
0.9258760173
0.9320685614
0.8173232673
0.8008572352
0.6365132521
0.6574274306
0.6221308815
0.6461122950
0.7691840033
0.6714041529
0.6022630698
0.6482867513
0.7984834090
0.7813786192
0.6547700869
0.6276159545
0.7994427078
0.6766196999
0.6174809337
0.6880395512
0.6983703304
0.6649710797
0.8853585825
0.7410401886
0.7406194947
0.7752337567
1.0478966665
1.2432700572
1.0561268154
0.9945696099
0.9015359282
1.0381491761
0.9404846418
1.0903958218
0.7570086253
0.9166172510
0.4897203846
0.7517831921
0.9293862867
0.6352870127
0.8085332078
0.2787596059
0.6719551650
0.7999166871
0.8188945019
0.9434236021
1.1630789401
0.7258860484
0.3655393287
1.5967271255
0.4124455880
0.4976678884
0.7754589867
0.8311586553
0.8428140436
0.8270374983
0.9293726056
0.8881928642
0.8377828980
0.8741886561
0.9657070647
1.0538438140
0.3626395416
0.3218291893
0.4860699073
0.5141692045
0.3739859557
0.2428878772
1.1145842377
1.5060853311
1.4213903855
1.2178056244
1.1542222713
1.0810450650
0.8845053607
0.8245494161
0.8524882420
1.0873897432
1.2895079864
0.9671867239
0.7684321513
0.8523102054
1.0293002172
0.7982074782
0.8044616463
0.9897493046
1.0802818116
1.2616091295
1.1215740340
1.5864634899
1.0636926579
1.2742852709
1.5602674876
1.6294481287
1.1596433124
1.1069305455
1.2262107538
1.1975797247
1.1111474170
1.1154538533
1.0044397062
1.0158936656
0.8505798413
0.9714522768
0.4886983382
0.7019569517
0.7425985361
0.7003913190
0.6200242593
0.9280772844
0.7758385653
0.8362593394
1.0131086591
1.1897902140
0.5358753110
0.9905747884
0.5218867331
0.7490449676
0.4417714030
0.3526001451
0.5219002702
0.6307916813
0.9957051811
1.0962078764
0.8258987829
0.7555541986
0.7646307922
0.8958568705
0.8219065149
0.8096630006
0.9838418283
1.0920813099
0.9874568691
1.1477437878
1.0310880515
1.1318867953
1.3366518021
1.3195186213
1.4469433411
1.3926048293
1.6795071788
1.4676807179
1.7954663148
1.6454423845
1.8503723495
1.7220851699
1.6739239438
1.5337310708
1.2939118098
1.2926012629
1.3485692776
1.3342559677
1.1435135180
1.2100057525
1.0233273225
0.9454479458
0.9314851390
0.8191129362
0.7755135729
0.7010577264
0.6890821999
0.5340850269
0.5553927180
0.5378461111
0.4681792940
0.4571771457
0.5270704701
0.6496830660
0.8046092075
0.8464890491
0.9270980114
0.9811145943
0.7827873700
0.6590517128
0.8252967870
0.6013581813
0.5299796642
0.4161374558
0.3964753424
0.3640176243
0.7985021920
0.6928950373
0.4957201143
0.3777934253
0.4319049229
0.5021630391
0.4448224754
0.4446857557
0.3841454610
0.3255732885
0.3069891785
0.3231210337
0.5361476296
0.6727084968
0.5947053337
0.6397640353
0.9391717486
1.0606149678
0.8779112559
0.6329133139
0.1849670527
0.1716192283
0.0981312704
0.6212190797
0.9581778555
0.5256333692
0.2645193439
0.5061894311
0.6037532239
0.6504239963
0.8444795783
0.9911035414
0.5299311252
0.8949478793
1.0288192671
1.1283811596
1.1571827625
0.6112171048
0.6830423362
0.6175279100
0.6305657945
0.3573879661
0.3846764239
0.4131013904
0.6702270382
0.5656162136
0.6172611260
0.6975249334
0.6821848898
0.5099095619
0.9098337381
1.6173467335
0.8884922356
0.9600533127
0.5979928070
0.6929267143
0.6781485080
0.7735742735
0.8161437491
0.7946881051
0.6245338310
0.6957822935
1.0830322304
0.2752256993
0.2146835558
0.5657126429
0.4456982571
0.9098733587
0.5328670744
0.7051042838
0.7702132143
0.2976241008
0.4530696324
0.4951248170
0.4879083501
0.3336570357
0.3203061210
0.2672213349
0.5580894566
0.5660961692
0.3808977659
0.5116394457
0.4997875891
0.5375643111
0.7355751475
0.7703694707
0.8420845946
0.6887791289
0.4020819619
0.6613178793
0.8422259104
0.6217206538
0.6279198409
0.7602589529
0.6744804791
0.6782851242
0.6147347531
0.6214589469
0.8250924408
1.3605054808
0.9471923569
0.4691985307
0.6298940669
0.7915347232
0.6276990841
0.9073456915
0.7486355343
0.2295594715
0.2705636456
0.3160742565
0.3364530247
0.2085544913
0.3633377906
0.2414097343
0.3267689702
0.0997014564
0.2015353792
0.0928309110
0.1360105054
0.0849446047
0.3805814426
0.4422200528
0.4412771893
0.3747235394
0.4704390861
0.5190345947
0.5949338863
0.4882062390
0.4108002190
0.4216172360
0.4412597037
0.6483799365
0.6986509256
0.6840613925
0.7666845370
0.6120885937
0.6236167048
0.8130654807
0.8163173473
0.7608056513
0.8299605129
0.8777251589
1.0567073551
1.1407876607
0.8500221507
0.9468540043
1.0465421616
1.0801719854
1.1386224693
1.1337788580
1.0726739989
1.0481928118
0.9192867493
1.3277071475
0.9585809158
1.3122890065
1.0221890377
1.2906388841
1.1352097241
1.1186906261
0.9295353411
1.0209501040
0.9167126560
0.8696065271
0.9298756047
0.7547443171
0.7040316334
0.8511370480
0.8918665042
0.8416753435
0.6534726368
0.7030566893
0.5485958521
0.5629540140
0.5881899223
0.5934903153
0.7349685258
0.7843758138
0.9909579029
0.8577575162
0.8419007157
0.8293741569
0.7697888608
0.8623249338
0.8184519853
0.8363541888
0.6942161196
0.8738882329
0.6380522251
0.4176884012
0.4650117248
0.4898958152
0.5736859261
0.6315892119
0.5368496956
0.7155727024
0.7770444230
0.8151991689
0.7776059775
0.8091967081
0.8971972707
0.8171665891
0.8338830119
0.7487648918
0.8891599275
0.9857186163
1.0480426498
0.9224748420
0.8413234543
0.9655921058
1.0962175828
1.2855281427
1.2655843757
1.3066890590
1.3208933403
1.2230357151
1.2734510501
1.4009965248
1.4891999626
1.3330251317
1.2644256694
1.0691109951
1.2757985651
1.1183566488
0.9663294898
1.0894909296
0.9233214516
0.8423050917
0.7091418353
1.1089429951
0.8843462804
0.8948621238
0.6616038433
0.4022771443
0.6342912489
0.6534076515
0.8930371293
0.9851185224
1.0604942955
0.8305547722
0.8611799699
0.7512209759
0.9229385556
0.8278964045
0.7724550069
0.7158155339
0.4877297901
0.4703733894
0.3256092121
0.4462770325
0.4617541146
0.5219082395
0.7070059863
0.7111793103
0.7058916261
0.6630313314
0.9151803703
0.9372286469
1.2376738572
1.3417406065
1.3521105845
1.0650443833
1.0995573063
1.0945539101
1.1096151303
1.2373870227
1.0520188845
1.1497954633
0.9266571528
0.8354020766
0.7926291785
0.7136898251
0.7936749044
1.0294586022
0.6580340699
0.7154747136
0.6102485198
0.6864595384
0.5348385964
0.7384513818
0.5581304228
0.4215941002
0.3873466062
0.4103899250
0.3945026979
1.0679441441
1.2340059679
1.3099806091
0.8371992042
0.9020960423
1.0722707810
1.1376597048
0.8231581509
1.1057537517
0.7029093050
0.9648963956
0.8572684488
0.6110953138
1.1567641149
1.5449562053
1.2830004382
1.2682640098
0.9899594384
1.1312969587
1.0391048578
1.1232397553
1.0911814513
0.9199799560
0.9289892402
0.9016683637
1.0319984117
0.5671121818
0.7485672915
0.6002645612
0.5652941863
0.6273219790
0.7514111062
0.7139443357
0.8301321603
0.6809533221
1.2475211834
0.7992041297
0.9502665616
0.8262888528
0.9503344252
0.8975242723
1.1744267505
1.1829841259
1.2924126050
0.9579338181
1.0511678258
0.9708212039
1.0807280707
1.0939048927
1.1592439142
0.9642405085
1.1019845094
1.1167205540
0.9149342495
1.0999035671
1.1522625791
1.0854036880
1.0787668649
1.0532979739
1.0267525540
0.9972512967
0.9778751554
0.9970566682
0.9333923168
0.9645922250
0.9242349261
0.9423297852
0.9503638155
0.8150972233
0.8584481366
0.8681008256
0.8454179747
0.7797917297
0.7359538591
