1.0224921204
1.0233594095
1.0516509238
1.1224520315
1.1194393840
1.1099677761
1.1633660776
1.2746708485
1.3679354598
1.4582324335
1.5499208708
1.7237661632
1.7799653844
1.7740714723
1.7642710863
1.7249290383
1.6887788943
1.6508872008
1.6115339036
1.5921186949
1.5794580691
1.5682109721
1.5403369812
1.5300244477
1.4995826286
1.4692170374
1.4885165956
1.5002956492
1.5002640372
1.4937080982
1.4814773052
1.4800567319
1.4781184537
1.4713922542
1.4456960521
1.4055273406
1.3608436619
1.3297573161
1.2988747100
1.2627165429
1.2183049813
1.1885547453
1.1548493954
1.1167371861
1.0857150642
1.0545373791
1.0307079694
1.0079999590
1.0041889138
0.9860756768
0.9643848771
0.9389172888
0.9111615859
0.8650306142
0.8321404435
0.7979066018
0.7688492312
0.7491319610
0.7433093549
0.7159405772
0.7216057013
0.7197729873
0.7061432610
0.7008563849
0.6742219376
0.6518515934
0.6453124960
0.6196124675
0.5995656915
0.5853836584
0.5809169788
0.5703266756
0.5590972361
0.5680064638
0.5731730278
0.5832840722
0.5905045367
0.5951596709
0.6001766128
0.5972392037
0.6022319617
0.6078383889
0.6243928346
0.6253866009
0.6288573280
0.6350826535
0.6460330677
0.6531568505
0.6690359417
0.6672828158
0.6774198678
0.6843784964
0.6980875802
0.7370852954
0.7695759954
0.8022793633
0.8580068934
0.9041997845
0.9604714245
1.0157513310
1.0755327514
1.1219587279
1.1744453543
1.2337178398
1.2802694682
1.3352961300
1.3733576831
1.4081898934
1.4465689354
1.4894811941
1.5236290950
1.5521197559
1.5758220343
1.6033743142
1.6166195978
1.6122748395
1.6270834882
1.6252112625
1.6365785513
1.6409487748
1.6438602452
1.6476182276
1.6578730234
1.6840521864
1.7063397750
1.7219655393
1.7206290913
1.7083772122
1.6725603316
1.6418466000
1.6164891444
1.6016323453
1.5824236004
1.5455184397
1.5076764103
1.4658851155
1.4264280550
1.3943486310
1.3607475581
1.3364104116
1.3170845005
1.2981294470
1.2878511207
1.2752210802
1.2728304022
1.2727553173
1.2960332053
1.3254240236
1.3522948603
1.3762962116
1.4017412357
1.4219211308
1.4266109337
1.4265714641
1.4273640588
1.4460946890
1.4671500380
1.4706986533
1.4731908739
1.4638304318
1.4636819137
1.4645390430
1.4585192608
1.4645040936
1.4564150317
1.4441292490
1.4313945551
1.4264313981
1.4243297923
1.4185139718
1.4152595588
1.4188367111
1.4332256461
1.4417939768
1.4666181133
1.4957279979
1.5214322063
1.5420475437
1.5488163203
1.5601529710
1.5679436530
1.5719041199
1.5775067271
1.5806455720
1.5879986055
1.6011205400
1.6233568535
1.6386347955
1.6428515189
1.6470423986
1.6420825830
1.6411294268
1.6316062595
1.6201320369
1.6206611988
1.6099434164
1.6079130561
1.6066398345
1.6000336883
1.5983703463
1.5978633258
1.5907839719
1.5904569642
1.5882475861
1.5853999345
1.5849331757
1.5849693647
1.5783367719
1.5765372489
1.5710451633
1.5646755140
1.5617751127
1.5590960897
1.5535190669
1.5514056472
1.5472567707
1.5460009904
1.5433655029
1.5416346396
1.5415591478
1.5403203698
1.5367176842
1.5330003188
1.5307048924
1.5295152929
1.5287689472
1.5276309088
1.5247543569
1.5213752492
1.5181601816
1.5158705473
1.5137877461
1.5109345984
1.5093392111
1.5088761629
1.5097190156
1.5076436537
1.5086582862
1.5073066847
1.5047981494
1.5032868445
1.5007142158
1.5025964028
1.5024867173
1.5012927916
1.5005938226
1.4996559111
1.4999834593
1.4960605973
1.4955987013
1.4962443417
1.4945799124
1.4962530219
1.4962693896
1.4946093037
1.4932821089
1.4934866126
1.4914030032
1.4890949273
1.4874189859
1.4874506827
1.4855541628
1.4849387729
1.4830879984
1.4828682391
1.4831196524
1.4808097325
1.4812851219
1.4842149894
1.4837544199
1.4820094707
1.4792332909
1.4769563628
1.4735870089
1.4742568822
1.4745282042
1.4732220468
1.4722336389
1.4733188511
1.4710320932
1.4688295957
1.4670611120
1.4650160043
1.4643549222
1.4633129011
1.4616147084
1.4608399185
1.4582212557
1.4561286225
1.4539334003
1.4531134809
1.5853266916
1.6403917874
1.6822659234
1.7106454358
1.7219290987
1.7170777786
1.7323160994
1.7445658426
1.7546686129
1.7575140002
1.7612703437
1.7638790247
1.7627050587
1.7665444109
1.7833857907
1.7875144141
1.7987482447
1.7967975419
1.7890179002
1.7859257532
1.7840507164
1.7735963226
1.7699311668
1.7827745173
1.7780817941
1.7709500069
1.7735391638
1.7798304526
1.7822367641
1.7869534607
1.7928168813
1.7970325287
1.8062003036
1.8117819716
1.8139145335
1.8163404257
1.8115880783
1.8087124596
1.8100932819
1.8142071131
1.8172342709
1.8206885689
1.8214467417
1.8177855845
1.8168786328
1.8063448859
1.7937390933
1.7921558902
1.7984682913
1.8126395227
1.8192013355
1.8311229304
1.8358347214
1.8426040110
1.8430256615
1.8423676592
1.8483711697
1.8517323409
1.8538967454
1.8604080584
1.8674718648
1.8734961576
1.8800031291
1.8865262210
1.8919146031
1.8932191950
1.8960152675
1.8976193661
1.9009727259
1.9022347437
1.9033291560
1.9083689326
1.9115904912
1.9147117818
1.9156692118
1.9161342385
1.9214945480
1.9369647499
1.9464553474
1.9483731048
1.9461768085
1.9488865843
1.9442192238
1.9332024194
1.9445192089
1.9495016075
1.9465879064
1.9429931269
1.9443743839
1.9522851337
1.9568681561
1.9489766686
1.9414650686
1.9467576933
1.9544887151
1.9630931831
1.9702069470
1.9701003046
1.9816011970
2.0353997403
2.0536858277
2.0591104032
2.0627702206
2.0657226677
2.0625470332
2.0570500911
2.0568320783
2.0548429558
2.0469359210
2.0362931113
2.0303977270
2.0280706482
2.0233944790
2.0146649220
2.0047594671
1.9977766399
1.9921774103
1.9851422940
1.9785716330
1.9694630149
1.9604736239
1.9539915918
1.9466163566
1.9431363440
1.9395507855
1.9396899024
1.9328346194
1.9086770945
1.8814291747
1.8514687399
1.8249457604
1.8404127384
1.8451140937
1.8502387534
1.8591794359
1.8744753457
1.8972141815
1.8746564378
1.8712018365
1.8647575405
1.8923681288
1.9363023047
1.9509310917
1.9388415433
1.9249868363
1.8975751588
1.8739830428
1.8570417636
1.8237787932
1.8326953720
1.8234767279
1.8077273758
1.7820277689
1.7723628182
1.7703911244
1.7745341828
1.7634633225
1.7604221665
1.7557895160
1.7492633426
1.7514134582
1.7473137046
1.7446584684
1.7475051434
1.7498964714
1.7562361563
1.7424518983
1.7429584292
1.7264385825
1.7195049417
1.7258283562
1.7321572351
1.7345972126
1.7340163752
1.7382988835
1.7481601946
1.7559895714
1.7505029158
1.7490619088
1.7305176739
1.7234470179
1.6944930315
1.6798692568
1.6636542552
1.6231583371
1.6081134996
1.5979582665
1.5584712051
1.5713506699
1.5719434398
1.5872734021
1.6445321381
1.6928164998
1.7644252709
1.8339110145
1.9215132584
1.9984447972
2.0750729664
2.1308157129
2.1940775720
2.2653510238
2.3608901242
2.4494684562
2.5060559433
2.5665823379
2.5662583991
2.5808264102
2.5591683126
2.5351367032
2.5076815428
2.4651318964
2.4263796312
2.3708189049
2.3255564493
2.2948011771
2.2725982505
2.2206902612
2.1612978682
2.1123449308
2.0677744979
1.9987614270
1.9636272149
1.9504769286
1.9220048751
1.9170511562
1.8996969138
1.8970167086
1.8879995243
1.8719140797
1.8556614616
1.8650435259
1.8654647243
1.8425926181
1.8585843045
1.8192233555
1.8108861888
1.8110362788
1.8142856377
1.8210251781
1.8259375560
1.8449646080
1.8951342327
1.9135750632
1.9289718789
1.9220359833
1.9248981936
1.8991640310
1.8861796606
1.8618675538
1.8931333776
1.9057514267
1.9226150026
1.9190603475
1.9095135452
1.9003938842
1.8699198315
1.8558606272
1.8153552400
1.8062651030
1.7801176324
1.7621713511
1.7452487205
1.7512479564
1.7376373965
1.7287122490
1.7032090489
1.7089843444
1.6966723925
1.6931035510
1.6793044117
1.6696102125
1.6593658170
1.6495096084
1.6579848363
1.6431645505
1.6613510808
1.6588991702
1.6713018548
1.6816014104
1.6874114020
1.6987423072
1.7108783634
1.7276442933
1.7198405718
1.7336561285
1.7583615997
1.7436353352
1.7401626723
1.7261759295
1.7170139686
1.7192798270
1.7072925408
1.7211706167
1.7138725188
1.7322880719
1.7384774721
1.7421929361
1.7503314414
1.7690323617
1.8183675970
1.8523372756
1.9147882517
1.9566724590
1.9916523646
2.0509514188
2.0900764753
2.1627541161
2.1810391528
2.2173485397
2.2905885931
2.3274998959
2.3565968205
2.3652236860
2.3644462079
2.3478549962
2.3099046002
2.3038680177
2.3127499786
2.2839066465
2.2392771646
2.2141607714
2.1697147582
2.1866979838
2.1559955737
2.1507726067
2.1198282718
2.1107286232
2.1093989716
2.0921539828
2.1112568562
2.1159206456
2.1147200220
2.1252269196
2.1111125216
2.1003735142
2.1050977624
2.1088537988
2.0980706514
2.0975971803
2.0900459492
2.0961661109
2.0893929833
2.0724468166
2.0460893568
2.0328418098
2.0084890227
1.9986980624
1.9812069672
1.9679962510
1.9521996334
1.9442247951
1.9366786193
1.9334559986
1.9100590224
1.8845090026
1.8971134036
1.8764714966
1.8815630560
1.8588442193
1.8422432617
1.8264621118
1.7912803381
1.7727560775
1.7597075525
1.7532100661
1.7638507932
1.7859743517
1.7998221462
1.7954993765
1.8136678507
1.8312002015
1.8482077555
1.8625026236
1.9008115169
1.8936186417
1.9019957882
1.8849566821
1.8866385253
1.8686442878
1.8621763898
1.8759336795
1.8983429998
1.9182542918
1.9276311642
1.9881792336
2.0326447824
2.1035193703
2.1858667034
2.2547766974
2.3033077076
2.3546463060
2.3802750686
2.4144733870
2.4160289106
2.4187752694
2.4390611144
2.4361500230
2.4433398351
2.4636681364
2.4772280051
2.4963783944
2.5276212816
2.5678212505
2.5915940345
2.6123245194
2.6388613999
2.6710355430
2.6904218645
2.7108750816
2.7259316813
2.7736914003
2.7812955049
2.7706317839
2.7634520150
2.7665331381
2.7631990286
2.7600406748
2.7729970962
2.7841024394
2.7873268996
2.7915968229
2.7807578672
2.7745340381
2.8056491171
2.8486452928
2.8932581752
2.9374740648
2.9752688330
2.9930021662
3.0442410033
3.0445403391
3.0926537907
3.1170464492
3.1026329331
3.0891588516
3.0850761196
3.0811768556
3.0644470561
3.0559114304
3.0440425601
3.0253687882
3.0066583257
2.9986453920
2.9967792566
2.9841146811
2.9651167109
2.9424906202
2.9191008263
2.8935817506
2.8757424379
2.8692211425
2.8530447972
2.8438380627
2.8175405763
2.8139762970
2.8168880320
2.8332625236
2.8621584465
2.8889238926
2.9034795737
2.9209159756
2.9309817638
2.9382496081
2.9328099494
2.9431454104
2.9334737439
2.9515178126
2.9591433958
2.9640273279
2.9900982525
3.0216296060
3.0428823821
3.0573300381
3.0762976080
3.1001488610
3.1168638000
3.1419118188
3.1493877714
3.1586638725
3.2118932854
3.2652692179
3.2964818169
3.3102196624
3.3212932544
3.3345081963
3.3505719406
3.3292608267
3.2836135421
3.2905084033
3.2939780999
3.2921879143
3.2930256749
3.3091758599
3.3091496816
3.3046753876
3.2893353624
3.2806648602
3.2645906443
3.2532421420
3.2179820756
3.1928484161
3.1792108491
3.1667391113
3.1667288862
3.1692709205
3.1699427057
3.1828529006
3.2050260061
3.2081137532
3.2075595304
3.1971377242
3.1525776584
3.1240588807
3.0936759298
3.0621467048
3.0462244086
3.0077621339
2.9888563913
2.9678459045
2.9138647351
2.9029960981
2.8749269976
2.8509261447
2.8447612243
2.8527819461
2.8664961036
2.8626448085
2.8495132657
2.8296000840
2.8222373408
2.8281048523
2.8276131162
2.8323550956
2.8390372536
2.8376879293
2.8568631368
2.8927144225
2.9475709428
2.9724271831
2.9981518400
2.9895445341
2.9860875508
2.9743876898
2.9528627894
2.9351691710
2.9483315099
2.9517320837
2.9602831851
2.9604444119
2.9675487929
2.9726508401
2.9664200746
2.9674092069
2.9766085614
2.9604415548
2.9590415125
2.9584667171
2.9641014282
2.9506108034
2.9318580643
2.9054901909
2.9075602645
2.9180571983
2.9290957946
2.9266380629
2.9358498637
2.9445581302
2.9645395515
2.9835410380
2.9968358404
3.0097649783
3.0138001182
3.0407136879
3.0358066600
3.0410768625
3.0499528128
3.0524358370
3.0597425530
3.0650225996
3.0668529142
3.0697495627
3.0692795258
3.0700732095
3.0721664424
3.0692081381
3.0592242402
3.0541353856
3.0466442839
3.0392354288
3.0403694813
3.0367492996
3.0223063828
3.0040188274
2.9813024835
2.9696672222
2.9669303283
2.9650423855
2.9722239419
3.0138589404
3.0392605440
3.0724808806
3.1215214799
3.1626672231
3.1957774906
3.2096115719
3.1932848146
3.2144230855
3.2013257460
3.1986156894
3.1894018210
3.1806193281
3.1906293169
3.1960612933
3.1758670021
3.1550329123
3.1476265577
3.1660658470
3.1721834392
3.1252984958
3.0739417808
3.0116120310
2.9838904605
2.9544044959
2.9501150255
2.9540737541
2.9811049053
2.9961137262
3.0249760640
3.0285234024
3.0478471549
3.0422888332
3.0452187793
3.0465403117
3.0296520918
3.0192471754
2.9910222761
2.9719237574
2.9447017519
2.9636234566
2.9597397617
2.9644714748
2.9555885336
2.9435789637
2.9350557975
2.9112154825
2.9091402044
2.9008180976
2.8835192252
2.8701622015
2.8453982267
2.8269365023
2.7677312868
2.7531054829
2.7179035192
2.6910669441
2.6841107705
2.7066369365
2.7164020854
2.6928920125
2.6708913924
2.6452530217
2.6209949324
2.5877398959
2.5686282357
2.5664173038
2.5779960109
2.5836674984
2.5969489368
2.5907429610
2.5889828970
2.5712699272
2.5715190223
2.5413894689
2.5427239080
2.5451931221
2.5372020373
2.5176691781
2.4978524648
2.4453125991
2.3786131134
2.3124546570
2.2884253458
2.2576932172
2.2055638044
2.1786432505
2.1504199604
2.1081393981
2.0702306830
2.0337287965
1.9737656245
1.9386700542
1.9059360513
1.8664441329
1.8265435964
1.7595157239
1.7234342417
1.7060731551
1.6551813789
1.6388104346
1.6278218292
1.6171992193
1.5670246508
1.5412688321
1.4848020871
1.4315946189
1.4122814422
1.3137500868
1.2623218886
1.2401102186
1.2343909614
1.2381606636
1.2491405098
1.2526268189
1.2632030896
1.2898750125
1.3022669601
1.3360385848
1.3364922897
1.3709982608
1.4104679707
1.4161078378
1.4344806910
1.4595736413
1.4836978219
1.4939941689
1.5000751644
1.4827541206
1.4698998818
1.4758058026
1.5051623325
1.5563674791
1.6174010060
1.6577004971
1.7224783434
1.7635085471
1.7951420729
1.8161309966
1.8395181093
1.8308956325
1.8613354262
1.9069877014
1.9482175693
1.9827918798
2.0449747197
2.0710425333
2.0756173731
2.0933817162
2.0970737503
2.1066719450
2.1083781505
2.1330387514
2.1473870514
2.1437715317
2.1474261898
2.1349679640
2.1101619586
2.1190306858
2.0874766237
2.0371885858
2.0220857756
2.0341563940
2.0692573238
2.0902798765
2.1026571108
2.1163237318
2.1320129133
2.1481033628
2.1480169042
2.1846831763
2.2052414978
2.2165377581
2.2142639258
2.2342741882
2.2346349818
2.2571165751
2.2875744377
2.3162129482
2.3220558109
2.3118258058
2.3084249959
2.2828376073
2.2835237008
2.2858799110
2.2639176563
2.2588649229
2.2519529198
2.2613820354
2.2789329497
2.2918186919
2.2740225318
2.2772599891
2.2358463177
2.2098020616
2.1947065417
2.1913529476
2.1832906586
2.1825296282
2.1880518854
2.2121695261
2.2080076004
2.2143871580
2.2407426310
2.2597116880
2.3049762098
2.3169072204
2.3470094096
2.3556994108
2.3614804339
2.3684563682
2.3804452014
2.4081382132
2.4281124243
2.4253995895
2.4232785080
2.4689253837
2.4650975320
2.4585148345
2.4367841743
2.4180637552
2.4401743806
2.4628253418
2.4447430424
2.4367741081
2.4208401716
2.3741053864
2.2932751023
2.2644991347
2.2158466694
2.2017414574
2.1797414461
2.1616545551
2.1475503160
2.1498417906
2.1385730838
2.1220402605
2.1052587559
2.0727040286
2.0542664095
2.0387312777
2.0235097382
1.9804922096
1.9750199673
1.9657546176
1.9497278571
1.9408756556
1.9016218465
1.8999862533
1.8978121719
1.8722136631
1.8671732126
1.8680657026
1.8525237797
1.8503811169
1.8066366243
1.8013488427
1.7912328935
1.7955362548
1.7932761968
1.7946150829
1.8047664581
1.8052462867
1.7942585250
1.7972783007
1.8187195511
1.8230953344
1.8250905160
1.8254066782
1.8265249832
1.8237143404
1.8438334373
1.8325662445
1.8304161537
1.8264631896
1.7967180405
1.7869596043
1.7576961404
1.7228126938
1.6964262094
1.6923452702
1.6711504582
1.6583990349
1.6863949160
1.6822005263
1.6855395802
1.6315729613
1.5852309728
1.5307747072
1.5662672314
1.6112295131
1.6277780773
1.6573733977
1.6771948978
1.7040120227
1.7280674181
1.7410759736
1.7562253974
1.7656807407
1.7722221013
1.7908237865
1.7993751749
1.8317518275
1.8310633696
1.8441143128
1.8813606792
1.8814872173
1.8967613562
1.8984155269
1.8610788319
1.8542368234
1.8455711847
1.8175757997
1.8252405148
1.8370316256
1.8270610388
1.8367364624
1.8076781475
1.7976973585
1.7765100293
1.7466024736
1.7093198566
1.6692597534
1.6418095937
1.6193215831
1.5911790800
1.5795635241
1.5689055384
1.5757289118
1.5779321203
1.5836764905
1.5985476831
1.6045019053
1.6167422275
1.6226254875
1.6263582389
1.6256849688
1.6375748311
1.6328964673
1.6360152643
1.6364140686
1.6368257271
1.6321227160
1.6380946758
1.6638335897
1.6709181250
1.7112880647
1.8263982637
1.9304729041
2.0002902957
2.0090255869
2.0647468282
2.0827156569
2.1014035479
2.1177170908
2.1169977419
2.1263789316
2.1622377318
2.1660947078
2.1741272166
2.1775055863
2.1888593892
2.2106831737
2.2099324171
2.2263354135
2.2260458148
2.2303563526
2.2276393064
2.2150012295
2.2116036630
2.2123897875
2.2106024056
2.2117303514
2.2052706936
2.2147520148
2.2236331500
2.2365317666
2.2377099583
2.2506411936
2.2738221312
2.2996369820
2.3208844672
2.3386402535
2.3685555828
2.3764587611
2.3832257236
2.3587292123
2.3504288074
2.3527883055
2.3438088560
2.3597658635
2.3536201339
2.3617165870
2.3859317530
2.3847433363
2.4039422877
2.4139999789
2.4355783393
2.4320527213
2.4240986079
2.4203437975
2.4096112875
2.4062898409
2.4104721105
2.4190387872
2.4292219954
2.4318684998
2.4340172974
2.4382062534
2.4408624046
2.4391587485
2.4284801068
2.4128530349
2.3954434197
2.3826136007
2.3665785743
2.3506592755
2.3434555104
2.3472918819
2.3496237104
2.3650073864
2.3810809869
2.3734483599
2.3860313724
2.3858966817
2.3802639654
2.3760813802
2.3756234671
2.3732944878
2.3568560662
2.3358553706
2.3193059173
2.2924406621
2.2795985078
