2.1740218688
2.1740218688
2.2081087507
2.2081087507
2.1077395706
2.1077395706
2.2608549487
2.2608549487
2.2498016153
2.2498016153
2.2920469617
2.2920469617
2.2417737976
2.2417737976
2.3731370874
2.3731370874
2.7457073518
2.7457073518
3.0888730863
3.0888730863
3.0882489820
3.0882489820
3.1133127722
3.1133127722
3.0690416936
3.0690416936
3.1519938310
3.1519938310
3.0279627779
3.0279627779
2.9270708898
2.9270708898
2.8720837106
2.8720837106
2.9248520160
2.9248520160
3.0582162239
3.0582162239
2.9822252505
2.9822252505
3.0056109940
3.0056109940
2.9945055013
2.9945055013
2.9250709907
2.9250709907
2.4902678095
2.4902678095
2.3524152417
2.3524152417
2.4051442359
2.4051442359
2.4225877846
2.4225877846
2.3456741716
2.3456741716
2.5519262613
2.5519262613
2.5316876627
2.5316876627
2.4701355252
2.4701355252
2.4599316768
2.4599316768
2.4771866000
2.4771866000
2.3087977882
2.3087977882
2.3911853257
2.3911853257
2.6311667529
2.6311667529
2.6096447569
2.6096447569
2.5915028703
2.5915028703
2.4883900670
2.4883900670
2.1153307003
2.1153307003
2.1197492001
2.1197492001
1.8788333986
1.8788333986
1.9057432491
1.9057432491
1.8520620661
1.8520620661
1.6499910038
1.6499910038
1.8018747025
1.8018747025
1.9129545307
1.9129545307
1.8033387166
1.8033387166
1.9703711708
1.9703711708
2.0963157424
2.0963157424
2.0476960506
2.0476960506
2.2279294123
2.2279294123
2.2133849467
2.2133849467
1.6993983798
1.6993983798
1.2885158230
1.2885158230
1.1800499850
1.1800499850
1.2449354156
1.2449354156
1.1892910641
1.1892910641
1.1610423029
1.1610423029
1.1242587237
1.1242587237
1.0580382172
1.0580382172
1.0616635922
1.0616635922
1.0649744028
1.0649744028
1.2244467773
1.2244467773
1.3548261143
1.3548261143
1.3678128300
1.3678128300
1.3442029100
1.3442029100
1.3867071967
1.3867071967
1.3589864376
1.3589864376
1.4493130521
1.4493130521
1.5271205550
1.5271205550
1.3709538004
1.3709538004
1.3807637639
1.3807637639
1.2890198005
1.2890198005
1.4379822293
1.4379822293
1.3025459146
1.3025459146
1.1952485040
1.1952485040
1.1277806072
1.1277806072
1.1002833639
1.1002833639
1.1898301020
1.1898301020
1.4282263929
1.4282263929
1.4061004394
1.4061004394
1.3260208126
1.3260208126
1.1226788467
1.1226788467
1.0155887396
1.0155887396
0.8779401223
0.8779401223
0.8522522254
0.8522522254
1.0964920081
1.0964920081
1.2507470869
1.2507470869
1.0863667813
1.0863667813
1.1066053571
1.1066053571
1.0791212950
1.0791212950
0.9640294817
0.9640294817
0.8868064021
0.8868064021
0.8343235796
0.8343235796
1.1777419100
1.1777419100
1.0059248921
1.0059248921
0.7688827312
0.7688827312
1.0354139410
1.0354139410
0.9973020020
0.9973020020
1.0937999978
1.0937999978
1.0403850077
1.0403850077
0.7041365826
0.7041365826
0.7504645697
0.7504645697
0.8485660447
0.8485660447
0.7952493387
0.7952493387
0.8688733033
0.8688733033
0.7044032356
0.7044032356
0.6931294510
0.6931294510
0.8239616296
0.8239616296
0.8138224598
0.8138224598
1.3720215309
1.3720215309
1.4044993342
1.4044993342
1.3143469946
1.3143469946
1.0019094491
1.0019094491
0.9517515049
0.9517515049
1.1869895362
1.1869895362
1.3191555316
1.3191555316
1.2540500070
1.2540500070
1.2462983493
1.2462983493
1.2197568942
1.2197568942
1.3918395633
1.3918395633
1.4624088302
1.4624088302
1.4661904548
1.4661904548
1.1976387945
1.1976387945
1.3927585977
1.3927585977
1.5994765440
1.5994765440
1.6608307636
1.6608307636
1.6782661200
1.6782661200
2.0801884886
2.0801884886
2.2124017655
2.2124017655
2.2215516548
2.2215516548
2.3044827594
2.3044827594
2.1767868042
2.1767868042
2.3411225668
2.3411225668
2.4338064983
2.4338064983
2.2505560626
2.2505560626
2.2619433905
2.2619433905
2.2801863084
2.2801863084
2.2503775877
2.2503775877
2.3025027032
2.3025027032
2.4567149020
2.4567149020
2.6177038031
2.6177038031
2.5376942822
2.5376942822
2.3708910619
2.3708910619
2.3686391472
2.3686391472
2.3469927969
2.3469927969
2.3602829070
2.3602829070
2.3826062315
2.3826062315
2.2155655064
2.2155655064
2.1867143603
2.1867143603
2.1755725736
2.1755725736
2.0852255241
2.0852255241
2.0911513351
2.0911513351
2.1966826552
2.1966826552
2.3623897677
2.3623897677
2.4365459452
2.4365459452
2.3919965449
2.3919965449
2.2301399379
2.2301399379
2.1157228329
2.1157228329
2.1023050684
2.1023050684
2.0370105852
2.0370105852
1.9543318153
1.9543318153
1.8891811922
1.8891811922
1.9089270669
1.9089270669
1.8774261753
1.8774261753
1.5422420804
1.5422420804
1.2461896510
1.2461896510
1.2493146492
1.2493146492
1.2708207770
1.2708207770
1.1903535546
1.1903535546
0.8681868309
0.8681868309
0.9037862608
0.9037862608
0.8800760519
0.8800760519
0.8139935864
0.8139935864
0.8918859245
0.8918859245
0.8040199590
0.8040199590
0.5854457287
0.5854457287
0.6378084754
0.6378084754
0.6387439941
0.6387439941
0.6544162619
0.6544162619
0.7637013293
0.7637013293
0.8634352122
0.8634352122
0.8660269787
0.8660269787
0.7519234799
0.7519234799
0.5260126565
0.5260126565
0.5376199337
0.5376199337
0.7962158895
0.7962158895
0.7968849033
0.7968849033
0.8196875385
0.8196875385
1.1739267400
1.1739267400
1.0242855664
1.0242855664
1.2136652680
1.2136652680
1.2690612299
1.2690612299
1.0762373195
1.0762373195
1.0090929760
1.0090929760
0.9084274479
0.9084274479
1.2007419804
1.2007419804
1.4785823801
1.4785823801
1.5092578858
1.5092578858
1.4396062692
1.4396062692
1.3022294624
1.3022294624
1.3770446042
1.3770446042
0.9858867761
0.9858867761
0.8075786953
0.8075786953
0.7998776964
0.7998776964
0.8447470948
0.8447470948
0.6971817003
0.6971817003
0.9625986491
0.9625986491
1.0269322827
1.0269322827
1.1158290958
1.1158290958
1.0841230002
1.0841230002
1.0448499918
1.0448499918
0.6124536545
0.6124536545
0.7389431452
0.7389431452
0.7826238816
0.7826238816
0.8162562835
0.8162562835
0.6580520293
0.6580520293
0.7110919918
0.7110919918
0.5948421648
0.5948421648
0.7846260432
0.7846260432
0.9526087295
0.9526087295
0.9520954899
0.9520954899
0.8056981200
0.8056981200
0.7574689822
0.7574689822
0.9392187056
0.9392187056
1.2991577572
1.2991577572
1.3025213563
1.3025213563
1.2170427096
1.2170427096
1.1519367359
1.1519367359
1.1327560134
1.1327560134
1.2512261934
1.2512261934
1.3409033034
1.3409033034
1.5428594763
1.5428594763
1.4227653406
1.4227653406
1.5372614166
1.5372614166
1.5437095395
1.5437095395
1.6739995120
1.6739995120
1.5560917308
1.5560917308
1.7044407893
1.7044407893
1.7413635013
1.7413635013
1.7882811995
1.7882811995
2.0479741617
2.0479741617
2.0481275764
2.0481275764
2.1564011702
2.1564011702
2.1609692389
2.1609692389
2.1675414524
2.1675414524
2.0640380785
2.0640380785
2.1955966848
2.1955966848
2.3593626246
2.3593626246
2.3255177454
2.3255177454
2.2498274353
2.2498274353
2.1244427856
2.1244427856
2.2546342926
2.2546342926
2.2825181092
2.2825181092
2.2354991789
2.2354991789
2.1817744503
2.1817744503
2.3459066911
2.3459066911
2.3499488067
2.3499488067
2.1572973757
2.1572973757
2.2634129212
2.2634129212
2.1670790326
2.1670790326
2.0747541357
2.0747541357
2.0444380821
2.0444380821
2.2437524317
2.2437524317
2.1722009122
2.1722009122
2.1384415219
2.1384415219
2.1660714481
2.1660714481
2.0132236987
2.0132236987
1.9130963781
1.9130963781
1.9756093652
1.9756093652
2.1270407920
2.1270407920
2.1437504418
2.1437504418
2.1075850473
2.1075850473
2.2700872151
2.2700872151
2.3362534468
2.3362534468
2.3310769281
2.3310769281
2.3313616215
2.3313616215
2.2284503711
2.2284503711
2.1046113298
2.1046113298
1.9841198678
1.9841198678
1.9297411319
1.9297411319
1.7533592803
1.7533592803
1.5721332938
1.5721332938
1.5280263060
1.5280263060
1.5810705848
1.5810705848
1.5949420921
1.5949420921
1.1225067085
1.1225067085
1.1745250150
1.1745250150
0.8584508571
0.8584508571
0.6657762910
0.6657762910
0.8054578590
0.8054578590
0.8193579024
0.8193579024
0.7961222615
0.7961222615
0.7515124599
0.7515124599
0.6671752391
0.6671752391
0.5675426379
0.5675426379
0.9169712193
0.9169712193
0.6696583191
0.6696583191
0.7499109952
0.7499109952
0.9322651000
0.9322651000
0.9788762699
0.9788762699
1.0321425815
1.0321425815
1.0217702134
1.0217702134
0.9321077140
0.9321077140
0.7904157249
0.7904157249
0.8251812350
0.8251812350
0.5210986864
0.5210986864
0.4656260645
0.4656260645
0.5176855062
0.5176855062
0.6996941280
0.6996941280
0.6707509033
0.6707509033
0.4920854620
0.4920854620
0.7200397112
0.7200397112
0.8711897990
0.8711897990
0.9054817440
0.9054817440
1.0272855494
1.0272855494
1.1183033562
1.1183033562
1.0975571091
1.0975571091
1.3308898286
1.3308898286
1.4199346466
1.4199346466
1.4365843628
1.4365843628
1.5402826789
1.5402826789
1.4302772303
1.4302772303
1.4195552954
1.4195552954
1.5425424984
1.5425424984
1.5670697375
1.5670697375
1.7203214959
1.7203214959
1.7407565901
1.7407565901
2.0653369254
2.0653369254
2.1999412285
2.1999412285
2.2099152368
2.2099152368
2.3913462754
2.3913462754
2.3149600057
2.3149600057
2.2996521047
2.2996521047
2.2399267605
2.2399267605
2.4097810247
2.4097810247
2.3046013811
2.3046013811
2.2974907415
2.2974907415
2.2853324133
2.2853324133
2.3058362988
2.3058362988
2.1743086022
2.1743086022
1.9720231650
1.9720231650
1.8343131941
1.8343131941
1.6844876504
1.6844876504
1.5365620014
1.5365620014
1.6819462655
1.6819462655
1.7847271822
1.7847271822
1.9744122295
1.9744122295
1.9077964047
1.9077964047
1.9192415804
1.9192415804
1.8025591285
1.8025591285
1.7967978024
1.7967978024
1.5605289664
1.5605289664
1.6288586307
1.6288586307
1.5689807800
1.5689807800
1.5164288642
1.5164288642
1.7445420014
1.7445420014
2.1572953332
2.1572953332
2.5664774679
2.5664774679
2.3346752817
2.3346752817
1.8960726276
1.8960726276
1.7928607158
1.7928607158
1.8895872351
1.8895872351
2.1613012261
2.1613012261
2.2394951544
2.2394951544
2.0104050080
2.0104050080
2.0043206283
2.0043206283
2.0586556982
2.0586556982
2.3447503364
2.3447503364
2.9568912276
2.9568912276
2.7377344818
2.7377344818
2.8961436122
2.8961436122
2.5203443980
2.5203443980
2.2406471182
2.2406471182
2.6581132782
2.6581132782
2.5227353370
2.5227353370
2.6190881237
2.6190881237
3.2038415525
3.2038415525
2.3954643583
2.3954643583
2.5300672666
2.5300672666
2.6927229338
2.6927229338
2.2705809175
2.2705809175
2.2216683248
2.2216683248
1.6574785649
1.6574785649
1.4182048409
1.4182048409
1.9747066144
1.9747066144
2.0151589886
2.0151589886
1.6619626304
1.6619626304
1.1308867557
1.1308867557
0.9254357328
0.9254357328
2.0257305065
2.0257305065
2.2096861532
2.2096861532
2.0526431654
2.0526431654
1.4670667734
1.4670667734
1.1978651756
1.1978651756
0.7153393345
0.7153393345
0.3587286107
0.3587286107
1.4197693641
1.4197693641
2.2002764266
2.2002764266
2.1535457179
2.1535457179
1.4602655916
1.4602655916
1.0849897830
1.0849897830
1.4331773718
1.4331773718
1.9071124602
1.9071124602
1.6759549591
1.6759549591
2.0417977358
2.0417977358
3.0657779894
3.0657779894
2.1930977726
2.1930977726
2.3802724603
2.3802724603
2.5975594328
2.5975594328
2.0287029076
2.0287029076
1.8555917144
1.8555917144
0.9957680039
0.9957680039
0.8425460523
0.8425460523
0.8053018337
0.8053018337
0.6176883777
0.6176883777
1.0412828586
1.0412828586
1.6959547991
1.6959547991
2.2958155587
2.2958155587
2.1894124852
2.1894124852
1.3993451576
1.3993451576
0.7635779319
0.7635779319
0.7005352384
0.7005352384
0.7616078641
0.7616078641
1.5414095382
1.5414095382
1.7639760011
1.7639760011
1.5426542663
1.5426542663
0.6882368822
0.6882368822
0.7568636715
0.7568636715
0.4628054073
0.4628054073
1.7363656724
1.7363656724
0.7763628995
0.7763628995
0.6038428020
0.6038428020
0.6192085925
0.6192085925
0.9270832242
0.9270832242
1.1406618722
1.1406618722
1.2194118489
1.2194118489
1.3186193854
1.3186193854
1.3748812718
1.3748812718
1.4591549429
1.4591549429
1.6529008326
1.6529008326
1.8386386524
1.8386386524
1.9095170793
1.9095170793
1.7709346620
1.7709346620
1.8052791598
1.8052791598
1.8854936162
1.8854936162
1.7383443243
1.7383443243
1.6635445855
1.6635445855
1.6366508568
1.6366508568
1.6752906474
1.6752906474
1.5317675359
1.5317675359
1.6548199447
1.6548199447
1.6016681645
1.6016681645
1.3943703767
1.3943703767
1.0401440789
1.0401440789
1.1042965022
1.1042965022
1.2422182703
1.2422182703
1.1734493650
1.1734493650
1.2884394846
1.2884394846
1.1531376342
1.1531376342
1.2699213443
1.2699213443
1.2659523531
1.2659523531
1.4982488851
1.4982488851
1.2551381126
1.2551381126
1.1941483063
1.1941483063
1.1924376617
1.1924376617
1.3787245659
1.3787245659
1.3115267985
1.3115267985
1.5767935533
1.5767935533
1.5285972517
1.5285972517
2.3544562237
2.3544562237
2.1561966928
2.1561966928
1.5128302657
1.5128302657
1.4512522470
1.4512522470
1.6288094668
1.6288094668
1.5486089576
1.5486089576
1.6354851935
1.6354851935
1.4577997633
1.4577997633
1.3942181394
1.3942181394
1.3937660898
1.3937660898
1.3664750831
1.3664750831
1.0849820017
1.0849820017
1.0490329982
1.0490329982
1.1636712658
1.1636712658
1.0555327265
1.0555327265
0.9148719120
0.9148719120
0.8734708119
0.8734708119
0.6870582664
0.6870582664
0.5712633121
0.5712633121
0.5936390955
0.5936390955
0.7102728391
0.7102728391
0.7478963167
0.7478963167
0.7534837226
0.7534837226
0.7601331527
0.7601331527
0.9426806756
0.9426806756
1.1070050229
1.1070050229
0.9596737498
0.9596737498
1.0663210394
1.0663210394
1.0645257493
1.0645257493
1.1897898884
1.1897898884
0.9331478035
0.9331478035
0.9015076287
0.9015076287
0.9054359632
0.9054359632
0.8099292414
0.8099292414
1.0118455340
1.0118455340
0.6417196498
0.6417196498
0.7852287416
0.7852287416
0.7510277184
0.7510277184
0.4401133207
0.4401133207
0.5245102335
0.5245102335
0.5829823805
0.5829823805
0.5059870702
0.5059870702
0.6847322322
0.6847322322
0.6836805283
0.6836805283
0.5973370227
0.5973370227
0.7976296995
0.7976296995
0.8779788294
0.8779788294
1.1413040073
1.1413040073
1.2493102735
1.2493102735
1.2965777387
1.2965777387
1.3355588680
1.3355588680
1.3716703904
1.3716703904
1.4422483508
1.4422483508
1.4397767066
1.4397767066
1.5531698639
1.5531698639
1.3843610670
1.3843610670
1.4663548911
1.4663548911
1.4952927384
1.4952927384
0.8411139315
0.8411139315
0.4733763897
0.4733763897
0.7084866066
0.7084866066
1.4793747111
1.4793747111
0.9597246568
0.9597246568
1.0549970113
1.0549970113
1.1175778940
1.1175778940
0.7943913088
0.7943913088
4.5104502144
4.5104502144
2.3388035771
2.3388035771
0.6626932133
0.6626932133
0.6835935778
0.6835935778
1.3962184189
1.3962184189
0.5665257265
0.5665257265
1.5239927936
1.5239927936
0.7174699860
0.7174699860
1.2380410527
1.2380410527
0.8690813759
0.8690813759
0.7080256800
0.7080256800
0.6523614953
0.6523614953
0.7440319864
0.7440319864
0.6415410536
0.6415410536
0.7204683136
0.7204683136
0.8245858598
0.8245858598
0.4990100470
0.4990100470
0.5317502638
0.5317502638
0.6839312318
0.6839312318
0.6734390990
0.6734390990
0.6968234237
0.6968234237
0.4010002477
0.4010002477
0.6050723366
0.6050723366
0.4405016530
0.4405016530
0.6335922217
0.6335922217
0.8183033678
0.8183033678
0.9884203956
0.9884203956
1.0540287767
1.0540287767
1.0882840620
1.0882840620
1.3410835620
1.3410835620
1.3899868477
1.3899868477
1.5784270486
1.5784270486
1.6511662303
1.6511662303
1.8165095753
1.8165095753
1.6982307318
1.6982307318
1.4241669309
1.4241669309
1.4949543760
1.4949543760
1.8775805156
1.8775805156
1.8076245549
1.8076245549
1.6094783229
1.6094783229
1.6123393801
1.6123393801
1.7299731761
1.7299731761
1.6964538954
1.6964538954
1.6830874164
1.6830874164
1.8097565985
1.8097565985
1.6650312889
1.6650312889
1.6928965614
1.6928965614
1.6850262537
1.6850262537
1.6935941974
1.6935941974
1.5409984681
1.5409984681
1.3303290092
1.3303290092
0.9696358963
0.9696358963
0.9604423031
0.9604423031
1.0882530663
1.0882530663
0.9065723232
0.9065723232
0.7983510864
0.7983510864
0.9536179381
0.9536179381
0.9255879315
0.9255879315
0.9868181538
0.9868181538
1.0612113540
1.0612113540
0.9923356796
0.9923356796
0.9184114660
0.9184114660
0.8714009651
0.8714009651
1.0674257329
1.0674257329
1.3046686700
1.3046686700
1.1073390152
1.1073390152
0.6204881959
0.6204881959
0.5126600881
0.5126600881
0.7519452905
0.7519452905
0.8473016614
0.8473016614
0.7601869077
0.7601869077
0.6586362489
0.6586362489
0.6417278154
0.6417278154
0.4983937283
0.4983937283
0.4933143668
0.4933143668
0.4839031753
0.4839031753
0.4746576340
0.4746576340
0.5046295614
0.5046295614
0.3889170896
0.3889170896
0.6348092512
0.6348092512
0.4001240100
0.4001240100
0.2349975384
0.2349975384
0.1341222821
0.1341222821
0.4447596129
0.4447596129
1.0255983158
1.0255983158
1.1116627127
1.1116627127
1.3004855900
1.3004855900
1.7022050692
1.7022050692
1.5774168685
1.5774168685
1.5138950730
1.5138950730
1.7112682070
1.7112682070
1.2220408250
1.2220408250
1.4267548990
1.4267548990
0.9508943039
0.9508943039
1.3760893518
1.3760893518
1.0691612235
1.0691612235
1.2551146614
1.2551146614
0.7358202948
0.7358202948
0.7483716510
0.7483716510
1.0623004753
1.0623004753
1.0171115173
1.0171115173
1.2567421283
1.2567421283
1.2305053624
1.2305053624
1.0885653362
1.0885653362
1.1602903891
1.1602903891
1.3270187990
1.3270187990
1.2130005690
1.2130005690
1.0369462796
1.0369462796
1.1226620266
1.1226620266
1.2399588255
1.2399588255
1.2697215044
1.2697215044
1.1389146935
1.1389146935
1.2012968839
1.2012968839
1.1330271590
1.1330271590
1.2403877915
1.2403877915
1.1015001584
1.1015001584
1.1273067825
1.1273067825
1.3646762506
1.3646762506
1.2363726502
1.2363726502
1.1267135005
1.1267135005
1.0039320803
1.0039320803
1.1956670198
1.1956670198
1.1534653976
1.1534653976
1.4014889012
1.4014889012
1.3691021069
1.3691021069
1.8626753091
1.8626753091
1.6766428223
1.6766428223
2.4348463888
2.4348463888
2.5496378353
2.5496378353
2.3468962115
2.3468962115
3.7818092194
3.7818092194
3.8655639155
3.0622625244
3.0622625244
2.3491486841
2.3491486841
2.3808285211
1.4942401691
1.4942401691
1.1351151740
1.1351151740
0.7665043049
0.7665043049
0.7249845885
0.7249845885
1.0091819617
1.0091819617
0.2500300118
0.2500300118
1.0659113627
1.0659113627
1.3651532599
1.3651532599
0.4331103005
0.4331103005
0.5419275897
0.5419275897
0.8172852055
0.8172852055
0.6164842491
0.6164842491
0.8201821117
0.8201821117
1.2649773672
1.2649773672
2.0130693562
2.0130693562
2.6823421104
2.6823421104
2.4309912081
2.4309912081
2.1419904706
2.1419904706
1.8870806017
1.8870806017
1.7841624066
1.7841624066
1.4602883217
1.4602883217
1.2651681450
1.2651681450
1.0660510442
1.0660510442
0.8261230375
0.8261230375
0.7163349550
0.7163349550
0.5854313439
0.5854313439
0.3648845074
0.3648845074
0.9618929365
0.9618929365
1.1288933558
1.1288933558
0.9466861893
0.9466861893
0.9148121580
0.9148121580
0.6892520001
0.6892520001
0.9003916545
0.9003916545
0.9367521992
0.9367521992
0.7169984851
0.7169984851
0.5851059636
0.5851059636
0.7219544376
0.7219544376
0.8059411334
0.8059411334
0.9207776144
0.9207776144
0.7254364000
0.7254364000
1.0732910347
1.0732910347
1.1143919372
1.1143919372
1.0231005394
1.0231005394
1.3978459847
1.3978459847
1.5353900478
1.5353900478
1.7620023866
1.7620023866
1.7903867473
1.7903867473
1.9272538101
1.9272538101
1.6362828932
1.6362828932
1.2870986773
1.2870986773
1.1974476155
1.1974476155
1.2115307065
1.2115307065
1.0365741638
1.0365741638
0.8189551913
0.8189551913
0.4501297482
0.4501297482
0.5566290672
0.5566290672
1.1861051423
1.1861051423
1.2215442177
1.2215442177
1.2117921723
1.2117921723
1.2431867049
1.2431867049
0.9455932031
0.9455932031
1.0214966648
1.0214966648
1.0098977057
1.0098977057
0.8700975832
0.8700975832
0.8316498589
0.8316498589
0.7530419649
0.7530419649
0.6767836725
0.6767836725
0.6299345219
0.6299345219
0.4821935745
0.4821935745
0.5055460983
0.5055460983
0.6410402141
0.6410402141
1.0433535620
1.0433535620
1.5771099666
1.5771099666
1.4064499308
1.4064499308
1.5177354291
1.5177354291
1.4493954846
1.4493954846
1.3307498957
1.3307498957
1.4307653863
1.4307653863
1.4220308763
1.4220308763
1.3212822513
1.3212822513
1.2380488271
1.2380488271
1.1037142093
1.1037142093
1.4045852836
1.4045852836
1.0841560008
1.0841560008
1.1418186192
1.1418186192
1.1862886382
1.1862886382
1.3966668168
1.3966668168
1.0736739253
1.0736739253
0.5486889012
0.5486889012
0.6395252586
0.6395252586
0.7708921819
0.7708921819
1.2152827049
1.2152827049
1.5278629952
1.5278629952
1.3510281281
1.3510281281
1.2601731465
1.2601731465
0.9174486460
0.9174486460
0.8721845384
0.8721845384
1.4766067321
1.4766067321
1.7496525878
1.7496525878
1.9599937277
1.9599937277
1.4999344693
1.4999344693
0.7916474575
0.7916474575
3.1263555264
3.1263555264
2.8190080553
2.8190080553
1.8875238343
1.8875238343
0.8519722343
0.8519722343
1.6570927571
1.6570927571
1.8935028597
1.8935028597
1.5067705446
1.5067705446
1.3749723340
1.3749723340
0.4244495366
0.4244495366
2.1234409315
2.1234409315
2.3589096669
2.3589096669
2.6541123625
2.6541123625
2.8171685342
2.8171685342
2.7891001795
2.7891001795
2.5861255941
2.5861255941
2.7782577811
2.7782577811
2.8641245706
2.8641245706
2.5296039720
2.5296039720
2.7406150249
2.7406150249
2.3592075094
2.3592075094
2.2417041549
2.2417041549
2.2154796986
2.2154796986
2.2455013026
2.2455013026
2.0793958520
2.0793958520
1.5558298526
1.5558298526
1.8399066890
1.8399066890
1.9828018929
1.9828018929
2.2460388082
2.2460388082
2.8963101197
2.8963101197
2.4955751485
2.4955751485
2.9340156097
2.9340156097
2.8162014797
2.8162014797
2.6738140049
2.6738140049
2.7201884638
2.7201884638
1.8166672545
1.8166672545
1.1688633275
1.1688633275
1.4144576843
1.4144576843
1.5291598156
1.5291598156
1.8264882147
1.8264882147
1.7883536988
1.7883536988
2.0604528390
2.0604528390
2.3045435798
2.3045435798
2.4871318215
2.4871318215
2.8777556917
2.8777556917
3.1672074989
3.1672074989
2.8722455968
2.8722455968
2.8137912711
2.8137912711
2.7164835106
2.7164835106
2.7000017257
2.7000017257
2.2442667050
2.2442667050
1.2910223288
1.2910223288
0.9871448099
0.9871448099
1.2633471570
1.2633471570
1.1582703179
1.1582703179
1.1668182554
1.1668182554
1.4204266236
1.4204266236
1.4967286639
1.4967286639
1.8890956461
1.8890956461
1.9816767225
1.9816767225
2.1299729667
2.1299729667
1.7782864899
1.7782864899
2.1578382264
2.1578382264
2.2779161443
2.2779161443
2.2683284528
2.2683284528
1.9599383903
1.9599383903
1.8924423847
1.8924423847
1.8579094676
1.8579094676
1.8692549367
1.8692549367
2.0172522718
2.0172522718
2.1170189671
2.1170189671
2.0254116553
2.0254116553
1.4195087774
1.4195087774
1.6658785874
1.6658785874
1.4953265203
1.4953265203
0.9874633647
0.9874633647
1.0450298596
1.0450298596
1.4188771916
1.4188771916
1.4087326430
1.4087326430
1.8901514139
1.8901514139
2.6155703059
2.6155703059
2.6129315611
2.6129315611
2.1941317565
2.1941317565
2.1662182668
2.1662182668
2.3798740348
2.3798740348
2.1468162455
2.1468162455
2.5363410555
2.5363410555
2.7500727072
2.7500727072
2.5106686379
2.5106686379
3.1930284652
3.1930284652
3.3116442429
3.3116442429
3.2184273946
3.2184273946
3.3778313589
3.3778313589
2.9481080842
2.9481080842
2.8545213707
2.8545213707
2.9244962734
2.9244962734
2.5399413009
2.5399413009
2.4448754329
2.4448754329
2.4582372910
2.4582372910
3.0862831242
3.0862831242
3.4846924452
3.4846924452
3.9671190606
3.9671190606
4.0976519067
4.0976519067
3.8302362307
3.8302362307
3.3620507157
3.3620507157
3.6733856851
3.6733856851
3.4563475101
3.4563475101
3.0926836890
3.0926836890
3.5022127420
3.5022127420
3.3481860800
3.3481860800
3.5646982359
3.5646982359
3.1632120654
3.1632120654
2.2518143757
2.2518143757
1.7751025568
1.7751025568
1.6878643828
1.6878643828
1.5081598676
1.5081598676
1.4047559613
1.4047559613
0.4812479717
0.4812479717
0.7121015443
0.7121015443
0.9897290943
0.9897290943
0.9904418774
0.9904418774
1.1278786574
1.1278786574
1.1790821064
1.1790821064
1.2410168120
1.2410168120
1.5819807720
1.5819807720
1.8519215375
1.8519215375
2.0030225246
2.0030225246
1.9969211068
1.9969211068
2.0204565672
2.0204565672
2.2077672852
2.2077672852
2.3544188359
2.3544188359
2.7097529466
2.7097529466
2.5618112809
2.5618112809
2.6918375335
2.6918375335
2.5177357622
2.5177357622
2.5609060829
2.5609060829
2.6837656323
2.6837656323
2.3418760086
2.3418760086
2.2674055093
2.2674055093
1.9954534379
1.9954534379
2.7121267420
2.7121267420
3.0477250736
3.0477250736
2.0854020113
2.0854020113
1.8857152806
1.8857152806
4.9285606623
2.9051175157
2.9051175157
3.0935815550
3.0935815550
3.0578248726
3.0578248726
2.8922699542
2.8922699542
2.7481164998
2.7481164998
2.7495559752
2.7495559752
2.6204765846
2.6204765846
2.5648575020
2.5648575020
2.4612917391
2.4612917391
2.6538631577
2.6538631577
2.5905799782
2.5905799782
2.7131702468
2.7131702468
2.7897701249
2.7897701249
2.8144454117
2.8144454117
2.6206167424
2.6206167424
2.7318054648
2.7318054648
2.8931273974
2.8931273974
2.6152896674
2.6152896674
2.5878231231
2.5878231231
2.6669751979
2.6669751979
3.0217927840
3.0217927840
2.9005269160
2.9005269160
2.9638286271
2.9638286271
3.1194902003
3.1194902003
3.1914526205
3.1914526205
2.9861446495
2.9861446495
2.9252321567
2.9252321567
2.7956805988
2.7956805988
2.8920099157
2.8920099157
3.2484050219
3.2484050219
3.1211197738
3.1211197738
3.1253225413
3.1253225413
3.0194823786
3.0194823786
2.8938852145
2.8938852145
2.6152648035
2.6152648035
2.4622356523
2.4622356523
2.4041309574
2.4041309574
2.4084011521
2.4084011521
2.2153884829
2.2153884829
2.1212349039
2.1212349039
2.2137062958
2.2137062958
2.1044999044
2.1044999044
2.1031913374
2.1031913374
2.1385903250
2.1385903250
2.0045318936
2.0045318936
2.0746857141
2.0746857141
1.9024674962
1.9024674962
2.0058405091
2.0058405091
1.9243974657
1.9243974657
2.4351863743
2.4351863743
2.4742683259
2.4742683259
1.8661413688
1.8661413688
2.1242099516
2.1242099516
2.1606449955
2.1606449955
2.1206094824
2.1206094824
2.0302057349
2.0302057349
1.5275356541
1.5275356541
1.5160240180
1.5160240180
1.6180644387
1.6180644387
1.6944025580
1.6944025580
1.6140893814
1.6140893814
1.6766571226
1.6766571226
1.7352880955
1.7352880955
1.8715407602
1.8715407602
2.1208774025
2.1208774025
2.2053471200
2.2053471200
2.3722804530
2.3722804530
2.5731911479
2.5731911479
2.5957376268
2.5957376268
2.7668660462
2.7668660462
2.8584241166
2.8584241166
2.9242822563
2.9242822563
2.9628210480
2.9628210480
3.0175412048
3.0175412048
3.0545934965
3.0545934965
3.0878974101
3.0878974101
2.8578093470
2.8578093470
2.9631049611
2.9631049611
2.8288811858
2.8288811858
2.7642723525
2.7642723525
2.7740407797
2.7740407797
2.8350110732
2.8350110732
2.9318152938
2.9318152938
2.8892056494
2.8892056494
2.7641809532
2.7641809532
2.9782669720
2.9782669720
2.9953327005
2.9953327005
2.9746247118
2.9746247118
3.0586443920
3.0586443920
3.0999253511
3.0999253511
3.1472332555
3.1472332555
2.9880318826
2.9880318826
3.1322382586
3.1322382586
3.1627026185
3.1627026185
3.2870993562
3.2870993562
3.3043010498
3.3043010498
3.3455589453
3.3455589453
3.1443089285
3.1443089285
3.2283789780
3.2283789780
3.2026958410
3.2026958410
3.0283821534
3.0283821534
2.7656702505
2.7656702505
2.6375882324
2.6375882324
2.3716675072
2.3716675072
2.1599072954
2.1599072954
2.0701230357
2.0701230357
1.9739968662
1.9739968662
1.8634351752
1.8634351752
1.7267650087
1.7267650087
1.8069398404
1.8069398404
1.7620696550
1.7620696550
1.6205663447
1.6205663447
1.3816452366
1.3816452366
1.4025221945
1.4025221945
1.5847689839
1.5847689839
1.6017565977
1.6017565977
1.5408728740
1.5408728740
1.7299068107
1.7299068107
1.7244366223
1.7244366223
1.8374665469
1.8374665469
1.8675217838
1.8675217838
1.6650842634
1.6650842634
1.6829058139
1.6829058139
1.7750675827
1.7750675827
2.0772359440
2.0772359440
1.9101407541
1.9101407541
1.9303535107
1.9303535107
2.0641014368
2.0641014368
2.2477083427
2.2477083427
2.1605004185
2.1605004185
2.2809625996
2.2809625996
2.3606222933
2.3606222933
2.5943170614
2.5943170614
2.8642058967
2.8642058967
3.4511141934
3.4511141934
3.3263172551
3.3263172551
2.9545532488
2.9545532488
2.8323805628
2.8323805628
2.5974607767
2.5974607767
3.1921003384
3.1921003384
3.3165038720
3.3165038720
3.2084686404
3.2084686404
2.8105316951
2.8105316951
3.2398322999
3.2398322999
3.4304733807
3.4304733807
3.6235677505
3.6235677505
3.2147596520
3.2147596520
3.4395322723
3.4395322723
3.4070459148
3.4070459148
2.9931864493
2.9931864493
3.0103678122
3.0103678122
3.2240716559
3.2240716559
2.9939705152
2.9939705152
3.5078973517
3.5078973517
3.6460344358
3.6460344358
3.3871322686
3.3871322686
3.3853427888
3.3853427888
3.6245834735
3.6245834735
3.6668224308
3.6668224308
3.7954540777
3.7954540777
3.7271759863
3.7271759863
3.6428735798
3.6428735798
3.4113875295
3.4113875295
3.4272053040
3.4272053040
3.0587558213
3.0587558213
2.7311984164
2.7311984164
2.6064805389
2.6064805389
2.4784612116
2.4784612116
1.9511116632
1.9511116632
1.9086453189
1.9086453189
1.9306275587
1.9306275587
1.8427174079
1.8427174079
2.1845628915
2.1845628915
2.5208791478
2.5208791478
2.3252758743
2.3252758743
2.7566760163
2.7566760163
2.7040440198
2.7040440198
2.8149319928
2.8149319928
2.7262952564
2.7262952564
2.7491679014
2.7491679014
2.5262698212
2.5262698212
2.9976684661
2.9976684661
3.0764518541
3.0764518541
3.2370937471
3.2370937471
3.3568790844
3.3568790844
3.5307329652
3.5307329652
3.3716783877
3.3716783877
3.4263799165
3.4263799165
3.7317693817
3.7317693817
3.0601838698
3.0601838698
3.9946000792
3.9946000792
4.0282671796
4.0282671796
3.9862165722
3.9862165722
3.9972639751
3.9972639751
3.7175144343
3.7175144343
3.7320520621
3.7320520621
3.6262286626
3.6262286626
3.4062997844
3.4062997844
2.9031153315
2.9031153315
2.4427792111
2.4427792111
2.1720997151
2.1720997151
2.3749538117
2.3749538117
2.6301455771
2.6301455771
2.6210805937
2.6210805937
2.3944263631
2.3944263631
2.2631147128
2.2631147128
2.3253644411
2.3253644411
2.6482372270
2.6482372270
2.4988290165
2.4988290165
2.4156628475
2.4156628475
2.5471485863
2.5471485863
2.7142823767
2.7142823767
2.3659069627
2.3659069627
2.2355895948
2.2355895948
2.0978610916
2.0978610916
2.1414145632
2.1414145632
2.7790076908
2.7790076908
2.5603286013
2.5603286013
2.3825213336
2.3825213336
2.2083180324
2.2083180324
2.0841217124
2.0841217124
2.2832310408
2.2832310408
2.3073044231
2.3073044231
2.0553507794
2.0553507794
2.7338059417
2.7338059417
2.3234129160
2.3234129160
2.4194707527
2.4194707527
2.3111592952
2.3111592952
2.2256510739
2.2256510739
2.2774823494
2.2774823494
2.3624114916
2.3624114916
2.6585372250
2.6585372250
2.7227383081
2.7227383081
2.9663561208
2.9663561208
3.0577666842
3.0577666842
3.2671634701
3.2671634701
3.2780532974
3.2780532974
3.2014938554
3.2014938554
3.3135037610
3.3135037610
3.0330469361
3.0330469361
3.1780649006
3.1780649006
3.2765704582
3.2765704582
3.3856614361
3.3856614361
3.3049946329
3.3049946329
3.4021916103
3.4021916103
3.3082766431
3.3082766431
3.2123481397
3.2123481397
3.1136955169
3.1136955169
3.1807980614
3.1807980614
3.2709232619
3.2709232619
3.1214204033
3.1214204033
3.0303007721
3.0303007721
3.1544991504
3.1544991504
3.1343122154
3.1343122154
3.0867729549
3.0867729549
2.5243345609
2.5243345609
3.0094577896
3.0094577896
2.7362343492
2.7362343492
2.5212991057
2.5212991057
2.4828821300
2.4828821300
2.4264387900
2.4264387900
2.3068503371
2.3068503371
2.4010949278
2.4010949278
2.5349344303
2.5349344303
2.5205542927
2.5205542927
2.6774125281
2.6774125281
2.6888784573
2.6888784573
2.8594678707
2.8594678707
2.8355542131
2.8355542131
2.8647120913
2.8647120913
2.9473739717
2.9473739717
2.9633245275
2.9633245275
3.0403407072
3.0403407072
2.8992073797
2.8992073797
2.9841632991
2.9841632991
2.8730863196
2.8730863196
2.8318987371
2.8318987371
2.8815424588
2.8815424588
2.9357069898
2.9357069898
3.1337023646
3.1337023646
3.2003467915
3.2003467915
3.2074076376
3.2074076376
3.1544962812
3.1544962812
3.1242121848
3.1242121848
3.1530986717
3.1530986717
3.0817816003
3.0817816003
3.0300726046
3.0300726046
2.9786020312
2.9786020312
3.2812160104
3.2812160104
3.0160778226
3.0160778226
3.0906120883
3.0906120883
3.1458091072
3.1458091072
2.9852466911
2.9852466911
2.9388515131
2.9388515131
2.9708844101
2.9708844101
2.9712825883
2.9712825883
2.9076727281
2.9076727281
3.0178068570
3.0178068570
3.0556201116
3.0556201116
3.1275947814
3.1275947814
3.0619849535
3.0619849535
3.0026250946
3.0026250946
3.0786738266
3.0786738266
3.1621970282
3.1621970282
3.1408724007
3.1408724007
3.1221941692
3.1221941692
3.0136041074
3.0136041074
3.0108896243
3.0108896243
3.0270445116
3.0270445116
2.9636544358
2.9636544358
2.9313522854
2.9313522854
2.9309951545
2.9309951545
2.9522670799
2.9522670799
3.0796428098
3.0796428098
3.1130460842
3.1130460842
3.1199811047
3.1199811047
3.1396505883
3.1396505883
3.1812871151
3.1812871151
3.1490674481
3.1490674481
2.9692113322
2.9692113322
2.9516601603
2.9516601603
2.8779985676
2.8779985676
2.9680447124
2.9680447124
3.0075311663
3.0075311663
3.0837634139
3.0837634139
3.0940503144
3.0940503144
3.0410910531
3.0410910531
3.0541495371
3.0541495371
3.1218746447
3.1218746447
3.2264979212
3.2264979212
3.1999649998
3.1999649998
3.0725150953
3.0725150953
2.9722531890
2.9722531890
3.1635266716
3.1635266716
3.2790378831
3.2790378831
3.1577429004
3.1577429004
