0.1438720532
0.1461531275
0.1454152064
0.1460008384
0.1492785997
0.1510809433
0.1496990585
0.1543973561
0.1571637189
0.1645997880
0.1586931230
0.1506219494
0.1477997831
0.1455789229
0.1422837235
0.1390219356
0.1451354614
0.1472454023
0.1450716002
0.1450328508
0.1454260917
0.1440266701
0.1454126075
0.1464167169
0.1461438375
0.1449093111
0.1432418261
0.1416769540
0.1393356117
0.1367125522
0.1347925508
0.1321380429
0.1305424763
0.1281692986
0.1250257415
0.1220922689
0.1199378658
0.1139916985
0.1113361922
0.1052135913
0.1021169613
0.1010422248
0.0984586419
0.0979839208
0.1014726807
0.1054830693
0.1027925105
0.1011931089
0.1057523134
0.1097399810
0.1079570728
0.1143831197
0.1175671345
0.1191269545
0.1206817319
0.1264824284
0.1308560457
0.1345756915
0.1360771267
0.1382286281
0.1367008019
0.1415642348
0.1420931464
0.1388453878
0.1342738718
0.1311963644
0.1323578581
0.1293740340
0.1243195018
0.1216647488
0.1208466667
0.1187179013
0.1167344329
0.1163834834
0.1174349060
0.1167527781
0.1169095088
0.1146624139
0.1155089456
0.1137489300
0.1063511509
0.1036295168
0.0994452269
0.0958549067
0.0953505808
0.0922257786
0.0921205676
0.0910156655
0.0902137574
0.0875089994
0.0886732701
0.0874440576
0.0873402057
0.0911685540
0.0881041027
0.0872496687
0.0821747332
0.0877892958
0.0831082452
0.0816878994
0.0771442318
0.0831890954
0.0800599668
0.0838456412
0.0819600741
0.0792092215
0.0802238336
0.0810338576
0.0821723020
0.0838367514
0.0803164862
0.0764742527
0.0772160101
0.0748080443
0.0720911096
0.0731942926
0.0818110057
0.0751113958
0.0816406029
0.0880289840
0.0867656136
0.0819708820
0.0823558629
0.0739936047
0.0713975562
0.0678378951
0.0573232656
0.0582706557
0.0568546712
0.0576248082
0.0571088538
0.0546082302
0.0560876633
0.0564809407
0.0530414602
0.0551708632
0.0596264347
0.0625912141
0.0622695154
0.0656120349
0.0657134987
0.0588696411
0.0622127760
0.0590258022
0.0606759151
0.0694493693
0.0690664476
0.0698618836
0.0703928874
0.0666299592
0.0625718840
0.0585515737
0.0623450046
0.0577914257
0.0541218263
0.0543576243
0.0611973303
0.0572080021
0.0556224092
0.0561969962
0.0538440143
0.0553395937
0.0578441290
0.0559041868
0.0555266226
0.0568170679
0.0561799527
0.0538940974
0.0586102330
0.0552841960
0.0562840496
0.0606832613
0.0595744945
0.0591116101
0.0583685066
0.0587985355
0.0601904835
0.0629054201
0.0612715344
0.0579009490
0.0627545274
0.0615623986
0.0615660085
0.0584237360
0.0620669733
0.0633570352
0.0632109361
0.0612871091
0.0578476794
0.0626213625
0.0627059913
0.0587390477
0.0594762551
0.0565733332
0.0547207653
0.0574740957
0.0589137788
0.0593996709
0.0572075377
0.0531282938
0.0505321967
0.0485455243
0.0491958661
0.0482680204
0.0507861487
0.0515972686
0.0520561794
0.0536632780
0.0537362916
0.0523362308
0.0501758849
0.0461421152
0.0449318288
0.0447075106
0.0413632503
0.0423963510
0.0436332257
0.0424296099
0.0422539654
0.0432220645
0.0412803744
0.0416684002
0.0414344419
0.0409309090
0.0401888624
0.0392044331
0.0368558647
0.0362782270
0.0359021301
0.0355879921
0.0359425244
0.0366451718
0.0363937255
0.0371433589
0.0351574909
0.0317325976
0.0329532376
0.0317450959
0.0317068237
0.0332023868
0.0311405047
0.0299168496
0.0311627994
0.0296635320
0.0294234656
0.0270651052
0.0274014774
0.0282332861
0.0285428832
0.0272307093
0.0276392925
0.0283220652
0.0242647125
0.0206359107
0.0222073483
0.0196147052
0.0178857645
0.0172370037
0.0189090590
0.0221357263
0.0219972024
0.0211560894
0.0245656111
0.0228316326
0.0204956322
0.0229830148
0.0203914040
0.0196085780
0.0199923874
0.0186566213
0.0193045207
0.0187095005
0.0193513761
0.0172897682
0.0220201719
0.0231872762
0.0225352177
0.0224223499
0.0212968506
0.0209876840
0.0212580300
0.0175688439
0.0146043913
0.0146841412
0.0144073965
0.0126417035
0.0143919218
0.0115697470
0.0158670060
0.0115452772
0.0142759782
0.0187038261
0.0139119597
0.0127558187
0.0281188303
0.0141120452
0.0170440901
0.0162276028
0.0186187917
0.0149461583
0.0200117712
0.0217105460
0.0197961754
0.0214028070
0.0258468204
0.0244694466
0.0265151565
0.0240549166
0.0238252691
0.0246374578
0.0296807813
0.0263130796
0.0312088972
0.0311623027
0.0364957307
0.0366066576
0.0323492622
0.0309277142
0.0395403074
0.0388126328
0.0266605710
0.0337375025
0.0297338245
0.0220090776
0.0220904202
0.0214779306
0.0266930943
0.0242679723
0.0276467330
0.0276683453
0.0300112209
0.0325228046
0.0347017684
0.0391086723
0.0409865732
0.0431747410
0.0417554634
0.0417543349
0.0479292418
0.0485979207
0.0574682941
0.0593724859
0.0588146171
0.0671253926
0.0646584176
0.0700955496
0.0714509063
0.0719332421
0.0733516995
0.0772642548
0.0809267327
0.0760780068
0.0777800188
0.0744407586
0.0723770062
0.0718411859
0.0676921571
0.0646630550
0.0676939091
0.0566527324
0.0577631985
0.0521001127
0.0459884615
0.0419742893
0.0353726019
0.0304514942
0.0240544879
0.0244154796
0.0224275726
0.0209413413
0.0200047601
0.0313104149
0.0313823393
0.0240322463
0.0178526545
0.0193531500
0.0228268396
0.0337448318
0.0300100276
0.0280060756
0.0172596314
0.0239401205
0.0233734286
0.0286289124
0.0234490072
0.0249454167
0.0268798463
0.0230498651
0.0246520429
0.0194313436
0.0203471744
0.0183100393
0.0188432605
0.0211656920
0.0332671953
0.0277753165
0.0302735552
0.0356874423
0.0324282427
0.0348771372
0.0362810003
0.0337196637
0.0324278069
0.0330073641
0.0325895070
0.0293424175
0.0251844840
0.0226314741
0.0213776310
0.0194454757
0.0196021203
0.0257937649
0.0186442156
0.0164316893
0.0207318691
0.0163767325
0.0189876748
0.0163464675
0.0225176250
0.0241389603
0.0290288281
0.0320898941
0.0302949207
0.0338524909
0.0347566948
0.0287938702
0.0262890855
0.0246006966
0.0205926194
0.0196359713
0.0177369375
0.0173341948
0.0195233751
0.0218154173
0.0257432672
0.0223957133
0.0227308474
0.0295466184
0.0342238337
0.0421207059
0.0407244753
0.0559311828
0.0490226014
0.0443797742
0.0541310874
0.0540867667
0.0426462176
0.0410099873
0.0368216284
0.0326263839
0.0310314629
0.0328199317
0.0328377485
0.0292378322
0.0308063532
0.0368143919
0.0507584200
0.0610895736
0.0536889157
0.0478243168
0.0635255324
0.0660678062
0.0602080296
0.0626451981
0.0463396251
0.0410255373
0.0403893680
0.0411040859
0.0449427499
0.0458266113
0.0523412049
0.0542416225
0.0602701863
0.0597179700
0.0563276231
0.0554541775
0.0610240245
0.0636063205
0.0789698974
0.0673961748
0.0738572856
0.0705504740
0.1134903018
0.1261462041
0.1416304596
0.1907964979
0.0675562377
0.0775100276
0.0870270441
0.0678966222
0.0889299327
0.0758528796
0.0820925293
0.0797946621
0.0724513641
0.0679795403
0.0628279425
0.0631086723
0.0628126866
0.0595306129
0.0607417721
0.0677547772
0.0671337476
0.0981472852
0.0712031324
0.0878682332
0.0565773942
0.0628682690
0.0701032242
0.0776743834
0.0707843275
0.0782347508
0.0879287201
0.0891526508
0.0964716860
0.1011749483
0.1021420341
0.1064241157
0.1025533879
0.1060199135
0.1117508042
0.1182272350
0.1184484751
0.1150405899
0.1176745343
0.1268200182
0.1233293502
0.1293323913
0.1279280325
0.1309572692
0.1450928957
0.1503683920
0.1492608594
0.1564388027
0.1607611135
0.1545909053
0.1558685333
0.1511623550
0.1504805061
0.1450495968
0.1418296885
0.1361452047
0.1239650869
0.1159594874
0.1104004658
0.1136119804
0.1122253915
0.1205055930
0.1239466534
0.1246184221
0.1316648335
0.1353214052
0.1444084492
0.1437166964
0.1387749909
0.1369114609
0.1396153369
0.1402325063
0.1391504510
0.1372101387
0.1346598894
0.1329124229
0.1275684315
0.1235476843
0.1224518650
0.1185255586
0.1230793410
0.1326507001
0.1401440015
0.1356089099
0.1507796930
0.1393337495
0.1368141643
0.1347704453
0.1375810429
0.1402569047
0.1402487255
0.1256960389
0.1394130151
0.1393799739
0.1368169068
0.1364660711
0.1427650445
0.1443154930
0.1408849903
0.1413635293
0.1484751969
0.1712869375
0.1748320371
0.1532966001
0.1746123296
0.1812229822
0.2895640812
0.1841101631
0.1255792326
0.1281834616
0.1317867896
0.1303151587
0.1330158408
0.1308818079
0.1421747620
0.1436201619
0.1412970796
0.1298463493
0.1383496555
0.1123227740
0.1193043944
0.1210436021
0.1017015722
0.1250632918
0.1343000694
0.1501804795
0.1476902671
0.1536783905
0.1543142420
0.1535616412
0.1522223274
0.1558779853
0.1609732145
0.1624595208
0.1597695272
0.1565058494
0.1518146407
0.1450384925
0.1384559984
0.1368731142
0.1278021015
0.1189140289
0.1155117534
0.1102641962
0.1113122331
0.1071670969
0.1093942180
0.1181247097
0.1262874095
0.1318258980
0.1325294227
0.1262444395
0.1295875217
0.1299529102
0.1259631837
0.1218928477
0.1207090195
0.1209000962
0.1208254495
0.1204005965
0.1274366523
0.1290354740
0.1251015491
0.1254685856
0.1219523976
0.1214098573
0.1214690409
0.1240091866
0.1244563524
0.1218045898
0.1263383647
0.1411498086
0.1398725925
0.1549190978
0.1641240647
0.1584176140
0.1494408015
0.1450012516
0.1461141431
0.1396307211
0.1401889747
0.1427905367
0.1419293542
0.1421346854
0.1323260744
0.1229488213
0.1130302936
0.1032658054
0.0986128746
0.1001579317
0.0922235969
0.0942867629
0.0904852153
0.0861208573
0.0921757849
0.0406622653
0.0716926094
0.0673901668
0.0836080057
0.0720378861
0.1123713562
0.1380833470
0.1344443149
0.1047421420
0.1163300199
0.1154209258
0.1020883458
0.0943328257
0.0972604208
0.0868034567
0.0886109090
0.0785465806
0.0734519699
0.0619558794
0.0621753857
0.0596958308
0.0548426802
0.0473224875
0.0432083339
0.0403736246
0.0391989671
0.0435439988
0.0460834282
0.0504764727
0.0475145656
0.0467893695
0.0512564433
0.0526972420
0.0518584384
0.0512753864
0.0557585461
0.0571629428
0.0569368348
0.0555055514
0.0559185050
0.0529292495
0.0506088283
0.0453118534
0.0454310325
0.0407045848
0.0360353722
0.0321056181
0.0322550897
0.0256855113
0.0179437033
0.0216900944
0.0240837005
0.0274871107
0.0322257147
0.0349850269
0.0378918432
0.0389124346
0.0453713172
0.0492526081
0.0498942632
0.0499654914
0.0469984513
0.0464103304
0.0435035048
0.0417973126
0.0391671244
0.0306412807
0.0320400894
0.0302014540
0.0325693853
0.0349326733
0.0347057874
0.0375002014
0.0381806961
0.0432652752
0.0582562396
0.0612983362
0.0632792876
0.0659968734
0.0692636963
0.0687589200
0.0715293659
0.0719648286
0.0751723684
0.0781386364
0.0839815822
0.0898041237
0.0868140735
0.1045385938
0.0920962817
0.0951652022
0.0904551150
0.0883805422
0.0881556097
0.0863577746
0.0757632061
0.0751004575
0.0727593301
0.0668538178
0.0632789153
0.0645773107
0.0688821689
0.0692291308
0.0739110956
0.0813403719
0.0798105286
0.0810368260
0.0782758868
0.0783990920
0.0815529686
0.0843925985
0.0806335245
0.0693794720
0.0867998495
0.0735144443
0.0749685797
0.0703319188
0.0678484599
0.0703415150
0.0717020129
0.0714518044
0.0698860972
0.0660825013
0.0639008901
0.0621642526
0.0607275636
0.0623325880
0.0615197623
0.0652691761
0.0615253464
0.0561175530
0.0650961591
0.0664140415
0.0703947416
0.0767646260
0.0797086902
0.0856401732
0.0805374145
0.0866757514
0.0834974458
0.0816557514
0.0815477599
0.0770287188
0.0727198391
0.0676132656
0.0614474377
0.0632201152
0.0595445972
0.0551882833
0.0517055183
0.0515707406
0.0497289349
0.0458661892
0.0469201589
0.0489082433
0.0480645751
0.0503728644
0.0491762008
0.0485115057
0.0468154241
0.0457526141
0.0514193694
0.0532657793
0.0651084351
0.0561403618
0.0616083225
0.0743660859
0.0515702608
0.0628761083
0.0472385395
0.0481978737
0.0417267152
0.0436410922
0.0486793108
0.0446397258
0.0463606373
0.0397515729
0.0391895825
0.0325164645
0.0336949108
0.0267636625
0.0429738734
0.0438485546
0.0547647390
0.0539870131
0.0601274963
0.0528024523
0.0540389597
0.0492684778
0.0540285158
0.0485871425
0.0463717756
0.0427821985
0.0389795932
0.0358025703
0.0379820516
0.0406618597
0.0407335529
0.0347662303
0.0367159924
0.0355816620
0.0389949751
0.0416159858
0.0441291578
0.0460751026
0.0441338085
0.0545459697
0.0553509779
0.0563539774
0.0552997110
0.0566648197
0.0590465562
0.0602946746
0.0618284532
0.0568063008
0.0588227296
0.0578836261
0.0537450171
0.0612981830
0.0439544712
0.0409483585
0.0408881207
0.0424465714
0.0415079237
0.0421145199
0.0454551394
0.0344751085
0.0342212879
0.0335302831
0.0372348303
0.0439198504
0.0415629390
0.0471264792
0.0468761833
0.0471407828
0.0430864805
0.0431319149
0.0418114016
0.0397415911
0.0356401860
0.0359182248
0.0353416622
0.0386555972
0.0358497769
0.0375943148
0.0508744734
0.0469267145
0.0231424594
0.0291726684
0.0341244397
0.0399137869
0.0328114397
0.0378071787
0.0304948341
0.0154366416
0.0163918943
0.0104209643
0.0135527567
0.0061014133
0.0440520952
0.0301916553
0.0310362737
0.0309277144
0.0306979373
0.0313857593
0.0319652694
0.0367802621
0.0243703222
0.0288632655
0.0331805673
0.0357631214
0.0378328493
0.0398234425
0.0360690517
0.0379615127
0.0371636810
0.0346267546
0.0349835106
0.0348254877
0.0389955931
0.0348320554
0.0409420279
0.0373036881
0.0379307232
0.0267605842
0.0298034818
0.0263172775
0.0287339252
0.0266716680
0.0269242563
0.0271895931
0.0271613580
0.0175341375
0.0223295092
0.0258432022
0.0271675740
0.0276531715
0.0299444425
0.0284735430
0.0252364001
0.0181360312
0.0176865660
0.0225231510
0.0251077052
0.0272115580
0.0264435083
0.0279902107
0.0301351828
0.0380255875
0.0403444226
0.0359911510
0.0368478947
0.0333687352
0.0302955298
0.0287896207
0.0254562374
0.0253350258
0.0270425582
0.0201837587
0.0202795352
0.0307644638
0.0318011851
0.0309898047
0.0356119962
0.0396450971
0.0348577137
0.0289557223
0.0278218464
0.0236540263
0.0489843651
0.0461232199
0.0362406698
0.0289684857
0.0274849340
0.0314559963
0.0494481616
0.0534940398
0.0540226457
0.0483568437
0.0488335176
0.0500024302
0.0537681602
0.0553012601
0.0556407490
0.0497850736
0.0540398247
0.0510339510
0.0526090304
0.0528048966
0.0483579862
0.0485068139
0.0482507447
0.0525103396
0.0498985633
0.0482682790
0.0449114198
0.0453015558
0.0439034371
0.0464346208
0.0463825412
0.0461828239
0.0506122161
0.0520954301
0.0494031196
0.0513958482
0.0547041527
0.0581742269
0.0592153545
0.0629498835
0.0457771791
0.0451994855
0.0439624714
0.0450331114
0.0494169272
0.0489216269
0.0473418260
0.0364857777
0.0431841135
0.0439811476
0.0468039646
0.0364763388
0.0367567815
0.0419740044
0.0439498556
0.0404038982
0.0314444612
0.0326173936
0.0354188149
0.0470564715
0.0456225438
0.0420776117
0.0456470914
0.0434424459
0.0462465006
0.0455369551
0.0476760577
0.0467137122
0.0471673185
0.0475885451
0.0493713779
0.0513532002
0.0524406523
0.0538995276
0.0545324653
0.0547367663
0.0516825508
0.0541898958
0.0547135648
0.0557813068
0.0675083056
0.0670777055
0.0621655264
0.0649085408
0.0706927462
0.0710974442
0.0675768126
0.0691456802
0.0681842788
0.0647082381
0.0638920860
0.0602413083
0.0638123875
0.0658839997
0.0612876545
0.0605097150
0.0590081008
0.0604265452
0.0575915690
0.0535983980
0.0528996040
0.0445658051
0.0380313654
0.0464426990
0.0513405489
0.0543837015
0.0532969033
0.0521301446
0.0564157376
0.0547828989
0.0556629940
0.0542402598
0.0602028597
0.0689846995
0.0635891298
0.0658784709
0.0654797555
0.0625148696
0.0621972792
0.0618387111
0.0636384600
0.0632177838
0.0619993120
0.0626940418
0.0622511492
0.0603812512
0.0555905300
0.0557634729
0.0503859640
0.0449435729
0.0405771057
0.0365317984
0.0351407301
0.0354065365
0.0310102588
0.0246890262
0.0232750976
0.0269814591
0.0355938799
0.0455266420
0.0541545417
0.0627098505
0.0686618832
0.0721970461
0.0759608815
0.0759147374
0.0810001012
0.0726924418
0.0741503020
0.0745383298
0.0699009639
0.0662810827
0.0630527286
0.0603981783
0.0572763809
0.0548182811
0.0522629451
0.0488680914
0.0462917618
0.0449298531
