0.9742978503
0.9731182870
0.9952200266
1.0009486275
1.0163565603
1.0171716922
1.0134613709
1.0086680488
1.0008391535
0.9923129105
0.9771989840
0.9885392076
0.9839075797
0.9983792470
0.9927947425
0.9864740225
0.9909459679
0.9952486133
1.0143720889
1.0151831833
1.0100373127
1.0028890081
1.0016223590
0.9952970755
0.9867632302
0.9826507674
0.9764794874
0.9642275377
0.9530397558
0.9419625751
0.9352411757
0.9124074667
0.9105693479
0.8901835340
0.8814683705
0.8766047196
0.8648221232
0.8559691381
0.8352515266
0.8300814164
0.8134862770
0.8055572884
0.7883085925
0.7769573858
0.7497744779
0.7416060822
0.7343012446
0.7212191976
0.7149200148
0.7025761673
0.6940103791
0.6919811409
0.6897678122
0.6774768329
0.6757464618
0.6620658281
0.6454332505
0.6469314949
0.6506581292
0.6565262464
0.6621619283
0.6707528607
0.6878067609
0.6784539458
0.6809292532
0.6836719249
0.6883704902
0.6909281544
0.6883951811
0.6860433019
0.6816832252
0.6780367692
0.6742172307
0.6722767976
0.6685333553
0.6655185002
0.6626313948
0.6585194280
0.6557461072
0.6505714886
0.6481439219
0.6448065826
0.6399537988
0.6380216806
0.6391185842
0.6369641221
0.6363139710
0.6356176605
0.6367176353
0.6403392252
0.6433271572
0.6453585915
0.6515963401
0.6554307231
0.6628586293
0.6664276283
0.6717842270
0.6802292516
0.6880144735
0.6932454715
0.6997262238
0.7061857948
0.7143981823
0.7238084041
0.7328285423
0.7322898372
0.7250188151
0.7277161627
0.7249322227
0.7251444108
0.7225306079
0.7205845612
0.7260475173
0.7282932355
0.7267715128
0.7278638486
0.7344560799
0.7373350075
0.7397846743
0.7461110037
0.7482489604
0.7535906740
0.7576852831
0.7624075511
0.7658751873
0.7655284131
0.7654103187
0.7608682054
0.7662089514
0.7694546212
0.7716555880
0.7732587070
0.7706286390
0.7682696783
0.7658352739
0.7652984121
0.7670974743
0.7644180811
0.7660964885
0.7572183740
0.7474599640
0.7456094101
0.7436390165
0.7443425578
0.7453619238
0.7509323191
0.7511174801
0.7522278154
0.7541569475
0.7587240377
0.7568529882
0.7604311159
0.7583001191
0.7613903009
0.7578213522
0.7613196618
0.7622555687
0.7606472331
0.7598796813
0.7566672618
0.7524458775
0.7681685178
0.7776549171
0.7730363925
0.7756005578
0.7775248155
0.7657167628
0.7668459616
0.7628870834
0.7535980416
0.7377352097
0.7329596672
0.7303412347
0.7273625336
0.7237839746
0.7132105680
0.7157725909
0.7126702505
0.7109618227
0.7073647060
0.6921882286
0.6890405815
0.6871288865
0.6855560617
0.6842288994
0.6835054922
0.6821972379
0.6671145330
0.6655767052
0.6664366577
0.6663693172
0.6572086336
0.6550842665
0.6454283533
0.6440837870
0.6500701780
0.6552774175
0.6566100673
0.6632493556
0.6700789682
0.6802863075
0.6922133851
0.6990781028
0.7048194998
0.7129553305
0.7201441656
0.7299983357
0.7321866043
0.7455407479
0.7468730020
0.7462110070
0.7477635048
0.7531895598
0.7627530713
0.7704934741
0.7896002915
0.8069680028
0.8268699722
0.8681687060
0.8899146662
0.9143049876
0.9650428296
0.9886005987
1.0136786255
1.0637407218
1.0835446409
1.0864377210
1.1263945704
1.1089985919
1.0991583978
1.0628429714
1.0070188159
0.9697427594
0.8581459021
0.7455834410
0.6005769133
0.5096882959
0.5061573080
0.5327134564
0.6145937623
0.6608939936
0.7131030742
0.7598660741
0.7785137035
0.7923332451
0.8061673447
0.7955797713
0.7750114162
0.7439049594
0.6979901278
0.6458953776
0.5953123901
0.5572165827
0.5048877701
0.4474216227
0.4379812725
0.3626789114
0.2871605391
0.2298076636
0.2449919287
0.2489301446
0.2900753163
0.3441256907
0.3630285883
0.3627201194
0.3341106595
0.3010557678
0.2889917113
0.2838543653
0.2723381792
0.2705947514
0.2667175513
0.2631390125
0.2680779599
0.2702070446
0.2600829536
0.2642400885
0.2612687643
0.2647517426
0.2607815486
0.2645474352
0.2607935245
0.2554746782
0.2588535657
0.2574668675
0.2591465130
0.2597592657
0.2546153246
0.2560586174
0.2581176220
0.2557124831
0.2389884296
0.2224876028
0.2043799185
0.1967721582
0.1957881169
0.2067701030
0.2164982360
0.2188760802
0.2221348199
0.2311271938
0.2378084595
0.2456719920
0.2536124221
0.2540368918
0.2490701955
0.2364562299
0.1990785773
0.1813830349
0.1867632286
0.2035721703
0.1933647205
0.1937102649
0.1939532533
0.1990673241
0.2044390214
0.2095501785
0.2255436675
0.2285125789
0.2427043958
0.2614948026
0.2654486745
0.2780786242
0.2963011410
0.3084087171
0.3165741154
0.3471674002
0.3837228953
0.4023091423
0.4586887282
0.5047289728
0.5107020983
0.5565041494
0.6046057072
0.6746301544
0.7487802628
0.7918574371
0.8079267615
0.8037062308
0.8029555807
0.7863298297
0.7809102373
0.7709227972
0.7660160703
0.7455012728
0.7228993880
0.7140868940
0.6993200342
0.6867373597
0.6730117201
0.6768183857
0.6871487443
0.6976957200
0.7121567625
0.7225664878
0.7196617580
0.7127925500
0.7211179029
0.7245790142
0.7210830257
0.7078263723
0.6914104215
0.6766076782
0.6712774245
0.6742445899
0.6722744801
0.6608315054
0.6525080142
0.6375292106
0.6300522938
0.6391696390
0.6327676883
0.6401125110
0.6579511872
0.6673003738
0.6780350796
0.6813633446
0.6853207950
0.6890149154
0.7028059355
0.7396706283
0.7759772779
0.8470038952
0.9205933512
1.0097048394
1.0785738085
1.1683849416
1.2564050767
1.3482823086
1.4231137666
1.4855471309
1.5071264833
1.5152904494
1.5504805786
1.5901221280
1.5934211942
1.5705192825
1.6465699639
1.6234799671
1.5890235289
1.5659766228
1.5253032884
1.5771454977
1.5615465684
1.5645964297
1.5497183314
1.5223717677
1.4985734916
1.4879415516
1.5264415213
1.5493640205
1.5461360075
1.5365953993
1.5271603464
1.5066260869
1.4894010537
1.4715396194
1.4632499181
1.4594097585
1.4764027725
1.5013317206
1.5531748951
1.5734090026
1.5380751207
1.5178508743
1.5165939165
1.5222625135
1.5209189001
1.4806996417
1.4591475096
1.4095981565
1.3959517676
1.3940092148
1.4014122089
1.4113634213
1.4240891042
1.4321485945
1.4372048791
1.4438617020
1.4547045240
1.4649029116
1.4721571132
1.4808517004
1.4971178557
1.5136503287
1.5339214946
1.5545742506
1.5669542623
1.5739704132
1.5872493492
1.5899173377
1.5944935036
1.5655506124
1.5275461225
1.5006681532
1.4491042034
1.4145751604
1.4067354644
1.3557754397
1.3508789082
1.3111675347
1.2922199223
1.2610820733
1.2636008671
1.2568974850
1.2673354549
1.3037158678
1.3543523610
1.4073919936
1.4546825636
1.4769081144
1.5033456566
1.5432160489
1.5882965527
1.6301089199
1.6584279486
1.6771237279
1.6871439075
1.6891296363
1.6789088081
1.6470485130
1.6092629898
1.5817057494
1.5590098932
1.5541929091
1.5404554297
1.5246463687
1.5027733994
1.4779836976
1.4393584950
1.4058255625
1.3720716506
1.3094943674
1.2702689023
1.2294131501
1.2002103749
1.1692866489
1.1349273253
1.1142154529
1.0782390041
1.0520141722
1.0083715971
1.0026169179
0.9460591754
0.9130061964
0.8732722680
0.8553549375
0.8465710088
0.8210971049
0.8043955339
0.7859141485
0.7719543029
0.7712381299
0.7557185458
0.7219636659
0.7012706555
0.6574256488
0.6139095853
0.5314526599
0.4671022690
0.4160272648
0.4015258941
0.3488758292
0.3445813809
0.3078518130
0.3182185071
0.3319151184
0.3267807007
0.3501798303
0.3643614812
0.3443582275
0.3393008437
0.3399617798
0.3233187647
0.3292299164
0.3270838418
0.3356315427
0.3363759877
0.3493923369
0.3461822018
0.3709903693
0.3940215408
0.3956381440
0.4177789072
0.4242576467
0.4469339047
0.4638127798
0.4640388047
0.4814393931
0.5017610066
0.5075474072
0.5084886813
0.5307643231
0.5299811726
0.5420756649
0.5503880211
0.5587264751
0.5652253092
0.5696913640
0.5724559951
0.6016549337
0.5973731294
0.6021281711
0.5893218421
0.6773607533
0.7377233859
0.7618401433
0.7711341756
0.7703569745
0.8135085975
0.8327941041
0.8294547538
0.8218977571
0.8184798744
0.8097430937
0.7988701869
0.7840771449
0.7820873180
0.7751861219
0.7708992067
0.7680914013
0.7744271959
0.7904438598
0.8003400384
0.8031489166
0.8235678748
0.8746655359
0.8627110700
0.8842972253
0.8640796194
0.8609458223
0.8411886401
0.8464081185
0.8460496530
0.8511853335
0.8644047885
0.8761617092
0.8983755799
0.9286034636
0.9452878060
0.9618373716
0.9759291362
0.9836985318
0.9862859209
0.9835688879
0.9844766161
0.9873033904
0.9865954373
0.9762129267
0.9784478441
0.9630895210
0.9467635858
0.9432215702
0.9340121879
0.9274080893
0.9235053941
0.9206998000
0.9166984534
0.9111569884
0.9159943147
0.9050451437
0.8995266415
0.9013088492
0.8953548704
0.9191080268
0.9144163599
0.9385014431
0.9670067738
0.9647074423
0.9939269061
1.0208522288
1.0480590499
1.0535617645
1.0888656321
1.1252319398
1.1577098961
1.1857623980
1.2068473718
1.2082193226
1.1941125038
1.1682962392
1.1299764789
1.0616971460
1.0254808863
0.9972485842
0.9757588902
0.9676134808
0.9782474861
0.9807026930
0.9834132676
0.9818814730
0.9905076416
1.0069325467
1.0279345328
1.0615499847
1.1011653565
1.1402314533
1.1677396088
1.1660708828
1.1649710506
1.1537329410
1.1407984095
1.1043068799
1.0774208297
1.0581822745
1.0708179968
1.0878337377
1.1040868695
1.0964178704
1.0878672091
1.0550297986
1.0243081115
0.9950443015
0.9550044617
0.9047688512
0.8761141809
0.7861576866
0.7931438772
0.7337027047
0.7255859574
0.7425857580
0.7451286047
0.7418807217
0.7304427638
0.7088681135
0.6903400221
0.6825743625
0.6854145542
0.6918165856
0.7034929471
0.7131181509
0.7222605754
0.7312333189
0.7476266543
0.7613280776
0.7648174900
0.7793071600
0.7774359207
0.7897477185
0.7925308080
0.7941216260
0.8021997869
0.7962993362
0.7916653613
0.7847195658
0.7831575709
0.7799774854
0.7696877286
0.7655109557
0.7535539139
0.7502300308
0.7402559627
0.7379120245
0.7307627382
0.7138542357
0.7109672012
0.6973289458
0.6968021038
0.6956852126
0.6766160071
0.6780869734
0.6697885652
0.6715868456
0.6745449976
0.6750331866
0.6784519224
0.6844066413
0.6965051851
0.6977696324
0.7026719652
0.6970520158
0.7007272067
0.7048832776
0.7079968941
0.7183298321
0.7203875306
0.7228181690
0.7224534892
0.7153394499
0.7138540390
0.7125315203
0.7120858286
0.7161499797
0.7147963566
0.7144494188
0.7183435553
0.7148729683
0.7129904504
0.7134588241
0.7163078098
0.7120978027
0.7128198218
0.7134292934
0.7307407985
0.7340702310
0.7347766710
0.7430872773
0.7432103562
0.7595251267
0.7704737553
0.7895906848
0.8209896774
0.8278865584
0.8294126865
0.8515947444
0.8556623851
0.9027260243
0.9311752864
0.9761572899
0.9757393226
1.0002688615
1.0202794034
1.0399994423
1.0517072240
1.0670574985
1.0805245558
1.1101124705
1.1270240041
1.1002581226
1.1062463347
1.1130322592
1.1054212586
1.0836470613
1.0800783987
1.0844794792
1.0826509053
1.0995757190
1.1232953782
1.1552051381
1.2092139035
1.2262969566
1.2641111669
1.2828646355
1.3213635142
1.3277082213
1.3501362256
1.3506910123
1.3470832705
1.3579864066
1.3686449642
1.3973409577
1.4169355319
1.4278010939
1.4450713211
1.4460390574
1.4434107598
1.4346141195
1.4281425263
1.4177814303
1.4050322913
1.3895370695
1.3722522214
1.3627597790
1.3654392908
1.3657337696
1.3695864496
1.3692754159
1.3760466143
1.3846353226
1.3931728027
1.4048399701
1.4099028316
1.4176539109
1.4120743304
1.4075162518
1.4053719424
1.4105144363
1.4137906596
1.4276793560
1.4558084807
1.4927428226
1.5384861484
1.5808111857
1.6185661592
1.6520247612
1.6702156154
1.6806603604
1.6998069185
1.7128360096
1.7262769000
1.7284133973
1.7273826618
1.7213825885
1.7023717804
1.6676848165
1.6432634323
1.6062002126
1.5756169169
1.5344375456
1.5222120092
1.5474955048
1.5970601038
1.5485463019
1.5246482954
1.5317094586
1.5417630377
1.5308499536
1.5222361744
1.5420230284
1.5307513177
1.5206836396
1.5064225082
1.5057597588
1.4832343136
1.4828269000
1.4430578002
1.4074231383
1.5042775017
1.4305769073
1.4067751382
1.3341854671
1.3084387284
1.3008925077
1.2681465643
1.2627980365
1.2348307616
1.2129712892
1.1917837233
1.1726272989
1.1515291764
1.1391301971
1.1164605844
1.0955481176
1.0896022414
1.0828102440
1.0684472692
1.0643410056
1.0619980426
1.0249233104
0.9888504003
0.9575029762
0.9576859469
0.9228068817
0.9208971071
0.8858429651
0.8641760093
0.8616888035
0.8558193677
0.8493563753
0.8367315692
0.8334984875
0.8378008465
0.8494931286
0.8539559961
0.8565357056
0.8727060398
0.8664139931
0.8606297026
0.8540979398
0.8473506849
0.8390840098
0.8328859069
0.8313701624
0.8328891158
0.8318713341
0.8309549991
0.8301531983
0.8280971657
0.8255795409
0.8425581503
0.8422381672
0.8437228725
0.8662494246
0.8690708442
0.8783596010
0.8787686602
0.8817668546
0.8828222195
0.8881196151
0.8917533639
0.9024927313
0.9052280235
0.9174823813
0.9184941618
0.9240235765
0.9214757754
0.9350827643
0.9355737203
0.9344684576
0.9327617413
0.9338532243
0.9308845571
0.9313065417
0.9323555622
0.9316298542
0.9301133459
0.9295658365
0.9331720332
0.9353420266
0.9368002276
0.9418653878
0.9436384513
0.9428274463
0.9517592762
0.9508676689
0.9522650587
0.9519536441
0.9452356557
0.9446482422
0.9375301711
0.9372257019
0.9333852946
0.9245620499
0.9199079608
0.9087786459
0.8935908648
0.8770306721
0.8572953252
