3.6096391327
3.6038227043
3.6022036390
3.5967987551
3.6011076049
3.5894149235
3.5880451880
3.5766417040
3.5613223621
3.5542141684
3.5295629591
3.5159665971
3.5052413346
3.4981764764
3.4742792580
3.4566992801
3.4324310624
3.4278453792
3.4024478800
3.3727206062
3.3341210507
3.2982315810
3.2490112974
3.2467005868
3.1975038914
3.1471604046
3.0922634640
3.0296582877
2.9649716830
2.8960036534
2.8239401362
2.7444086884
2.6612439173
2.6535403270
2.5659208987
2.5554647074
2.4633108931
2.3625173605
2.2621088661
2.1528466592
2.0454407992
2.0404120736
