2.2858273014
2.2625674692
2.2630777532
2.2649104907
2.2685852115
2.2630323591
2.2390662400
2.2176388190
2.1224998110
2.1197946195
1.6558241678
1.8547739867
1.9378473971
1.9483519231
1.9221581603
1.8902314829
1.8659051536
2.1694633352
2.1145453546
2.1396276806
2.2187428874
2.4648039985
2.4416909772
2.4131128262
2.3983944652
2.3657992347
2.3147042774
2.2437696139
2.2153590800
2.2116320968
2.2531634517
2.2861455150
2.3004174938
2.3196167952
2.3340540768
2.3541265531
2.3776177518
2.4067900639
2.4176728496
2.4743646407
2.4931439334
2.5165366135
2.5641095526
2.6106940454
2.6191421955
2.6422311809
2.6667792166
2.7255079318
2.7851035811
2.8204722145
2.8008846869
2.7754656261
2.8082069095
2.8314256810
2.8611990538
2.8692776019
2.8425885297
2.7989572814
2.7300146101
2.6656073324
2.5894620184
2.5006005723
2.3987765505
2.2623976436
2.1362029343
2.0264021934
1.9614439510
1.9010400868
1.9076489443
1.9235304418
1.9242263931
1.9696214465
2.0062538460
2.0132944207
2.0193568637
2.0085184485
1.9954419971
1.9975197731
1.9834529550
1.9522368099
1.9408645935
1.9455783014
1.9605107198
1.9565380226
1.9590601433
1.9404071112
1.9390489509
1.9488698375
1.9720773375
1.9815828613
1.9897353112
2.0020306681
1.9930250927
1.9928320421
1.9897821332
1.9771654775
1.9601826653
1.9396857210
2.0126703646
1.9374063770
1.9115456312
1.9050856855
1.9086261610
1.9018633987
1.8877418144
1.8732604263
1.8392263179
1.8095693556
1.7868599911
1.7699859783
1.7482161230
1.7034028486
1.6764200477
1.6639964177
1.6537311310
1.6197705458
1.6135894231
1.5736051761
1.5510765252
1.5141308145
1.5011474399
1.4731820666
1.4668626900
1.4565500578
1.4460348681
1.4409178816
1.4415282420
1.4230594309
1.4073470550
1.3909449827
1.3825986071
1.3815323668
1.3902140458
1.3862455788
1.3767551055
1.3724142402
1.3632898280
1.3781444756
1.3636057807
1.3748341034
1.3437154902
1.3696920292
1.4053098763
1.4065471652
1.4566860469
1.4864918673
1.4948467131
1.4962458024
1.4847700186
1.4752383772
1.4766435099
1.4737119978
1.4914801050
1.4955355436
1.5069397990
1.4944688498
1.4999604328
1.4894603027
1.4682374483
1.4593553302
1.4455276482
1.4854043644
1.5110492817
1.5214758661
1.5356827645
1.5556414653
1.5475898835
1.5507823618
1.5442638957
1.5498344826
1.5094004644
1.5015295408
1.4740430559
1.4693467818
1.4431670305
1.4315802615
1.4401273361
1.4115642040
1.4221463641
1.3977649383
1.4265548027
1.4634605888
1.4452234191
1.4493649592
1.4416240438
1.4289248701
1.4143701395
1.4036990975
1.3963568853
1.3861994088
1.3674754737
1.3873088772
1.4332413633
1.4529672122
1.4747082652
1.4939226142
1.4940132131
1.4913682309
1.5035359928
1.5283985027
1.5390849860
1.5390114843
1.5419659404
1.5221855726
1.5150880139
1.4898481009
1.4776467592
1.4775341376
1.4695305493
1.4667422328
1.4666129624
1.4664866372
1.4601271836
1.4699599951
1.4610408485
1.4529009859
1.4521195772
1.4509587099
1.4510619722
1.4590605686
1.5098500331
1.5563904886
1.6034967113
1.6472945056
1.6436169622
1.6417352014
1.6408829060
1.6483417694
1.6645782698
1.6739245368
1.6848557295
1.6910304407
1.7066459192
1.7245191434
1.7447792130
1.7469465311
1.7449588788
1.7692177143
1.7640920517
1.7474078865
1.7458943828
1.7196452226
1.6934443698
1.6840274386
1.6597360900
1.6277045434
1.5974760627
1.5769315758
1.5698710976
1.5485521305
1.5298317818
1.5257214713
1.5004931358
1.4989268531
1.4952292218
1.4670559730
1.4688928744
1.4496259048
1.4522596966
1.4632739378
1.4598900893
1.4712228562
1.4613887846
1.4178254350
1.3906330929
1.3516218226
1.2805863005
1.2430519096
1.2159189835
1.1946332536
1.1683643295
1.1373774815
1.1071596945
1.0505160335
1.0168359878
0.9745884291
0.9295543377
0.8776411189
0.8236199636
0.7372683365
0.6766162545
0.5962215873
0.5429318819
0.4908767423
0.4525900479
0.4365813344
0.4384203761
0.4599658942
0.4540511618
0.4871741948
0.4976287792
0.5334049368
0.5925668882
0.6564866601
0.7168112497
0.7707108712
0.8397497285
0.8382212664
0.8258655747
0.8375067913
0.8508849287
0.8720572457
0.9032544131
0.9367778638
0.9634265738
0.9858003730
1.0172280595
1.0468938867
1.0628515481
1.0753053768
1.0762241519
1.0850002157
1.0872247987
1.0834705527
1.0800781296
1.0636249999
1.0511095152
1.0444302970
1.0275612116
1.0138966369
1.0090608633
1.0021330509
0.9769822878
0.9658769849
0.9501339859
0.9458648999
0.9327383415
0.9326721245
0.9109935748
0.8924172823
0.8719721123
0.8506213853
0.8213028706
0.7992250317
0.7767642715
0.7408910028
0.7269275111
0.7105101656
0.6627782580
0.6364584349
0.5938094065
0.5719449208
0.5479345031
0.5148361908
0.4798256263
0.4349702823
0.3990760412
0.4303779265
0.5494108468
0.6371545713
0.6511743841
0.6184726291
0.6511968676
0.7256407131
0.7923102495
0.8211856778
0.8078382729
0.7857083465
0.7572377564
0.7253956776
0.7395081858
0.7911206584
0.8144427441
0.8144977806
0.8472774716
0.8469898976
0.8414080283
0.8561041008
0.8571481437
0.8718439922
0.9111277733
0.9242631123
0.9164326150
0.8845945505
0.9136434063
0.9314282076
0.9793413266
1.0095385716
1.0584410724
1.0956231377
1.1271853618
1.1520645602
1.1763239203
1.1814010978
1.1874284929
1.2096596545
1.2448966864
1.2554618340
1.2598609184
1.2855173669
1.2968730931
1.3153407872
1.3893738969
1.3915524376
1.3708766571
1.3667568913
1.3744073367
1.3811697015
1.4017895205
1.4024510238
1.4461254309
1.5491741455
1.5781602664
1.5874000321
1.5760851642
1.5804948720
1.5587663266
1.5814502162
1.5932680037
1.5622464410
1.5533332390
1.5631673246
1.5930963091
1.5397733067
1.4583111481
1.4540462084
1.3985640360
1.2740582008
1.1220560410
1.0425095485
0.8987194776
0.8332742821
0.7821158940
0.7335306927
0.6852914785
0.6435624735
0.6119402388
0.5707381350
0.5402578953
0.4947040901
0.4345764432
0.4753570749
0.4945961957
0.5501188830
0.5821599939
0.5720333044
0.5508614787
0.5346627960
0.5249681632
0.5187818564
0.5205886126
0.5221876040
0.5440397776
0.5824945839
0.6262280143
0.6498068756
0.6574980048
0.6613261093
0.6601691727
0.6647907816
0.6838768685
0.7110766451
0.7381263468
0.7785410006
0.8242003017
0.8609579199
0.9129965185
0.9453222071
0.9791266667
1.0020208900
1.0162465050
1.0288663640
1.0398280379
1.0488684331
1.0533777942
1.0558411630
1.0576827537
1.0620416197
1.0666615641
1.0794337913
1.0946898604
1.1128258454
1.1347914971
1.1459707873
1.1659514265
1.1704781303
1.1990498499
1.2352505994
1.2658935628
1.2940092527
1.3182103769
1.3282193983
1.3289201651
1.3312327274
1.3363869805
1.3457063262
1.3564849099
1.3578262661
1.3728048751
1.3795947508
1.3836218132
1.3789009640
1.3823900598
1.3729864902
1.3615232781
1.3660808613
1.3678701669
1.3538298779
1.3484494679
1.3276759522
1.3228249329
1.3211037142
1.3047199751
1.2979280520
1.2792569826
1.2649421710
1.2533747445
1.2326809132
1.2187358043
1.2087022697
1.1888013392
1.1633180044
1.1318643882
1.0968979112
1.0681500339
1.0414086621
0.9926052309
0.9710744134
0.9582810195
0.9407293957
0.9179726106
0.9027312241
0.8649428352
0.8065771806
0.7524854091
0.7467470671
0.7116898148
0.6790763753
0.6700890483
0.6286561273
0.6151306741
0.5830612176
0.5734500904
0.5622957346
0.5467960111
0.5199468128
0.4952116438
0.4876186064
0.4575617041
0.4484540722
0.4276911535
0.4191848258
0.3996326210
0.3877495656
0.3929405520
0.4587293442
0.5196534950
0.5124222665
0.4981256099
0.5169103219
0.5376166514
0.5534118799
0.5672298926
0.5904401067
0.6003875952
0.6073771299
0.6150805900
0.6204691240
0.6783273724
0.7268081135
0.7497884176
0.7792854723
0.8154843616
0.8382790393
0.8673574154
0.8782390853
0.9150607299
0.9808343675
1.0474042127
1.1488003247
1.2003737495
1.2399784560
1.2798815694
1.3224710568
1.3746982706
1.4689994188
1.4767195014
1.4843032051
1.5039810942
1.5222760101
1.5334583923
1.5344061975
1.5178098396
1.5282903810
1.5186785395
1.5441019639
1.5667675846
1.5800337118
1.5965723411
1.6080708480
1.6261813538
1.6311970850
1.6497882777
1.6692044119
1.6752190703
1.6998210748
1.7202834486
1.7609273861
1.7731694531
1.7880796926
1.8166828305
1.8275427906
1.8373555924
1.8496020978
1.8688177400
1.8548923035
1.8482856982
1.8211142444
1.7960507571
1.7881229816
1.7729426770
1.7677917364
1.7497521000
1.7427030098
1.7314587147
1.6871489248
1.6652808502
1.6064610428
1.5842386961
1.5673429144
1.5114659700
1.4979699368
1.4887425102
1.4398908322
1.4331278188
1.4297768246
1.3984583435
1.3981820887
1.3952776707
1.3670035647
1.3699731593
1.3383377320
1.3373364688
1.3317105854
1.3161000551
1.2476241443
1.2214976040
1.1954265832
1.1730522067
1.1051694606
1.0888314074
1.0637567916
0.9996555627
0.9322068545
0.8688638597
0.7883283971
0.7038961318
0.6840660479
0.6367602194
0.6177510853
0.5971176263
0.5711097895
0.5452680623
0.5218046251
0.5268534188
0.5413215842
0.5526054566
0.5568603334
0.5646912824
0.5724092162
0.5684236583
0.5698352454
0.5731443197
0.5699557237
0.5789951164
0.6132914476
0.6616851024
0.7039852809
0.7227358436
0.7575926873
0.7905487533
0.8190826600
0.8428821144
0.8740870791
0.9080900101
0.9447715737
0.9590454375
0.9863004839
1.0026842262
0.9924622226
1.0240254005
1.0289306533
1.0650780552
1.0941812001
1.1233386507
1.1529884101
1.1796939065
1.2006332891
1.2149285748
1.2241512453
1.2323658049
1.2477529090
1.2523877178
1.2651667419
1.2876315871
1.3167521994
1.3243886292
1.3364812915
1.3472450751
1.3880353675
1.4058830081
1.4590347484
1.5203760363
1.5506197644
1.5868305545
1.6178651537
1.6300692931
1.6414251660
1.6505513479
1.6491450594
1.6371579753
1.6263569211
1.6253110877
1.6372803204
1.6629722516
1.6775211530
1.6996875940
1.6996880802
1.7087330116
1.7055944344
1.7174707692
1.7044345057
1.6873226756
1.6705249756
1.6595772855
1.6254656635
1.5720189563
1.5207716897
1.5103489492
1.5012789502
1.4756863778
1.4525309095
1.4364183203
1.4257252787
1.4354045710
1.4444814304
1.4398262512
1.4379000158
1.4328636460
1.4291100242
1.4199700050
1.4136230586
1.4058627736
1.4056991323
1.4071511262
1.4132208818
1.4207780855
1.4274594640
1.4357143535
1.4426613023
1.4493693952
1.4526446444
1.4668865537
1.4598890059
1.4533751315
1.4608452314
1.4906349363
1.4887626241
1.5802946923
1.6253234230
1.6709383718
1.6936667147
1.7447119721
1.8299313915
1.9365824198
1.9666692415
1.9667695343
1.9626947160
1.9608353596
1.9423868690
1.9260909885
1.9202659401
1.9118528816
1.9071464491
1.8835940684
1.8659359550
1.8593878846
1.8434256742
1.8459329403
1.8476403210
1.8457207449
1.8548104464
1.8493071578
1.8388764198
1.8287404963
1.8266750524
1.8179011718
1.8100707984
1.8048591737
1.7741326825
1.7544271889
1.7270509671
1.7064242718
1.7005951960
1.7075861289
1.7021701241
1.6771421391
1.6535447825
1.6317794242
1.6167699584
1.5750897663
1.5691201126
1.5719622003
1.5793064083
1.5802776314
1.5543883607
1.5344441119
1.4834892709
1.4567286246
1.4313251389
1.3953960715
1.3721421242
1.3536442296
1.3472878192
1.3403000076
1.3451811300
1.3437745592
1.3101568364
1.2878519119
1.2640191134
1.2425161269
1.2382366083
1.2304388647
1.1995634381
1.1831295866
1.1621128287
1.1336631857
1.0904810549
1.0643099844
1.0203022242
0.9719445331
0.9258723024
0.8885439121
0.8502341756
0.8065817224
0.7812406188
0.7574183759
0.7710409697
0.7883247953
0.8126722055
0.8408178865
0.8706886271
0.9032007151
0.9180186062
0.9271890225
0.9448993841
0.9612048814
0.9757876976
0.9802059983
0.9821640525
0.9845444824
0.9773193101
0.9653009180
0.9487323373
0.9425451367
0.9252218208
0.9365627725
0.9350277324
0.9515305571
0.9517943150
0.9713726248
0.9911382766
1.0083534461
1.0047215581
1.0191205775
1.0328583205
1.0471661450
1.0611743716
1.0511682930
1.0670623955
1.0847655882
1.0557963890
1.0740212605
1.0863691203
1.0601252513
1.0809632695
1.0401416090
1.0537087521
1.0145848220
0.9840243363
1.0057752387
0.9778048858
0.9969492020
0.9742096273
1.0004907250
0.9835625717
1.0094971008
1.0456768358
1.0327629264
1.0126889257
0.9937272848
0.9672675055
0.9114084203
0.8949406029
0.8905969078
0.8734228964
0.8704271078
0.8683688921
0.8765519761
0.8778341798
0.8776211877
0.8819133449
0.8779802458
0.8899946531
0.8899409862
0.8953828801
0.9063591004
0.9131158787
0.9136233216
0.9083268134
0.9011671176
0.8996917452
0.8846612307
0.8399352491
0.7935534073
0.7207555506
0.6621673614
0.6350417157
0.6226913310
0.5832860470
0.6021035283
0.6181627789
0.6522421367
0.6869902630
0.7217510840
0.7706764441
0.8061508086
0.8410093521
0.8765625763
0.9218307070
0.9768321054
1.0467451231
1.5322388667
1.4011826082
1.4232369237
1.4485023745
1.4329883575
1.4522213798
1.4756527102
1.5075579246
1.5288305341
1.5685515600
1.6094439200
1.6416977431
1.6823618351
1.7333270318
1.7640700070
1.7969690873
1.8190110428
1.8957405522
1.8797406514
1.8624355756
1.8436123073
1.8219000707
1.7836258835
1.7328671840
