0.2141209179
0.2118686630
0.2105582959
0.2076431087
0.2046125613
0.2036683716
0.2030129733
0.2009151379
0.2003194863
0.1999222074
0.2005555229
0.2008396078
0.2013351607
0.2034691908
0.2057035977
0.2079403282
0.2112271612
0.2179956636
0.2310291790
0.2412567543
0.2539640010
0.2628867282
0.2755766135
0.2861541068
0.2999204657
0.3186455813
0.3355532678
0.3520539521
0.3619789846
0.3679696602
0.3685113994
0.3572485869
0.3402055947
0.3337526301
0.3342719204
0.3323977631
0.3303606163
0.3182876375
0.3131086281
0.3027876531
0.2962701070
0.2938545023
0.2860513721
0.2811644059
0.2713137051
0.2632946287
0.2503971685
0.2479191480
0.2474624614
0.2453266193
0.2435589159
0.2376535756
0.2371638677
0.2348029869
0.2332488362
0.2372065495
0.2332291352
0.2320974912
0.2318201296
0.2241620284
0.2121074136
0.2162010915
0.2199623419
0.2203565824
0.2246642092
0.2271074653
0.2258454266
0.2220873385
0.2160212173
0.2048109556
0.1903153328
0.1778891319
0.1681206271
0.1582028696
0.1457826652
0.1386378937
0.1371052456
0.1370834408
0.1366580151
0.1351610153
0.1357870160
0.1377571531
0.1433942877
0.1486067646
0.1490389228
0.1514024267
0.1524440179
0.1521743574
0.1555778578
0.1571222673
0.1588561060
0.1622539219
0.1643808144
0.1701127994
0.1767630050
0.1796000988
0.1826760533
0.1840249450
0.1848524020
0.1828640164
0.1801909133
0.1780633275
0.1768849555
0.1788608750
0.1798668868
0.1816000795
0.1822820173
0.1836599208
0.1844809407
0.1862745481
0.1867110746
0.1862041275
0.1844967611
0.1809040829
0.1775024165
0.1739903347
0.1744139912
0.1739155413
0.1759079236
0.1796668431
0.1798706212
0.1781883903
0.1785748101
0.1777956411
0.1777569300
0.1771430685
0.1779707782
0.1762145543
0.1746870374
0.1741000773
0.1738023315
0.1734341177
0.1724394379
0.1712017267
0.1684044614
0.1661523031
0.1635015857
0.1589827262
0.1571409329
0.1522572910
0.1493260821
0.1483986695
0.1473199353
0.1433543614
0.1390917969
0.1374459026
0.1341937496
0.1322221052
0.1320349583
0.1337222372
0.1359072579
0.1380406066
0.1424590812
0.1476976243
0.1544209891
0.1610426746
0.1636568452
0.1703563621
0.1761324413
0.1801513699
0.1852225482
0.1847960805
0.1828902982
0.1813481399
0.1871629610
0.1950120092
0.1935641585
0.1986375075
0.1984122183
0.1987289013
0.2020348683
0.2035743787
0.2063676614
0.2088073147
0.2109450893
0.2143219728
0.2119144910
0.2108923768
0.2085544763
0.2092775536
0.2076455904
0.2054798006
0.1958473530
0.1887269180
0.1863538545
0.1850324999
0.1812423050
0.1780683406
0.1767409245
0.1763368142
0.1785230989
0.1861125488
0.1888317731
0.1903414103
0.1851223625
0.1794357881
0.1727588490
0.1669186415
0.1567451333
0.1507724487
0.1478402183
0.1496106778
0.1578679928
0.1594981117
0.1788709309
0.1828683151
0.1788786315
0.1751877051
0.1736412237
0.1742749520
0.1710897750
0.1660549992
0.1554962072
0.1466077677
0.1378369886
0.1310634220
0.1228213349
0.1135259014
0.1011648084
0.0908252859
0.0882712422
0.0867727839
0.0842981283
0.0841334149
0.0846594431
0.0884786033
0.0923164170
0.0960763156
0.1039778624
0.1054335089
0.0914790102
0.0832051766
0.0752569728
0.0803011239
0.0806560518
0.0826765459
0.0857335497
0.0930617820
0.0987020785
0.1043084777
0.1071784933
0.1083320904
0.1051286567
0.0989755992
0.0970603897
0.0927432268
0.0922000312
0.0927233536
0.0962106641
0.1003838378
0.1070838739
0.1131520798
0.1241385202
0.1308361426
0.1226097320
0.1207750246
0.1220774207
0.1229951218
0.1225099088
0.1197811760
0.1290254674
0.1308473840
0.1280074056
0.1243981729
0.1125987237
0.1045344552
0.0942870803
0.0882993003
0.0820320702
0.0768559119
0.0744860319
0.0690160076
0.0636703632
0.0649932876
0.0681687923
0.0722605982
0.0767638739
0.0755342041
0.0786550407
0.0800744959
0.0815937084
0.0832326712
0.0801325193
0.0826054663
0.0809187162
0.0832886982
0.0805694950
0.0795242360
0.0791309627
0.0802257496
0.0829548177
0.0857817781
0.0878645418
0.0929297300
0.0944638634
0.0933393431
0.0984612438
0.0997617523
0.1008381625
0.1012969291
0.1006313567
0.1009098229
0.1010577613
0.1022248624
0.1034548237
0.1034412139
0.1010905834
0.0980236909
0.0984032454
0.0975090410
0.0978069579
0.0988182046
0.1001503697
0.0997317701
0.1011715446
0.1018721567
0.1044871678
0.1047729793
0.1066698414
0.1089984810
0.1080631184
0.1098068425
0.1070332444
0.1082327554
0.1077834571
0.1096633638
0.1111027794
0.1082933282
0.1074646882
0.1053692461
0.1049452040
0.1057433610
0.1078892136
0.1132386129
0.1181335756
0.1163883578
0.1259202744
0.1366093625
0.1438536832
0.1492382203
0.1562701509
0.1546342577
0.1455407942
0.1355136084
0.1267046643
0.1200829029
0.1131661555
0.1091529310
0.1074579362
0.1080084354
0.1110184711
0.1128106432
0.1131870712
0.1136451408
0.1156695482
0.1171718121
0.1253218256
0.1314025779
0.1365314784
0.1426848378
0.1483566005
0.1516082252
0.1469168867
0.1423660985
0.1405130492
0.1413097574
0.1413938550
0.1419487751
0.1418458676
0.1397832280
0.1400923067
0.1408292901
0.1409036843
0.1404182760
0.1362313852
0.1338844467
0.1314553684
0.1316739808
0.1311107276
0.1271395251
0.1199106843
0.1169832414
0.1117761385
0.1072585712
0.1036015350
0.1031515429
0.1041102149
0.1040562811
0.1024852935
0.1006980843
0.0989619639
0.0970072714
0.0966089455
0.0974827866
0.0976474285
0.0974216762
0.0954452761
0.0944391533
0.0939571027
0.0935776103
0.0946551425
0.0967346740
0.0946463667
0.0895546519
0.0795185865
0.0533089129
0.0460735758
0.0478452293
0.0820430694
0.0953287004
0.1003889986
0.1083002079
0.1100386081
0.1157806969
0.1220353327
0.1251881170
0.1306539196
0.1346903852
0.1409794621
0.1464317400
0.1502864813
0.1536827745
0.1551507083
0.1609475279
0.1661223095
0.1645728692
0.1689073853
0.1701967983
0.1753318642
0.1778816474
0.1808050683
0.1793785822
0.1807000549
0.1801588307
0.1837651883
0.1849814154
0.1885750717
0.1907360087
0.1957371912
0.1960942938
0.1971700622
0.2020200485
0.2046793985
0.2060387724
0.2031995755
0.1993713471
0.2051221048
0.2097227156
0.2117258889
0.2059893927
0.2055659655
0.2026987884
0.2045469175
0.2077307010
0.2110574103
0.2150324622
0.2184012684
0.2193429071
0.2188046683
0.2178957406
0.2127534835
0.2061737519
0.1994822165
0.1918222964
0.1844104663
0.1763147311
0.1669911204
0.1634788763
0.1524960349
0.1495361956
0.1402792546
0.1389287039
0.1297424133
0.1218448636
0.1277467892
0.1378901648
0.1468116919
0.1544509805
0.1588648733
0.1602177901
0.1661377387
0.1678056124
0.1763868430
0.1852188555
0.1951608106
0.1990473697
0.2009867454
0.2013637852
0.2020756043
0.2020473263
0.2003998226
0.1964298962
0.1921804363
0.1866390865
0.1867152926
0.1810624701
0.1809828894
0.1809172111
0.1805759280
0.1804776913
0.1783212788
0.1765918890
0.1780763201
0.1819118354
0.1858183901
0.1913540436
0.1885868436
0.1864709671
0.1842111224
0.1850362743
0.1837208166
0.1830275421
0.1829070454
0.1833700801
0.1851264012
0.1871863344
0.1897682852
0.1934046314
0.1959865450
0.1972953742
0.1983311573
0.1993201460
0.1990404389
0.1967811366
0.1945388826
0.1927033321
0.1917994540
0.1905508550
0.1926261025
0.1949061699
0.1949805452
0.1945311411
0.1942777130
0.1935556515
0.1937097822
0.1947675629
0.1949794862
0.1942266774
0.1944736614
0.1952182568
0.1940036920
0.1926346323
0.1916472195
0.1905868610
0.1898452751
0.1892889280
0.1887329003
0.1888423126
0.1898286587
0.1904852769
0.1901485144
0.1889477909
0.1876271795
0.1859524219
0.1845116981
0.1834629075
0.1842057045
0.1844072094
0.1844848075
0.1840166209
0.1830159880
0.1822659687
0.1815424710
0.1802740183
0.1801536236
0.1803054586
0.1802253730
0.1796162402
0.1797039217
0.1811560840
0.1826903547
0.1845851544
0.1869303349
0.1891257274
0.1915095540
0.1939935550
0.1976478672
0.1978598225
0.1994566832
0.2007094138
0.2020694931
0.2028844910
0.2032369155
0.2032452693
0.2037924321
0.2026741774
0.2010414957
0.1999931859
0.1992338242
0.1984248424
0.1986151988
0.1982465305
0.1982335257
0.1980697493
0.1978326569
0.1985609436
0.2004983544
0.2039005044
