6.2551369979
6.2604388852
6.2574844345
6.2731698383
6.2665858433
6.2737026647
6.2697393912
6.2672134633
6.2633012226
6.2584801024
6.2648599772
6.2583327273
6.2611296033
6.2658232205
6.2670057857
6.2763931615
6.2748473865
6.2860871978
6.2972265578
6.2987703710
6.2957507313
6.3022876028
6.3058094995
6.3067897009
6.3095452148
6.3139030827
6.3170109501
6.3202974332
6.3238041205
6.3271554832
6.3277972076
6.3325259751
6.3328282288
6.3328530300
6.3337805114
6.3345272776
6.3370950660
6.3394616109
6.3403432408
6.3418474993
6.3444160719
6.3461593603
6.3466614312
6.3520239921
6.3503548878
6.3546401570
6.3520796286
6.3458165887
6.3584688911
6.3551446718
6.3544224416
6.3532417347
6.3525023737
6.3513978956
6.3518191883
6.3524338322
6.3519745170
6.3562548492
6.3555161727
6.3547274866
6.3602280788
6.3540767555
6.3688735131
6.3599092856
6.3607985505
6.3412869394
6.3493444368
6.3471026895
6.3237274671
6.3620397923
6.3707406797
6.3635367537
6.3652102244
6.3747836737
6.3745120917
6.3783488309
6.3765567694
6.3807519161
6.3913892936
6.3897773361
6.3997481706
6.4033914852
6.4077392725
6.4139727935
6.4167979925
6.4250978988
6.4265391143
6.4294999747
6.4278179861
6.4254194947
6.4276476617
6.4230270972
6.4207173064
6.4182387712
6.4189838499
6.4118619136
6.4148759171
6.4129048868
6.4105644712
6.4046883168
6.3965225045
6.3866663201
6.3872005371
6.3847439654
6.3787060358
6.3762682653
6.3760847554
6.3727881809
6.3724114050
6.3692748809
6.3654861148
6.3647971918
6.3597461400
6.3563865350
6.3513814969
6.3458289362
6.3344489980
6.3338256136
6.3257169795
6.3250702645
6.3182043867
6.3184746402
6.3144667340
6.3150866291
6.3121295199
6.3123428038
6.3119561275
6.3089073056
6.3087710040
6.3105608476
6.3078200892
6.3086779499
6.3093962176
6.3057851356
6.3052000619
6.3015974217
6.2969886837
6.2896308120
6.2834567827
6.2822828956
6.2801625853
6.2701848412
6.2643870927
6.2644286430
6.2697114560
6.2683609470
6.2702617869
6.2659174580
6.2568005517
6.2580958906
6.2582551663
6.2466402693
6.2364145197
6.2246795299
6.2229112935
6.2232471037
6.2333212794
6.2365802122
6.2389582068
6.2412269292
6.2386086124
6.2301736365
6.2206290663
6.2218903396
6.2222020062
6.2270109369
6.2310245048
6.2169260845
6.2188833370
6.2132491766
6.2106675829
6.2040361352
6.2037150949
6.2021181963
6.2016497668
6.2013355187
6.2022480796
6.2046006038
6.2096832857
6.2107081191
6.2116843628
6.2148814114
6.2137773350
6.2147131188
6.2137978362
6.2176356211
6.2228034197
6.2215159993
6.2211177225
6.2222922384
6.2234427811
6.2247693344
6.2291639863
6.2305986118
6.2327614575
6.2355316924
6.2365395059
6.2412061490
6.2434986923
6.2462946320
6.2476578762
6.2513764932
6.2537157128
6.2577413346
6.2665597183
6.2739300220
6.2741618878
6.2799303097
6.2875353955
6.2844598740
6.2980740120
6.3011561237
6.3003035987
6.2976231644
6.3089753848
6.3076901119
6.3151017724
6.3198286620
6.3151214902
6.3144052941
6.3146474315
6.3149045516
6.3211854174
6.3173240565
6.3174240367
6.3230313749
6.3227910157
6.3235255749
6.3265286022
6.3365805566
6.3368481009
6.3455951287
6.3525308417
6.3520877300
6.3583189347
6.3622831665
6.3669719165
6.3697437485
6.3758110722
6.3795006852
6.3784622564
6.3781089389
6.3815661654
6.3838370090
6.3869732697
6.3871049198
6.3868469700
6.3883940632
6.3881354662
6.3842806445
6.3816995453
6.3796387423
6.3797780288
6.3822096638
6.3877743622
6.3957136717
6.4014161801
6.4068280321
6.4071909124
6.4081017777
6.4094967009
6.4095815548
6.4085394094
6.4090786866
6.4053400228
6.4061767981
6.4024899979
6.3976906013
6.3973422389
6.3985362766
6.3971177910
6.3987700369
6.3920069944
6.3873987333
6.3743215666
6.3675076628
6.3661456830
6.3575441957
6.3537751800
6.3526092957
6.3504002409
6.3516587704
6.3482200793
6.3460743197
6.3411908273
6.3286936652
6.3195390084
6.3113607935
6.3037476131
6.3042800820
6.2991716395
6.3001778824
6.2982441796
6.2940428765
6.2902971919
6.2799082283
6.2733545008
6.2618489640
6.2492981678
6.2432681252
6.2336664914
6.2251394949
6.2181060911
6.2068994636
6.2056148311
6.1996391643
6.2002780663
6.2009470291
6.2036583033
6.2190903158
6.2311096778
6.2392759929
6.2504457773
6.2558267360
6.2655463989
6.2682772761
6.2685788916
6.2724106865
6.2826253065
6.2918766285
6.3030415037
6.3083246772
6.3075911130
6.3215889143
6.3246131140
6.3083515611
6.3137262747
6.3319280827
6.3332877429
6.3533671284
6.3665572107
6.3566836021
6.3632360495
6.3686712643
6.3885524836
6.3969604562
6.3957335154
6.3796475185
6.3786129537
6.3660796524
6.3598762900
6.3487987694
6.3402160776
6.3326491276
6.3226292399
6.3159211117
6.3074611233
6.3014396257
6.2932849338
6.2823947382
6.2761796217
6.2736967732
6.2699283952
6.2676309527
6.2627379778
6.2560358547
6.2498301305
6.2500558978
6.2408912005
6.2335149035
6.2329011018
6.2249111546
6.2156303503
6.2040798800
6.2022048085
6.2027787408
6.1994417554
6.1917301948
6.1911397033
6.1880855150
6.1763978766
6.1778897142
6.1677771739
6.1672174854
6.1627643416
6.1574682986
6.1592627299
6.1527532240
6.1528882413
6.1480907390
6.1484028674
6.1445620497
6.1446630963
6.1417603145
6.1433517213
6.1496893075
6.1520186397
6.1543565267
6.1526449361
6.1556113480
6.1532770324
6.1532296064
6.1513602270
6.1476930037
6.1438141545
6.1428982625
6.1506654545
6.1539918130
6.1568111898
6.1583917048
6.1609549627
6.1658448421
6.1661350974
6.1656101334
6.1618659271
6.1648679184
6.1609130014
6.1570139335
6.1504913813
6.1462589522
6.1456914560
6.1501125893
6.1584440211
6.1633729140
6.1684132820
6.1696011824
6.1792914860
6.1765325593
6.1764002976
6.1709122830
6.1625083243
6.1491487127
6.1447034193
6.1476421909
6.1535607974
6.1615190296
6.1749801014
6.1797724342
6.1970013143
6.2068366154
6.2093272616
6.2152937683
6.2156509162
6.2097684215
6.2076256942
6.1983915833
6.1933566659
6.1947685871
6.2014838951
6.2053494458
6.2112212907
6.2174014211
6.2340860073
6.2469989081
6.2540848939
6.2520137319
6.2464109521
6.2440233893
6.2385981120
6.2369451200
6.2318230570
6.2294354168
6.2265865790
6.2219273956
6.2198345860
6.2164113253
6.2117809188
6.2044703910
6.2001197119
6.1920744026
6.1898953641
6.1781794374
6.1684365598
6.1662334563
6.1540404588
6.1470417834
6.1331453314
6.1253173098
6.1113518540
6.1126565407
6.0987344184
6.0872427356
6.0862163812
6.1085759682
6.1127759636
6.1246209523
6.1147438295
