0.0193684420
0.0125686780
0.0122700175
0.0121799244
0.0135228841
0.0150567871
0.0147451470
0.0146907895
0.0139768626
0.0126338524
0.0134802756
0.0138254331
0.0148795407
0.0173440751
0.0185788372
0.0194956432
0.0188045921
0.0190439740
0.0188550568
0.0181969634
0.0156810861
0.0155563028
0.0156334371
0.0149123524
0.0136760378
0.0128230507
0.0113701015
0.0109037935
0.0118735819
0.0069331916
0.0078967228
0.0087001232
0.0087895272
0.0053440571
0.0056536357
0.0056946327
0.0060086136
0.0054278726
0.0048945162
0.0049986475
0.0068086347
0.0099614408
0.0125297762
0.0163599109
0.0143523493
0.0156213178
0.0166655067
0.0186604837
0.0203513783
0.0248060555
0.0298322701
0.0341144877
0.0325234303
0.0339683725
0.0338035445
0.0339124897
0.0331809519
0.0390888371
0.0408384257
0.0436449541
0.0418254723
0.0449842469
0.0451664470
0.0452301070
0.0456170439
0.0485183488
0.0495893935
0.0518783370
0.0511515529
0.0514460205
0.0519637522
0.0523398216
0.0547879838
0.0550591812
0.0555769599
0.0560011770
0.0561247265
0.0556710199
0.0557942180
0.0555860554
0.0564823948
0.0567707499
0.0570791370
0.0566816659
0.0563204328
0.0563105722
0.0524306944
0.0520032824
0.0513956949
0.0509430574
0.0502011093
0.0494106711
0.0490258935
0.0483670194
0.0477082932
0.0468725098
0.0434055150
0.0425597514
0.0369125114
0.0363447232
0.0342003163
0.0357394319
0.0377014397
0.0353724429
0.0367784403
0.0362259316
0.0345626157
0.0353415236
0.0345390767
0.0343750699
0.0347664091
0.0357581712
0.0364590250
0.0376939331
0.0379880405
0.0399802735
0.0416518287
0.0429644258
0.0438460242
0.0438488244
0.0447517007
0.0461418115
0.0462681968
0.0456373142
0.0461402022
0.0450597139
0.0439832315
0.0430141299
0.0433424910
0.0426577785
0.0428719686
0.0427052130
0.0429141363
0.0419946973
0.0433119377
0.0453671176
0.0481261238
0.0514981627
0.0525000987
0.0539410289
0.0548667260
0.0557302264
0.0580640142
0.0593046900
0.0606859447
0.0617042962
0.0632533734
0.0644122958
0.0668679213
0.0687746978
0.0711094275
0.0707301106
0.0729279788
0.0737049902
0.0746268623
0.0763300639
0.0793216754
0.0794958227
0.0808199195
0.0814363834
0.0799959224
0.0806755185
0.0793186712
0.0786841217
0.0796190577
0.0784296467
0.0791345813
0.0777392822
0.0787455510
0.0788582414
0.0800238384
0.0810257811
0.0823072769
0.0850509411
0.0860906359
0.0874538002
0.0888332343
0.0907879209
0.0940565412
0.0957312576
0.1002718286
0.1030161427
0.1073725767
0.1128365146
0.1144572812
0.1177931771
0.1199500544
0.1223663222
0.1227663655
0.1263464342
0.1271240456
0.1309045544
0.1364156744
0.1378084024
0.1405729684
0.1405072977
0.1419163286
0.1432384200
0.1437086540
0.1448050981
0.1435815981
0.1435425284
0.1463140808
0.1481270426
0.1506876776
0.1553995290
0.1594973446
0.1630085004
0.1686536607
0.1708768224
0.1735151897
0.1747359905
0.1753871154
0.1767539615
0.1783217243
0.1814639851
0.1871993633
0.1971051767
0.1984070269
0.2003337152
0.1972046821
0.1976930902
0.2025423615
0.2038949193
0.2066703893
0.2082333632
0.2126281178
0.2135935623
0.2165112368
0.2167802469
0.2198562143
0.2200025920
0.2243108792
0.2271259110
0.2299677319
0.2372186853
0.2397091062
0.2397776167
0.2398835519
0.2375371044
0.2356427316
0.2335431786
0.2329310228
0.2321658151
0.2313623396
0.2306203528
0.2294145963
0.2282860177
0.2275855058
0.2266434535
0.2258394000
0.2255541715
0.2253438259
0.2249643678
0.2245715589
0.2236551958
0.2236898114
0.2234685521
0.2236258145
0.2238352661
0.2238156806
0.2243413861
0.2245250128
0.2244434426
0.2242185768
0.2242325488
0.2242827206
0.2238601826
0.2232676739
0.2229884753
0.2230588554
0.2224684646
0.2224482980
0.2226020020
0.2223779015
0.2223620791
0.2223695984
0.2220583056
0.2218927801
0.2216198285
0.2213115710
0.2210115201
0.2208607956
0.2206825157
0.2204007243
0.2199290722
0.2203087310
0.2221303797
0.2251535796
0.2269888291
0.2273836671
0.2273175033
0.2269049538
0.2258986353
0.2255748671
0.2265500080
0.2265856152
0.2262102595
0.2265575530
0.2261129044
0.2246377272
0.2231114512
0.2221216587
0.2229094685
0.2254896476
0.2262798129
0.2253367317
0.2240263610
0.2218213022
0.2191534486
0.2183788750
0.2188205187
0.2190876736
0.2189525118
0.2186995027
0.2177041908
0.2170496098
0.2171343264
0.2172980537
0.2173339348
0.2176764402
0.2176884253
0.2176201060
0.2177715383
0.2180096110
0.2182182630
0.2185753043
0.2185756084
0.2179350857
0.2173884788
0.2175358343
0.2182631273
0.2186536931
0.2185727044
0.2181797737
0.2178252253
0.2171493195
0.2160404022
0.2154722501
0.2151720940
0.2151704858
0.2152114769
0.2154346299
0.2343678402
0.2387693794
0.2405529574
0.2413118694
0.2413535835
0.2417781558
0.2417777474
0.2410856663
0.2406064434
0.2406906110
0.2414647609
0.2420432307
0.2422710312
0.2419289492
0.2415419892
0.2411142536
0.2408467423
0.2404194892
0.2402771076
0.2404601377
0.2402890096
0.2401664728
0.2400557480
0.2401213921
0.2400694029
0.2393102163
0.2386484511
0.2378543377
0.2367837834
0.2360497883
0.2363304831
0.2365460152
0.2366841321
0.2382618641
0.2379137565
0.2405056017
0.2372018644
0.2325711208
0.2266722988
0.2163096445
0.2166888510
0.2205804819
0.2245420056
0.2245210906
0.2246301832
0.2252790155
0.2246916973
0.2248544501
0.2222881039
0.2229066153
0.2207675577
0.2192470129
0.2215320939
0.2194132224
0.2177391520
0.2130697131
0.2095892754
0.2049274977
0.2027038513
0.2009919171
0.2013389778
0.2012790568
0.2029733999
0.2013943537
0.2031424876
0.2060300018
0.2008746363
0.1992316234
0.1932574712
0.1899683345
0.1916606936
0.1903820037
0.1946337252
0.1939148769
0.1971292032
0.1967657482
0.1986151249
0.2011491809
0.2042501076
0.2048374022
0.2080215825
0.2101181569
0.2098380877
0.2111199803
0.2079034156
0.2080739320
0.2057487712
0.2025548749
0.2002129722
0.1959915315
0.1933752486
0.1898240446
0.1862360886
0.1820845439
0.1784008394
0.1761655578
0.1695337973
0.1661704227
0.1608111527
0.1566306479
0.1564177971
0.1529649428
0.1521088523
0.1507057583
0.1483671278
0.1484871926
0.1461396524
0.1477099857
0.1471711675
0.1493999747
0.1522552706
0.1531932091
0.1547255844
0.1542856347
0.1552254547
0.1557884176
0.1556946420
0.1532757941
0.1505161813
0.1495000082
0.1488898558
0.1463217519
0.1422643655
0.1373603564
0.1293921027
0.1253589598
0.1201278673
0.1180554644
0.1171449125
0.1157768449
0.1162114845
0.1173838812
0.1145804049
0.1153377002
0.1160441735
0.1212749075
0.1255256416
0.1297316117
0.1324126574
0.1351936695
0.1374432315
0.1383500320
0.1401356363
0.1418510045
0.1427044649
0.1432611313
0.1442853387
0.1452316154
0.1463712872
0.1475750379
0.1471273446
0.1478318118
0.1508211916
0.1518538014
0.1508978965
0.1516985647
0.1498544148
0.1493932730
0.1505384639
0.1511515983
0.1525934074
0.1541085367
0.1553773360
0.1575428737
0.1619097662
0.1649989462
0.1660737862
0.1684948818
0.1699120242
0.1726667607
0.1712946739
0.1712477806
0.1713942706
0.1654600313
0.1620457646
0.1572186033
0.1569367932
0.1535939785
0.1544459934
0.1515071430
0.1515402315
0.1497073580
0.1507527844
0.1505491782
0.1496363101
0.1478114370
0.1469387958
0.1456339224
0.1436552591
0.1436180246
0.1442146585
0.1415386552
0.1404287908
0.1417605848
0.1434019933
0.1447744994
0.1461820634
0.1464776472
0.1464179074
0.1426743182
0.1425473074
0.1449370548
0.1463115247
0.1439241220
0.1390874007
0.1367867090
0.1340214006
0.1323508337
0.1320338470
0.1294613389
0.1266468959
0.1242692514
0.1217768680
0.1184470368
0.1168505625
0.1116602377
0.1076343121
0.1023706996
0.0994873107
0.0997345156
0.0966524591
0.0976795922
0.0951096508
0.0942257626
0.0933136020
0.0921246182
0.0929079615
0.0912665894
0.0878975515
0.0890432995
0.0875065318
0.0850935415
0.0848234415
0.0802211877
0.0794911143
0.0753210767
0.0747603097
0.0747893659
0.0741219483
0.0704281937
0.0701927522
0.0695257459
0.0693266405
0.0666030374
0.0661611247
0.0648164056
0.0630516707
0.0625179838
0.0660815402
0.0662277333
0.0677976899
0.0676429061
0.0711632372
0.0693701205
0.0673451032
0.0685628232
0.0680520051
0.0682072149
0.0673932152
0.0672553266
0.0671948498
0.0668531478
0.0672465655
0.0664545088
0.0664151956
0.0657581962
0.0652539329
0.0652273660
0.0657399455
0.0657742962
0.0673405893
0.0689621660
0.0678523439
0.0713067272
0.0734585394
0.0760992198
0.0797157626
0.0816860576
0.0850447409
0.0850513342
0.0863261562
0.0864107588
0.0876860806
0.0859660425
0.0870941999
0.0875573772
0.0867776396
0.0843274701
0.0839142088
0.0860033972
0.0836724016
0.0823434810
0.0819407104
0.0822674146
0.0816668858
0.0820615571
0.0831988881
0.0823313653
0.0836949390
0.0840690860
0.0805462738
0.0760090847
0.0722416074
0.0704315640
0.0687484321
0.0676421635
0.0674689379
0.0672652519
0.0662744812
0.0655429679
0.0648734803
0.0627469461
0.0598158755
0.0560400167
0.0539988189
0.0520010300
0.0529783420
0.0539693965
0.0554174854
0.0569663266
0.0571462894
0.0557842449
0.0555405930
0.0552802932
0.0545927383
0.0565554021
0.0572519185
0.0593236607
0.0587340346
0.0606166749
0.0616314443
0.0605707466
0.0615152145
0.0629221031
0.0632796497
0.0650094326
0.0648829209
0.0676796845
0.0692578934
0.0740735082
0.0768133483
0.0800977251
0.0824609708
0.0840013328
0.0850785575
0.0857256161
0.0886180662
0.0865795095
0.0840921817
0.0821329055
0.0793891258
0.0813673913
0.0814539043
0.0809248136
0.0794567030
0.0792337222
0.0782076522
0.0770339724
0.0764440973
0.0777010775
0.0775112579
0.0797490743
0.0789802958
0.0787839288
0.0782911961
0.0779572025
0.0782592964
0.0779629357
0.0764970106
0.0762438225
0.0758213835
0.0732085506
0.0703733042
0.0655009633
0.0661093371
0.0655529586
0.0654870896
0.0667415992
0.0650670428
0.0624821030
0.0578955187
0.0506721922
0.0471987291
0.0430602220
0.0395465033
0.0383660100
0.0383299035
0.0397712533
0.0436014670
0.0465458440
0.0494978047
0.0481677159
0.0468571742
0.0466939306
0.0448796920
0.0442876108
0.0435688247
0.0452119855
0.0447299790
0.0442698286
0.0426382080
0.0408895135
0.0386408693
0.0352028190
0.0342427646
0.0342157493
0.0351537162
0.0353335191
0.0334860050
0.0328918225
0.0291857928
0.0322762701
0.0318764584
0.0302002755
0.0290892572
0.0281756753
0.0275057709
0.0268156124
0.0327355670
0.0350651585
0.0394147671
0.0373534610
0.0382912440
0.0378851062
0.0379893773
0.0345278362
0.0339401186
0.0380832347
0.0370956537
0.0407941468
0.0409495909
0.0381870961
0.0402515571
0.0402867653
0.0406939852
0.0413310807
0.0372173322
0.0375829995
0.0384520217
0.0332181988
0.0336408253
0.0314273068
0.0293249052
0.0258168316
0.0231510071
0.0254373686
0.0232141450
0.0236511809
0.0235942136
0.0252917959
0.0260351619
0.0251804416
0.0251784013
0.0298534923
0.0312313862
0.0429955901
0.0422980626
0.0512644716
0.0559314321
0.0497689976
0.0504502137
0.0417968810
0.0399865188
0.0373736851
0.0345401005
0.0301583953
0.0287136041
0.0294053127
0.0312143590
0.0326136331
0.0348705533
0.0364371489
0.0416974030
0.0448040448
0.0458246036
0.0495517059
0.0540975302
0.0577388343
0.0625102487
0.0715068338
0.0719668067
0.0732002440
0.0782665443
0.0777295409
0.0774520059
0.0745632098
0.0716568800
0.0736052928
0.0766356917
0.0788696312
0.0824970294
0.0867154328
0.0920913343
0.0990619471
0.1085834349
0.1154322662
0.1171887353
0.1162928027
0.1142021238
0.1133489243
0.1146924603
0.1153895109
0.1165863266
0.1173344427
0.1163641062
0.1144167852
0.1123760688
0.1133557275
0.1111733608
0.1129234501
0.1116793915
0.1112094682
0.1105871694
0.1097107893
0.1085273629
0.1052535945
0.1067463752
0.1051468697
0.1077310701
0.1111669143
0.1119359293
0.1131734765
0.1142588527
0.1144555924
0.1168435626
0.1162396691
0.1167360688
0.1163277863
0.1161219221
0.1184719502
0.1184581925
0.1220498136
0.1236805382
0.1239013012
0.1256447389
0.1267748849
0.1252032095
0.1254408003
0.1265486631
0.1272425985
0.1266851212
0.1258345115
0.1221140948
0.1221819962
0.1202542440
0.1184549987
0.1096408853
0.1080549716
0.1065128665
0.1053746974
0.1036406798
0.0996608252
0.0969949794
0.0964493545
0.0940357975
0.0939982771
0.0933505168
0.0919313559
0.0907590742
0.0926818342
0.0932769245
0.0952619693
0.1018375819
0.1071026627
0.1083387372
0.1109248268
0.1118330529
0.1141618860
0.1125746652
0.1119014806
0.1150119193
0.1118196587
0.1140867818
0.1084326910
0.1088050452
0.1076162408
0.1044359364
0.1024572684
0.1002076107
0.0982747905
0.0915175482
0.0889581605
0.0831726919
0.0837448123
0.0841373847
0.0829427740
0.0811990777
0.0804683574
0.0845831752
0.0807349247
0.0834552937
0.0896923802
0.0922553860
0.0979804482
0.0960391627
0.0997345522
0.1001124582
0.1063316007
0.0988717401
0.0989728054
0.0883685591
0.0852575118
0.0823014740
0.0803377514
0.0707579582
0.0690258627
0.0643179069
0.0616588756
0.0583985103
0.0553706629
0.0548654906
0.0487375130
0.0490247098
0.0432236936
0.0398252745
0.0412661341
0.0325555626
0.0345362246
0.0234258501
0.0199255002
0.0242699645
0.0237943410
0.0218957252
0.0162220159
0.0115442339
0.0184393846
0.0222955974
0.0231549655
0.0270186297
0.0249126704
0.0271375081
0.0267991566
0.0266227156
0.0359059829
0.0387302119
0.0445938551
0.0480415189
0.0522032517
0.0599600338
0.0635777116
0.0660132596
0.0687510514
0.0658747198
0.0607152117
0.0593890526
0.0501122664
0.0486082337
0.0443208168
0.0396655444
0.0372732233
0.0307903920
0.0309983070
0.0318729159
0.0346846856
0.0363847174
0.0372211767
0.0393519325
0.0426641570
0.0446605950
0.0455857356
0.0466370582
0.0500822117
0.0519128508
0.0574677052
0.0604547828
0.0667286893
0.0706649729
0.0745829993
0.0788917403
0.0842022237
0.0891616267
0.0914561717
0.0925830954
0.0926243407
0.0914069159
0.0904245000
0.0901724514
0.0893791587
0.0882729969
0.0858715763
0.0871756768
0.0877411602
0.0863998442
0.0883314962
0.0881993082
0.0881703152
0.0871218748
0.0852653633
0.0830226851
0.0814488405
0.0816431064
0.0786681412
0.0753461810
0.0686025252
0.0616635443
0.0613603592
0.0591898109
0.0584997527
0.0579093249
0.0505522532
0.0458326216
0.0396106964
0.0405517396
0.0386751556
0.0397687466
0.0400267584
0.0379373882
0.0303333117
0.0268566459
0.0243502348
0.0228154938
0.0184041262
0.0156204827
0.0131940533
0.0111343866
0.0116022368
0.0104422680
0.0131754116
0.0112179878
0.0124430942
0.0185201074
0.0220829543
0.0271045153
0.0335793797
0.0342398107
0.0352176402
0.0455246311
0.0444385436
0.0545497050
0.0657039205
0.0780020966
0.0767292884
0.0847581638
0.0822340874
0.0825714583
0.0820656448
0.0804357723
0.0812770196
0.0771380381
0.0704817995
0.0675713085
0.0630042680
0.0601321072
0.0561559657
0.0544393289
0.0561370706
0.0619780615
0.0645333165
0.0692206148
0.0641358964
0.0686170988
0.0725769701
0.0763061453
0.0822038742
0.0881054356
0.0909763916
0.0989899143
0.0997039063
0.1028371821
0.0977873135
0.1032938005
0.0962273713
0.0929826747
0.0914736276
0.0895415182
0.0890795973
0.0863422366
0.0880584527
0.0875539632
0.0879494343
0.0871408137
0.0871859552
0.0901080296
0.0922508121
0.0976970799
0.0993963428
0.1005236395
0.1005014132
0.1004544279
0.1036306698
0.0992425205
0.0994706935
0.1015491453
0.1066474187
0.1091546268
0.1091856356
0.1097735642
0.1093324852
0.1110079082
0.1095087583
0.1075649333
0.1092278293
0.1084314825
0.1080888611
0.1119983950
0.1110365552
0.1110346438
0.1126245940
0.1141032395
0.1181756535
0.1213684667
0.1238446352
0.1259020268
0.1291054651
0.1277748996
0.1259840363
0.1274467641
0.1254220333
0.1254531056
0.1268751655
0.1291640029
0.1315611823
0.1327105879
0.1363217206
0.1367549999
0.1389882799
0.1386181262
0.1377945818
0.1371972728
0.1364614027
0.1377791783
0.1380374659
0.1398433938
0.1420175395
0.1432677424
0.1426335440
0.1458713012
0.1476656415
0.1499208014
0.1514022338
0.1516986341
0.1502860068
0.1484871645
0.1457143885
0.1442290287
0.1413945188
0.1382800259
0.1378702800
0.1351682631
0.1344864548
0.1291033212
0.1252673089
0.1229368819
0.1173575893
0.1157505800
0.1105564704
0.1111565464
0.1055956793
0.1039681517
0.1047432765
0.0999599122
0.0992183778
0.1008746277
0.0980794130
0.0984711643
0.0991280744
0.0947751059
0.0937680875
0.0947296845
0.0910393796
0.0901661301
0.0891906005
0.0858511052
0.0850009213
0.0835601229
0.0817415011
0.0814248831
0.0803759882
0.0817588104
0.0817474646
0.0838061182
0.0759895638
0.0792386085
0.0798238837
0.0723695244
0.0735883706
0.0678908025
0.0716193303
0.0655730877
0.0670997297
0.0633090658
0.0656536630
0.0643858883
0.0624429221
0.0630457536
0.0585901470
0.0572797248
0.0593060316
0.0611243260
0.0667191917
0.0723018529
0.0802419680
0.0892019821
0.0981780258
0.1047364469
0.1050825139
0.1037034692
0.1048743208
0.1048617660
0.1104904841
0.1116664591
0.1082115859
0.1109677615
0.1076319516
0.1067150392
0.1004302925
0.0989903053
0.0942330166
0.0939770740
0.0924481663
0.0987777267
0.0973570517
0.1043671070
0.1076266626
0.1114481199
0.1138038033
0.1163735658
0.1179483126
0.1175681615
0.1177280365
0.1156724131
0.1151447152
0.1160074589
0.1167466806
0.1136861251
0.1104407906
0.1081429889
0.1075628515
0.1084472307
0.1121379868
0.1140649804
0.1121424931
0.1147840716
0.1167214140
0.1185281315
0.1184398044
0.1196077931
0.1208538341
0.1226146318
0.1220903427
0.1222862051
0.1201224194
0.1163036694
0.1106389121
0.1059455103
0.1039103936
0.1035452846
0.1015908094
0.1042679303
0.1090750016
0.1135764020
0.1184394342
0.1196450497
0.1244408490
0.1335303787
0.1403699052
0.1452747689
0.1459974548
0.1487105779
0.1435470832
0.1438835026
0.1397238931
0.1435098813
0.1410826633
0.1466571545
0.1466802875
0.1524570831
0.1478802592
0.1461051978
0.1412908777
0.1344507288
0.1314309507
0.1323051821
0.1295658782
0.1247579438
0.1278380070
0.1183144393
0.1167210382
0.1138692589
0.1094047319
0.1134115327
0.1112834325
0.1134996747
0.1110107315
0.1098733726
0.1027167781
0.0990450206
0.0941016819
0.0918108806
0.0898459171
0.0851806677
0.0758557287
0.0735740421
0.0751585635
0.0762222655
0.0730115032
0.0708535279
0.0667444449
0.0645707618
0.0587608629
0.0606650279
0.0599131097
0.0618185193
0.0559974184
0.0524610558
0.0518688866
0.0519001193
0.0510245938
0.0494861552
0.0480648160
0.0458473979
0.0429638533
