0.0519595830
0.0524123568
0.0515080272
0.0516103665
0.0516439701
0.0504186150
0.0478546405
0.0447606977
0.0468004756
0.0469193647
0.0465894268
0.0456426903
0.0450460309
0.0427151982
0.0562366226
0.0495127008
0.0489706313
0.0541431512
0.0565167093
0.0529135136
0.0504951619
0.0474299896
0.0375586271
0.0326574610
0.0537799800
0.0518927441
0.0543472566
0.0516468875
0.0477635220
0.0393959251
0.0399687911
0.0425461012
0.0429031914
0.0522247746
0.0553542680
0.0583124592
0.0543800738
0.0550541720
0.0592408112
0.0574191643
0.0561253852
0.0578555908
0.0597487286
0.0623485691
0.0611232758
0.0598835316
0.0567103859
0.0533326778
0.0583621401
0.0555060920
0.0492452431
0.0539322442
0.0534030310
0.0573787111
0.0571492771
0.0587976130
0.0620016513
0.0626011178
0.0636067710
0.0576410687
0.0554810315
0.0569423061
0.0574861559
0.0570350610
0.0558361205
0.0540289894
0.0558303650
0.0534857971
0.0529519263
0.0474128334
0.0442616625
0.0429714659
0.0410577563
0.0370714978
0.0349321099
0.0320807437
0.0191550003
0.0158686068
0.0331259553
0.0434543328
0.0524446478
0.0628392781
0.0737376755
0.0831129170
0.0522723868
0.0342236663
0.0367588309
0.0430004968
0.0517368142
0.0465499545
0.0370899308
0.0339445900
0.0355014879
0.0379015676
0.0386201656
0.0344091653
0.0375145644
0.0385539645
0.0432231302
0.0472046603
0.0412379479
0.0345628649
0.0334038366
0.0348449956
0.0295336685
0.0321006865
0.0291301620
0.0298000934
0.0305657922
0.0287066299
0.0276707360
0.0295133700
0.0363388952
0.0311210912
0.0361290930
0.0332218817
0.0380403205
0.0316309586
0.0332857166
0.0327300139
0.0384868982
0.0416587972
0.0442867504
0.0498510686
0.0555904070
0.0483029972
0.0488702126
0.0467507621
0.0482554718
0.0483375565
0.0445398179
0.0466366911
0.0453791396
0.0434426859
0.0478385119
0.0426221795
0.0477753815
0.0475751826
0.0470690040
0.0502308111
0.0475406339
0.0429447249
0.0433125704
0.0461538722
0.0418664159
0.0417225040
0.0385145695
0.0382943308
0.0416869309
0.0323577020
0.0379779085
0.0345300882
0.0364251113
0.0376650996
0.0422059813
0.0429987677
0.0384982438
0.0436324019
0.0458798455
0.0400364996
0.0340435905
0.0286865478
0.0258692694
0.0220062592
0.0362305505
0.0397100218
0.0329629473
0.0413222717
0.0327643211
0.0360455266
0.0347830831
0.0401684057
0.0444302239
0.0428407277
0.0485308965
0.0535466875
0.0507287028
0.0573658954
0.0567514280
0.0556131266
0.0591665309
0.0557238595
0.0568636950
0.0567065014
0.0558561465
0.0575986524
0.0573901501
0.0590158580
0.0631934458
0.0665126542
0.0641078851
0.0599467285
0.0587850130
0.0615104405
0.0567315476
0.0557375658
0.0603288014
0.0627456180
0.0586778550
0.0547698982
0.0490955407
0.0456278395
0.0501824256
0.0454302385
0.0423218943
0.0409765418
0.0430009354
0.0483179270
0.0379862861
0.0287021141
0.0269695475
0.0296625458
0.0302540453
0.0422517231
0.0225515266
0.0343985570
0.0322163411
0.0286532856
0.0266455121
0.0395395649
0.0358298171
0.0310943579
0.0297261403
0.0247282266
0.0307529039
0.0337537148
0.0424420385
0.0441218337
0.0475770952
0.0397151489
0.0389393557
0.0475178635
0.0395443001
0.0380952227
0.0402933482
0.0428579106
0.0417095528
0.0456627446
0.0426157207
0.0432915279
0.0460619912
0.0544615635
0.0483360762
0.0446976819
0.0450769445
0.0479518627
0.0402539780
0.0378054977
0.0344193932
0.0412460038
0.0422189576
0.0459152811
0.0450421453
0.0486096974
0.0483299079
0.0468824222
0.0502674703
0.0491215774
0.0471264112
0.0448483744
0.0407904969
0.0402919838
0.0411813356
0.0415891238
0.0411859693
0.0411686265
0.0539530393
0.0562343182
0.0550823016
0.0606017715
0.0588863506
0.0516177060
0.0499204632
0.0506145538
0.0524388941
0.0549817149
0.0598383915
0.0577700519
0.0551120254
0.0538816273
0.0562147760
0.0557843744
0.0607172626
0.0547932364
0.0549855478
0.0569517159
0.0576931519
0.0562403425
0.0530142624
0.0499263129
0.0516645981
0.0487612783
0.0502765488
0.0460478165
0.0470576497
0.0444230413
0.0446188897
0.0451986463
0.0426697847
0.0455007301
0.0464649363
0.0465382052
0.0471826928
0.0486059967
0.0515153870
0.0487844347
0.0509257577
0.0496802029
0.0486457983
0.0502826401
0.0484557892
0.0485549790
0.0495796725
0.0505344738
0.0515176389
0.0514717054
0.0521177844
0.0520056603
0.0532296005
0.0529625332
0.0529005865
0.0527180997
0.0541210409
0.0553982132
0.0558633866
0.0579820010
0.0571015324
0.0578395237
0.0589432741
0.0586591252
0.0568631095
0.0553300386
0.0570711963
0.0574933724
0.0600285480
0.0639787573
0.0676484128
0.0675857472
0.0654918832
0.0672039676
0.0668922798
0.0658967743
0.0692468411
0.0707523875
0.0676169241
0.0651129985
0.0664480266
0.0644851577
0.0678465121
0.0687711471
0.0715197819
0.0713143838
0.0711566321
0.0666575261
0.0655140518
0.0583332008
0.0569369565
0.0542447498
0.0549538764
0.0557677180
0.0557193981
0.0592907184
0.0595047135
0.0581715624
0.0580588442
0.0586274385
0.0589049939
0.0588726521
0.0590247186
0.0601616515
0.0606023337
0.0614999271
0.0638264165
0.0657291588
0.0678963741
0.0699989712
0.0687222749
0.0692471597
0.0710265263
0.0638483385
0.0641665804
0.0615795923
0.0634683538
0.0634512445
0.0569477365
0.0559490399
0.0578008535
0.0571331390
0.0556277492
0.0530653033
0.0560724931
0.0562359150
0.0573660649
0.0585537349
0.0609222703
0.0602604981
0.0577351826
0.0600372168
0.0573972460
0.0561179895
0.0578810862
0.0569158709
0.0548455455
0.0537156151
0.0540744627
0.0583582572
0.0557196478
0.0547182123
0.0530871239
0.0550697440
0.0521874775
0.0544281988
0.0479702000
0.0478240687
0.0473736464
0.0468149311
0.0456857533
0.0488727766
0.0529255870
0.0542746408
0.0513711315
0.0542897886
0.0528961595
0.0537657151
0.0559911037
0.0549883360
0.0527509671
0.0551143656
0.0557261897
0.0531905500
0.0523221778
0.0496666124
0.0509525940
0.0540288833
0.0528459028
0.0541999756
0.0519662458
0.0528825791
0.0522839694
0.0571236465
0.0565362576
0.0636262600
0.0632790251
0.0610365451
0.0533712234
0.0555561857
0.0607024276
0.0592038950
0.0600787869
0.0603360739
0.0631095124
0.0633695027
0.0645751493
0.0611633499
0.0536845772
0.0509282201
0.0513495803
0.0536266092
0.0513803000
0.0544997895
0.0535850811
0.0554091957
0.0579563258
0.0592102292
0.0577392516
0.0553886192
0.0539026891
0.0586005851
0.0568397605
0.0453454349
0.0441747685
0.0459553302
0.0461653926
0.0427271179
0.0482133962
0.0495889475
0.0536419398
0.0546285595
0.0586177402
0.0510178662
0.0541051505
0.0562973634
0.0574495379
0.0554100732
0.0581906305
0.0578747186
0.0557956501
0.0572327173
0.0621937045
0.0602325462
0.0607011019
0.0623338554
0.0594684979
0.0554620771
0.0566652598
0.0575212919
0.0555184985
0.0546940087
0.0540776261
0.0520005270
0.0541313268
0.0551410712
0.0526478194
0.0519030027
0.0538955602
0.0537384670
0.0542513739
0.0551455773
0.0571006644
0.0597726123
0.0580547675
0.0565201258
0.0553595199
0.0559606576
0.0584917612
0.0545590621
0.0542022954
0.0515167251
0.0500965140
0.0492847427
0.0531164053
0.0531136665
0.0507111299
0.0509816948
0.0531114299
0.0550189784
0.0561815022
0.0554391321
0.0562515275
0.0539447051
0.0533863953
0.0547831708
0.0535662362
0.0532672107
0.0530880314
0.0519723641
0.0496624965
0.0507638985
0.0503654029
0.0503093802
0.0485840040
0.0472807647
0.0462911336
0.0417246241
0.0417030511
0.0435387595
0.0438702985
0.0496135163
0.0502511821
0.0487385619
0.0473471026
0.0487860808
0.0433363450
0.0443858275
0.0449092867
0.0468985643
0.0450691925
0.0452428343
0.0445593021
0.0453325230
0.0493702498
0.0489554494
0.0505237537
0.0507812218
0.0505171871
0.0533080231
0.0520409997
0.0517653525
0.0511380193
0.0502392259
0.0522995830
0.0558355902
0.0523374524
0.0534451186
0.0493939747
0.0527534330
0.0549597310
0.0548204594
0.0543675554
0.0529589913
0.0510005588
0.0539766903
0.0519237711
0.0491925333
0.0519850207
0.0476724270
0.0482632662
0.0471325240
0.0474823639
0.0507040295
0.0531011706
0.0526938554
0.0515793320
0.0510265398
0.0526243466
0.0463539368
0.0430599768
0.0453600683
0.0449822286
0.0481042978
0.0511697534
0.0468876119
0.0542184641
0.0464127859
0.0425018994
0.0501557746
0.0631740142
0.0611328079
0.0556679710
0.0503744249
0.0479152544
0.0492777219
0.0541882671
0.0569775591
0.0520532833
0.0526712463
0.0506663577
0.0481885582
0.0452990998
0.0469340800
0.0465776276
0.0485263037
0.0509519662
0.0528533612
0.0572989137
0.0531943883
0.0573629037
0.0605305509
0.0596923796
0.0673256650
0.0730058751
0.0643172566
0.0645176248
0.0616649496
0.0647661844
0.0778277717
0.0688285195
0.0661661573
0.0676845222
0.0706538657
0.0708971861
0.0743556427
0.0761932183
0.0698892321
0.0781704403
0.0771543424
0.0805047458
0.0741254389
0.0682260903
0.0696722148
0.0627810251
0.0661273270
0.0709490996
0.0685199076
0.0617833890
0.0553019269
0.0603248908
0.0645623672
0.0610961648
0.0662140283
0.0662957564
0.0692033250
0.0699324882
0.0836730949
0.0713001312
0.0835469938
0.0751311338
0.0760623417
0.0766398645
0.0723955370
0.0714151433
0.0839501202
0.0822512405
0.0818705437
0.0811345896
0.0809163856
0.0775153522
0.0758904847
0.0763976740
0.0774175027
0.0742408277
0.0777012300
0.0761606662
0.0761458111
0.0773643774
0.0766311314
0.0745741931
0.0748324457
0.0718696565
0.0654999401
0.0622958038
0.0640718055
0.0629105136
0.0646011520
0.0615316077
0.0719791372
0.0742030307
0.0883898629
0.0856529140
0.0816024160
0.0836364809
0.0847600339
0.0838855706
0.0883938374
0.0958404562
0.0885468720
0.0965801965
0.1001342598
0.0961998738
0.1008726836
0.1001473000
0.1012318269
0.1056351090
0.1052545707
0.1072478488
0.1144534374
0.1179520943
0.1134652403
0.1127335119
0.1114982772
0.1235041619
0.1193631161
0.1162522219
0.1164654634
0.1194780553
0.1131678962
0.1286159153
0.1222911420
0.1107263835
0.1081783365
0.1087149114
0.1092440676
0.1072406576
0.1014522499
0.0978431049
0.0972280046
0.0891936531
0.0925425771
0.0893840666
0.0914796132
0.0890093767
0.0824509372
0.0873111947
0.0885952125
0.0898832278
0.0878338179
0.0851495007
0.0723680014
0.0736011464
0.0702869935
0.0714587675
0.0730795086
0.0735882380
0.0739848077
0.0677383310
0.0671825836
0.0680517007
0.0750312392
0.0776354009
0.0714037818
0.0691406662
0.0696419208
0.0787157875
0.0839283893
0.0886773071
0.0822693597
0.0768497698
0.0834336487
0.0824342953
0.0885523966
0.0802076210
0.0775372769
0.0769885217
0.0773418396
0.0806082862
0.0841915726
0.0870126656
0.0851069961
0.0827302166
0.0823589738
0.0817235036
0.0788386741
0.0812102165
0.0830269820
0.0873043942
0.0814490611
0.0869201740
0.0879343538
0.0796483515
0.0807820905
0.0721747074
0.0726835467
0.0726189291
0.0765286840
0.0854207510
0.0637824845
0.0655134618
0.0583158302
0.0730590915
0.0808743065
0.0679897892
0.0729856402
0.0972131173
0.0529145163
0.0643196692
0.0742333473
0.0719285607
0.0706111361
0.0635377945
0.0604187179
0.0609908335
0.0626559318
0.0619543384
0.0623139162
0.0673533009
0.0683524395
0.0614880721
0.0614011569
0.0607032663
0.0649171475
0.0609452745
0.0595772780
0.0626933123
0.0626943025
0.0627410630
0.0682662197
0.0670566068
0.0645905008
0.0691177564
0.0738563191
0.0759869245
0.0764291459
0.0746785522
0.0733471123
0.0708848649
0.0702345453
0.0662753556
0.0703438972
0.0664856986
0.0607038341
0.0619667846
0.0624317726
0.0502519243
0.0582794128
0.0544481964
0.0545779240
0.0587413761
0.0614154334
0.0634501617
0.0675174773
0.0667088801
0.0651781929
0.0682504837
0.0654656312
0.0684303133
0.0633822900
0.0577606683
0.0556302071
0.0573307096
0.0558121874
0.0558748258
0.0558400332
0.0577515935
0.0631168141
0.0641516916
0.0624145220
0.0584245115
0.0587503907
0.0571935910
0.0573686688
0.0566037280
0.0510517028
0.0511408853
0.0541114943
0.0452948871
0.0449625187
0.0452543641
0.0454788306
0.0455878348
0.0451576246
0.0502528016
0.0492103894
0.0483102057
0.0463691754
0.0468382538
0.0463735225
0.0452334927
0.0423932710
0.0407518422
0.0426377543
0.0473221021
0.0469949219
0.0471766877
0.0471005563
0.0474957982
0.0509121382
0.0517209218
0.0501515921
0.0529673796
0.0545722559
0.0528665054
0.0519182396
0.0514412304
0.0527638317
0.0470267949
0.0444411193
0.0410213696
0.0499465088
0.0480010044
0.0469910418
0.0435412772
0.0439262745
0.0487656287
0.0480083924
0.0503419992
0.0527073187
0.0515849747
0.0498496147
0.0512376353
0.0559431779
0.0584663157
0.0560274255
0.0573065818
0.0589072586
0.0619904361
0.0609294697
0.0649617981
0.0655351047
0.0599240457
0.0583813595
0.0557086658
0.0568715648
0.0564420684
0.0503016045
0.0502435793
0.0556211610
0.0562166403
0.0540560846
0.0605417990
0.0605654055
0.0588895124
0.0589951431
0.0552941834
0.0552362629
0.0509852589
0.0537146042
0.0548420557
0.0542404224
0.0518759999
0.0518413692
0.0519702572
0.0502423715
0.0512919476
0.0528664505
0.0517981386
0.0520119406
0.0513308938
0.0486047015
0.0519746262
0.0573800494
0.0572798591
0.0563042768
0.0543919576
0.0616527325
0.0654947023
0.0638629294
0.0625750555
0.0648024514
0.0638942779
0.0665717156
0.0674274794
0.0691319163
0.0693521868
0.0674811228
0.0682196681
0.0660559070
0.0566519009
0.0523471946
0.0477393745
0.0441307011
0.0446781224
0.0474613645
0.0502422121
0.0472901820
0.0496480287
0.0496516569
0.0520432336
0.0511071170
0.0468016994
0.0507674721
0.0496716000
0.0363387611
0.0389930905
0.0360729644
0.0297731472
0.0345074042
0.0354742382
0.0332448060
0.0346816531
0.0264738544
0.0206835204
0.0254723489
0.0265827853
0.0341349562
0.0428206637
0.0242712510
0.0265852250
0.0233911333
0.0247872705
0.0275619313
0.0295651327
0.0336663095
0.0329234268
0.0294541550
0.0258361415
0.0242460738
0.0204491613
0.0236982943
0.0270456015
0.0309357096
0.0343466583
0.0354172493
0.0413570589
0.0391588359
0.0380885228
0.0391133105
0.0386309137
0.0394751521
0.0430409685
0.0470502618
0.0405639384
0.0456382349
0.0409258028
0.0372360965
0.0363184037
0.0334152766
0.0385455947
0.0313558856
0.0270258685
0.0294859535
0.0299373779
0.0363978997
0.0366349225
0.0470093105
0.0488406300
0.0394762644
0.0360012511
0.0331880659
0.0378235583
0.0455629208
0.0310890300
0.0310745474
0.0302841550
0.0549698566
0.0555157514
0.0344339624
0.0445148451
0.0514792434
0.0472934849
0.0497595296
0.0589970007
0.0519125304
0.0503954972
0.0558880025
0.0550697325
0.0549438921
0.0550116946
0.0641371941
0.0662455333
0.0677336532
0.0700845309
0.0691909178
0.0692503501
0.0694288347
0.0669489038
0.0697254725
0.0667024544
0.0656665492
0.0620692085
0.0639809737
0.0691412195
0.0648103981
0.0710092715
0.0763787327
0.0759882873
0.0687336819
0.0760478569
0.0743115009
0.0747661624
0.0775519408
0.0711064454
0.0687807470
0.0665051222
0.0564006450
0.0585716354
0.0571932321
0.0631884772
0.0589250611
0.0595384026
0.0595562545
0.0598365463
0.0600237455
0.0577270143
0.0570194940
0.0506212222
0.0462266020
0.0446607531
0.0392691094
0.0388600751
0.0404128630
0.0388476892
0.0372609883
0.0351142508
0.0374471556
0.0370274312
0.0398355670
0.0424900426
0.0443053665
0.0453235221
0.0460259565
0.0478790235
0.0500311877
0.0500420119
0.0527709584
0.0539960670
0.0588219171
0.0560833252
0.0531743380
0.0551267292
0.0578076102
0.0634526121
0.0604851639
0.0583795924
0.0616982673
0.0622196839
0.0554890129
0.0635816031
0.0615858107
0.0487131102
0.0502446556
0.0538824314
0.0562877738
0.0504122235
0.0485086365
0.0434816104
0.0479899797
0.0432972767
0.0416139941
0.0381635482
0.0381049904
0.0373649941
0.0376125568
0.0406336782
0.0395745296
0.0402042955
0.0414680488
0.0479822985
0.0475406091
0.0488196456
0.0472723923
0.0448068643
0.0461742213
0.0456681042
0.0382346796
0.0404898580
0.0373248273
0.0403932808
0.0421942024
0.0471405173
0.0437059192
0.0431135408
0.0429780956
0.0416122147
0.0425505349
0.0435947089
0.0392364316
0.0354757233
0.0365795027
0.0325753444
0.0319839041
0.0320134670
0.0329977374
0.0338246093
0.0310582412
0.0398696711
0.0320174572
0.0281602246
0.0259134743
0.0261182714
0.0317759518
0.0345267038
0.0361290701
0.0362773499
0.0388001772
0.0356723880
0.0382223840
0.0317219507
0.0331377844
0.0333265730
0.0282508706
0.0287586308
0.0295170140
0.0278422204
0.0287170867
0.0309307922
0.0366052925
0.0386992187
0.0414644629
0.0482911079
0.0499346776
0.0531592524
0.0524019690
0.0532222398
0.0505072488
0.0457458172
0.0468521321
0.0506970066
0.0573084546
0.0479658065
0.0435304805
0.0435435979
0.0409104369
0.0413385516
0.0459315799
0.0470382949
0.0526353765
0.0641935067
0.0541592994
0.0502910997
0.0489805887
0.0545651404
0.0563464932
0.0548427788
0.0516367362
0.0535049249
0.0543689975
0.0570517597
0.0619669239
0.0559966969
0.0538883872
0.0605433138
0.0660208304
0.0655791888
0.0704514602
0.0770337336
0.0750366400
0.0783868059
0.0722014916
0.0719107185
0.0685098126
0.0716025961
0.0702063742
0.0655037691
0.0623709692
0.0618998172
0.0593605105
0.0568354073
0.0614812070
0.0688975469
0.0761690172
0.0696357094
0.0681035029
0.0690505411
0.0646331931
0.0680166264
0.0620133244
0.0850291595
0.0548411540
0.0518196202
0.0575790052
0.0604694001
0.0537681546
0.0584223409
0.0494073642
0.0486227695
0.0485098017
0.0491400100
0.0453605114
0.0468351399
0.0520282131
0.0523692526
0.0522286679
0.0519620102
0.0510796838
0.0542261397
0.0568931024
0.0592749224
0.0605377980
0.0610608816
0.0609448586
0.0620813752
0.0716964538
0.0638841473
0.0648951201
0.0636841734
0.0536796411
0.0469882249
0.0574670171
0.0532470994
0.0440506908
0.0429807936
0.0388104802
0.0325628417
0.0338183819
0.0346506688
0.0358594955
0.0361168355
0.0389046910
0.0325635701
0.0292632100
0.0257929796
0.0294917482
0.0330171733
0.0312425164
0.0281305533
0.0257145904
0.0226470908
0.0170414151
0.0165299178
0.0158879310
0.0149490741
0.0150991492
0.0158052514
0.0172071994
0.0176348726
0.0197845656
0.0209700201
0.0258687858
0.0278319885
0.0309065273
0.0333485017
0.0379670295
0.0311107165
0.0322799045
0.0347235816
0.0453896044
0.0459190261
0.0420657701
0.0444036281
0.0550693014
0.0500973588
0.0508660406
0.0429156668
0.0428834739
0.0397356463
0.0423451749
0.0515183319
0.0537442273
0.0592573319
0.0539253461
0.0460969388
0.0359440794
0.0293126978
0.0271853973
0.0294819090
0.0353318774
0.0308901406
0.0338534558
0.0330882648
0.0365827156
0.0361719551
0.0394501633
0.0436238694
0.0431452779
0.0439615601
0.0446417282
0.0437606745
0.0420940818
0.0473138060
0.0466703631
0.0441200219
0.0489656541
0.0511277844
0.0533871515
0.0478592853
0.0485170808
0.0559026929
0.0584029164
0.0645930934
0.0606798035
0.0657501918
0.0685794436
0.0644822551
0.0585696563
0.0619089879
0.0587950031
0.0570080432
0.0546309902
0.0516033598
0.0535551373
0.0481974161
0.0497960985
0.0535011941
0.0591269504
0.0557804813
0.0610029564
0.0598074039
0.0668312471
0.0687794950
0.0832636782
0.0916024880
0.0930940217
0.0816725405
0.0641294556
0.0682863238
0.0605501614
0.0583007716
0.0598977806
0.0542869839
0.0548648323
0.0557194119
0.0572638267
0.0555131400
0.0546888628
0.0536661251
0.0567477031
0.0540554054
0.0623120026
0.0495434476
0.0439960298
0.0520815916
0.0528967352
0.0461513942
0.0414111550
0.0396717177
0.0394677675
0.0389490551
0.0409569160
0.0441086620
0.0437337940
0.0444455809
0.0403561359
0.0342036284
0.0380792733
0.0400014934
0.0372505498
0.0389266080
0.0470316510
0.0435579179
0.0446741846
0.0428491898
0.0449276406
0.0434178853
0.0393265215
0.0359696392
0.0405723606
0.0475513905
0.0447105483
0.0414232968
0.0389846124
0.0397891700
0.0376534391
0.0391525509
0.0286754102
0.0217235236
0.0174426626
0.0148667579
0.0197778814
0.0208568340
0.0282576223
0.0267248670
0.0271586578
0.0261893745
0.0319178145
0.0334048742
0.0324911141
0.0413056878
0.0450463311
0.0459357408
0.0472811151
0.0527734467
0.0591968819
0.0578805162
0.0701017787
0.0676026929
0.0705073012
0.0722118805
0.0729698619
0.0710957528
0.0696818306
0.0719913252
0.0719386776
0.0736199295
0.0731440902
0.0725256503
0.0772296515
0.0816533501
0.0865498081
0.0845436060
0.0847047371
0.0838400093
0.0837813193
0.0830687934
0.0832448833
0.0885137337
0.0903920803
0.0776231726
0.0742842502
0.0740636028
0.0743232457
0.0737117392
0.0621394935
0.0658719785
0.0666147661
0.0659591184
0.0596008764
0.0563484971
0.0588512205
0.0694326540
0.0725951078
0.0743759880
0.0814971479
0.0983513852
0.0927043674
0.0912844854
0.0855599422
0.0858820609
0.0854922619
0.0862665640
0.0849708302
0.0843180143
0.0843114814
0.0848009422
0.0830124342
0.0825677376
0.0778313833
0.0757636159
0.0714038659
0.0667382135
0.0621892159
0.0624924780
0.0605828567
0.0605494165
0.0611510682
0.0594582527
0.0668032030
0.0653944425
0.0651573953
0.0744667112
0.0805838819
0.0772933046
0.0788747810
0.0808147088
0.0724296694
0.0789971070
0.0794699945
0.0775262665
0.0758532199
0.0759882292
0.0725514204
0.0728405141
0.0735093854
0.0727666284
0.0699728075
0.0686586898
0.0682133791
0.0681405117
0.0679661765
0.0704519333
0.0680333321
0.0687528125
0.0673534992
0.0629145138
0.0624604531
0.0640816057
0.0610367084
0.0581378058
0.0719396936
0.0792844541
0.0852114730
0.0751354989
0.0708824210
0.0742717086
0.0791538296
0.0781709017
0.0788566803
0.0850365088
0.0850801938
0.0779324425
0.0751284697
0.0757100339
0.0758226844
0.0753442398
0.0687181739
0.0649758951
0.0677385527
0.0632876045
0.0625844175
0.0574743093
0.0576272003
0.0575964973
0.0572815067
0.0539291940
0.0620850265
0.0645417495
0.0652573914
0.0663673181
0.0564412669
0.0558967849
0.0610681110
0.0614961286
0.0682613315
0.0663767938
0.0743489905
0.0740722557
0.0773545414
0.0780966067
0.0798533242
0.0813581650
0.0815975470
0.0819969916
0.0779415599
0.0787431800
0.0722365491
0.0702642055
0.0729138837
0.0666726229
0.0628144992
0.0631692233
0.0580955437
0.0631463550
0.0558294063
0.0554406667
0.0556575620
0.0588346231
0.0620953907
0.0622010271
0.0663579125
0.0577159438
0.0642160647
0.0587197720
0.0638912225
0.0632679612
0.0614347545
0.0600449765
0.0581984793
0.0545138385
0.0588362982
0.0580626562
0.0574357872
0.0607407130
0.0642433581
0.0637347372
0.0663427455
0.0677580672
0.0715671999
0.0747345045
0.0773663306
0.0775870526
0.0767317495
0.0802747385
0.0793781938
0.0843915158
0.0818725798
0.0782654835
0.0743711469
0.0727785000
0.0663735349
0.0627529472
0.0674649068
0.0705489666
0.0663818698
0.0757842691
0.0735260009
0.0692853318
0.0747038535
0.0693722884
0.0710586469
0.0742370335
0.0776161719
0.0851098040
0.0709038784
0.0718129275
0.0751954515
0.0719967287
0.0712277074
0.0823098115
0.0894890746
0.0913394273
0.0767664284
0.0801321710
0.0796997895
0.0834089056
0.0676321440
0.0650145048
0.0653714558
0.0653433710
0.0676734276
0.0699322925
0.0684554029
0.0674930521
0.0651505896
0.0714333033
0.0688534068
0.0727927510
0.0701992011
0.0706264188
0.0721222777
0.0686649252
0.0693913151
0.0718894898
0.0765288296
0.0735443019
0.0717868486
0.0684329635
0.0607745234
0.0596371974
0.0597127938
0.0609422754
0.0682341942
0.0712876652
0.0714498148
0.0728948947
0.0722668496
0.0667506373
0.0672938582
0.0678530408
0.0694743385
0.0662654229
0.0689877726
0.0727093368
0.0769440385
0.0815625640
0.0857423861
0.0847666538
0.0829392251
0.0792721193
0.0843698021
0.0834033985
0.0815830477
0.0773064146
0.0716498187
0.0715448703
0.0769812058
0.0813881961
0.0912905718
0.0991296108
0.0993814312
0.0927265689
0.0952025649
0.0955093011
0.0937805739
0.0906330798
0.0977057880
0.0963004162
0.0952560546
0.0996466054
0.0978656561
0.0990145414
0.0972189912
0.0961401086
0.0865871503
0.0859195543
0.0858393402
0.0908753625
0.0895320953
0.0896086105
0.0922470691
0.0874106319
0.0867073871
0.1027987221
0.1050745845
0.1024101115
0.1019798387
0.0981362453
0.1010858829
0.1120037375
0.1081675276
0.1029276025
0.1014290842
0.0914949939
0.0860901803
0.0908227051
0.0981672612
0.1029203195
0.1063297983
0.1057379012
0.1033604287
0.1034563629
0.0943866989
0.1050841501
0.1116659327
0.1013166547
0.1012477582
0.1006205204
0.1004982656
0.1005422588
0.0931762654
0.0981897237
0.0917900554
0.0884299574
0.0905268992
0.0862741329
0.0873614232
0.0909367180
0.0913947771
0.0889863534
0.0912472978
0.0961665792
0.0971435047
0.0991263011
0.0959044428
0.0887489375
0.0862466659
0.0867612820
0.0934150160
0.0915043820
0.0991035525
0.1016934638
0.0952681338
0.0959176229
0.0949438348
0.0919573398
0.0921263938
0.0949180194
0.0958582364
0.1018717181
0.0991449032
0.0981845625
0.0921037775
0.0891813681
0.0930397439
0.0935568222
0.0909323226
0.0846279915
0.0832705531
0.0960956472
0.0991356295
0.0842593648
0.0816692467
0.0939787852
0.0861011692
0.0898392740
0.0928778245
0.0911044964
0.0926754583
0.0874675632
0.0868962094
0.0832366396
0.0896343225
0.0951601127
0.0889041751
0.0890116537
0.0899715595
0.0892749190
0.0890762652
0.0915768245
0.0975475064
0.0988175749
0.1021063734
0.0933673219
0.0878776964
0.0881950505
0.0853600422
0.0834707195
0.0847916962
0.0856414675
0.0829758987
0.0736913065
0.0800613781
0.0804910068
0.0775054963
0.0760918686
0.0852267925
0.0879383910
0.0904720492
0.0835028905
0.0846452289
0.0836331022
0.0861001792
0.0826519714
0.0797554613
0.0774834558
0.0734223653
0.0767506686
0.0683493391
0.0658232759
0.0656508270
0.0674760246
0.0758341296
0.0723590975
0.0740861720
0.0741648731
0.0721892768
0.0737793297
0.0750944273
0.0762894587
0.0784956927
0.0794626926
0.0811631740
0.0822864583
0.0800283825
0.0771726557
0.0782841532
0.0740942610
0.0754223751
0.0895264050
0.1024811816
0.0990963310
0.1044515786
0.1066155452
0.1060426091
0.1061832606
0.1073037267
0.1098467303
0.1034178706
0.1064076595
0.1022910531
0.1009430980
0.1020785416
0.1013326749
0.0942092052
0.0892823699
0.0800241280
0.0765743727
0.0762175671
0.0787174893
0.0743345106
0.0773196541
0.0792634625
0.0809876794
0.0844847653
0.0928108495
0.0953344560
0.0924433284
0.0940588171
0.0917715465
0.0935013461
0.0996039938
0.1015886811
0.0901560176
0.0941037466
0.0938249841
0.0898285050
0.0949712492
0.0891102741
0.0948080176
0.0973531087
0.1021278674
0.1048259554
0.1095971110
0.1124310586
0.1134383416
0.1101490391
0.1097112587
0.1096219750
0.1067818182
0.1073600257
0.1083592729
0.1149023253
0.1058374205
0.0955387840
0.0974699373
0.0919836301
0.0951743083
0.0919777655
0.0932552680
0.0972580143
0.0930727978
0.0930738916
0.0940265179
0.0882030278
0.0879374822
0.0848187935
0.0879146687
0.0944281507
0.0888813489
0.0913395345
0.0881992029
0.0933800814
0.0866540332
0.0872982461
0.0853782486
0.0877080846
0.0844673918
0.0778710938
0.0794338324
0.0820815238
0.0815523967
0.0838511621
0.0845109998
0.0824691311
0.0790090879
0.0711592566
0.0705261026
0.0655668801
0.0653988496
0.0700408952
0.0688265399
0.0670076261
0.0744747624
0.0722905390
0.0741970393
0.0711917967
0.0815077421
0.0847028210
0.0829120156
0.0903790019
0.0889737302
0.0738407382
0.0708239673
0.0701102632
0.0717481718
0.0673673875
0.0788465095
0.0791954554
0.0764593123
0.0726270324
0.0737131971
0.0744247252
0.0750740818
0.0719639401
0.0752150829
0.0743944652
0.0791081072
0.0617983314
0.0657429813
0.0609948025
0.0643229783
0.0662990049
0.0683179491
0.0714985794
0.0717878722
0.0749682703
0.0770630280
0.0737741492
0.0700555356
0.0635158619
0.0593519925
0.0603746948
0.0616791114
0.0651861481
0.0662568140
0.0683292864
0.0665525818
0.0743111622
0.0747354872
0.0718535396
0.0726700993
0.0691180950
0.0666128443
0.0736082197
0.0733416436
0.0655013794
0.0607863377
0.0612097215
0.0603076929
0.0578193895
0.0634249727
0.0571149687
0.0524027881
0.0684845170
0.0696633066
0.0728234986
0.0737193563
0.0700964748
0.0706271703
0.0648880320
0.0669244683
0.0656978654
0.0693661209
0.0674935040
0.0684172816
0.0674066343
0.0658851481
0.0673090120
0.0618301431
0.0517094404
0.0521718983
0.0531849942
0.0531020485
0.0433835257
0.0359968194
0.0395406927
0.0401629363
0.0349408789
0.0427710731
0.0503032217
0.0498165923
0.0411130016
0.0430583226
0.0453741214
0.0392080487
0.0493416758
0.0435268799
0.0412512829
0.0381824676
0.0314349069
0.0272404417
0.0308499582
0.0322248605
0.0284881769
0.0242373214
0.0336866575
0.0397310819
0.0422455614
0.0368295114
0.0408312536
0.0396243303
0.0428882419
0.0504353258
0.0528378109
0.0643412041
0.0705780834
0.0679270601
0.0792068724
0.0889928951
0.0604163514
0.0622033909
0.0614359778
0.0597459542
0.0545326409
0.0491404268
0.0499382994
0.0494036211
0.0310667449
0.0353224481
0.0503456019
0.0420733464
0.0488587673
0.0499528052
0.0511565619
0.0513809194
0.0510508729
0.0543889239
0.0543402906
0.0508322830
0.0453784786
0.0486838144
0.0478709504
0.0443601531
0.0416427845
0.0520752164
0.0519243723
0.0463879031
0.0524615871
0.0543693856
0.0516566726
0.0504390145
0.0484229060
0.0452666069
0.0474892561
0.0532125693
0.0528234767
0.0466816080
0.0489897669
0.0480271261
0.0486874681
0.0353465841
0.0363373241
0.0357159286
0.0356210968
0.0396122262
0.0371515354
0.0372403882
0.0386502632
0.0414296146
0.0431408456
0.0344051377
