0.0686216448
0.0686216448
0.0684322826
0.0684322826
0.0680557222
0.0680557222
0.0705802413
0.0705802413
0.0718407378
0.0718407378
0.0681533312
0.0681533312
0.0706646989
0.0706646989
0.0725262952
0.0725262952
0.0758888106
0.0758888106
0.0766004245
0.0766004245
0.0604652536
0.0604652536
0.0514137475
0.0514137475
0.0802963259
0.0802963259
0.0789447110
0.0789447110
0.1153012109
0.1153012109
0.0950046469
0.0950046469
0.0973019686
0.0973019686
0.1031267790
0.1031267790
0.1060469087
0.1060469087
0.0744196182
0.0744196182
0.0735856484
0.0735856484
0.0708546564
0.0708546564
0.0775861986
0.0775861986
0.0838228444
0.0838228444
0.0833763611
0.0833763611
0.0782687793
0.0782687793
0.0716639029
0.0716639029
0.0654563301
0.0654563301
0.0294689163
0.0294689163
0.0525292267
0.0525292267
0.0431503498
0.0431503498
0.0405069535
0.0405069535
0.1762738877
0.1762738877
0.2968195605
0.2968195605
0.3912354060
0.3912354060
0.4998681798
0.4998681798
0.5098915498
0.5098915498
0.5244745496
0.5244745496
0.5378721307
0.5378721307
0.5269363492
0.5269363492
0.5640649921
0.5640649921
0.5768413208
0.5768413208
0.5834293180
0.5834293180
0.4941701103
0.4941701103
0.4580780434
0.4580780434
0.4161122983
0.4161122983
0.4263143173
0.4263143173
0.3645232226
0.3645232226
0.3794203758
0.3794203758
0.3622609663
0.3622609663
0.4506941004
0.4506941004
0.4677806895
0.4677806895
0.4827961409
0.4827961409
0.4666824376
0.4666824376
0.4300885463
0.4300885463
0.4112845615
0.4112845615
0.4116860314
0.4116860314
0.4136458377
0.4136458377
0.4164555133
0.4164555133
0.3253804135
0.3253804135
0.3005448980
0.3005448980
0.2682995393
0.2682995393
0.2412287093
0.2412287093
0.2171364386
0.2171364386
0.2183589347
0.2183589347
0.2291229445
0.2291229445
0.2495411313
0.2495411313
0.2719978456
0.2719978456
0.1613141978
0.1613141978
0.0775507100
0.0775507100
0.0343375668
0.0343375668
0.0100206804
0.0100206804
0.0101406811
0.0101406811
0.0095874622
0.0095874622
0.0100497260
0.0100497260
0.0089676783
0.0089676783
0.0096748809
0.0096748809
0.0080270274
0.0080270274
0.0076034622
0.0076034622
0.0075211813
0.0075211813
0.0081813528
0.0081813528
0.0070657886
0.0070657886
0.0071762405
0.0071762405
0.0074615663
0.0074615663
0.0070232488
0.0070232488
0.0073912769
0.0073912769
0.0073953747
0.0073953747
0.0101041362
0.0101041362
0.0100265020
0.0100265020
0.0093835079
0.0093835079
0.0090590364
0.0090590364
0.0112915687
0.0112915687
0.0142426279
0.0142426279
0.0121574782
0.0121574782
0.0131451595
0.0131451595
0.0107847701
0.0107847701
0.0130693670
0.0130693670
0.0140911399
0.0140911399
0.0176056864
0.0176056864
0.0213752149
0.0213752149
0.0235464346
0.0235464346
0.0177088777
0.0177088777
0.0120517546
0.0120517546
0.0103050316
0.0103050316
0.0134253518
0.0134253518
0.0233806076
0.0233806076
0.0241777218
0.0241777218
0.0241425355
0.0241425355
0.0227326674
0.0227326674
0.0202584116
0.0202584116
0.0242725181
0.0242725181
0.0212978064
0.0212978064
0.0212151713
0.0212151713
0.0306209781
0.0306209781
0.0222970119
0.0222970119
0.0230249771
0.0230249771
0.0226240579
0.0226240579
0.0245076914
0.0245076914
0.0310098150
0.0310098150
0.0250817105
0.0250817105
0.0213860616
0.0213860616
0.0194895384
0.0194895384
0.0185170303
0.0185170303
0.0155214524
0.0155214524
0.0155648640
0.0155648640
0.0222198027
0.0222198027
0.0237513114
0.0237513114
0.0254126315
0.0254126315
0.0249986840
0.0249986840
0.0200927871
0.0200927871
0.0189572841
0.0189572841
0.0223933730
0.0223933730
0.0225832762
0.0225832762
0.0223680072
0.0223680072
0.0259276905
0.0259276905
0.0301954971
0.0301954971
0.0334487511
0.0334487511
0.0251443787
0.0251443787
0.0278512572
0.0278512572
0.0257579576
0.0257579576
0.0243706788
0.0243706788
0.0290849304
0.0290849304
0.0292958512
0.0292958512
0.0368347159
0.0368347159
0.0336082525
0.0336082525
0.0376195805
0.0376195805
0.0387092475
0.0387092475
0.0427570154
0.0427570154
0.0442158994
0.0442158994
0.0475431140
0.0475431140
0.0530180069
0.0530180069
0.0549600335
0.0549600335
0.0608164897
0.0608164897
0.0454130689
0.0454130689
0.0457599577
0.0457599577
0.0485953351
0.0485953351
0.0544141282
0.0544141282
0.0538236949
0.0538236949
0.0481899476
0.0481899476
0.0493590863
0.0493590863
0.0481235853
0.0481235853
0.0518819652
0.0518819652
0.0379186052
0.0379186052
0.0381427899
0.0381427899
0.0405506987
0.0405506987
0.0374137053
0.0374137053
0.0327186502
0.0327186502
0.0331869570
0.0331869570
0.0278651366
0.0278651366
0.0338918464
0.0338918464
0.0307099252
0.0307099252
0.0284106546
0.0284106546
0.0325328441
0.0325328441
0.0374708167
0.0374708167
0.0348683310
0.0348683310
0.0332550043
0.0332550043
0.0348607808
0.0348607808
0.0360224601
0.0360224601
0.0385164482
0.0385164482
0.0450189936
0.0450189936
0.0486897464
0.0486897464
0.0521096782
0.0521096782
0.0513938316
0.0513938316
0.0511600073
0.0511600073
0.0454216687
0.0454216687
0.0390953898
0.0390953898
0.0293536292
0.0293536292
0.0462397904
0.0462397904
0.0332405874
0.0332405874
0.0402452871
0.0402452871
0.0404677972
0.0404677972
0.0391383236
0.0391383236
0.0394729327
0.0394729327
0.0435728249
0.0435728249
0.0328340842
0.0328340842
0.0391258364
0.0391258364
0.0493971905
0.0493971905
0.0321916962
0.0321916962
0.0385511612
0.0385511612
0.0199022848
0.0199022848
0.0187307301
0.0187307301
0.0185345986
0.0185345986
0.0232345592
0.0232345592
0.0244699451
0.0244699451
0.0170907058
0.0170907058
0.0248620361
0.0248620361
0.0307987983
0.0307987983
0.0318056914
0.0318056914
0.0337632881
0.0337632881
0.0367120640
0.0367120640
0.0412465937
0.0412465937
0.0382743400
0.0382743400
0.0433310049
0.0433310049
0.0253025670
0.0253025670
0.0561509665
0.0561509665
0.0344475804
0.0344475804
0.0285963926
0.0285963926
0.0306400850
0.0306400850
0.0286854799
0.0286854799
0.0261994791
0.0261994791
11.4799132999
11.4799132999
11.4951118458
11.4951118458
11.4949599704
11.4949599704
11.4968620760
11.4968620760
11.4929871234
11.4929871234
11.4943327126
11.4943327126
11.4972162834
11.4972162834
11.4985212303
11.4985212303
11.4935471712
11.4935471712
11.4930333718
11.4930333718
11.4942457440
11.4942457440
11.4944183264
11.4944183264
11.4918977191
11.4918977191
11.4908660010
11.4908660010
11.4926615506
11.4926615506
11.4945654414
11.4945654414
11.4964850934
11.4964850934
11.5031401976
11.5031401976
11.5017466455
11.5017466455
11.5125709145
11.5125709145
11.5169298030
11.5169298030
11.5212959753
11.5212959753
11.5268758696
11.5268758696
11.5267858330
11.5267858330
11.5323640652
11.5323640652
11.5296447508
11.5296447508
11.5285913793
11.5285913793
11.5267303733
11.5267303733
11.5379235388
11.5379235388
11.5368182865
11.5368182865
11.5329890347
11.5329890347
11.5311958346
11.5311958346
11.5316118759
11.5316118759
11.5251994105
11.5251994105
11.5312263775
11.5312263775
11.5270356390
11.5270356390
11.5140520722
11.5140520722
11.5133254467
11.5133254467
11.5029600773
11.5029600773
11.5040020008
11.5040020008
11.5014379364
11.5014379364
11.4980961691
11.4980961691
11.4975446425
11.4975446425
11.4974942710
11.4974942710
11.5006217005
11.5006217005
11.5005780215
11.5005780215
11.5059428437
11.5059428437
11.5066862415
11.5066862415
11.5040910339
11.5040910339
11.5036322026
11.5036322026
11.5062794776
11.5062794776
11.5013435317
11.5013435317
11.5023892472
11.5023892472
11.5073623449
11.5073623449
11.5048977371
11.5048977371
11.5075031038
11.5075031038
11.5161095019
11.5161095019
11.5065285641
11.5065285641
11.5032304607
11.5032304607
11.5088069378
11.5088069378
11.5033611057
11.5033611057
11.4952776489
11.4952776489
11.4696092645
11.4696092645
11.4561535964
11.4561535964
11.4505126755
11.4505126755
11.4542038482
11.4542038482
11.4489221080
11.4489221080
11.4560982186
11.4560982186
11.4705346067
11.4705346067
11.4758425732
11.4758425732
11.4942738271
11.4942738271
11.4955837277
11.4955837277
11.5180448160
11.5180448160
11.5304158517
11.5304158517
11.5240042131
11.5240042131
11.5019601682
11.5019601682
11.5114197640
11.5114197640
11.4948949094
11.4948949094
11.4961576099
11.4961576099
11.4929298874
11.4929298874
11.4925712598
11.4925712598
11.4815087133
11.4815087133
11.4779139533
11.4779139533
11.4947287556
11.4947287556
11.5052834455
11.5052834455
11.5029198554
11.5029198554
11.5092689157
11.5092689157
11.5054426840
11.5054426840
11.5161986263
11.5161986263
11.5251789852
11.5251789852
11.5185872943
11.5185872943
11.5284420807
11.5284420807
11.5361019842
11.5361019842
11.5388662278
11.5388662278
11.5442213302
11.5442213302
11.5472523708
11.5472523708
11.5580872311
11.5580872311
11.5545206931
11.5545206931
11.5505922825
11.5505922825
11.5508598126
11.5508598126
11.5468018852
11.5468018852
11.5416916669
11.5416916669
11.5354064070
11.5354064070
11.5328712810
11.5328712810
11.5340185460
11.5340185460
11.5469657690
11.5469657690
11.5499902246
11.5499902246
11.5383816108
11.5383816108
11.5373275366
11.5373275366
11.5383480694
11.5383480694
11.5354349413
11.5354349413
11.5341927113
11.5341927113
11.5350141322
11.5350141322
11.5321460612
11.5321460612
11.5464402450
11.5464402450
11.5450656535
11.5450656535
11.5645750973
11.5645750973
11.5668565720
11.5668565720
11.5572961155
11.5572961155
11.5559251693
11.5559251693
11.5556478189
11.5556478189
11.5751184241
11.5751184241
11.5842350657
11.5842350657
11.5966633054
11.5966633054
11.5943198882
11.5943198882
11.5672081768
11.5672081768
11.5567850238
11.5567850238
11.5563838966
11.5563838966
11.5496704513
11.5496704513
11.5444158279
11.5444158279
11.5385974301
11.5385974301
11.5396670639
11.5396670639
11.5498815248
11.5498815248
11.5524272378
11.5524272378
11.5563658581
11.5563658581
11.5593468204
11.5593468204
11.5645920251
11.5645920251
11.5726530499
11.5726530499
11.5768485833
11.5768485833
11.5786206660
11.5786206660
11.5891935941
11.5891935941
11.5985448827
11.5985448827
11.6109423540
11.6109423540
11.6066881631
11.6066881631
11.6059276822
11.6059276822
11.6071079687
11.6071079687
11.6038771532
11.6038771532
11.6043714634
11.6043714634
11.6078099040
11.6078099040
11.6020126770
11.6020126770
11.6002522426
11.6002522426
11.5954804237
11.5954804237
11.6041507779
11.6041507779
11.5960750267
11.5960750267
11.5943654350
11.5943654350
11.5925263584
11.5925263584
11.5904759945
11.5904759945
11.5908016750
11.5908016750
11.5956476087
11.5956476087
11.5958674729
11.5958674729
11.5981222555
11.5981222555
11.6029176725
11.6029176725
11.6048605438
11.6048605438
11.6077787583
11.6077787583
11.6111284932
11.6111284932
11.6122008867
11.6122008867
11.6147827446
11.6147827446
11.6146671146
11.6146671146
11.6179796609
11.6179796609
11.6217516026
11.6217516026
11.6172475873
11.6172475873
11.6301026511
11.6301026511
11.6358507937
11.6358507937
11.6277319282
11.6277319282
11.6230219139
11.6230219139
11.6252227017
11.6252227017
11.6324934025
11.6324934025
11.6318411539
11.6318411539
11.6342102719
11.6342102719
11.6355065197
11.6355065197
11.6350359367
11.6350359367
11.6379544439
11.6379544439
11.6386827874
11.6386827874
11.6427759382
11.6427759382
11.6453132926
11.6453132926
11.6445530542
11.6445530542
11.6478040428
11.6478040428
11.6473567156
11.6473567156
11.6444143599
11.6444143599
11.6426162439
11.6426162439
11.6423306424
11.6423306424
11.6380614104
11.6380614104
11.6372334859
11.6372334859
11.6369565509
11.6369565509
11.6368729089
11.6368729089
11.6375064660
11.6375064660
11.6388104654
11.6388104654
11.6379597791
11.6379597791
11.6406058991
11.6406058991
11.6392300629
11.6392300629
11.6359575973
11.6359575973
11.6344624491
11.6344624491
11.6351784263
11.6351784263
11.6364293089
11.6364293089
11.6373935389
11.6373935389
11.6375789881
11.6375789881
11.6357583566
11.6357583566
11.6311424481
11.6311424481
11.6282374655
11.6282374655
11.6250911233
11.6250911233
11.6230408946
11.6230408946
11.6217024943
11.6217024943
11.6239360687
11.6239360687
11.6232036223
11.6232036223
11.6196390889
11.6196390889
11.6245843112
11.6245843112
11.6196711815
11.6196711815
11.6205348742
11.6205348742
11.6203278541
11.6203278541
11.6162805401
11.6162805401
11.6165794062
11.6165794062
11.6125766144
11.6125766144
11.6101656582
11.6101656582
11.6086767192
11.6086767192
11.5901284853
11.5901284853
11.5891709973
11.5891709973
11.5891633501
11.5891633501
11.5892606657
11.5892606657
11.5840404961
11.5840404961
11.5872748841
11.5872748841
11.5825548398
11.5825548398
11.5775380766
11.5775380766
11.5743485068
11.5743485068
11.5744177300
11.5744177300
11.5765204301
11.5765204301
11.5785610669
11.5785610669
11.5772272709
11.5772272709
11.5795265200
11.5795265200
11.5782204024
11.5782204024
11.5758546597
11.5758546597
11.5745717727
11.5745717727
11.5686362347
11.5686362347
11.5645714953
11.5645714953
11.5631488736
11.5631488736
11.5553816591
11.5553816591
11.5540008165
11.5540008165
11.5589585820
11.5589585820
11.5566717201
11.5566717201
11.5538845301
11.5538845301
11.5535707331
11.5535707331
11.5472269118
11.5472269118
11.5493348213
11.5493348213
11.5505728312
11.5505728312
11.5529312015
11.5529312015
11.5502222832
11.5502222832
11.5510380023
11.5510380023
11.5493782430
11.5493782430
11.5501480127
11.5501480127
11.5498162438
11.5498162438
11.5488051850
11.5488051850
11.5491552089
11.5491552089
11.5467405422
11.5467405422
11.5424421384
11.5424421384
11.5375957699
11.5375957699
11.5377705116
11.5377705116
11.5384370742
11.5384370742
11.5366798077
11.5366798077
11.5349952166
11.5349952166
11.5347927079
11.5347927079
11.5378977815
11.5378977815
11.5337325910
11.5337325910
11.5324159841
11.5324159841
11.5279672891
11.5279672891
11.5268661138
11.5268661138
11.5221028723
11.5221028723
11.5117356670
11.5117356670
11.5063741462
11.5063741462
11.5041568399
11.5041568399
11.5058528002
11.5058528002
11.5059819286
11.5059819286
11.5139894552
11.5139894552
11.5125567324
11.5125567324
11.5183442256
11.5183442256
11.5246735710
11.5246735710
11.5249667484
11.5249667484
11.5244167501
11.5244167501
11.5259163654
11.5259163654
11.5221064226
11.5221064226
11.5198191448
11.5198191448
11.5201814631
11.5201814631
11.5150166911
11.5150166911
11.5065616307
11.5065616307
11.4992500298
11.4992500298
11.4983069578
11.4983069578
11.4878920192
11.4878920192
11.4959459707
11.4959459707
11.5004455626
11.5004455626
11.5084838506
11.5084838506
11.5154536312
11.5154536312
11.5325707121
11.5325707121
11.5249641722
11.5249641722
11.5141839797
11.5141839797
11.5259680354
11.5259680354
11.5118957042
11.5118957042
11.5148893275
11.5148893275
11.5183942972
11.5183942972
11.5143452823
11.5143452823
11.5223798749
11.5223798749
11.5243836649
11.5243836649
11.5248738909
11.5248738909
11.5242336701
11.5242336701
11.5344747158
11.5344747158
11.5302332741
11.5302332741
11.5379393611
11.5379393611
11.5405631800
11.5405631800
11.5371534255
11.5371534255
11.5319712896
11.5319712896
11.5340772007
11.5340772007
11.5348270141
11.5348270141
11.5380966052
11.5380966052
11.5392059267
11.5392059267
11.5403285638
11.5403285638
11.5416438847
11.5416438847
11.5494567261
11.5494567261
11.5526319152
11.5526319152
11.5337596983
11.5337596983
11.5442692863
11.5442692863
11.5533352456
11.5533352456
11.5630798736
11.5630798736
11.5663729682
11.5663729682
11.5714784162
11.5714784162
11.5749731548
11.5749731548
11.5737739656
11.5737739656
11.5745561616
11.5745561616
11.5769578221
11.5769578221
11.5843399227
11.5843399227
11.5789163184
11.5789163184
11.5752082147
11.5752082147
11.5795082695
11.5795082695
11.5858638037
11.5858638037
11.5973911430
11.5973911430
11.5985130181
11.5985130181
11.6088121143
11.6088121143
11.6126088651
11.6126088651
11.6110545520
11.6110545520
11.6221360825
11.6221360825
11.6294545220
11.6294545220
11.6291505972
11.6291505972
11.6273452426
11.6273452426
11.6276421139
11.6276421139
11.6233116169
11.6233116169
11.6296660632
11.6296660632
11.6193372567
11.6193372567
11.6120292408
11.6120292408
11.6083736863
11.6083736863
11.6113946464
11.6113946464
11.6082402986
11.6082402986
11.6036089729
11.6036089729
11.5970728290
11.5970728290
11.5921359925
11.5921359925
11.5921592835
11.5921592835
11.5937496363
11.5937496363
11.5897004288
11.5897004288
11.5879080606
11.5879080606
11.5963949196
11.5963949196
11.5945402144
11.5945402144
11.5915780856
11.5915780856
11.5850876801
11.5850876801
11.5685799970
11.5685799970
11.5604481458
11.5604481458
11.5623039251
11.5623039251
11.5568243989
11.5568243989
11.5555475608
11.5555475608
11.5564603375
11.5564603375
11.5452536011
11.5452536011
11.5365240704
11.5365240704
11.5410951908
11.5410951908
11.5337999641
11.5337999641
11.5369761361
11.5369761361
11.5426539875
11.5426539875
11.5447746995
11.5447746995
11.5457248546
11.5457248546
0.0945601515
0.0945601515
0.0897144553
0.0897144553
0.0853908439
0.0853908439
0.0762476456
0.0762476456
0.0996361708
0.0996361708
0.1058566325
0.1058566325
0.0845791522
0.0845791522
0.1060280270
0.1060280270
0.1051155020
0.1051155020
0.1060727076
0.1060727076
0.1127802412
0.1127802412
0.1085219504
0.1085219504
0.1118651580
0.1118651580
0.1050798632
0.1050798632
0.1044882501
0.1044882501
0.0943720722
0.0943720722
0.0955689927
0.0955689927
0.0940534838
0.0940534838
0.0923665545
0.0923665545
0.0986096577
0.0986096577
0.1009687119
0.1009687119
0.0993451749
0.0993451749
0.1023831190
0.1023831190
0.1051369430
0.1051369430
0.1091636899
0.1091636899
0.1110273406
0.1110273406
0.0958722818
0.0958722818
0.0911123774
0.0911123774
0.0914625135
0.0914625135
0.0850266112
0.0850266112
0.0896430517
0.0896430517
0.0825565038
0.0825565038
0.0802787610
0.0802787610
0.0816785342
0.0816785342
0.0890495637
0.0890495637
0.0832287733
0.0832287733
0.0822835719
0.0822835719
0.0731760672
0.0731760672
0.0883715698
0.0883715698
0.0978912808
0.0978912808
0.1064718532
0.1064718532
0.0949386880
0.0949386880
0.0863169031
0.0863169031
0.0836682177
0.0836682177
0.0819693639
0.0819693639
0.0872784965
0.0872784965
0.0822456160
0.0822456160
0.0905187285
0.0905187285
0.0951582797
0.0951582797
0.0952190789
0.0952190789
0.0907609703
0.0907609703
0.0966217249
0.0966217249
0.1012151234
0.1012151234
0.1064497046
0.1064497046
0.1169316387
0.1169316387
0.1127604502
0.1127604502
0.1178235718
0.1178235718
0.1143803945
0.1143803945
0.1084269080
0.1084269080
0.1018231626
0.1018231626
0.1005697701
0.1005697701
0.0960308450
0.0960308450
0.0965760094
0.0965760094
0.0970659255
0.0970659255
0.0993450198
0.0993450198
0.0981297180
0.0981297180
0.0989143432
0.0989143432
0.0948607983
0.0948607983
0.0985390709
0.0985390709
0.0987412556
0.0987412556
0.0960600251
0.0960600251
0.0922135970
0.0922135970
0.0933377452
0.0933377452
0.0973554480
0.0973554480
0.0940771571
0.0940771571
0.0954070402
0.0954070402
0.0941874699
0.0941874699
0.0996934694
0.0996934694
0.1012479812
0.1012479812
0.1014068036
0.1014068036
0.0923986637
0.0923986637
0.0947169592
0.0947169592
0.0926076807
0.0926076807
0.0956797740
0.0956797740
0.0908092260
0.0908092260
0.0866033908
0.0866033908
0.0850289916
0.0850289916
0.0822553690
0.0822553690
0.0845992306
0.0845992306
0.0851998427
0.0851998427
0.0832734167
0.0832734167
0.0880729253
0.0880729253
0.0871796171
0.0871796171
0.0907189282
0.0907189282
0.0953868319
0.0953868319
0.0909695822
0.0909695822
0.1001076073
0.1001076073
0.1003480710
0.1003480710
0.0992051482
0.0992051482
0.0974414471
0.0974414471
0.0978022843
0.0978022843
0.1008030553
0.1008030553
0.0986033774
0.0986033774
0.1005486558
0.1005486558
0.0996749875
0.0996749875
0.0923834893
0.0923834893
0.0984244877
0.0984244877
0.0981717632
0.0981717632
0.1002499953
0.1002499953
0.1047406588
0.1047406588
0.1011981211
0.1011981211
0.1030386619
0.1030386619
0.1044614228
0.1044614228
0.1115820325
0.1115820325
0.1130227226
0.1130227226
0.1185107254
0.1185107254
0.1137363792
0.1137363792
0.1146467680
0.1146467680
0.1211813843
0.1211813843
0.1151765716
0.1151765716
0.1095267296
0.1095267296
0.1045938989
0.1045938989
0.1038587299
0.1038587299
0.0961074455
0.0961074455
0.1014235242
0.1014235242
0.1051820905
0.1051820905
0.0966748629
0.0966748629
0.0967817423
0.0967817423
0.0945410521
0.0945410521
0.0894761815
0.0894761815
0.0897372459
0.0897372459
0.0887093248
0.0887093248
0.0893210672
0.0893210672
0.0933174696
0.0933174696
0.0930613499
0.0930613499
0.0918598288
0.0918598288
0.0929316292
0.0929316292
0.0894429121
0.0894429121
0.0866692840
0.0866692840
0.0833893801
0.0833893801
0.0866355618
0.0866355618
0.0812978282
0.0812978282
0.0778791644
0.0778791644
0.0726999467
0.0726999467
0.0699125559
0.0699125559
0.0672866694
0.0672866694
0.0711671369
0.0711671369
0.0726115754
0.0726115754
0.0822324019
0.0822324019
0.0831365409
0.0831365409
0.0815511916
0.0815511916
0.0808596377
0.0808596377
0.0630314009
0.0630314009
0.0740361972
0.0740361972
0.0808045345
0.0808045345
0.0763153500
0.0763153500
0.0816966287
0.0816966287
0.0767238349
0.0767238349
0.0748088705
0.0748088705
0.0684869653
0.0684869653
0.0688776498
0.0688776498
0.0676226164
0.0676226164
0.0583014095
0.0583014095
0.0609009426
0.0609009426
0.0526993166
0.0526993166
0.0410344904
0.0410344904
0.0440378634
0.0440378634
0.0448363021
0.0448363021
0.0484781786
0.0484781786
0.0504253959
0.0504253959
0.0442026710
0.0442026710
0.0375729312
0.0375729312
0.0354987067
0.0354987067
0.0278289946
0.0278289946
0.0300035308
0.0300035308
0.0402133834
0.0402133834
0.0489382434
0.0489382434
0.0608824181
0.0608824181
0.0692212402
0.0692212402
0.0791970100
0.0791970100
0.0822129598
0.0822129598
0.0835128205
0.0835128205
0.0833136379
0.0833136379
0.0817530748
0.0817530748
0.0747807378
0.0747807378
0.0711574033
0.0711574033
0.0647594961
0.0647594961
0.0634218082
0.0634218082
0.0633839299
0.0633839299
0.0636073711
0.0636073711
0.0665641434
0.0665641434
0.0578680728
0.0578680728
0.0491997255
0.0491997255
0.0507041900
0.0507041900
0.0496677976
0.0496677976
0.0355264942
0.0355264942
0.0398518399
0.0398518399
0.0414910589
0.0414910589
0.0431592180
0.0431592180
0.0454681046
0.0454681046
0.0478008555
0.0478008555
0.0532263021
0.0532263021
0.0639092668
0.0639092668
0.0681761604
0.0681761604
0.0649261437
0.0649261437
0.0709547060
0.0709547060
0.0695607705
0.0695607705
0.0665110997
0.0665110997
0.0682419407
0.0682419407
0.0672333930
0.0672333930
0.0645475468
0.0645475468
0.0606247124
0.0606247124
0.0591670716
0.0591670716
0.0555248063
0.0555248063
0.0568887075
0.0568887075
0.0560053293
0.0560053293
0.0598629264
0.0598629264
0.0602199192
0.0602199192
0.0653605852
0.0653605852
0.0653588574
0.0653588574
0.0697744205
0.0697744205
0.0744156584
0.0744156584
0.0747067335
0.0747067335
0.0682263686
0.0682263686
0.0674988323
0.0674988323
0.0539594863
0.0539594863
0.0569799977
0.0569799977
0.0493214367
0.0493214367
0.0571641762
0.0571641762
0.0529611380
0.0529611380
0.0512021906
0.0512021906
0.0501766875
0.0501766875
0.0534493315
0.0534493315
0.0583868208
0.0583868208
0.0618456490
0.0618456490
0.0636323614
0.0636323614
0.0622224722
0.0622224722
0.0549589742
0.0549589742
0.0537120435
0.0537120435
0.0497547379
0.0497547379
0.0453728453
0.0453728453
0.0474340062
0.0474340062
0.0487684330
0.0487684330
0.0519259110
0.0519259110
0.0522471524
0.0522471524
0.0533634354
0.0533634354
0.0543695616
0.0543695616
0.0559423671
0.0559423671
0.0552677234
0.0552677234
0.0567029300
0.0567029300
0.0602835053
0.0602835053
0.0633795598
0.0633795598
0.0593113446
0.0593113446
0.0578285703
0.0578285703
0.0563030468
0.0563030468
0.0534657539
0.0534657539
0.0545972523
0.0545972523
0.0564374850
0.0564374850
0.0621330733
0.0621330733
0.0643104172
0.0643104172
0.0630457099
0.0630457099
0.0565865101
0.0565865101
0.0537278068
0.0537278068
0.0491869586
0.0491869586
