0.8764113460
0.8772005305
1.0270487082
1.0299915161
1.1040782448
1.1425378675
1.2414295920
1.1953598474
1.2129766561
1.0094259210
1.0737767002
1.1342063938
1.1220560717
0.9160919355
0.9510521471
0.9482167841
1.0266766193
0.8513524075
0.9045190396
0.4377187268
0.8213051679
0.6943241606
0.5484321937
0.6464849565
0.6439194744
0.5580423071
0.5983321068
0.6098016256
0.5347211162
0.4478854217
0.5909934201
0.5764923949
0.6199189709
0.6113284353
0.5524133313
0.4553561008
0.6102856765
0.5590539396
0.6400579859
0.5419261782
0.7800394686
0.6881802905
0.6892759801
0.7305956077
0.5522475845
0.5618475831
1.0197151094
1.0153882620
1.0329378701
0.9974503622
0.9086928248
0.8388535989
0.5661410487
0.4093667240
0.3702893444
0.5532663491
0.5558743972
0.6533756722
0.7465302515
0.9047812885
0.8068321231
0.7226830303
1.0330648869
0.5402268914
0.4395723891
0.4363295146
0.6470166787
0.7657371983
0.7590236670
1.2318793589
0.6056854500
0.5776428928
0.5885614553
0.5924162951
0.6599499961
0.7798668544
0.7053054113
0.4515539038
0.6340835250
0.5947687167
0.5591291752
0.4904832763
0.6774346932
0.7521478307
0.7275004987
0.6303085792
0.7389828603
0.5973543499
0.7293130753
0.7605570589
0.7337789801
0.6872367602
1.1156494506
0.7779767141
0.4350941747
0.5824088843
0.5614418433
0.7990074084
0.5913717678
0.2688907245
0.5531618398
0.7460914224
0.6047720261
0.7615970994
0.7767280334
1.0719018148
0.9465987173
0.7378304175
0.9155453895
0.8256550671
0.8761050098
0.7314010029
0.5528107387
0.5404990115
0.4742219602
0.5928889433
0.7312668707
0.6665646492
0.4692124781
0.4121777509
0.3629309102
0.2221337446
0.2519218554
0.1958374178
0.4920460636
0.7331224905
0.7415383340
0.8256164410
0.7105923535
0.9458599735
0.9539878256
1.2937917447
0.9547325135
0.9846406806
1.1365591197
1.3202734494
0.9345073561
0.5977229979
0.4844486398
1.0313644714
1.3820904157
0.9243315532
0.7569475218
0.5757179935
0.6768306297
0.3648775899
0.2101352051
0.0707164014
0.5801496813
0.8891173287
1.2457315487
1.1958488950
1.2281783495
0.7584499693
0.4781707392
0.4704333400
0.4680817229
0.7425426216
0.8473463185
0.8558316499
0.7122061187
0.9512387789
0.6144150222
0.9063223806
1.0860030764
0.9293900867
0.8152715072
0.7996941490
0.7843321630
1.0669976779
0.8076821432
0.9551114790
0.9812925805
0.7654055985
0.9895797482
1.0471788635
0.9402630293
1.1073948126
0.8844734590
1.0243327963
1.2228706848
1.5134235410
1.1236697167
1.1867405578
0.9851988464
0.4376348961
0.6033433847
0.7918786419
0.9199650771
0.8153894099
0.9200137891
0.9646347542
0.6738926640
0.9506428985
1.2221690181
1.2169433789
1.0810754821
1.0677509485
0.8170112711
0.3624186024
0.2083165077
0.2549318034
0.4231683756
0.2860414233
0.6505744842
0.8557917089
0.6109445655
0.7320939277
0.8270719404
1.0394482493
1.3999461031
1.1480020638
1.0099348825
1.1708949577
0.9986769976
0.9681649739
1.0412708654
0.7070681038
1.2295413329
0.7236832402
0.8365584076
0.3742015711
0.5237782250
0.3723382580
0.4201919421
0.5105244288
0.2088575506
0.2549329102
0.0625948738
0.1574419607
0.3966390268
0.4782381657
0.3390118813
0.4098855284
0.6086238485
0.5642870496
0.4822400114
0.3955088938
0.5298759627
0.6680628790
0.6620780022
0.4895876570
0.5128811238
0.6995821980
0.6873045456
0.7180409901
0.7494615156
0.7819294742
0.5395570480
0.6460201771
0.7088914829
0.7303480518
0.5183135162
1.1909201727
