0.0606633636
0.0614956332
0.0629606379
0.0637215562
0.0633110150
0.0631878054
0.0604480751
0.0596883068
0.0607601041
0.0598665329
0.0583791727
0.0596967562
0.0622448314
0.0782343102
0.0554417060
0.0627558017
0.0576597658
0.0580801593
0.0580921393
0.0733685515
0.0732237500
0.0734074514
0.0535617034
0.0622718398
0.0517683890
0.0414593604
0.0403515980
0.0331705179
0.0305028275
0.0289711223
0.0269632593
0.0252865631
0.0246786968
0.0243135638
0.0245765186
0.0257139772
0.0267919165
0.0284366463
0.0312061811
0.0328864795
0.0361671816
0.0392903483
0.0426992802
0.0472897466
0.0524632322
0.0498609401
0.0546555413
0.0594907818
0.0646876886
0.0697873582
0.0745950866
0.0873176878
0.0618954411
0.0593568090
0.0626041238
0.1095428657
0.1119321662
0.1163827729
0.1152688207
0.1263856826
0.1095435072
0.1253242376
0.0821925021
0.0834386313
0.0836327791
0.0723407168
0.0743203023
0.0702626449
0.0763460592
0.0725541286
0.0766633124
0.0632232325
0.0576589478
0.0588676044
0.0619264607
0.0634843958
0.0658616367
0.0705875342
0.0749844113
0.0764418940
0.0808119683
0.0851903272
0.0905479080
0.0958937593
0.1012277619
0.1065732986
0.1123985874
0.1181384407
0.1235584763
0.1277073039
0.1333068611
0.1379260680
0.1455522892
0.1531554253
0.1606295962
0.1652186432
0.1712724698
0.1767654148
0.1141296234
0.0840187948
0.0859259565
0.0879317193
0.0911849332
0.0924062894
0.0820628605
0.0831504171
0.0801696277
0.0636681722
0.0432080515
0.0354909689
0.0512319174
0.0540918640
0.0495738945
0.0440498480
0.0442592577
0.0431687954
0.0277686324
0.0288060610
0.0301700431
0.0394972322
0.0378030234
0.0269597473
0.0252566574
0.0269834577
0.0258929788
0.0573373004
0.0582345433
0.0360764986
0.0304133699
0.0257208894
0.0198286715
0.0117023222
0.0129423522
0.0113148708
0.0166131178
0.0223310381
0.0091987672
0.0133736557
0.0125862306
0.0174967091
0.0442881476
0.0354414912
0.0232963440
0.0280492026
0.0312025415
0.0421827515
0.0241276474
0.0144113749
0.0382073708
0.0632841545
0.0400521321
0.0311379570
0.0301135144
0.0366958301
0.0342999318
0.0468895634
0.0416574399
0.0385844180
0.0335933035
0.0269010729
0.0263167783
0.0354036717
0.0274907180
0.0315239419
0.0224604695
0.0283904142
0.0269502925
0.0301476455
0.0258739510
0.0277016042
0.0286161382
0.0273217460
0.0250890090
0.0242860617
0.0238072454
0.0224296408
0.0226665743
0.0230318746
0.0241389888
0.0224410866
0.0200367856
0.0204903907
0.0198799747
0.0185565173
0.0178985975
0.0201760093
0.0239146297
0.0241181262
0.0270453451
0.0290481736
0.0317141481
0.0338374482
0.0380684782
0.0402981577
0.0386726060
0.0421955797
0.0428387389
0.0423234864
0.0354942700
0.0368573758
0.0330625792
0.0345284580
0.0255546050
0.0264067836
0.0298646662
0.0296744574
0.0322917245
0.0340343386
0.0349934667
0.0359206737
0.0314999354
0.0305811341
0.0314899560
0.0322319850
0.0343544670
0.0312689796
0.0277168652
0.0279074775
0.0317099067
0.0344743366
0.0348077818
0.0337144669
0.0319504198
0.0304175673
0.0407398105
0.0425964281
0.0444244230
0.0466154643
0.0455932408
0.0474536458
0.0386602422
0.0422215279
0.0426321441
0.0422957979
0.0398396006
0.0400038101
0.0391197403
0.0397778401
0.0407363608
0.0395705138
0.0367861578
0.0377735029
0.0391896402
0.0398434409
0.0397822252
0.0343167651
0.0364661523
0.0380156254
0.0385072048
0.0394752817
0.0392298202
0.0437662989
0.0391209461
0.0398876378
0.0392751526
0.0390691943
0.0438051438
0.0443971316
0.0413050656
0.0413396541
0.0462889653
0.0493288941
0.0478821217
0.0481698522
0.0548511556
0.0495323492
0.0510521718
0.0476148774
0.0432398861
0.0376203480
0.0391896880
0.0366157409
0.0372609933
0.0368260239
0.0360297348
0.0355079380
0.0409579215
0.0396213503
0.0398208204
0.0376027317
0.0314614793
0.0267055119
0.0263573175
0.0279382484
0.0271933367
0.0275008047
0.0306726853
0.0293831651
0.0275417507
0.0275854797
0.0276706858
0.0321850420
0.0371163833
0.0479868242
0.0469615677
0.0442487820
0.0425593796
0.0381471219
0.0438936693
0.0380675147
0.0402498609
0.0376713126
0.0427472917
0.0373875599
0.0368302772
0.0321001295
0.0315536451
0.0251244323
0.0253881865
0.0267687277
0.0267940223
0.0233258785
0.0257778792
0.0266347491
0.0197319423
0.0241826524
0.0214990236
0.0210942319
0.0287220374
0.0298241120
0.0375503829
0.0388949645
0.0353809202
0.0315085744
0.0241299692
0.0263088179
0.0259597791
0.0246742203
0.0245110109
0.0175927794
0.0170115717
0.0179568370
0.0157770654
0.0152995450
0.0141539311
0.0198171454
0.0212803626
0.0183718199
0.0167416283
0.0206178353
0.0165997785
0.0173210301
0.0153057574
0.0168618980
0.0163020438
0.0208974726
0.0161455297
0.0150298142
0.0151856081
0.0120028381
0.0114765183
0.0120102819
0.0123339138
0.0110882138
0.0102331042
0.0054776974
0.0092826388
0.0056619644
0.0042706477
0.0046217594
0.0032182453
0.0035817593
0.0062097871
0.0073984458
0.0106083690
0.0168792084
0.0185799319
0.0151554769
0.0165862929
0.0148622043
0.0167632309
0.0123341594
0.0170331611
0.0192266183
0.0134611102
0.0111951756
0.0178918021
0.0217478177
0.0204808760
0.0191852292
0.0222764083
0.0217045778
0.0188749393
0.0236531076
0.0270857343
0.0258088632
0.0303386805
0.0318550568
0.0313370424
0.0280515934
0.0239225010
0.0190889665
0.0228270852
0.0208332437
0.0234423010
0.0207120067
0.0281170555
0.0284156382
0.0331870961
0.0265131017
0.0293662677
0.0329500423
0.0315460094
0.0293895064
0.0308096549
0.0307576630
0.0296643121
0.0303608577
0.0294843794
0.0296967137
0.0281464526
0.0279717630
0.0241412878
0.0245933679
0.0221769797
0.0242539531
0.0241523029
0.0238610875
0.0256409464
0.0272175380
0.0260210784
0.0259875858
0.0293044532
0.0297221617
0.0328236035
0.0350922160
0.0314405638
0.0342704814
0.0275820777
0.0266071438
0.0346303293
0.0355295770
0.0327758342
0.0291795111
0.0290562987
0.0285839787
0.0258077506
0.0238929974
0.0188919707
0.0166352596
0.0158841034
0.0149666797
0.0171180702
0.0183134725
0.0155034335
0.0157992242
0.0155253131
0.0153074215
0.0170890584
0.0140509039
0.0104231686
0.0063096558
0.0075128590
0.0097423038
0.0089407686
0.0100624575
0.0072514780
0.0103525265
0.0080715281
0.0065714793
0.0081605849
0.0071036169
0.0078958724
0.0099451779
0.0107835964
0.0091591744
0.0185341926
0.0178787896
0.0163696403
0.0110499029
0.0034112748
0.0083241279
0.0040943194
0.0048401458
0.0021501538
0.0062387950
0.0056556059
0.0073517924
0.0061879866
0.0069301209
0.0054012015
0.0068882681
0.0046845377
0.0020553577
0.0033006940
0.0154158789
0.0131018511
0.0071780136
0.0086459739
0.0054392742
0.0095779922
0.0128823540
0.0187386310
0.0137030912
0.0115894647
0.0120264237
0.0128641454
0.0187050421
0.0214383110
0.0218742505
0.0149058501
0.0156598711
0.0184273452
0.0232096222
0.0280601753
0.0248000054
0.0362148081
0.0319743053
0.0321632884
0.0350229159
0.0356493024
0.0335912293
0.0384493219
0.0385348035
0.0427632411
0.0401241871
0.0440418643
0.0394578458
0.0403535266
0.0641914185
0.0372834156
0.0366407477
0.0464189342
0.0266847068
0.0303876442
0.0280028621
0.0391929768
0.0327618111
0.0333160369
0.0391705101
0.0379986805
0.0351838254
0.0323558800
0.0363757921
0.0248556361
0.0221160237
0.0207261003
0.0193076271
0.0193002435
0.0137672250
0.0103356517
0.0133124609
0.0095868791
0.0086524834
0.0085395924
0.0090428322
0.0096003605
0.0165037507
0.0148023621
0.0146036575
0.0104135252
0.0103932759
0.0104063123
0.0128987751
0.0110244177
0.0172300273
0.0236727825
0.0182198225
0.0222885102
0.0147700044
0.0178464818
0.0250610964
0.0260644197
0.0177564083
0.0211618807
0.0207298579
0.0210648598
0.0213456869
0.0255915776
0.0272637645
0.0294898955
0.0317903367
0.0260431061
0.0198630118
0.0147303243
0.0198282553
0.0236282514
0.0232901237
0.0227445240
0.0305144863
0.0298049862
0.0287475897
0.0313670490
0.0293524446
0.0342234199
0.0314928892
0.0336942535
0.0287819983
0.0283985930
0.0307068314
0.0276143251
0.0245709533
0.0231882454
0.0212226252
0.0184842312
0.0134202782
0.0163611390
0.0236085197
0.0237764149
0.0256034351
0.0221597130
0.0289354924
0.0269738919
0.0263607378
0.0261501852
0.0202745110
0.0230943258
0.0201868580
0.0251893609
0.0235128030
0.0202356376
0.0168107609
0.0147965311
0.0168108954
0.0162540752
0.0185756423
0.0207122747
0.0158916163
0.0204791614
0.0222786409
0.0240829988
0.0242815182
0.0203240907
0.0209809214
0.0203713210
0.0203528241
0.0200567948
0.0208536725
0.0211250417
0.0208207155
0.0208819386
0.0227772948
0.0262821359
0.0292371975
0.0322298920
0.0307806572
0.0299632340
0.0317380320
0.0305095801
0.0337282307
0.0383247052
0.0366594275
0.0372136375
0.0358851388
0.0411762904
0.0404810016
0.0368139176
0.0393561691
0.0319836828
0.0314825197
0.0306889394
0.0266724039
0.0284431852
0.0267816762
0.0275526676
0.0280771085
0.0278170141
0.0304366788
0.0320566902
0.0338464881
0.0345616336
0.0379078614
0.0400073540
0.0406987431
0.0419067690
0.0476984272
0.0485182707
0.0508613038
0.0546318032
0.0506849922
0.0455544251
0.0453503882
0.0403485757
0.0409871741
0.0347957849
0.0346744736
0.0306138901
0.0331761811
0.0263011800
0.0278083250
0.0303119848
0.0315361133
0.0281331228
0.0265567296
0.0230233781
0.0283282732
0.0332828124
0.0368472245
0.0408427764
0.0409558505
0.0381605677
0.0416686261
0.0417441700
0.0412532130
0.0416500463
0.0386957803
0.0395283456
0.0455377095
0.0437165367
0.0401828147
0.0389083321
0.0397158337
0.0383615535
0.0290144941
0.0300481143
0.0331167971
0.0336324566
0.0357767798
0.0378748741
0.0375555176
0.0371720344
0.0370899737
0.0381766495
0.0357354373
0.0335165742
0.0343191349
0.0358456414
0.0385936601
0.0378675816
0.0409325726
0.0427182506
0.0455999331
0.0460564800
0.0444919883
0.0476112011
0.0489625544
0.0494184982
0.0481635248
0.0506495278
0.0497059976
0.0471362282
0.0467262208
0.0416220598
0.0439149612
0.0447788411
0.0462066489
0.0419031151
0.0423596488
0.0452748581
0.0463903352
0.0479657830
0.0487316803
0.0521805665
0.0526188061
0.0518432116
0.0478059003
0.0455506402
0.0480902993
0.0487798903
0.0475835769
0.0496213192
0.0474333529
0.0494183701
0.0477015829
0.0487961742
0.0471496706
0.0489738876
0.0464380309
0.0472194406
0.0461282680
6.7578638813
6.7569048056
6.7567612425
6.7590080384
6.7618360828
6.7564859038
6.7576213141
6.7564088081
6.7605087598
6.7597360640
6.7571327929
6.7587369150
6.7579790965
6.7601695569
6.7585479015
6.7595981484
6.7630762343
6.7602641492
6.7640187399
6.7689248080
6.7695542725
6.7671815008
6.7663666656
6.7625176118
6.7556542329
6.7541822404
6.7536318707
6.7518811484
6.7573075196
6.7526151957
6.7560476455
6.7557493830
6.7571613781
6.7558626003
6.7623958886
6.7466424280
6.7494785107
6.7482030742
6.7395530201
6.7395765989
6.7497430840
6.7521162497
6.7478408309
6.7491758856
6.7429284900
6.7441501213
6.7387558229
6.7446007003
6.7365443611
0.0644698703
0.0599365095
0.0554148450
0.0554020516
0.0610611303
0.0651451752
0.0944807798
0.0845251700
0.0709775366
0.0596438301
0.0558928141
0.0601781331
0.0599958249
0.0534372494
0.0535002837
0.0530252570
0.0576911567
0.0483515945
0.0480848999
0.0423712045
0.0335607666
0.0333361049
0.0278187645
0.0178866865
0.0173592663
0.0153559229
0.0122854789
0.0121556463
0.0103561830
0.0161716498
0.0140850222
0.0142109299
0.0155965777
0.0164210561
0.0160712598
0.0094872252
0.0100914661
0.0177898930
0.0199134532
0.0178447214
0.0198743946
0.0239752660
0.0263387228
0.0268584419
0.0248445898
0.0233518461
0.0234814978
0.0298736517
0.0265419676
0.0303525214
0.0316300444
0.0315200946
0.0318754118
0.0325060704
0.0308388873
0.0288168195
0.0274122523
0.0189594411
0.0174900574
0.0157842793
0.0250565273
0.0235544696
0.0229834278
0.0259618860
0.0275786432
0.0333093568
0.0366707258
0.0237636364
0.0334301388
0.0330736301
0.0322698159
0.0294931964
0.0253633889
0.0319794035
0.0360035770
0.0303427448
0.0249079948
0.0199256270
0.0203695969
0.0213256391
0.0271635110
0.0194684699
0.0184580002
0.0178216696
0.0191315671
0.0219737261
0.0247378435
0.0337918961
0.0302474112
0.0317037605
0.0369049533
0.0287237788
0.0400358054
0.0328700182
0.0393860521
0.1074653255
0.0323011051
0.0167308778
0.0770722156
0.0681029951
0.0683588603
0.0695556908
0.0122468006
0.0072272423
0.0063971683
0.0043642269
0.0080711354
0.0097949678
0.0049408978
0.0067662095
0.0097474074
0.0140997646
0.0126683575
0.0117378283
0.0107140600
0.0149666150
0.0165918365
0.0138358821
0.0126175448
0.0093737398
0.0129370197
0.0152880504
0.0154065696
0.0151186977
0.0197667105
0.0139350860
0.0092215760
0.0063306660
0.0078237025
0.0103027379
0.0116808794
0.0124592838
0.0113945665
0.0093412237
0.0070426171
0.0115184228
0.0143548437
0.0150591073
0.0178702275
0.0144330499
0.0095871894
0.0119258563
0.0111941389
0.0132971710
0.0141579341
0.0137553335
0.0129872571
0.0131468471
0.0124243493
0.0163721112
0.0139076643
0.0076566190
0.0042471393
0.0086119529
0.0097992426
0.0130183820
0.0142455672
0.0176882430
0.0172000507
0.0229025295
0.0158946250
0.0132688545
0.0145237399
0.0114958208
0.0123103669
0.0089379826
0.0075853025
0.0107147485
0.0092718574
0.0043650316
0.0059889533
0.0085909967
0.0168288604
0.0144778727
0.0125216285
0.0140831574
0.0106089099
0.0080680758
0.0080655591
0.0101880001
0.0078200443
0.0085627222
0.0112498747
0.0104271294
0.0130643444
0.0097103686
0.0080101035
0.0169040548
0.0148104430
0.0116230410
0.0136316944
0.0189830039
0.0235204130
0.0220463907
0.0240159887
0.0200344420
0.0189110477
0.0079506387
0.0081080792
0.0132141798
0.0148875912
0.0199294501
0.0200077716
0.0174492514
0.0121759850
0.0107158817
0.0081646927
0.0118165987
0.0114506128
0.0104493457
0.0134135208
0.0161277903
0.0154457312
0.0134684874
0.0115349946
0.0135007431
0.0108013927
0.0148646483
0.0154797773
0.0184433550
0.0239849047
0.0248908512
0.0247643405
0.0247138813
0.0265135337
0.0211712628
0.0230300841
0.0188707913
0.0169611229
0.0143036389
0.0195429774
0.0212165372
0.0233562076
0.0203813124
0.0230353795
0.0221743995
0.0203772150
0.0196477422
0.0193443281
0.0200556576
0.0222600128
0.0219501833
0.0200288827
0.0178429660
0.0200962585
0.0189219276
0.0231596520
0.0198144766
0.0203895784
0.0229853550
0.0389357738
0.0386744792
0.0438549076
0.0448356814
0.0405384983
0.0438504954
0.0404451383
0.0417299392
0.0210847779
0.0329940790
0.0332475532
0.0309434540
0.0274701690
0.0249398525
0.0246521672
0.0242367503
0.0226262018
0.0256214229
0.0198496640
0.0179249057
0.0224439754
0.0192829099
0.0266391023
0.0237849374
0.0263949937
0.0228295859
0.0248982153
0.0261454716
0.0275661086
0.0281590872
0.0268975619
0.0273712832
0.0372692014
0.0397978167
0.0395749227
0.0421447331
0.0395686321
0.0388942540
0.0436339348
0.0575437635
0.0578382337
0.0590874013
0.0494436649
0.0455382481
0.0451175438
0.0503912803
0.0537075575
0.0568637945
0.0570722692
0.0494357614
0.0541310952
0.0544399323
0.0560091955
0.0509286335
0.0493263303
0.0452085554
0.0440275302
0.0392473480
0.0413794446
0.0356504871
0.0327967113
0.0337563814
0.0329241427
0.0267080311
0.0221416138
0.0221368179
0.0242147912
0.0339229575
0.0336726018
0.0413754405
0.0318619747
0.0318799865
0.0282442558
0.0292311746
0.0381630478
0.0361552618
0.0351232663
0.0363914119
0.0312337401
0.0256765726
0.0304688967
0.0289615586
0.0298887575
0.0365455154
0.0395680543
0.0425650349
0.0490937361
0.0525752406
0.0533982989
0.0553414835
0.0615728375
0.0609206439
0.0636212238
0.0696205855
0.0494940462
0.0444807185
0.0480797554
0.0490253688
0.0476546987
0.0457092151
0.0512488067
0.0504587200
0.0468496672
0.0414346285
0.0378313487
0.0406020139
0.0429659227
0.0408663642
0.0403429353
0.0422932660
0.0443437079
0.0444882689
0.0427719333
0.0453042302
0.0435879275
0.0381616446
0.0387717851
0.0364222250
0.0306480697
0.0285040081
0.0284577091
0.0254958664
0.0248773495
0.0221223311
0.0264111414
0.0284211343
0.0277918721
0.0315944650
0.0349264498
0.0371147587
0.0343478711
0.0317821166
0.0336059428
0.0312865648
0.0326588151
0.0345504928
0.0327058424
0.0314952102
0.0352637479
0.0384925191
0.0369201227
0.0352139340
0.0347125355
0.0351673859
0.0342098882
0.0339165927
0.0317035151
0.0317116259
