46.1951580682
46.2121994919
46.2184100730
46.2975016191
46.4342410635
46.5648544085
46.7741619781
46.9282927525
47.0491647117
47.1548556921
47.2575358215
47.3513873695
47.4114847053
47.3976105506
47.3480429012
47.2720777073
47.0967614135
46.9113421326
46.7474701705
46.5539305841
46.3548457386
46.1320270411
45.8763537553
45.5649264274
45.2494465117
44.8757242057
44.3592219933
43.8136929821
43.3581597443
42.8144498382
42.4532839863
42.0868591864
41.9907754420
41.9056049143
41.8349187261
41.8223387673
41.8537738688
41.8787542892
41.9316559352
41.9030238807
41.8649619289
41.6812470183
41.5715681744
41.5130470793
41.3005868259
41.3303270971
41.2842742988
41.3851321935
41.4252007176
41.5091898190
41.4841112122
41.3946564551
41.5154510201
41.7392869340
42.0219249070
42.3949645382
42.5658445315
42.5587652018
42.4231588285
42.3216937235
42.3178939854
42.2065765383
42.1769831168
42.1687122663
42.0800853824
42.0588430177
41.8979946844
41.8357627263
41.6212826565
41.5246562643
41.4052727725
41.3566955504
41.3505345886
41.3797154989
41.3056715710
41.1954321890
40.8784923151
40.8309183038
40.6347002545
40.5723167314
40.4867642939
40.4700140592
40.4337257090
40.4845549910
40.5452821306
40.6402506301
40.7896214857
40.7563880422
40.9227639380
40.9616573935
40.9166669790
40.8498315003
40.8015354605
40.7713037722
40.6739554440
40.6638120025
40.3948097144
40.1240545135
40.1295929155
40.0742102403
40.0526813604
40.0112139045
39.9625630165
39.7880579688
39.6993753550
39.3740643231
39.1684829219
38.7759879023
38.7517353722
38.5453528829
38.6796408629
38.7786459629
38.9434105197
38.6713999714
38.5396338314
38.3799641205
38.3598325944
37.9851920136
37.7517364579
37.6073509120
37.6015941859
37.6835925010
37.7682078905
37.6650337087
37.6374978155
37.5781420317
37.4685381585
37.3666923936
37.1731688613
37.0090555601
36.7640393095
36.5134809478
36.1880312349
35.8288864937
35.6360000275
35.4776039148
35.4281102283
35.3618358444
35.3316537985
35.3581085223
35.4387481751
35.4284870746
35.4264779647
35.5010147233
35.3731041984
35.3552485372
35.3007360468
35.2455001578
35.1493329326
35.1615460004
35.1713250691
35.1637953227
35.1236938200
35.0487899505
34.9189568851
34.8080937639
34.6815282013
34.5605213838
34.5637076248
34.5595915289
34.6257824970
34.7599381893
34.8511197920
34.8998531397
34.9290689917
34.9233858752
34.9221635455
34.8684859701
34.7858831418
34.7346195977
34.7350083756
34.6956640970
34.6650112769
34.4558441575
34.3699896570
34.3206204555
34.1930847221
34.0086127154
33.8515223749
33.7469454195
33.6799659554
33.7088708224
33.6939582205
33.7973365339
33.8168722031
33.9243995483
34.0664779336
34.1162989520
34.0767836658
34.3155928285
34.2501635484
34.1171181583
34.0478501316
33.9719707660
33.9569622937
33.8064815544
33.6885374486
33.5006512636
33.4120102792
33.2537946220
33.3029035603
33.3528924757
33.3893680708
33.4045940976
33.3880000310
33.3425816417
33.2929079831
33.2570008367
33.2937186725
33.3401767101
33.4154598750
33.5281742060
33.6361342293
33.6471819419
33.6921334857
33.5611740848
33.5379921001
33.3080959523
33.3018510071
33.4324851440
33.3848042919
33.3279442564
33.3910891897
33.3735221321
33.2228374996
33.1074668092
32.9597151552
32.8594190645
32.5885178341
32.4320472620
32.3787614418
32.1153029766
31.9577667529
31.7753276910
31.5450332868
31.2944186662
31.0608488290
30.7114204693
30.5495399757
30.4317098265
30.3292462085
30.2584867787
30.2382815399
30.2399375253
30.2232788259
30.1623362032
30.0980233529
30.1180808941
30.0525952207
30.1263592063
30.0634413025
30.2399748299
30.1802403494
30.1281422838
30.2157985257
30.5085652187
30.7808190418
30.7777251725
30.7277171117
30.6352735381
30.5571481301
30.6863812425
30.6559999399
30.7079756064
30.8501680705
30.8305214308
30.8945241619
30.9466676388
31.1533238707
31.1801367658
31.2794640848
31.2975088061
31.2907846389
31.3131863642
31.3477768580
31.2960390242
31.2699098334
31.2285787972
31.1784312132
31.1195354958
31.2560841880
31.6517900631
31.5721542350
31.4756165232
31.4044670426
31.3130836036
31.2279553765
31.2068150302
31.1647903518
31.0930853020
31.1569658412
31.0988800652
31.0377994730
30.8987010488
30.6739050992
30.3773651125
29.9969619217
29.8943991354
29.8012868709
29.7454486328
29.8272523074
29.7906994330
29.8615857995
29.9374838133
29.8934613061
29.9236318594
29.9555238178
30.0230983311
30.0933859108
30.1928081628
30.3126509995
30.4383353839
30.3304839606
30.1651115879
30.1227890129
29.9427776420
29.8955712590
29.6784559572
29.5723321326
29.5798143617
29.5713097082
29.5870190320
29.5811627955
29.6424764525
29.6828463704
29.7536227030
29.6451512686
29.6368092004
29.6388455460
29.5737995183
29.5753833239
29.5240860745
29.4966843069
29.4509459781
29.4264878039
29.3799345910
29.3886743375
29.3791764359
29.3833794119
29.3970530833
29.5966121395
29.5690788176
29.6087521891
29.5768410441
29.6340868474
29.7862432609
29.8732455550
29.9994664856
29.9713934796
29.9490991888
29.8327661799
29.8273928239
29.7653744917
29.7103260872
29.5851877052
29.5326518049
29.3957398423
29.4352810337
29.4259082745
29.4087854711
29.3713127546
29.3885682436
29.4033298117
29.4457831681
29.4984521305
29.5538934785
29.6260082135
29.6942082000
29.5865950566
29.5090746157
29.2579368943
29.2032495342
29.0301478098
28.8405938800
28.7870888994
28.7847282574
28.8553782069
28.9506593842
28.9549220449
29.0232903909
28.8930765190
28.8314886024
28.6592999257
28.4845747299
28.3261109758
28.1943263325
28.1807635997
28.1209044272
28.2184002692
28.2140494324
28.2213128785
28.2188614784
28.2024249032
28.2234955726
28.1811785443
28.1621253626
28.1161769248
28.0702496052
28.0275134888
28.0116964350
28.0465191406
28.0301262393
27.9777627881
27.9839484495
28.0432352457
28.1386391783
28.1133706267
28.2680386724
28.4741739642
28.8228484967
28.7618993473
28.6454399171
28.5790584267
28.6459341911
28.6372903995
28.6344330216
28.6361583090
28.6397606542
28.6554038799
28.7491198135
28.7896416732
28.8218091722
28.8575386787
28.9261354851
28.9615977067
28.9886846669
29.0574302201
29.1959338487
29.2204874738
29.1767001368
28.9986951167
28.8501038311
28.5158730307
28.0863224215
27.6616979885
27.5362433898
27.4385543159
27.4038778998
27.5736125190
27.6731014095
27.6685756426
27.5002002210
27.4710739570
27.4302491451
27.3528907575
27.2938374232
27.2319270474
27.2107665990
27.2104045222
27.2258800736
27.1735850771
27.1176809407
27.1996367430
27.3527248464
27.3274357580
27.3714138596
27.2929719566
27.2671522240
27.2042991670
27.1307138716
27.1222773518
27.1045980774
27.1056962513
27.0520419109
27.0801335401
27.1629293025
27.2028694191
27.2090206326
27.1805986866
27.1084732189
27.0432311247
26.9575419745
26.8846201767
26.8161014373
26.7617840946
26.7245149529
26.6662095394
26.6302918072
26.5499841759
26.4806351580
26.4039532002
26.3007613048
26.1894244057
26.0964578675
26.0552442567
26.0034659668
25.9910522985
26.0138851116
26.0954925170
26.2112484383
26.1984207806
26.1148169620
25.9635805481
25.8253605794
25.6648433367
25.4742577726
25.1098997995
24.8569098990
24.7665953658
24.6882993605
24.6043369324
24.5388496257
24.5613034422
24.4837358199
24.5557104398
24.4756078037
24.4304261603
24.5380670214
24.5844257008
24.4560502102
24.4036880021
24.3663599687
24.3297837962
24.3617389492
24.3158861443
24.4168759702
24.3843165032
24.5014542690
24.4708287149
24.5776657609
24.5180377928
24.4768075476
24.4348195515
24.3903343725
24.3018947521
24.2639702586
24.1507624738
24.0816524039
23.9964490707
23.9426465889
23.7943777200
23.7281278417
