1.505712044126478188e+00
1.519480861660028825e+00
1.513209646216169268e+00
1.478128615044122185e+00
1.474933072982445248e+00
1.518810654903903101e+00
1.555195345471276136e+00
1.621541595700451532e+00
1.678623458449255645e+00
1.740191361486798982e+00
1.773966806791551054e+00
1.810517256126067620e+00
1.831463055425263775e+00
1.847395024210665593e+00
1.853379076774909873e+00
1.853015256968977287e+00
1.844225139714464001e+00
1.831398968384584602e+00
1.822313020239439085e+00
1.831320465280617205e+00
1.835904235620220204e+00
1.847488327983497491e+00
1.868679989792086937e+00
1.904074273461764832e+00
1.931031765219219043e+00
1.939635597958345059e+00
1.955210446321195672e+00
1.968070058493893049e+00
1.974624522715519026e+00
1.972379526140676687e+00
1.963647748383363867e+00
1.949614777040256097e+00
1.933565793912054964e+00
1.913887302961745140e+00
1.895570017842194810e+00
1.877046213732770141e+00
1.838718972355747772e+00
1.823953591403212782e+00
1.806688122605967450e+00
1.805361933882814851e+00
1.827664717648986858e+00
1.837652088352475177e+00
1.873097691923219621e+00
1.895439274455138934e+00
1.889006713789103564e+00
1.884173755092419578e+00
1.871589036870021427e+00
1.857336398747903239e+00
1.842182689650545546e+00
1.824256422234863617e+00
1.795486542445890787e+00
1.754983627936333557e+00
1.706884911271487670e+00
1.676018802825235410e+00
1.651521248263289277e+00
1.654329436837793210e+00
1.658775449803067348e+00
1.609484560954863808e+00
1.580476660350300211e+00
1.543844766633567955e+00
1.485937022402521013e+00
1.468148077737967627e+00
1.446201232501767686e+00
1.433722905889528221e+00
1.420257420148911320e+00
1.405405672421494501e+00
1.377154837826586542e+00
1.350487087533425390e+00
1.316880052868898643e+00
1.284230573360615635e+00
1.243205012880102878e+00
1.221676351236933300e+00
1.209959855537737994e+00
1.186102816011299854e+00
1.173246033654270049e+00
1.169273282947790094e+00
1.139846691664144540e+00
1.111646015476470684e+00
1.080436287271021145e+00
1.064318784970736731e+00
1.043388126916781289e+00
1.014558565654316347e+00
9.852855505341984177e-01
9.658785821933412175e-01
9.542688541968962213e-01
9.437066763269726932e-01
9.328436896472335205e-01
9.185224606380075763e-01
9.043997419693493578e-01
8.887400451562722514e-01
8.602817415607417750e-01
8.448195252368396746e-01
8.269781249610159701e-01
8.107299826176636026e-01
8.022085296730916415e-01
7.903969489210092014e-01
7.722071298674765272e-01
7.588726815420893113e-01
7.421737115968723986e-01
7.273928533442327593e-01
7.097259409421358134e-01
6.905435909854727994e-01
6.716086935644556277e-01
6.509444184036020653e-01
6.343333837428549726e-01
6.129491383795125925e-01
6.110753739476516566e-01
6.080103205478830652e-01
5.990853826357737111e-01
5.907081280751454999e-01
5.899762830449154505e-01
5.877276820163719329e-01
5.891722695051084813e-01
5.864303541918128859e-01
5.896263445791900537e-01
5.814702709956010018e-01
5.724922559538222488e-01
5.662894381942936706e-01
5.558685843677100280e-01
5.476489523837836382e-01
5.412865743358529214e-01
5.351318760248165995e-01
5.277710815460540106e-01
5.244782056949641724e-01
5.185504727470114927e-01
5.080007173233943574e-01
4.952338220745087227e-01
4.829686777961704203e-01
4.744880889630531673e-01
4.624916285063410681e-01
4.429864673641053519e-01
4.081624835564614528e-01
3.881703691928045652e-01
3.649916548820985596e-01
3.485300293546885753e-01
3.433627685578786726e-01
3.307544506980388266e-01
3.426693711868483705e-01
3.376599585842245954e-01
3.287275323811978955e-01
3.207199103062499668e-01
3.139443068944706705e-01
3.099955374735955393e-01
3.335945759502444430e-01
3.413948906794323501e-01
3.425228250403671293e-01
3.382100458802907994e-01
3.390106220567810635e-01
3.375615469389965928e-01
3.305708860475314315e-01
3.201369078357129139e-01
3.055972653762333846e-01
2.922387851986468776e-01
2.855007042809782347e-01
2.855324602006830137e-01
2.835703276149648677e-01
2.732845535753943844e-01
2.722679329879835186e-01
2.744620116769591056e-01
2.786138039934838440e-01
2.845563567596942067e-01
2.944807447185965321e-01
3.072181917522682770e-01
3.337336927167559586e-01
3.446898635956897605e-01
3.458789256043456328e-01
3.496207354715020199e-01
3.436682125723133363e-01
3.360028274507110835e-01
3.337144851552391045e-01
3.305115998614017725e-01
3.341470919135572926e-01
3.330821552988726952e-01
3.423398953703176151e-01
3.534349037315288045e-01
3.566546210790063065e-01
3.610971766949026551e-01
3.662900099638666807e-01
3.645140506709653172e-01
3.577650297763146914e-01
3.364799393955409945e-01
3.209191851007094920e-01
2.958096055342288033e-01
2.834447128389200321e-01
2.790134325467775178e-01
2.703763889030572631e-01
2.618696646708668641e-01
2.416301635540485659e-01
2.227423886680165999e-01
2.116972657729393470e-01
2.017688833129322457e-01
1.920307179640114159e-01
1.852527608429937467e-01
1.828636682130246882e-01
1.764636697908831542e-01
1.712606138262667277e-01
1.691362689246826978e-01
1.723782201500732303e-01
1.776143699411074639e-01
1.793058840747379923e-01
1.803828764596043799e-01
1.781989049961085203e-01
1.741102412206436689e-01
1.667807890765357903e-01
1.646009065829840690e-01
1.604512937464514788e-01
1.619583334654824402e-01
1.580738697042089747e-01
1.603604660142620431e-01
1.603314724666960456e-01
1.603060330846690917e-01
1.640680495410489492e-01
1.695015757040516380e-01
1.836407096547421069e-01
1.954762429684880898e-01
2.039676065929239557e-01
2.193876877270829195e-01
2.308599585081510530e-01
2.396460781991018862e-01
2.457731717319387721e-01
2.527326546808728591e-01
2.569920616671637070e-01
2.478901330194642483e-01
2.419078082686109687e-01
2.460311186239965142e-01
2.505393279292929543e-01
2.517490156292859771e-01
2.521261538569365412e-01
2.590428285034901967e-01
2.674386583668699191e-01
2.712675845433117350e-01
2.802072290018386980e-01
2.808700533253439824e-01
2.881565471552222091e-01
3.068851335128821578e-01
3.523677609823245294e-01
3.872416237760871738e-01
4.061196963694034823e-01
4.189011689129857885e-01
4.228814296065895317e-01
4.125418191945402491e-01
4.031460007609569129e-01
3.901207461811963539e-01
3.822432789108222151e-01
3.765124491009884666e-01
3.740584213095314858e-01
3.679329237899809923e-01
3.595106831224914035e-01
3.592679829052825013e-01
3.587822244882973854e-01
3.549440218923431423e-01
3.547852258034940309e-01
3.576934524962798179e-01
3.565095089283151220e-01
3.546383443660917067e-01
3.508946177678943235e-01
3.525948622993272386e-01
3.536495200018203722e-01
3.514012834299741206e-01
3.535064809712643585e-01
3.560066579148731258e-01
3.548984303497724202e-01
3.566902985267329518e-01
3.561382660039338899e-01
3.537357804638747161e-01
3.507145903277793519e-01
3.524284963988932873e-01
3.505027101235651532e-01
3.501909747281194973e-01
3.493470966523119503e-01
3.472779440594139233e-01
3.480726653415046057e-01
3.471342478808924215e-01
3.464033029608311054e-01
3.459167073049262964e-01
3.455688807909597648e-01
3.448027945563153507e-01
3.459735960460628701e-01
3.455575850965899032e-01
3.431617390395906853e-01
3.383152252119379089e-01
3.381165715902549884e-01
3.403583976938414635e-01
3.383840372980815303e-01
3.327666297077506719e-01
3.324652578976353690e-01
3.282934208733179204e-01
3.317260834776342704e-01
3.337885510072828854e-01
3.394760614858607362e-01
3.398978664086270141e-01
3.375672099173435692e-01
3.358776375979909412e-01
3.340742696958253766e-01
3.329136709868577571e-01
3.286137099007522266e-01
3.326658144632785308e-01
3.321247404310164741e-01
3.332404788511654226e-01
3.287614276700773219e-01
3.255829752689817780e-01
3.229283623129037273e-01
3.212576944384716304e-01
3.197724270461043683e-01
3.232044547871665841e-01
3.282928196027666279e-01
3.290480472322605543e-01
3.222692546532216484e-01
3.188631276660162661e-01
3.146113329172139372e-01
3.024525360430089793e-01
3.003962790084439560e-01
2.990623682122993121e-01
2.957181517212771893e-01
2.932812092717885233e-01
2.888757732724963612e-01
2.872849773000186180e-01
2.842329324122125356e-01
2.831890626158394264e-01
2.828559937317339790e-01
2.813833922342995897e-01
2.793700053215224521e-01
2.761110492563645380e-01
2.730567124242423427e-01
2.735130723423677690e-01
2.714600689544524048e-01
2.685985048579709322e-01
2.635070983699803193e-01
2.611331445562323772e-01
2.552222030228745164e-01
2.531368290204667471e-01
2.545754430017316827e-01
2.527530996325544899e-01
2.525661921804055465e-01
2.508495515665288278e-01
2.430267031498908048e-01
2.420222757529886248e-01
2.384695291979390119e-01
2.331411596589420265e-01
2.292293851419256734e-01
2.232356413868999967e-01
2.207263768072397214e-01
2.186575660377328978e-01
2.159990611843702057e-01
2.209259604099996499e-01
2.465180526155470730e-01
2.557571102306633315e-01
2.582353630707396874e-01
2.600406969309839167e-01
2.635336904569740568e-01
2.643887115731113346e-01
2.599176223218840898e-01
2.583664385172157463e-01
2.634338326405453179e-01
2.695202314397704968e-01
2.739332048085980076e-01
2.728409319322113724e-01
2.680472683163229175e-01
2.673372313888583429e-01
2.678208330337403797e-01
2.660916154041116921e-01
2.658407233033029393e-01
2.632909667123202735e-01
2.651584001776850497e-01
2.632386917336143051e-01
2.582986788908927522e-01
2.571618878190893853e-01
2.532288882511036787e-01
2.488760211158259072e-01
2.463866087146120432e-01
2.487952341119090138e-01
2.480009897219403181e-01
2.394220322579605764e-01
2.410156196978171517e-01
2.535922248584623340e-01
2.504520813386107991e-01
2.397399132604290106e-01
2.812054858905884136e-01
2.915076368406160912e-01
2.640442356563320603e-01
2.541321036514483378e-01
2.557150508419896995e-01
2.174408420352337001e-01
1.603388587491062223e-01
1.502830386625428893e-01
1.674951094156664766e-01
1.768588771458871889e-01
1.855756895721217270e-01
1.951023023039311355e-01
2.095344269135222259e-01
2.133871063155945991e-01
2.283895783393485313e-01
2.151321556120184553e-01
2.234206379981821533e-01
2.045635357296106127e-01
2.285628419183836357e-01
2.709729569167271257e-01
2.588632746392819928e-01
2.726761628168219431e-01
3.221916945809930599e-01
2.876126669437894523e-01
2.589190260155332379e-01
2.253681531261795545e-01
2.246537730229020424e-01
1.955273130961003025e-01
1.693213570135185253e-01
1.526084244896041830e-01
1.295775609984578247e-01
1.188413095217869392e-01
1.087545654738815981e-01
7.162108383689681779e-02
4.471506765909213921e-02
4.455763891045939895e-02
5.794545503571420925e-02
1.588323499577193876e-01
2.074612318683910217e-01
2.384038844229423859e-01
2.708034307268756269e-01
2.869405131528026121e-01
2.817709520705111159e-01
2.459592426115206065e-01
2.285487227010987443e-01
2.084138993251519467e-01
2.017910549587000058e-01
1.845868330063175911e-01
1.654560250835057644e-01
1.564230400849290492e-01
1.319864238948350865e-01
1.324640960754175367e-01
1.274429548959796488e-01
1.228358905024141967e-01
1.194010818322120276e-01
1.183460101877956416e-01
1.283459434458759374e-01
1.280748304706102736e-01
1.263328628213504223e-01
1.430319314892246618e-01
1.420934159540731823e-01
1.407368772868846929e-01
1.531061472435876758e-01
1.500135779850166051e-01
1.520637860778858708e-01
1.534531357546802255e-01
1.530315452003102039e-01
1.532475815007336428e-01
1.531296457383252707e-01
1.514280461702724456e-01
1.507351881611870004e-01
1.475288918241052238e-01
1.430001282973140109e-01
1.383291428766680042e-01
1.342843153621136876e-01
1.317307660923446866e-01
1.323480828118214492e-01
1.268721495673977850e-01
1.266232437150164591e-01
1.226871303799125651e-01
1.268338838399826196e-01
1.282936115685190670e-01
1.262929062145732584e-01
1.270717843769887667e-01
1.274415266094480192e-01
1.286534377630547954e-01
1.275280514717319902e-01
1.267434669520836055e-01
1.305575900681348323e-01
1.310740761758585615e-01
1.342077892257004801e-01
1.347644792918980816e-01
1.433017207832676387e-01
1.473316639137069173e-01
1.618692861427001306e-01
1.703691280556657861e-01
1.769986484291748707e-01
1.945361149517206290e-01
1.989047781318481756e-01
2.048212301614508180e-01
2.060196526155768093e-01
2.013373597680197802e-01
1.934628037841286674e-01
1.920602355630307845e-01
1.854265222572545335e-01
1.906976514567406689e-01
1.939701895785355124e-01
2.093175132271360150e-01
2.013805646788222048e-01
1.948619251215090442e-01
2.002317215660003036e-01
2.164048905915036680e-01
2.130470673353213606e-01
2.174262666602587435e-01
2.141099587982350227e-01
2.145912157360012895e-01
2.144849110689537042e-01
2.174743340361315336e-01
2.090431833305682330e-01
2.065881458851358821e-01
2.076836377066447192e-01
2.033602183271502051e-01
2.066939767846426856e-01
2.014345308717958860e-01
2.124658515141478465e-01
2.158280621152587064e-01
2.112273985282133171e-01
2.085580895513248212e-01
2.044769961196264418e-01
1.910065752627246038e-01
1.823942998292744089e-01
1.767485008530930435e-01
1.579391739155705798e-01
1.602802806207897501e-01
1.603389700806341911e-01
1.640273917780724622e-01
1.654414389081567682e-01
1.733930876378717012e-01
1.709740823710320934e-01
1.678161373137519730e-01
1.655665404817970587e-01
1.599069260579416007e-01
1.680117219326306699e-01
1.655082075376264061e-01
1.657234523488296252e-01
1.729962512941675690e-01
1.735543221324307717e-01
1.824681946538277422e-01
1.842832982340556480e-01
1.881298907248277474e-01
1.937090210087041298e-01
1.965596625305124912e-01
2.007175397993841426e-01
2.165604698587299815e-01
2.245150050951654486e-01
2.510178948571825663e-01
2.600936595305875509e-01
2.744676077578021012e-01
2.805198940710088573e-01
2.960500985195164692e-01
2.996741763394379365e-01
3.104602986801695552e-01
3.076080278013779701e-01
3.031196718583361593e-01
3.034584509576718214e-01
2.848355026141198842e-01
2.813721674939478889e-01
2.774346728570605825e-01
2.636880880667519245e-01
2.612035386944416282e-01
2.412587996495109688e-01
2.392830111038359575e-01
2.320082548084746177e-01
2.388314732686529773e-01
2.404482897734930569e-01
2.541793912651348353e-01
2.447704003192911482e-01
2.534662348716442692e-01
2.622727018486495920e-01
2.726827317420618679e-01
2.832226312317561723e-01
3.108639320158679276e-01
3.254187023364535913e-01
3.384115527656310074e-01
3.468464182784460337e-01
3.546812276323993984e-01
3.554198159885050279e-01
3.817880277576179426e-01
3.993917900728701231e-01
4.358744113177496771e-01
4.700858157444120500e-01
5.140019770442503244e-01
5.512127343400177182e-01
5.725239455939493682e-01
5.899426171456115808e-01
6.242642566556837469e-01
6.541165114014018123e-01
6.849776778805281019e-01
6.785598276066941992e-01
6.773209571392458939e-01
6.794955309835866153e-01
6.879233492698867414e-01
6.948614721657058180e-01
7.224298550993223378e-01
7.484223017562701141e-01
7.694240608867264353e-01
7.966384466595044511e-01
8.186547220846950301e-01
8.266051916489575158e-01
8.319212962828651525e-01
8.409007769429633905e-01
8.286182917074810250e-01
8.321707446052032386e-01
8.382453941440343170e-01
8.534924900963533068e-01
8.662657898332616346e-01
8.928810443615754489e-01
8.908366290056072279e-01
9.002343265965795371e-01
9.129685842782019334e-01
9.335266995357731634e-01
9.448415556688087857e-01
9.470370138793160475e-01
9.442694912199480761e-01
9.369518632229252297e-01
9.308021280609505288e-01
9.140520318926089738e-01
9.210325211424046365e-01
9.193431757977317265e-01
9.119848987621984593e-01
9.163780717014216037e-01
9.044912960288118420e-01
9.068240956478422765e-01
9.036724752660119098e-01
8.999861230093563202e-01
8.958684633945137588e-01
8.901351487761361980e-01
8.778513093233371034e-01
8.704579718123884868e-01
8.464593763677569216e-01
8.422425843342624674e-01
8.207507786451601062e-01
8.075719883524479226e-01
8.070391489650504679e-01
8.164936584367770145e-01
8.249132527968638939e-01
8.315727154632880369e-01
8.396789275176014256e-01
8.293208877263860135e-01
8.271953898738260147e-01
8.268412509632090401e-01
8.162246273944541164e-01
8.160299802012053183e-01
8.111503570162905685e-01
8.121222655929366541e-01
8.041763455607590094e-01
7.973407505753155045e-01
7.858065476370446056e-01
7.820614557253113830e-01
7.728673377501033004e-01
7.452787213908047548e-01
7.335460980521669727e-01
7.272454641767495120e-01
7.182676115823946050e-01
7.008544429374882201e-01
6.932740566169169893e-01
6.789966410148123854e-01
6.696163655576505835e-01
6.657059843888968320e-01
6.698593865598152508e-01
6.748718937958806396e-01
6.808368504827697620e-01
6.870726720241714380e-01
6.905684767302301408e-01
6.967614186283261901e-01
6.988619259379573734e-01
6.978934210280075545e-01
6.914399171643913489e-01
6.907480123824286666e-01
6.881898404930848479e-01
6.907670733910900029e-01
6.808447931484595816e-01
6.782407038377716857e-01
6.691240973809644554e-01
6.625680303643386448e-01
6.559258538350922763e-01
6.664067190945810459e-01
6.652675248265783603e-01
6.731248057265357687e-01
6.780171889137583952e-01
6.806169490165102642e-01
6.861663451164130567e-01
6.925175021190494995e-01
6.966701098423377925e-01
6.898130046740715837e-01
6.948038144764656643e-01
7.025614167967100254e-01
7.042076260098845131e-01
7.252218655645475964e-01
7.340148978860336904e-01
7.227442970550771451e-01
7.186099951457117774e-01
6.998674595023346434e-01
6.822873071172262938e-01
6.796590971743512455e-01
6.605152894328524260e-01
6.466719710755278738e-01
6.267555944583478311e-01
6.169713939102825506e-01
6.048521928884978971e-01
5.961826594029285831e-01
5.910016827213216972e-01
5.796050789719409124e-01
5.819961871044143642e-01
5.701538745650024387e-01
5.543766229907844956e-01
5.410039412877336584e-01
5.369245145825493060e-01
5.317790058691288513e-01
5.330347874986841594e-01
5.363904030751083241e-01
5.504611067484127540e-01
5.509872630051174669e-01
5.546249550481259227e-01
5.509973889007412362e-01
5.579222439700992631e-01
5.533243472671339758e-01
5.578623713889251379e-01
5.573678874848644327e-01
5.548403669004197125e-01
5.539500431274779757e-01
5.476235311028800901e-01
5.517488041474024607e-01
5.550991034569106031e-01
5.524929381416744389e-01
5.435182603907152687e-01
5.369980305623666128e-01
5.407193691030138805e-01
5.495973002215175374e-01
5.497612646174664386e-01
5.420212603250303962e-01
5.314010085144901252e-01
5.232955910219374562e-01
5.248734056790460567e-01
5.204515236252543753e-01
5.248390339250722514e-01
5.356014940716836703e-01
5.499527318347993132e-01
5.713323424999210420e-01
5.745037518130394760e-01
5.939490526305329920e-01
6.084571209169445938e-01
6.076404746557333425e-01
6.129187168703845723e-01
6.059814198864363899e-01
5.979058680477372656e-01
5.976845362176922416e-01
5.996080343405379987e-01
5.814650817799360549e-01
5.633100331925505744e-01
5.465988770370022731e-01
5.285108849257417196e-01
4.982354293285875535e-01
4.963632028642100957e-01
4.719107747592813373e-01
4.660654427018028345e-01
4.444368920223350505e-01
4.515324242889781625e-01
4.482174079285701773e-01
4.479150032241955293e-01
4.431469584585576715e-01
4.455658950523598283e-01
4.499324431734935681e-01
4.409356215925961386e-01
4.172963766404148567e-01
4.017502286988937077e-01
3.350875970098186607e-01
2.814414781740237070e-01
1.969410505159401303e-01
1.706635939561444715e-01
1.446190762210757819e-01
1.201226537182769616e-01
1.048544051875951455e-01
8.624943180052649372e-02
9.139792626486753502e-02
1.123001290173993860e-01
1.178334481585694427e-01
1.453450438547096435e-01
1.608914277772553469e-01
1.900190754972976848e-01
1.987049038831243952e-01
2.283120796207537551e-01
2.341243037215049172e-01
2.550543369567330743e-01
2.644710767405551999e-01
2.845826028119229911e-01
2.978742357365861682e-01
3.026065142015419984e-01
3.187580920498155890e-01
3.207487077484911797e-01
3.199539652793318978e-01
3.272036442996208994e-01
3.288936240947868406e-01
3.297286235084687100e-01
3.242958581638890059e-01
3.245840049898789381e-01
3.166768401776189901e-01
3.216970209916457657e-01
3.093002892594315933e-01
2.963418792352804365e-01
2.849179634921799598e-01
2.834415611720865202e-01
2.718579743562091755e-01
2.530999964197791496e-01
2.397843233216945813e-01
2.485345526803964256e-01
2.365419216248920153e-01
2.339243088382430835e-01
2.357500899394092686e-01
2.334611275885115078e-01
2.245327641608671487e-01
2.236581022387401640e-01
2.251384381044557736e-01
2.205842805327537237e-01
2.265923220289433326e-01
2.353981356081775167e-01
2.448792002574261550e-01
2.563951334916917957e-01
2.723380944905622325e-01
2.839019178539490262e-01
2.930567847877115772e-01
2.958777553852448006e-01
3.062280196148540745e-01
3.097560876935732677e-01
3.234063053037903313e-01
3.293202377054691987e-01
3.561098468658973060e-01
3.739904831044961186e-01
3.903603315560691955e-01
4.057535618207707695e-01
4.208052975443634658e-01
4.332700494551242065e-01
4.644113511131841565e-01
4.712339147848758625e-01
4.900296463508401756e-01
4.938821076857118353e-01
5.047497713039963418e-01
5.130268411558480679e-01
5.292236942796891830e-01
5.372068475660867204e-01
5.440669649739658942e-01
5.420590227893979929e-01
5.392750323320066874e-01
5.373016190007541271e-01
5.305818636142551892e-01
5.308735698983101381e-01
5.303190913817378283e-01
5.341624059872911445e-01
5.422995521705598065e-01
5.609692235585660436e-01
5.702136096889452999e-01
5.920912089124944488e-01
5.987662499763387602e-01
6.189557649679064966e-01
6.389924833028230999e-01
6.449245490833379613e-01
6.430092802118646533e-01
6.411856190103490949e-01
6.366116304515359037e-01
6.277327457928955079e-01
6.146011817340657490e-01
5.963002269997073057e-01
5.912033291892357934e-01
5.663037927807508254e-01
5.615349863368747085e-01
5.535702741016349515e-01
5.222735459414236114e-01
5.142291328567869524e-01
5.022091433670963223e-01
4.911150285062985676e-01
4.816786033379986676e-01
4.582506150189769589e-01
4.473414575332572141e-01
4.428754880473679267e-01
4.564335381930889057e-01
4.549293997829630953e-01
4.576337495541279443e-01
4.615881505650669681e-01
4.623093217819984058e-01
4.859945519278474624e-01
4.828404031149455267e-01
4.838717043111251392e-01
4.811199278692246395e-01
4.884176684874744212e-01
5.011822108341413839e-01
4.996569902130571506e-01
4.876362126119479501e-01
4.854789714168806225e-01
4.852027625991842674e-01
4.873311946088175195e-01
4.939465674149568497e-01
4.903646115998994692e-01
4.888459487639807977e-01
4.814348374636995276e-01
4.836812650113896939e-01
4.822325704467099183e-01
4.787163232090964615e-01
4.758095017105360425e-01
4.658675350069531040e-01
4.703069381563357299e-01
4.616418108096647099e-01
4.546568060455360438e-01
4.572369018312468780e-01
4.717576991071700254e-01
4.933764987933751400e-01
5.043788269398037372e-01
5.133283954037692887e-01
5.048303593779632781e-01
5.365763373889648191e-01
5.468192742132442774e-01
5.605387076053733875e-01
5.709908639715922662e-01
5.919336806042272414e-01
5.839793100535032311e-01
5.893731913473173600e-01
5.862827073400033173e-01
6.094699121620023030e-01
6.147301238914912869e-01
6.275123777314025597e-01
6.433027623229978786e-01
6.695993137707441090e-01
6.802012880014006724e-01
7.099130469272310062e-01
7.160223347025665985e-01
7.204518759989301246e-01
7.148194633916230556e-01
7.169450821920330119e-01
7.133585722362876247e-01
7.140526639202742221e-01
7.086630309593398014e-01
7.057256391133616136e-01
7.095552582292382615e-01
7.060134828220980818e-01
7.102594635342313056e-01
7.181464945289972590e-01
7.194407579824814158e-01
7.300911072501137244e-01
7.434796999085546698e-01
7.475977636696541362e-01
7.562206409904969062e-01
7.556099617102330912e-01
7.495937919757916790e-01
7.467173481993327755e-01
7.467927366237913089e-01
7.311298558360573852e-01
7.255935183353576790e-01
7.409337532511850455e-01
7.342126220010687376e-01
7.372348910236318220e-01
7.430379180222947966e-01
7.359074323232206449e-01
7.391513011948144252e-01
7.345152213921172235e-01
7.408867438383046622e-01
7.307047537209054866e-01
7.369048853163649992e-01
7.281429548152702491e-01
7.246675081000587548e-01
7.262803752402937629e-01
7.303440112768071479e-01
7.265788198111143847e-01
7.186480208815809734e-01
7.217197096076014562e-01
7.242235361602852306e-01
7.262585897650488675e-01
7.447657930807390914e-01
7.481847090063818984e-01
7.550030884198529746e-01
7.601037842754277962e-01
7.628434568311632802e-01
7.621112297678404035e-01
7.702387964051136127e-01
7.776863850268289635e-01
7.833498643364820158e-01
7.998466683829985602e-01
8.426269746013077544e-01
8.658111557162154748e-01
8.732830520923317019e-01
8.856585685945752573e-01
9.154068931187978597e-01
9.250131927405852439e-01
9.619128056412951100e-01
1.022453044417876544e+00
1.069584133796574577e+00
1.115111153771279007e+00
1.133311136052811641e+00
1.106110822737257582e+00
1.108145523263291521e+00
1.100264429000124222e+00
1.066737924902747769e+00
1.104850118649748580e+00
1.122604325381181045e+00
1.131859380564171014e+00
1.140034271123488541e+00
1.147725588249333573e+00
1.151416023678414557e+00
1.152454968250311129e+00
1.144104610042724124e+00
1.116627310517831262e+00
1.078004635723228910e+00
1.019136904450116843e+00
9.969213079552343704e-01
9.613230728035614403e-01
9.271022641794379737e-01
8.892391523394448383e-01
8.611448550166839189e-01
7.954370773671614048e-01
8.109277117801341195e-01
8.199484038919317985e-01
7.964028687748385682e-01
8.135853700843521663e-01
8.345365599709552162e-01
8.461698300490101410e-01
8.431341966812605504e-01
8.512365463879183469e-01
8.667408097272565337e-01
8.807681501313400219e-01
8.991402976933359215e-01
9.493579595205077215e-01
9.615995559190321229e-01
1.014385894272011868e+00
1.063489925788604351e+00
1.100942935499469311e+00
1.127783289056672578e+00
1.138638097400653582e+00
1.155803675337568670e+00
1.175019631577451262e+00
1.167470948400109787e+00
1.159012896982483554e+00
1.143318203802662358e+00
1.130479584217429334e+00
1.119816520616551792e+00
1.113301321814529121e+00
1.107016270150324555e+00
1.094387472213562251e+00
1.074571274851318758e+00
1.054579444108499242e+00
1.041966007628402080e+00
1.029865002977498278e+00
1.019287219585856219e+00
1.008429899443164635e+00
1.000837504281757440e+00
9.941744657139073293e-01
9.819921382268165244e-01
9.689827908869124151e-01
9.569343816488494747e-01
9.341055093901409201e-01
9.240012427213023516e-01
8.952871602146329488e-01
8.769709432839286611e-01
8.594038456744663712e-01
8.470673020934933461e-01
8.337408810033063444e-01
8.231133614275060184e-01
8.124385710859248766e-01
7.828761662911835062e-01
7.796414566838945071e-01
7.613835494895173639e-01
7.616250069298293734e-01
7.536845469792489149e-01
7.584621840599851117e-01
7.572368360852662628e-01
