0.0350637275
0.0350637275
0.0309443964
0.0309443964
0.0292919537
0.0292919537
0.0280665997
0.0280665997
0.0214355907
0.0214355907
0.0197431159
0.0197431159
0.0144854362
0.0144854362
0.0231335834
0.0231335834
0.0145588943
0.0145588943
0.0284976326
0.0284976326
0.0319014426
0.0319014426
0.0369979124
0.0369979124
0.0274941201
0.0274941201
0.0265655327
0.0265655327
0.0308508203
0.0308508203
0.0364818190
0.0364818190
0.0448752131
0.0448752131
0.0355342756
0.0355342756
0.0318921254
0.0318921254
0.0328245913
0.0328245913
0.0415909273
0.0415909273
0.0349563804
0.0349563804
0.0306814146
0.0306814146
0.0222919132
0.0222919132
0.0255494782
0.0255494782
0.0112212275
0.0112212275
0.0467403300
0.0467403300
0.0608940454
0.0608940454
0.0584398851
0.0584398851
0.0272889002
0.0272889002
0.0197528104
0.0197528104
0.0273546150
0.0273546150
0.0377782834
0.0377782834
0.0397759146
0.0397759146
0.0287270592
0.0287270592
0.0269050139
0.0269050139
0.0392632221
0.0392632221
0.0301409141
0.0301409141
0.0311399968
0.0311399968
0.0238772497
0.0238772497
0.0328048031
0.0328048031
0.0285743552
0.0285743552
0.0349389464
0.0349389464
0.0249349117
0.0249349117
0.0318962591
0.0318962591
0.0307772288
0.0307772288
0.0520966975
0.0520966975
0.0545096999
0.0545096999
0.0369916552
0.0369916552
0.0250103329
0.0250103329
0.0173590970
0.0173590970
0.0225850591
0.0225850591
0.0243962254
0.0243962254
0.0169507882
0.0169507882
0.0148736110
0.0148736110
0.0149044776
0.0149044776
0.0234505315
0.0234505315
0.0254728562
0.0254728562
0.0315245307
0.0315245307
0.0324275904
0.0324275904
0.0279379341
0.0279379341
0.0276697016
0.0276697016
0.0249762232
0.0249762232
0.0293084624
0.0293084624
0.0258328642
0.0258328642
0.0228114135
0.0228114135
0.0198012908
0.0198012908
0.0227185301
0.0227185301
0.0277659408
0.0277659408
0.0287467166
0.0287467166
0.0307097470
0.0307097470
0.0208572666
0.0208572666
0.0103392252
0.0103392252
0.0032295719
0.0032295719
0.0125847823
0.0125847823
0.0108326872
0.0108326872
0.0150728525
0.0150728525
0.0210881881
0.0210881881
0.0245100850
0.0245100850
0.0188243038
0.0188243038
0.0164656623
0.0164656623
0.0188566651
0.0188566651
0.0168896864
0.0168896864
0.0183147780
0.0183147780
0.0214032918
0.0214032918
0.0205938111
0.0205938111
0.0186026338
0.0186026338
0.0214483932
0.0214483932
0.0188230083
0.0188230083
0.0244114470
0.0244114470
0.0256320863
0.0256320863
0.0276558829
0.0276558829
0.0256755312
0.0256755312
0.0196742937
0.0196742937
0.0220039706
0.0220039706
0.0239610979
0.0239610979
0.0302886555
0.0302886555
0.0233328585
0.0233328585
0.0282193052
0.0282193052
0.0217385289
0.0217385289
0.0256661513
0.0256661513
0.0326865368
0.0326865368
0.0254163498
0.0254163498
0.0175451311
0.0175451311
0.0230223755
0.0230223755
0.0285120305
0.0285120305
0.0234313823
0.0234313823
0.0213041337
0.0213041337
0.0241419662
0.0241419662
0.0335666864
0.0335666864
0.0339069479
0.0339069479
0.0381703540
0.0381703540
0.0426701942
0.0426701942
0.0407963691
0.0407963691
0.0330039557
0.0330039557
0.0313003285
0.0313003285
0.0364593424
0.0364593424
0.0427212865
0.0427212865
0.0522898507
0.0522898507
0.0524811862
0.0524811862
0.0527944087
0.0527944087
0.0445269917
0.0445269917
0.0365253840
0.0365253840
0.0392926149
0.0392926149
0.0340046701
0.0340046701
0.0292753956
0.0292753956
0.0264948814
0.0264948814
0.0354419439
0.0354419439
0.0216153954
0.0216153954
0.0230669776
0.0230669776
0.0221984001
0.0221984001
0.0139249188
0.0139249188
0.0069694805
0.0069694805
0.0070071099
0.0070071099
0.0098815863
0.0098815863
0.0103151750
0.0103151750
0.0149586451
0.0149586451
0.0154592551
0.0154592551
0.0127964337
0.0127964337
0.0110648707
0.0110648707
0.0113551590
0.0113551590
0.0076329187
0.0076329187
0.0131140026
0.0131140026
0.0139652881
0.0139652881
0.0141244848
0.0141244848
0.0135294368
0.0135294368
0.0129852147
0.0129852147
0.0193327535
0.0193327535
0.0230123029
0.0230123029
0.0230296343
0.0230296343
0.0256993798
0.0256993798
0.0197749466
0.0197749466
0.0222781879
0.0222781879
0.0240607156
0.0240607156
0.0227405279
0.0227405279
0.0221304943
0.0221304943
0.0204108864
0.0204108864
0.0271300584
0.0271300584
0.0245240281
0.0245240281
0.0201043317
0.0201043317
0.0175977717
0.0175977717
0.0242613863
0.0242613863
0.0239210565
0.0239210565
0.0208221582
0.0208221582
0.0224651523
0.0224651523
0.0239849100
0.0239849100
0.0284525600
0.0284525600
0.0264797924
0.0264797924
0.0258098930
0.0258098930
0.0269296367
0.0269296367
0.0254161646
0.0254161646
0.0265269487
0.0265269487
0.0252205591
0.0252205591
0.0276918958
0.0276918958
0.0272281739
0.0272281739
0.0240631431
0.0240631431
0.0239370101
0.0239370101
0.0236925295
0.0236925295
0.0203404156
0.0203404156
0.0237636439
0.0237636439
0.0215180984
0.0215180984
0.0228428905
0.0228428905
0.0184855517
0.0184855517
0.0156571279
0.0156571279
0.0205079580
0.0205079580
0.0235658605
0.0235658605
0.0212125900
0.0212125900
0.0179469805
0.0179469805
0.0226056514
0.0226056514
0.0246241025
0.0246241025
0.0250124449
0.0250124449
0.0273876209
0.0273876209
0.0291558124
0.0291558124
0.0303635530
0.0303635530
0.0289102555
0.0289102555
0.0267114576
0.0267114576
0.0244789693
0.0244789693
0.0326397499
0.0326397499
0.0358724150
0.0358724150
0.0337865282
0.0337865282
0.0319443759
0.0319443759
0.0304743442
0.0304743442
0.0266631019
0.0266631019
0.0268594906
0.0268594906
0.0281184017
0.0281184017
0.0338716717
0.0338716717
0.0335516090
0.0335516090
0.0374308859
0.0374308859
0.0317133104
0.0317133104
0.0340361301
0.0340361301
0.0312279137
0.0312279137
0.0194906027
0.0194906027
0.0193616740
0.0193616740
0.0232721652
0.0232721652
0.0271283506
0.0271283506
0.0257520124
0.0257520124
0.0226157262
0.0226157262
0.0213976544
0.0213976544
0.0210239280
0.0200518460
0.0200518460
0.0207796506
0.0207796506
0.0264411020
0.0264411020
0.0229095401
0.0229095401
0.0187894803
0.0187894803
0.0223303240
0.0223303240
0.0176614801
0.0176614801
0.0219126840
0.0219126840
0.0237562821
0.0237562821
0.0284560723
0.0284560723
0.0281553377
0.0281553377
0.0331802974
0.0331802974
0.0378953917
0.0378953917
0.0368442861
0.0368442861
0.0389394572
0.0389394572
0.0410389571
0.0410389571
0.0426460602
0.0426460602
0.0466298418
0.0466298418
0.0383646038
0.0383646038
0.0675766321
0.0675766321
0.0961320657
0.0961320657
0.1042839063
0.1042839063
0.1200952167
0.1200952167
0.1235637278
0.1235637278
0.1304084364
0.1304084364
0.1111455069
0.1111455069
0.1117942469
0.1117942469
0.1207513419
0.1207513419
0.1085403482
0.1085403482
0.0693316519
0.0693316519
0.0584938779
0.0584938779
0.0736073201
0.0736073201
0.0465074484
0.0465074484
0.0454294758
0.0454294758
0.0408647695
0.0408647695
0.0378437962
0.0378437962
0.0370371044
0.0370371044
0.0336767959
0.0336767959
0.0385143372
0.0385143372
0.0339538101
0.0339538101
0.0352465238
0.0352465238
0.0299827501
0.0299827501
0.0305713067
0.0305713067
0.0262717923
0.0262717923
0.0266350193
0.0266350193
0.0252990676
0.0252990676
0.0231902785
0.0231902785
0.0265207699
0.0265207699
0.0266547913
0.0266547913
0.0269931082
0.0269931082
0.0329982040
0.0329982040
0.0374339506
0.0374339506
0.0444520373
0.0444520373
0.0387583658
0.0387583658
0.0424032185
0.0424032185
0.0421582896
0.0421582896
0.0381119416
0.0381119416
0.0388098415
0.0388098415
0.0435315548
0.0435315548
0.0419873916
0.0419873916
0.0377126711
0.0377126711
0.0402341657
0.0402341657
0.0422782967
0.0422782967
0.0403626141
0.0403626141
0.0441027940
0.0441027940
0.0381949303
0.0381949303
0.0337166466
0.0337166466
0.0302962351
0.0302962351
0.0370920216
0.0370920216
0.0345250247
0.0345250247
0.0369414009
0.0369414009
0.0367245342
0.0367245342
0.0342248432
0.0342248432
0.0296750460
0.0296750460
0.0259550377
0.0259550377
0.0283897502
0.0283897502
0.0255375207
0.0255375207
0.0227809501
0.0227809501
0.0327865905
0.0327865905
0.0273244566
0.0273244566
0.0275884031
0.0275884031
0.0152773509
0.0152773509
0.0109704934
0.0109704934
0.0182085332
0.0182085332
0.0167354594
0.0167354594
0.0162881813
0.0162881813
0.0134725653
0.0134725653
0.0222951208
0.0222951208
0.0188677183
0.0188677183
0.0210038803
0.0210038803
0.0401968416
0.0401968416
0.0451366548
0.0451366548
0.0292720124
0.0292720124
0.0362038993
0.0362038993
0.0370215661
0.0370215661
0.0369487565
0.0369487565
0.0346010472
0.0346010472
0.0440275466
0.0440275466
0.0605868733
0.0605868733
0.0434172280
0.0434172280
0.0321578070
0.0321578070
0.0130052668
0.0130052668
0.0219037563
0.0219037563
0.0213533392
0.0213533392
0.0134049010
0.0134049010
0.0260512798
0.0260512798
0.0401273007
0.0401273007
0.0382953708
0.0382953708
0.0296797421
0.0526639852
0.0526639852
0.0309244368
0.0309244368
0.0290141343
0.0290141343
0.0308065903
0.0308065903
0.0451728865
0.0451728865
0.0375897089
0.0375897089
0.0578030362
0.0578030362
0.0317123819
0.0317123819
0.0326275209
0.0326275209
0.0443988635
0.0443988635
0.0392283687
0.0392283687
0.0464878032
0.0464878032
0.0405392709
0.0405392709
0.0320222692
0.0320222692
0.0375067746
0.0375067746
0.0361479144
0.0361479144
0.0548581725
0.0548581725
0.0451694222
0.0451694222
0.0406653195
0.0406653195
0.0363339269
0.0363339269
0.0422894870
0.0422894870
0.0333076243
0.0333076243
0.0305014416
0.0305014416
0.0374527599
0.0374527599
0.0352360658
0.0352360658
0.0732600442
0.0732600442
0.0342350886
0.0342350886
0.0371800307
0.0371800307
0.0433178056
0.0433178056
0.0301070774
0.0301070774
0.0435869559
0.0435869559
0.0315634297
0.0315634297
0.0540238818
0.0540238818
0.0395144509
0.0395144509
0.0527100782
0.0527100782
0.0512227158
0.0512227158
0.0408258897
0.0408258897
0.0378354824
0.0378354824
0.0447770268
0.0447770268
0.0427129211
0.0427129211
0.0464790256
0.0464790256
0.0420829200
0.0420829200
0.0338544973
0.0338544973
0.0299610974
0.0299610974
0.0244305472
0.0244305472
0.0259806066
0.0259806066
0.0235179724
0.0235179724
10.4987023116
10.4987023116
10.4937731164
10.4937731164
10.4986145938
10.4986145938
10.5012107911
10.5012107911
10.5018023099
10.5018023099
10.5052399718
10.5052399718
10.5052075891
10.5052075891
10.5010996869
10.5010996869
10.5001203496
10.5001203496
10.5027883630
10.5027883630
10.5013911891
10.5013911891
10.4960629283
10.4960629283
10.4913316977
10.4913316977
10.4871954431
10.4871954431
10.4837691815
10.4837691815
10.4837898539
10.4837898539
10.4831976811
10.4831976811
10.4783222487
10.4783222487
10.4821001825
10.4821001825
10.4825206006
10.4825206006
10.4809629803
10.4809629803
10.4808635885
10.4808635885
10.4786751478
10.4786751478
10.4762884111
10.4762884111
10.4824697307
10.4824697307
10.4879423524
10.4879423524
10.4886969848
10.4886969848
10.4863507553
10.4863507553
10.4857363704
10.4857363704
10.4857807353
10.4857807353
10.4813590453
10.4813590453
10.4786425789
10.4786425789
10.4754839255
10.4754839255
10.4818834817
10.4818834817
10.4893523466
10.4893523466
10.4893389934
10.4893389934
10.4866472379
10.4866472379
10.4836717097
10.4836717097
10.4810166614
10.4810166614
10.4782189656
10.4782189656
10.4840848541
10.4840848541
10.4729889204
10.4729889204
10.4703446602
10.4703446602
10.4776183897
10.4776183897
10.4869627650
10.4869627650
10.4867891679
10.4867891679
10.4978959047
10.4978959047
10.4799104441
10.4799104441
10.5082321736
10.5082321736
10.5049470946
10.5049470946
10.4896980630
10.4896980630
10.4941577594
10.4941577594
10.4823903591
10.4823903591
10.4925680423
10.4925680423
10.4967630710
10.4967630710
10.5089651382
10.5089651382
10.5104416635
10.5104416635
10.4970956803
10.4970956803
10.5032652580
10.5032652580
10.5140433599
10.5140433599
10.5279404217
10.5279404217
10.5362647627
10.5362647627
10.5370062461
10.5370062461
10.5349064423
10.5349064423
10.5400803082
10.5400803082
10.5357443438
10.5357443438
10.5348527709
10.5348527709
10.5353841424
10.5353841424
10.5258444830
10.5258444830
10.5407127622
10.5407127622
10.5343835570
10.5343835570
10.5299517007
10.5299517007
10.5256364059
10.5256364059
10.5266751157
10.5266751157
10.5225166457
10.5225166457
10.5088993820
10.5088993820
10.5196649614
10.5196649614
10.5149972588
10.5149972588
10.5062622037
10.5062622037
10.5577146686
10.5577146686
10.5614096670
10.5614096670
10.5021663119
10.5021663119
10.5109654290
10.5109654290
10.5131475121
10.5131475121
10.5223898112
10.5223898112
10.5183790773
10.5183790773
10.5111398242
10.5111398242
10.5018719312
10.5018719312
10.5603078003
10.5603078003
10.5612252493
10.5612252493
10.5622827494
10.5622827494
10.5240722667
10.5240722667
10.5075969199
10.5075969199
10.5138309902
10.5138309902
10.5041462009
10.5041462009
10.4991084523
10.4991084523
10.4955137458
10.4955137458
10.4803993504
10.4803993504
10.4820819833
10.4820819833
10.4961887869
10.4961887869
10.4709119864
10.4709119864
10.4587273414
10.4587273414
10.4723910941
10.4723910941
10.4816627571
10.4816627571
10.4925524975
10.4925524975
10.4750754318
10.4750754318
10.4718550223
10.4718550223
10.4682007796
10.4682007796
10.4578365300
10.4578365300
10.4412190088
10.4412190088
10.4256116265
10.4256116265
10.4394378598
10.4394378598
10.4349631392
10.4349631392
10.4398999595
10.4398999595
10.4285954936
10.4285954936
10.4297772317
10.4297772317
10.4320514841
10.4320514841
10.4329082089
10.4329082089
10.4431989139
10.4431989139
10.4423171166
10.4423171166
10.4322807289
10.4322807289
10.4207424943
10.4207424943
10.3994882390
10.3994882390
10.3949763308
10.3949763308
10.3853905071
10.3853905071
10.3783040012
10.3783040012
10.3765380233
10.3765380233
10.3707749835
10.3707749835
10.3609346383
10.3609346383
10.3619986858
10.3619986858
10.3633361359
10.3633361359
10.3671679836
10.3671679836
10.3667248648
10.3667248648
10.3571583512
10.3571583512
10.3577433528
10.3577433528
10.3567480151
10.3567480151
10.3569773374
10.3569773374
10.3616195156
10.3616195156
10.3626278992
10.3626278992
10.3578337402
10.3578337402
10.3591336747
10.3591336747
10.3551815790
10.3551815790
10.3514326070
10.3514326070
10.3433714530
10.3433714530
10.3409550187
10.3409550187
10.3405863473
10.3405863473
10.3377780545
10.3377780545
10.3344546011
10.3344546011
10.3269181502
10.3269181502
10.3247024479
10.3247024479
10.3169560482
10.3169560482
10.3139412681
10.3139412681
10.3128377645
10.3128377645
10.3032291081
10.3032291081
10.2995351831
10.2995351831
10.2951097105
10.2951097105
10.2930434003
10.2930434003
10.2922563444
10.2922563444
10.2978844381
10.2978844381
10.2995484789
10.2995484789
10.3008330778
10.3008330778
10.2993634395
10.2993634395
10.2975655695
10.2975655695
10.3036557027
10.3036557027
10.2999998177
10.2999998177
10.3029207993
10.3029207993
10.3018585535
10.3018585535
10.3047034519
10.3047034519
10.3037870589
10.3037870589
10.3014435469
10.3014435469
10.3009465177
10.3009465177
10.2995735480
10.2995735480
10.2975445135
10.2975445135
10.2993462200
10.2993462200
10.3079075044
10.3079075044
10.3068015678
10.3068015678
10.3032521107
10.3032521107
10.2999543833
10.2999543833
10.2847564448
10.2847564448
10.2823982692
10.2823982692
10.2802239696
10.2802239696
10.2827348967
10.2827348967
10.2787667046
10.2787667046
10.2801267300
10.2801267300
10.2742310061
10.2742310061
10.2802896953
10.2802896953
10.2829131259
10.2829131259
10.2448713309
10.2448713309
10.2396226369
10.2396226369
10.2377276353
10.2377276353
10.2397835397
10.2397835397
10.2399793849
10.2399793849
10.2355950673
10.2355950673
10.2381575146
10.2381575146
10.2302248372
10.2302248372
10.2271149787
10.2271149787
10.2229124265
10.2229124265
10.2172630638
10.2172630638
10.2159615893
10.2159615893
10.2092499694
10.2092499694
10.1896892679
10.1896892679
10.1907854315
10.1907854315
10.1984406283
10.1984406283
10.1964347493
10.1964347493
10.1992036901
10.1992036901
10.1992406540
10.1992406540
10.2024753667
10.2024753667
10.2050116452
10.2050116452
10.2077489789
10.2077489789
10.2066675319
10.2066675319
10.2073259731
10.2073259731
10.2082331574
10.2082331574
10.2015882553
10.2015882553
10.1921922479
10.1921922479
10.1916875018
10.1916875018
10.1859383002
10.1859383002
10.1850631941
10.1850631941
10.1849828282
10.1849828282
10.1856140458
10.1856140458
10.1888704861
10.1888704861
10.1860290116
10.1860290116
10.1923492794
10.1923492794
10.1963157704
10.1963157704
10.2007502858
10.2007502858
10.1995358050
10.1995358050
10.2004257996
10.2004257996
10.2029755522
10.2029755522
10.1990830000
10.1990830000
10.2009380316
10.2009380316
10.2016127192
10.2016127192
10.1978976232
10.1978976232
10.1916419610
10.1916419610
10.1811128830
10.1811128830
10.1822166623
10.1822166623
10.1646639058
10.1646639058
10.1666265924
10.1666265924
10.1663188788
10.1663188788
10.1577723627
10.1577723627
10.1538142996
10.1538142996
10.1410744318
10.1410744318
10.1318045002
10.1318045002
10.1259663853
10.1259663853
10.1235591053
10.1235591053
10.1240322091
10.1240322091
10.1228444798
10.1228444798
10.1215997896
10.1215997896
10.1268834356
10.1268834356
10.1285048734
10.1285048734
10.1288941886
10.1288941886
10.1254758987
10.1254758987
10.1260319630
10.1260319630
10.1240994270
10.1240994270
10.1245068815
10.1245068815
10.1277278380
10.1277278380
10.1236150798
10.1236150798
10.1236284465
10.1236284465
10.1245400019
10.1245400019
10.1182435569
10.1182435569
10.1173168362
10.1173168362
10.1110252265
10.1110252265
10.1080849616
10.1080849616
10.1091143414
10.1091143414
10.1010340424
10.1010340424
10.1035703207
10.1035703207
10.1041883518
10.1041883518
10.0768998998
10.0768998998
10.0733761112
10.0733761112
10.0737488359
10.0737488359
10.0631998274
10.0631998274
10.0538925687
10.0538925687
10.0546887386
10.0546887386
10.0480363553
10.0480363553
10.0476601892
10.0476601892
10.0493658490
10.0493658490
10.0515892452
10.0515892452
10.0468544623
10.0468544623
10.0450667216
10.0450667216
10.0326959001
10.0326959001
10.0284567136
10.0284567136
10.0242594143
10.0242594143
10.0361397052
10.0361397052
10.0355812288
10.0355812288
10.0353523018
10.0353523018
10.0344701671
10.0344701671
10.0371560459
10.0371560459
10.0289171050
10.0289171050
10.0359283255
10.0359283255
10.0463597673
10.0463597673
10.0507522156
10.0507522156
10.0539027759
10.0539027759
10.0707985390
10.0707985390
10.0756304421
10.0756304421
10.0852460166
10.0852460166
10.0769074970
10.0769074970
10.0813869355
10.0813869355
10.0970329117
10.0970329117
10.1072293052
10.1072293052
10.1180642424
10.1180642424
10.1108662625
10.1108662625
10.1104559461
10.1104559461
10.1086951753
10.1086951753
10.1056143283
10.1056143283
10.1186644193
10.1186644193
10.1122455994
10.1122455994
10.1051610527
10.1051610527
10.1075579850
10.1075579850
10.1092753334
10.1092753334
10.1114954603
10.1114954603
10.1123083533
10.1123083533
10.1124369567
10.1124369567
10.1112116588
10.1112116588
10.1244882730
10.1244882730
10.1285041145
10.1285041145
10.1339505872
10.1339505872
10.1380567219
10.1380567219
10.1417954377
10.1417954377
10.1460593873
10.1460593873
10.1465187460
10.1465187460
10.1586537334
10.1586537334
10.1660891947
10.1660891947
10.1687792067
10.1687792067
10.1702612766
10.1702612766
10.1725330782
10.1725330782
10.1820585163
10.1820585163
10.1912826267
10.1912826267
10.1948027391
10.1948027391
10.1939691846
10.1939691846
10.2010521658
10.2010521658
10.1972317525
10.1972317525
10.2080170090
10.2080170090
10.2044087154
10.2044087154
10.2083746160
10.2083746160
10.2015152283
10.2015152283
10.2016943600
10.2016943600
10.2015769086
10.2015769086
10.2063851012
10.2063851012
10.2077678833
10.2077678833
10.2064283595
10.2064283595
10.2120969503
10.2120969503
10.2126785005
10.2126785005
10.2192975282
10.2192975282
10.2257350329
10.2257350329
10.2280656449
10.2280656449
10.2393265483
10.2393265483
10.2493002769
10.2493002769
10.2544702413
10.2544702413
10.2599643695
10.2599643695
10.2601781727
10.2601781727
10.2673778103
10.2673778103
10.2745625103
10.2745625103
10.2763786092
10.2763786092
10.2787243053
10.2787243053
10.2722264353
10.2722264353
10.2696789089
10.2696789089
10.2802473863
10.2802473863
10.2810169447
10.2810169447
10.2898204009
10.2898204009
10.2888697132
10.2888697132
10.2930077502
10.2930077502
10.2955063851
10.2955063851
10.2991504770
10.2991504770
10.3012624366
10.3012624366
10.3031505766
10.3031505766
10.3110826569
10.3110826569
10.3172402187
10.3172402187
10.3200068385
10.3200068385
10.3193006007
10.3193006007
10.3254187942
10.3254187942
10.3268702934
10.3268702934
10.3290609710
10.3290609710
10.3310986121
10.3310986121
10.3369888455
10.3369888455
10.3377543981
10.3377543981
10.3383432932
10.3383432932
10.3435414326
10.3435414326
10.3464680195
10.3464680195
10.3519745644
10.3519745644
10.3595698641
10.3595698641
10.3549963049
10.3549963049
10.3597187083
10.3597187083
10.3653614985
10.3653614985
10.3693018115
10.3693018115
10.3798953556
10.3798953556
10.3775188622
10.3775188622
10.3844089630
10.3844089630
10.3915299707
10.3915299707
10.3924644551
10.3924644551
10.3939787574
10.3939787574
10.4033619842
10.4033619842
10.4059274604
10.4059274604
10.4123465046
10.4123465046
10.4230592591
10.4230592591
10.4239515465
10.4239515465
10.4234391524
10.4234391524
10.4291916533
10.4291916533
10.4403902606
10.4403902606
10.4452141946
10.4452141946
10.4531859806
10.4531859806
10.4657786165
10.4657786165
10.4668851858
10.4668851858
10.4769491337
10.4769491337
10.4778462029
10.4778462029
10.4865768529
10.4865768529
10.4954367174
10.4954367174
10.5107893083
10.5107893083
10.5148562616
10.5148562616
10.5202785635
10.5202785635
10.5223886828
10.5223886828
10.5298995881
10.5298995881
10.5405636367
10.5405636367
10.5411028860
10.5411028860
10.5477525170
10.5477525170
10.5532880895
10.5532880895
10.5423551291
10.5423551291
10.5547473328
10.5547473328
10.5560644077
10.5560644077
10.5732322604
10.5732322604
10.5801762074
10.5801762074
10.5763324191
10.5763324191
0.0541589398
0.0831640183
0.0831640183
0.0831640183
0.0631539447
0.0631539447
0.0631539447
0.0746049761
0.0746049761
0.0746049761
0.0669476366
0.0669476366
0.0669476366
0.0671771707
0.0671771707
0.0671771707
0.0660560132
0.0660560132
0.0660560132
0.0640240459
0.0640240459
0.0640240459
0.0677988223
0.0677988223
0.0677988223
0.0609030088
0.0609030088
0.0609030088
0.0630454699
0.0630454699
0.0630454699
0.0651286577
0.0651286577
0.0651286577
0.0647411260
0.0647411260
0.0647411260
0.0584277445
0.0584277445
0.0584277445
0.0629427481
0.0629427481
0.0629427481
0.0645739944
0.0645739944
0.0645739944
0.0696360427
0.0696360427
0.0696360427
0.0732064846
0.0732064846
0.0732064846
0.0704294393
0.0704294393
0.0704294393
0.0750120741
0.0750120741
0.0750120741
0.0773316445
0.0773316445
0.0773316445
0.0781043418
0.0781043418
0.0781043418
0.0766396136
0.0766396136
0.0766396136
0.0773956588
0.0773956588
0.0773956588
0.0735170595
0.0735170595
0.0735170595
0.0756436428
0.0756436428
0.0756436428
0.0690682083
0.0690682083
0.0690682083
0.0700064741
0.0700064741
0.0700064741
0.0621189097
0.0621189097
0.0621189097
0.0649335045
0.0649335045
0.0649335045
0.0644978140
0.0644978140
0.0644978140
0.0685618957
0.0685618957
0.0685618957
0.0742405746
0.0742405746
0.0742405746
0.0762430165
0.0762430165
0.0762430165
0.0740249386
0.0740249386
0.0740249386
0.0731079378
0.0731079378
0.0731079378
0.0728982910
0.0728982910
0.0728982910
0.0751681331
0.0751681331
0.0751681331
0.0760778223
0.0760778223
0.0760778223
0.0741106676
0.0741106676
0.0741106676
0.0711738864
0.0711738864
0.0711738864
0.0720007089
0.0720007089
0.0720007089
0.0828014782
0.0828014782
0.0828014782
0.0852197258
0.0852197258
0.0852197258
0.0878526286
0.0878526286
0.0878526286
0.0875773743
0.0875773743
0.0875773743
0.0810206474
0.0810206474
0.0810206474
0.0784183034
0.0784183034
0.0784183034
0.0764051812
0.0764051812
0.0764051812
0.0780870953
0.0780870953
0.0780870953
0.0802165541
0.0802165541
0.0802165541
0.0839360157
0.0839360157
0.0839360157
0.0793690102
0.0793690102
0.0793690102
0.0767501252
0.0767501252
0.0767501252
0.0819531590
0.0819531590
0.0819531590
0.0828107345
0.0828107345
0.0828107345
0.0824872748
0.0824872748
0.0824872748
0.0843995493
0.0843995493
0.0843995493
0.0856568726
0.0856568726
0.0856568726
0.0824334790
0.0824334790
0.0824334790
0.0790259953
0.0790259953
0.0790259953
0.0803922532
0.0803922532
0.0803922532
0.0840899110
0.0840899110
0.0840899110
0.0808604329
0.0808604329
0.0808604329
0.0773211338
0.0773211338
0.0773211338
0.0820033091
0.0820033091
0.0820033091
0.0816393255
0.0816393255
0.0816393255
0.0804269994
0.0804269994
0.0804269994
0.0878900837
0.0878900837
0.0878900837
0.0821642257
0.0821642257
0.0821642257
0.0887182699
0.0887182699
0.0887182699
0.0840135692
0.0840135692
0.0840135692
0.0934460358
0.0934460358
0.0934460358
0.0962148420
0.0962148420
0.0962148420
0.0934189711
0.0934189711
0.0934189711
0.0964659467
0.0964659467
0.0964659467
0.0942345050
0.0942345050
0.0942345050
0.0936241289
0.0936241289
0.0936241289
0.0935883006
0.0935883006
0.0935883006
0.0966745633
0.0966745633
0.0966745633
0.1053562972
0.1053562972
0.1053562972
0.1009267885
0.1009267885
0.1009267885
0.1074811474
0.1074811474
0.1074811474
0.1031130687
0.1031130687
0.1031130687
0.1023979562
0.1023979562
0.1023979562
0.0997784299
0.0997784299
0.0997784299
0.1009711175
0.1009711175
0.1009711175
0.0983960792
0.0983960792
0.0983960792
0.0990896113
0.0990896113
0.0990896113
0.0952832787
0.0952832787
0.0952832787
0.0872118467
0.0872118467
0.0872118467
0.0924210095
0.0924210095
0.0924210095
0.0922135049
0.0922135049
0.0922135049
0.0821525229
0.0821525229
0.0821525229
0.0877605281
0.0877605281
0.0877605281
0.0849241082
0.0849241082
0.0849241082
0.0767035240
0.0767035240
0.0767035240
0.0811078660
0.0811078660
0.0811078660
0.0760551090
0.0760551090
0.0760551090
0.0724640620
0.0724640620
0.0724640620
0.0710807976
0.0710807976
0.0710807976
0.0728191797
0.0728191797
0.0728191797
0.0716990242
0.0716990242
0.0716990242
0.0770950315
0.0770950315
0.0770950315
0.0773803414
0.0773803414
0.0773803414
0.0756672089
0.0756672089
0.0756672089
0.0730198526
0.0730198526
0.0730198526
0.0730514406
0.0730514406
0.0730514406
0.0769095751
0.0769095751
0.0769095751
0.0772512916
0.0772512916
0.0772512916
0.0718503468
0.0718503468
0.0718503468
0.0770631662
0.0770631662
0.0770631662
0.0827277176
0.0827277176
0.0827277176
0.0747162258
0.0747162258
0.0747162258
0.0929386771
0.0929386771
0.0931076413
0.0931076413
0.0931076413
0.0994683066
0.0994683066
0.0994683066
0.0899975770
0.0899975770
0.0899975770
0.0898497712
0.0898497712
0.0898497712
0.0798773551
0.0798773551
0.0798773551
0.0935789598
0.0935789598
0.0935789598
0.0940579824
0.0940579824
0.0940579824
0.0732074710
0.0732074710
0.0732074710
0.0663317937
0.0663317937
0.0663317937
0.0641393396
0.0641393396
0.0641393396
0.0644090132
0.0644090132
0.0644090132
0.0644997268
0.0644997268
0.0644997268
0.0684667020
0.0684667020
0.0684667020
0.0703072654
0.0703072654
0.0703072654
0.0756549170
0.0756549170
0.0756549170
0.0673920776
0.0673920776
0.0673920776
0.1198678119
0.1198678119
0.1198678119
0.0658654109
0.0646816857
0.0646816857
0.0646816857
0.0667307731
0.0667307731
0.0667307731
0.0644993770
0.0644993770
0.0644993770
0.0722562127
0.0722562127
0.0722562127
0.0599427561
0.0705077114
0.0705077114
0.0705077114
0.0591621116
0.0678493096
0.0678493096
0.0678493096
0.0840095757
0.0734046620
0.0734046620
0.0734046620
0.0631982976
0.0631982976
0.0631982976
0.0656548604
0.0656548604
0.0656548604
0.0621220750
0.0621220750
0.0621220750
0.0647512360
0.0647512360
0.0647512360
0.0619106290
0.0619106290
0.0619106290
0.0718676546
0.0718676546
0.0718676546
0.0669397938
0.0669397938
0.0669397938
0.0636374470
0.0636374470
0.0636374470
0.0634577818
0.0634577818
0.0634577818
0.0661199059
0.0661199059
0.0661199059
0.0656999554
0.0656999554
0.0656999554
0.0599034324
0.0599034324
0.0599034324
0.0616101957
0.0616101957
0.0616101957
0.0589701138
0.0589701138
0.0589701138
0.0556092391
0.0556092391
0.0556092391
0.0548107437
0.0548107437
0.0548107437
0.0565158985
0.0565158985
0.0565158985
0.0606057560
0.0606057560
0.0606057560
0.0661163691
0.0661163691
0.0661163691
0.0633389375
0.0633389375
0.0633389375
0.0601439071
0.0601439071
0.0601439071
0.0599771458
0.0599771458
0.0599771458
0.0612067901
0.0612067901
0.0612067901
0.0603690880
0.0603690880
0.0603690880
0.0626617784
0.0626617784
0.0626617784
0.0628631383
0.0628631383
0.0628631383
0.0549484653
0.0549484653
0.0549484653
0.0511381148
0.0511381148
0.0511381148
0.0481968601
0.0481968601
0.0481968601
0.0433397153
0.0433397153
0.0433397153
0.0738958912
0.0738958912
0.0738958912
0.0611936601
0.0611936601
0.0611936601
0.0593364339
0.0593364339
0.0593364339
0.0489067989
0.0489067989
0.0489067989
0.0510024508
0.0510024508
0.0510024508
0.0909749730
0.0909749730
0.0909749730
0.0544177478
0.0544177478
0.0544177478
0.0643185584
0.0643185584
0.0643185584
0.0549026644
0.0549026644
0.0549026644
0.0530415318
0.0530415318
0.0530415318
0.0607846835
0.0607846835
0.0607846835
0.0393597537
0.0393597537
0.0393597537
0.0456915674
0.0456915674
0.0456915674
0.0451327767
0.0451327767
0.0451327767
0.0489758444
0.0489758444
0.0489758444
0.0526134761
0.0526134761
0.0526134761
0.0600427126
0.0600427126
0.0600427126
0.0607063022
0.0607063022
0.0607063022
0.0594002620
0.0594002620
0.0594002620
0.0634999346
0.0634999346
0.0634999346
0.0614307809
0.0614307809
0.0614307809
0.0572807123
0.0572807123
0.0572807123
0.0578714139
0.0578714139
0.0578714139
0.0626309276
0.0626309276
0.0626309276
0.0612086181
0.0612086181
0.0612086181
0.0659252715
0.0659252715
0.0659252715
0.0687602406
0.0687602406
0.0687602406
0.0753151989
0.0753151989
0.0753151989
0.0723496879
0.0723496879
0.0723496879
0.0690880101
0.0690880101
0.0690880101
0.0717215000
0.0717215000
0.0717215000
0.0712810316
0.0712810316
0.0712810316
0.0698851423
0.0698851423
0.0698851423
0.0675575443
0.0675575443
0.0675575443
0.0712128177
0.0712128177
0.0712128177
0.0676632965
0.0676632965
0.0676632965
0.0623716414
0.0623716414
0.0623716414
0.0620413408
0.0620413408
0.0620413408
0.0694853191
0.0694853191
0.0694853191
0.0693442727
0.0693442727
0.0693442727
0.0711650476
0.0711650476
0.0711650476
0.0691928722
0.0691928722
0.0691928722
0.0713050491
0.0713050491
0.0713050491
0.0686976493
0.0686976493
0.0686976493
0.0702026070
0.0702026070
0.0702026070
0.0710864456
0.0710864456
0.0710864456
0.0667781661
0.0667781661
0.0667781661
0.0675949957
0.0675949957
0.0675949957
0.0635895874
0.0635895874
0.0635895874
0.0706415151
0.0706415151
0.0706415151
0.0756773355
0.0756773355
0.0756773355
0.0755984977
0.0755984977
0.0755984977
0.0727742720
0.0727742720
0.0727742720
0.0744329068
0.0744329068
0.0744329068
0.0805265376
0.0805265376
0.0805265376
0.0850980335
0.0850980335
0.0850980335
0.0862019636
0.0862019636
0.0862019636
0.0868420143
0.0868420143
0.0868420143
0.0848571494
0.0848571494
0.0848571494
0.0867210805
0.0867210805
0.0867210805
0.0835573954
0.0835573954
0.0835573954
0.0812447463
0.0812447463
0.0812447463
0.0819261934
0.0819261934
0.0819261934
0.0820979864
0.0820979864
0.0820979864
0.0835496146
0.0835496146
0.0835496146
0.0866695423
0.0866695423
0.0866695423
0.0827393435
0.0827393435
0.0827393435
0.0807270794
0.0807270794
0.0807270794
0.0840964833
0.0840964833
0.0840964833
0.0848128181
0.0848128181
0.0848128181
0.0896574065
0.0896574065
0.0896574065
0.0906690666
0.0906690666
0.0906690666
0.0897066933
0.0897066933
0.0897066933
0.0910068593
0.0910068593
0.0910068593
0.0869454221
0.0869454221
0.0869454221
0.0894684183
0.0894684183
0.0894684183
0.0871267848
0.0871267848
0.0871267848
0.0873634992
0.0873634992
0.0873634992
0.0885257358
0.0885257358
0.0885257358
0.0874812679
0.0874812679
0.0874812679
0.0904576515
0.0904576515
0.0904576515
0.0879048176
0.0879048176
0.0879048176
0.0865092092
0.0865092092
0.0865092092
0.0887936063
0.0887936063
0.0887936063
0.1033817209
0.1033817209
0.1033817209
0.0905283525
0.0905283525
0.0905283525
0.0890629628
0.0890629628
0.0890629628
0.0930552065
0.0930552065
0.0930552065
0.0941176052
0.0941176052
0.0941176052
0.0844673048
0.0844673048
0.0844673048
0.0902147012
0.0902147012
0.0902147012
0.0861901818
0.0861901818
0.0861901818
0.0899436968
0.0899436968
0.0899436968
0.0916955150
0.0916955150
0.0916955150
0.0813609981
0.0813609981
0.0813609981
0.0822513756
0.0822513756
0.0822513756
0.0834586204
0.0834586204
0.0834586204
0.0864427919
0.0864427919
0.0864427919
0.0779204673
0.0779204673
0.0779204673
0.0699748781
0.0699748781
0.0699748781
0.0662674957
0.0662674957
0.0662674957
0.0697879010
0.0697879010
0.0697879010
0.0793931646
0.0793931646
0.0793931646
0.0788807146
0.0788807146
0.0788807146
0.0825659541
0.0825659541
0.0825659541
0.0880762065
0.0880762065
0.0880762065
0.0874152927
0.0874152927
0.0874152927
0.0940035880
0.0940035880
0.0940035880
0.0863578419
0.0863578419
0.0863578419
0.0865271786
0.0865271786
0.0865271786
0.0869695158
0.0869695158
0.0869695158
0.0865004932
0.0865004932
0.0865004932
0.0800059685
0.0800059685
0.0800059685
0.0768551860
0.0768551860
0.0768551860
0.0631977532
0.0631977532
0.0631977532
0.0595445933
0.0595445933
0.0595445933
0.0630010720
0.0630010720
0.0630010720
0.0648787899
0.0648787899
0.0648787899
0.0548288670
0.0548288670
0.0548288670
0.0462227406
0.0462227406
0.0462227406
0.0499991271
0.0499991271
0.0499991271
0.0441837846
0.0441837846
0.0441837846
0.0540991560
0.0540991560
0.0540991560
0.0703168015
0.0703168015
0.0703168015
0.0682332216
0.0682332216
0.0682332216
0.0712070602
0.0712070602
0.0712070602
0.0756280771
0.0756280771
0.0756280771
0.0739761005
0.0739761005
0.0739761005
0.0745917632
0.0745917632
0.0745917632
0.0840846438
0.0840846438
0.0840846438
0.0847358558
0.0847358558
0.0847358558
0.0757471821
0.0757471821
0.0757471821
0.0845548850
0.0845548850
0.0845548850
0.0689983341
0.0689983341
0.0689983341
0.0569554092
0.0569554092
0.0569554092
0.0787122039
0.0787122039
0.0787122039
0.0802424841
0.0802424841
0.0802424841
0.0841187030
0.0841187030
0.0841187030
0.0817324240
0.0817324240
0.0817324240
0.0603856311
0.0603856311
0.0603856311
0.0629191989
0.0629191989
0.0629191989
0.0662269590
0.0662269590
0.0662269590
0.0645533430
0.0645533430
0.0645533430
0.0653971528
0.0653971528
0.0653971528
0.0883744035
0.0883744035
0.0883744035
0.0881456551
0.0881456551
0.0881456551
0.1220464336
0.1220464336
0.1220464336
0.1148632510
0.1148632510
0.1148632510
0.0806127326
0.0806127326
0.0806127326
0.0502043772
0.0502043772
0.0502043772
0.0532887790
0.0532887790
0.0532887790
0.0643899434
0.0643899434
0.0643899434
0.0783638814
0.0783638814
0.0783638814
0.0955102089
0.0955102089
0.0955102089
0.1001648506
0.1001648506
0.1001648506
0.0896829842
0.0896829842
0.0896829842
0.1011479416
0.1011479416
0.1011479416
0.1134170036
0.1134170036
0.1134170036
0.1094026325
0.1094026325
0.1094026325
0.0882594216
0.0882594216
0.0882594216
0.0622394152
0.0622394152
0.0622394152
0.0576919465
0.0576919465
0.0576919465
0.0521358441
0.0521358441
0.0521358441
0.0499228967
0.0499228967
0.0499228967
0.0625102065
0.0625102065
0.0625102065
0.0667185180
0.0667185180
0.0667185180
0.0352667792
0.0352667792
0.0352667792
0.0324484954
0.0324484954
0.0324484954
0.0445546195
0.0445546195
0.0445546195
0.0489757544
0.0489757544
0.0489757544
0.0513736182
0.0513736182
0.0513736182
0.0403988296
0.0403988296
0.0403988296
0.0395310870
0.0395310870
0.0395310870
0.0443317734
0.0443317734
0.0443317734
0.0334853475
0.0334853475
0.0334853475
0.0584081612
0.0584081612
0.0584081612
0.0782480053
0.0782480053
0.0782480053
0.0683349816
0.0683349816
0.0683349816
0.0623724360
0.0623724360
0.0623724360
0.0629670294
0.0629670294
0.0629670294
0.0583038414
0.0583038414
0.0583038414
0.0568078136
0.0568078136
0.0568078136
0.0613997861
0.0613997861
0.0613997861
0.0611751224
0.0611751224
0.0611751224
0.0585149650
0.0585149650
0.0585149650
0.0624247576
0.0624247576
0.0624247576
0.0611304390
0.0611304390
0.0611304390
0.0650534972
0.0650534972
0.0650534972
0.0636789487
0.0636789487
0.0636789487
0.0568543048
0.0568543048
0.0568543048
0.0627747642
0.0627747642
0.0627747642
0.0826829577
0.0826829577
0.0826829577
0.1004779311
0.1004779311
0.1004779311
0.0922063627
0.0922063627
0.0922063627
0.0953222817
0.0953222817
0.0953222817
0.0953505380
0.0953505380
0.0953505380
0.0878475256
0.0878475256
0.0878475256
0.0815377086
0.0815377086
0.0815377086
0.0686942415
0.0686942415
0.0686942415
0.0723110735
0.0723110735
0.0723110735
0.0707595160
0.0707595160
0.0707595160
0.0738468708
0.0738468708
0.0738468708
0.0872944134
0.0872944134
0.0872944134
0.0814566679
0.0814566679
0.0814566679
0.0887701141
0.0887701141
0.0887701141
0.0988572025
0.0988572025
0.0988572025
0.0977332845
0.0977332845
0.0977332845
0.1031821264
0.1031821264
0.1083894305
0.1083894305
0.0927591957
0.0927591957
0.0686223660
0.0686223660
0.0941492728
0.0941492728
0.0698715044
0.0698715044
0.0717758287
0.0717758287
0.0671383109
0.0671383109
0.0336602329
0.0336602329
0.0188052768
0.0188052768
0.0204150306
0.0204150306
0.0219153490
0.0219153490
0.0321328413
0.0321328413
0.0496718885
0.0496718885
0.0531838809
0.0531838809
0.0475105513
0.0475105513
0.0438863487
0.0438863487
0.0538896359
0.0538896359
0.0538896359
0.0592062203
0.0592062203
0.0592062203
0.0596568055
0.0596568055
0.0596568055
0.0682244440
0.0682244440
0.0682244440
0.0754509439
0.0754509439
0.0754509439
0.0808084011
0.0808084011
0.0808084011
0.0885951418
0.0885951418
0.0885951418
0.0837119705
0.0837119705
0.0837119705
0.0938653355
0.0938653355
0.0907328191
0.0907328191
0.0988820153
0.0988820153
0.0988820153
0.0915417532
0.0915417532
0.0915417532
0.1029869151
0.1029869151
0.1029869151
0.0980430357
0.0980430357
0.0980430357
0.0856746831
0.0822913537
0.0822913537
0.0785413047
0.0785413047
0.0760385008
0.0760385008
0.0797893754
0.0797893754
0.0731162098
0.0731162098
0.0731162098
0.0740285059
0.0740285059
0.0740285059
0.0558543561
0.0558543561
0.0558543561
0.0482962775
0.0482962775
0.0482962775
0.0516280814
0.0516280814
0.0516280814
0.0421667320
0.0421667320
0.0421667320
0.0413160446
0.0413160446
0.0413160446
0.0332125524
0.0332125524
0.0332125524
0.0369288776
0.0369288776
0.0369288776
0.0510568897
0.0510568897
0.0510568897
0.0507316622
0.0507316622
0.0507316622
0.0643729840
0.0643729840
0.0643729840
0.0551361362
0.0551361362
0.0551361362
0.0628432409
0.0628432409
0.0628432409
0.0502897764
0.0502897764
0.0502897764
0.0564678868
0.0564678868
0.0564678868
0.0621835185
0.0621835185
0.0621835185
0.0611709472
0.0611709472
0.0611709472
0.0720820775
0.0720820775
0.0720820775
0.0551571963
0.0551571963
0.0551571963
0.0518971135
0.0518971135
0.0518971135
0.0506263295
0.0506263295
0.0506263295
0.0806283148
0.0806283148
0.0806283148
0.0541943203
0.0541943203
0.0541943203
0.0451016979
0.0451016979
0.0451016979
0.0428756096
0.0428756096
0.0428756096
0.0472910783
0.0472910783
0.0472910783
0.0526852158
0.0526852158
0.0526852158
0.0424686970
0.0424686970
0.0424686970
0.0582962029
0.0582962029
0.0582962029
0.0528165686
0.0528165686
0.0528165686
0.0556527879
0.0556527879
0.0556527879
0.0587855623
0.0587855623
0.0587855623
0.0606368783
0.0606368783
0.0606368783
0.0523864954
0.0523864954
0.0523864954
0.0510370647
0.0510370647
0.0510370647
0.0612256647
0.0612256647
0.0612256647
0.0686715526
0.0686715526
0.0686715526
0.0541570062
0.0541570062
0.0541570062
0.0583817576
0.0583817576
0.0583817576
0.0550024138
0.0550024138
0.0540109712
0.0540109712
0.0557499318
0.0557499318
0.0601148966
0.0601148966
0.0561616417
0.0561616417
0.0609653384
0.0609653384
0.0601409356
0.0601409356
0.0618857109
0.0618857109
0.0591762047
0.0591762047
0.0588695486
0.0588695486
0.0593510882
0.0593510882
0.0659604203
0.0659604203
0.0643159938
0.0643159938
0.0578657372
0.0578657372
0.0571118579
0.0571118579
0.0570745138
0.0570745138
0.0545051477
0.0545051477
0.0581463968
0.0581463968
0.0581463968
0.0524189306
0.0524189306
0.0524189306
0.0501399058
0.0501399058
0.0501399058
0.0480992049
0.0480992049
0.0480992049
0.0498687098
0.0498687098
0.0498687098
0.0455213283
0.0455213283
0.0455213283
0.0438094664
0.0438094664
0.0438094664
0.0413789922
0.0413789922
0.0413789922
0.0389179189
0.0389179189
0.0389179189
0.0384628792
0.0384628792
0.0384628792
0.0396714704
0.0396714704
0.0396714704
0.0375834836
0.0375834836
0.0375834836
0.0419298941
0.0419298941
0.0419298941
0.0408765574
0.0408765574
0.0408765574
0.0378796669
0.0378796669
0.0378796669
0.0375149729
0.0375149729
0.0375149729
0.0377790972
0.0377790972
0.0377790972
0.0366228531
0.0366228531
0.0366228531
0.0364892599
0.0364892599
0.0364892599
0.0390305844
0.0390305844
0.0390305844
0.0354687540
0.0354687540
0.0354687540
0.0322436830
0.0322436830
0.0322436830
0.0301509153
0.0301509153
0.0301509153
0.0289140312
0.0289140312
0.0289140312
0.0289070066
0.0289070066
0.0289070066
