1.4338334722
0.6642691690
0.2450525967
0.7744479420
1.1180055175
1.1008689486
0.8091635114
0.6639946958
1.8409164108
1.8102138331
1.4822334472
1.6153040227
1.3066937237
0.9809823180
1.0969445375
1.0546479603
1.0223756656
1.0625797543
0.9879426463
0.9720582410
1.0850970277
1.0513254927
1.0917834012
1.1604056513
0.7425056081
0.8479385027
0.9896490313
1.0430432883
1.1483241607
1.1211236206
0.8468921619
0.6538219842
0.5126443282
0.3566041287
0.3157317021
0.7879035102
0.2974605257
0.2916435560
0.2662814383
0.4446585443
0.2734143652
0.3541288133
0.2699616209
0.4106520025
0.2835277845
0.2072196396
0.2986862033
0.1993054238
0.2611124881
0.0795298794
0.3682102936
0.2402029291
0.4837181732
0.7200236138
0.4062227454
0.5676484357
0.6601933118
0.5718256514
0.7079118915
0.7017825593
0.7671858932
0.8226564345
0.8942884147
0.9362015440
0.9390584991
0.7964314201
0.8500287461
0.8279793070
0.7965558778
0.7496224378
0.8883867112
0.8874302541
1.0012468144
0.9694271305
1.0284705991
0.8589623911
0.8115464138
0.8630933560
0.7852265672
0.9209956060
0.9243102947
0.9098034899
0.9554490490
0.8378215121
1.0026434966
0.7845151367
0.9324661407
0.9537041387
1.0527947325
1.1166323377
1.1207799825
0.9607973929
0.8758880225
0.8679118438
0.9136628711
0.8074372952
0.8270688067
0.9420854238
0.8196279370
0.8125379043
0.6795846185
0.6061525797
0.7477546224
0.6877670351
0.7856275796
0.7769481847
0.8875511387
1.0274384803
0.9594859670
0.8906205580
1.0328832840
0.8095104181
0.7341951398
0.6723903032
0.6743360868
0.6845979284
0.4790425417
0.4831258750
23.1850663642
23.3965533800
23.5967100009
23.8450461154
23.9806123300
23.9426289513
23.8722731026
23.7766744388
23.5975984134
23.5746396076
23.8419703212
23.7134902791
23.9212475360
23.9250457960
23.6209451211
23.6147269194
23.1454145933
22.8994564783
22.6404187707
22.6320471156
22.6611223727
22.6255085013
22.6489064116
22.5288004879
22.3396854808
22.4790587968
22.2624765699
22.5359834297
22.7626221513
22.9553331948
23.3055995219
23.4099820219
23.5352274083
23.7208646161
23.8471876852
23.9816482485
23.4658826751
24.9920700469
24.9900603372
24.5500060114
24.2979843082
24.3544282426
24.3014073846
23.8003712313
23.6997273524
23.3798883272
23.3704676417
23.5637839597
23.7433655352
23.4564162372
23.2785042297
23.2140293360
23.0486922824
22.9876014517
22.9205040603
22.5619879434
22.6052476795
23.1387279608
23.3074855573
23.5996598642
24.2710205424
24.4166974764
24.7984637090
24.5336847615
24.8571951466
24.4124386566
24.1022419875
24.1499439283
24.1408353164
24.0044646669
23.7488205245
23.6255693581
23.1211116198
22.9139006403
22.9483111863
22.8073419342
23.0591294933
23.1703807453
23.5930995809
23.7978025566
23.3619589411
22.9645945906
22.6585491507
22.5170664898
22.1646844730
22.3945640823
22.7350523402
23.1917697326
23.7282995948
24.5042987773
25.0083447715
25.1806830685
24.8441801476
24.3174198887
24.5258149659
24.4982643713
23.0529204132
24.0957198748
24.2225777056
24.2716691094
24.7264783047
24.5666966357
24.2785136881
24.1310483114
23.5293079135
23.4327102232
23.2726242611
22.9876823389
22.3939098252
22.1507244603
22.0976827653
21.7384289053
21.5775309924
21.7133373337
22.0067639884
22.2788275654
22.7802058405
23.0807918083
23.6677775402
24.1705560699
24.4636593969
24.4345476867
24.4459576245
24.7180320320
24.1376239173
24.1709230153
23.9128725201
23.8899716775
23.7996354676
23.2908495176
23.2099355569
23.1808218112
23.1154657447
22.6751785421
22.7747921404
22.6632988940
22.7750930228
22.5057530681
22.5251956993
22.6247055086
22.5549759134
22.4911947691
22.3487558946
22.2659703133
22.1780909321
22.2318355329
22.0880226282
22.2609132633
22.7175571732
23.1751673362
22.8301295681
22.8983347033
23.1661242789
23.1482161121
23.0338633775
23.1966716541
23.0424607240
22.8979471755
22.7489104329
23.0403023724
23.2069571831
23.1418396984
23.3348246563
23.6352677606
23.3767397754
23.6904626959
23.9298145326
23.7454441630
23.7591851369
23.7334896008
23.7550803904
23.9294368390
23.6571089066
23.5995527579
23.6411056540
23.6242523289
23.5531271704
23.6057368702
23.6248246580
23.7969357750
23.9191246916
24.0830777609
24.1689467414
24.3331744869
24.3542042373
24.0542902233
24.1486609859
23.3059981875
23.1703568479
23.3640089991
23.3767780014
23.2780640545
23.4149372976
23.3548532916
23.2279302026
23.1480615787
22.6024981883
22.8349103175
22.8362930716
22.9701799332
22.8960816403
22.6879812434
22.9102869311
22.8940295022
22.8812989539
22.6153162030
22.6177964407
22.4707624549
22.5202781205
22.5964368335
22.6292418767
22.6698707066
22.8239158806
23.0902331203
23.0161972238
22.9540945710
22.8998916903
23.0539381139
23.0886495300
23.3584295055
23.5275899749
23.6286311788
23.5352937621
23.1037773959
22.5355326228
22.2704129235
21.7720381646
21.5291745187
21.8948372773
22.1362160401
22.3766140014
23.3156253878
23.9369739032
23.9917378359
24.1520422612
24.2949786894
24.0675747873
23.6180599663
23.0849873117
22.4027994355
22.3008622354
22.0151094755
21.7906560448
21.9157475436
22.1435070981
22.7572645882
23.5411313498
24.1389196062
24.6652080554
24.7524132529
24.4886494156
24.5897636815
24.3369705688
24.0089054851
23.2190185588
22.7357294881
22.4198895110
22.5960147588
22.7207372655
22.9144511225
23.1120413517
23.9230554818
24.3523940239
25.1366912896
25.1504545536
24.7933156039
24.6189580511
23.8467269177
23.8956942167
23.8584068422
23.8731565517
23.7259242982
23.7210254292
23.6106736022
23.5899513024
23.5863664585
23.8121275050
23.7700368263
23.4136975532
23.2210912643
23.3420429849
23.3380380734
23.4462725372
23.6132787989
23.6383024786
23.4465439434
23.5160216767
23.5968928980
23.8625813750
23.6666687700
23.6083751103
23.5958297480
23.4284944275
23.2770835507
23.0145014924
22.9977379247
22.8376696440
22.8708564937
23.3062759939
22.9501612742
22.3695052351
2.0734268996
1.7318593434
2.2181504112
2.2940841850
5.6253182828
2.6455157839
1.3825402144
2.9791413726
2.2827954494
1.8777960343
1.9528398307
2.0583086889
1.7613172670
1.5802197779
1.4387941088
1.7608674654
2.8278641671
2.4475490621
2.8712314227
2.5068598032
2.6577671341
2.4762701966
2.3287266423
2.4824696227
2.7100360262
2.5084007648
2.5770885840
2.4000683559
2.3581471243
2.7041649825
3.4142272521
3.8658504142
3.7251260894
3.4926365516
3.4814044019
3.6776915634
4.1031748862
3.8818829166
4.0650997444
3.7485657561
3.7101048157
3.3429627016
3.4001274478
3.6601607500
3.8676109942
3.7333584620
4.1068016188
4.1120646831
4.0678073101
3.7840822255
3.9200709593
4.3765124211
3.9501367780
3.7581067489
4.0713789517
4.0932349171
4.1433674361
4.0785020705
4.4099447619
4.4881793830
4.5179566358
4.7025117171
4.5473749240
4.4741359929
4.4835794152
4.1340331751
4.0276786435
4.4896886735
4.4057431879
5.1721764585
5.0201247565
4.4055578614
4.2326777167
4.8301729148
4.2296121999
4.8213455569
5.5485798462
5.3555847437
5.6586752420
5.8278002646
5.4017323487
4.9622516813
4.3823259109
4.4132016843
4.3231345590
4.2746032844
4.5959180221
4.9004156600
4.5637193943
4.8922800479
5.2323118557
5.2790335917
5.5580633344
5.5104954046
5.3790975217
5.4010416767
5.1741651032
4.7693350838
4.3866134329
4.2506693028
4.2163444569
4.2029461860
4.3762703026
4.8502325111
5.2148651909
5.3516294547
5.2399599712
5.4626085820
5.1127282133
5.0725587536
4.7899221140
4.7326823038
4.6825811759
4.5531825420
4.3341945770
4.2267955880
4.3844765755
4.3796189261
4.5273488053
4.5104263634
4.5559241889
4.6267863407
4.7950342370
4.6926555016
4.7437456049
4.3344249682
4.2885386461
4.0222826073
3.9672856585
3.8465002086
3.8318195463
3.7353839916
4.0337779587
4.4255314728
4.5562345264
5.0765221043
5.2716591618
5.2692683332
5.3539842994
5.1813304110
5.1818570679
5.0473912433
4.9121448103
4.6734235128
4.4003810845
4.0331040564
4.0923463882
4.2300812191
4.2011481669
4.3860684737
4.6722178654
4.9373914451
5.1918608567
5.5141207351
5.4949839180
5.5789630202
5.1054802959
5.0037803048
5.0271811828
4.9890249341
4.3639689330
4.2913470501
4.2233551475
4.1195548811
4.0742328116
4.2888348207
4.5104484687
4.5903018573
4.8466361422
5.1269065737
5.2870769749
4.9560738876
5.0896295832
4.9772326403
4.8791052525
4.9633108650
4.6448281351
4.2061164055
4.4084235457
4.1301873243
4.1446108297
4.0618667012
4.6196501941
4.8394431728
5.1078275199
5.1614971767
5.4165195121
6.5025893739
6.5954834604
6.4619565412
6.7886926472
6.3824306850
6.7435048979
6.7230977629
7.0197910871
5.9411497662
5.5810328001
5.3539946384
5.7401436050
5.9892914462
5.9981387264
6.1124826657
6.0691950572
6.5214072509
6.2453922178
5.5354336114
5.8565386257
5.7843220323
5.7316836003
5.1489216081
4.9563911869
4.8248393697
4.5452778167
4.5667096390
4.4477324793
4.3129768602
4.1930328718
4.4209464401
4.7300277733
4.9157465164
5.4527166243
5.3923173067
5.1705630116
4.8230356455
4.8056989074
4.7409984781
4.4948872960
4.3440998026
4.0387296631
3.9944055366
3.9133762679
4.2058215003
4.4741912995
4.4947385333
4.5389094320
5.0965833130
4.9748130287
5.1098136799
5.2642846625
4.9329208192
4.8850609399
6.3631339663
5.9967102540
5.8363032323
5.7082626587
5.4272024589
5.4722038224
5.4504229188
5.5610987074
5.5124700460
5.5878342012
5.6998308602
6.2390103943
6.5443276436
6.6857890613
6.5728410806
6.4580561549
7.1139862946
6.7868066616
6.6413765725
6.4756973941
6.5574003408
6.0058347849
5.7023494378
5.8363895189
6.0576232766
6.0055062200
6.0388164970
6.3661146414
6.3224179018
6.1741840618
6.2841990631
6.7319977834
6.4290927868
6.3232219126
6.0664971246
6.0373301065
6.0669884349
5.8893826247
5.9172413713
5.7704041517
5.8345167382
5.9267293598
5.6664071020
6.3498541791
6.3830932429
6.3845867389
6.5297809961
6.1959613616
6.7252304935
6.8267389588
6.7637197873
6.7003109882
6.8978941972
6.5542558851
6.6719002607
6.6437573910
6.6643468810
6.5082016720
6.4409197769
6.3194842653
6.3372609279
6.2305736579
6.0554911991
6.2574988217
6.4589917161
6.3264932630
6.5285704884
6.6362251642
6.4318666917
6.3547340075
6.6440268326
6.7742469946
7.0752787248
6.1776920192
6.5061571708
6.6661422802
7.0348948123
7.2545726566
6.8396368656
6.6676868838
6.6412966257
6.3467529556
6.0377655951
6.3392459399
5.5918075717
5.7034372836
6.1384070058
6.1044457985
6.3091863651
6.7013270111
6.8015266401
6.7526996830
6.7261117436
6.9653632343
7.1037439666
6.8145079031
6.9714676914
6.7781680918
6.9025061138
7.0348283827
6.7863830040
6.3990543683
5.8716418753
5.3529500274
5.3754769976
5.5377658023
5.7535202495
5.8772131340
5.8560635065
5.5745513868
5.7529588353
6.1565437534
6.4796534746
6.6673844547
6.2776403242
6.4896826964
6.5330236968
6.4102089167
6.4145587001
6.6459688983
6.0660289793
5.2637290449
5.3226318079
5.3036669731
5.6414818290
5.5403573684
5.5704055421
5.8760224283
6.2642865115
6.3351276064
6.1685832422
6.3402470437
6.7330050007
6.7804026587
6.4245650550
6.3901248415
5.9888257658
5.7299370484
5.6986445929
5.5404665245
5.7017280272
6.0278342394
5.8071653541
5.8721765943
5.9195349735
5.8671862640
6.3790514105
6.2756525703
6.1398744125
5.7540293040
5.6777739642
5.9139509990
5.4989922878
5.7520980035
5.6466297075
5.5784312470
5.7815742813
5.8787555731
5.3143243669
5.6612367915
5.7247813517
5.7434819203
5.4366798990
5.3575824009
5.4016219757
5.4971564237
5.5680411220
5.7646330188
5.7295264008
5.8455969133
5.6034593894
5.4301257897
5.2492336772
5.4581840892
5.1850135677
4.8403425873
4.9951933642
4.6178932016
4.8036257946
5.0610521502
4.9541240886
5.3048528109
5.1731624778
5.2099378625
5.1616847715
5.3564050257
5.0718711589
4.8151114332
4.5196410985
4.8487205446
4.9340908037
5.1332839882
4.5282590006
4.9509198503
5.0474421750
5.0128240057
5.0466085857
4.8519851829
3.7681457625
3.5616021719
3.2244527394
2.4906626265
2.6822425833
2.4220040920
2.6121371960
2.5034721293
2.4075412154
2.3862981702
2.2249766194
2.1790121829
2.1840736103
2.1646942486
2.0592759247
1.9596211256
1.8861084001
1.8565014442
1.8868007447
1.9134386932
1.7033022789
1.9898714546
2.3696930576
2.3005642165
1.9552698210
1.8956799424
1.6640862012
1.6614606748
1.5885896308
1.7364880938
1.7528740653
1.5877199624
1.6090688551
1.7989567573
1.7946415905
1.7740042304
2.0485835879
2.3475989092
2.5985144457
2.4723938661
2.5329360105
2.3386470201
1.9019192946
1.8351467551
1.8487338575
2.0175410127
2.2299774071
2.0485671082
2.6417355160
3.0624516233
2.7560262780
2.2834557350
2.0171787930
2.3855714452
2.2416892384
2.2576667096
2.8112939306
3.2694232890
3.0769466613
2.4421377761
2.1728898209
1.8142917507
2.2033386895
2.1735091702
2.4480468003
2.6775541905
2.1758083146
2.0396433822
2.1669687517
0.9751644972
0.9612739830
0.7740295761
0.6188212405
1.9411708831
1.6667054164
1.2779021756
1.2978722650
0.5607194579
0.5237826584
0.8317562208
0.6101778851
0.9486381083
0.7486012253
0.6517679175
0.6992063173
0.6781910526
0.6044471904
0.6780036990
0.6513449900
1.2256373898
1.3571717761
1.2777091680
1.7197013165
0.5251694607
0.5192067821
0.4054592773
0.3725824273
0.6756593735
0.5992320734
0.5538826979
0.6903820628
0.4772968346
0.6115742366
0.4221362661
0.4860891763
0.5223635049
0.5806122993
0.7821170141
0.5114247006
0.2696435242
0.4541387724
0.3591772387
0.4944904804
0.2868496104
0.2797029869
0.1627953799
0.6354509353
0.4459177709
0.5578416531
0.5475399964
1.2068141919
0.7342579560
0.9278620491
1.0816513714
0.5577408117
0.3774762657
0.4556581387
0.2314028249
0.2582787436
0.1500969085
0.1423929513
0.2271880153
0.5870259799
0.3136062364
0.3031934864
0.9444869242
1.1008565688
1.3026231018
1.0749441571
1.2461907078
1.0648173580
0.9465965605
0.4544012669
0.4428511241
0.2625998114
0.2509372310
0.7604121694
0.9042907780
1.1238067636
1.0985729027
1.1399423694
1.2059093048
0.8641105553
0.9985692324
0.4947492425
0.3307643603
0.7401803906
0.6032518900
0.8811909183
1.0159147456
1.0893537817
0.9838889068
0.8374079113
0.8902513432
0.6576629157
0.4092590174
0.6346619827
0.9368472267
1.5550344435
1.6520042005
1.8559568426
1.4782820841
1.2049104146
0.3724557417
0.2919321858
0.7552768213
1.4395149090
1.9966957661
2.1750059619
2.3319274729
2.1139011823
1.8459295668
1.1500117733
0.9504674720
0.5074113652
0.5255185268
1.0513431606
1.1909493637
1.4799960663
1.8744590568
1.6507695916
1.2073348592
0.7596864476
0.3484745557
1.0166286619
1.3288703902
1.3296479210
1.6669970139
1.5494836899
1.3951728094
0.9756625125
0.9512960790
0.4793505748
0.1375838856
0.7424035665
0.6539284570
1.0106315013
1.0823105409
1.3747284317
1.0152939430
0.8697644567
0.2344880379
0.5426861215
1.0014625145
1.5254958500
1.2591443453
1.0504883442
0.9766698203
1.1282678383
1.3394626359
0.8490737292
0.5458207017
0.5078222672
0.2402854718
0.6827900203
0.8574037262
1.0171509181
0.8614995168
1.0635318289
0.7706028727
0.4791076198
0.3030326252
0.2359577368
0.2491131240
0.5673006033
0.5346686344
0.5679159065
0.4987803116
0.4531740022
0.3591059981
0.3570600008
0.2154492708
0.1427804919
0.3058779606
0.2999265729
0.3169264897
0.1891091795
0.3854844136
0.4156342536
0.3189781577
0.3041142308
0.4741652437
0.4302492083
0.4023083228
0.2094959367
0.3578894053
0.4496995785
0.5664603121
0.8336656952
1.1765021810
1.2193984276
0.9570645893
0.8511353681
0.7911406137
0.3988912584
0.1548880439
0.2729128665
0.4655393140
0.8728707651
1.1319321606
1.0189158837
0.8240801111
0.4438414440
0.2179265508
0.2691872091
0.3481675157
0.1949762943
0.1396024172
0.2372771224
0.1288518251
0.1505394855
0.1387623027
0.0965052274
0.0973196288
0.1085625116
0.1055732279
0.1307353126
0.0750246281
0.1988357691
0.1788329944
0.1651207250
0.1019325745
0.2230786905
0.1476754437
0.0910770358
0.2399324352
0.1897709236
0.3112081612
0.4609778688
0.3269894504
0.3109802261
0.2560005452
0.1767215224
0.3468761329
0.5336350556
0.5416390401
0.5804907987
0.4459445867
0.5878667224
0.3635340616
0.6700251905
0.7175583260
0.6018149182
0.7504590308
0.7138905234
0.6417884553
0.9214557106
0.8656920473
0.8708810163
0.7093595521
0.5184403270
0.4174506171
0.4745764675
0.4550499762
0.4054978636
0.4805264992
0.2968182246
0.2675806552
0.2336145933
0.2307057359
0.2191289212
