0.3026644537
0.2932998260
0.3809926908
0.3401726583
0.4021401953
0.4099154211
0.4437233919
0.4219061964
0.3589417899
0.2957185386
0.3748629797
0.3239129740
0.2291942101
0.1521413498
0.2757560642
0.2608624622
0.4526897757
0.4224413405
0.2165773982
0.2558564070
0.2972940878
0.6709808688
0.3993089453
0.4338255132
0.2335682257
0.2461675551
0.2537116364
0.3085418129
0.2713923577
0.3193648036
0.1356017178
0.2382182708
0.3349667015
0.2594958958
0.3080766748
0.4319523687
0.4810197963
0.6217833425
0.4272132096
0.6149327946
0.3301332526
0.5325341826
0.6994485661
0.5514572038
0.5296385580
0.4708853517
0.8733461972
0.6766645410
0.5023690189
0.4633334905
0.4586302420
0.2979899783
0.3371887173
0.4302082900
0.3149668651
0.3693234568
0.8014841874
0.6805959642
0.6721082280
0.4426552665
0.3430801930
0.3928254311
0.5230689119
0.5249691335
0.2463412396
0.6324001106
0.5180482466
0.6788564879
0.8306580083
0.6244182110
0.5541820299
0.5810576242
0.8513113084
0.2460630886
0.6708571608
0.8275320500
0.5444219169
0.4126906284
0.9085023631
0.5960016506
0.6814189322
0.8200285147
1.2085665142
0.8675702628
0.9563110915
1.0158530970
1.0669294395
1.1064861519
1.2797554018
1.0031767364
1.0259432804
0.9791851720
0.9677866538
0.5439968691
0.3953113830
0.5754367624
0.5950186704
0.9345627571
0.6328551139
0.7579019244
0.9052844104
0.8552794537
0.9597911113
0.9469088912
0.9396220640
1.0923225173
0.6444011480
0.7104181021
0.6892850660
1.2620455047
0.7602253526
0.4917207100
0.7033359508
0.6572590718
0.4234439387
0.4836720253
0.4944111070
0.3002142989
0.3871569240
0.5546591257
1.1048876089
0.6583159550
1.1799850094
1.1479897046
0.6579558510
0.8548299440
0.6008625362
0.6304680691
0.3089816027
0.2087642854
0.8135637801
0.6334527479
0.5251275521
0.5674288882
0.7788561233
0.5063624440
0.6781612605
0.9120318659
0.8905082883
0.7019843651
0.7808826352
0.7538635327
0.8824453348
0.8385316065
0.8837155350
0.9383541288
0.6313101617
0.6015333979
0.8102451218
0.8620204165
0.6863732264
0.6293980761
0.6316249496
0.7241109140
0.6103206409
0.8588736045
0.7697583703
1.8378247790
2.0430451447
2.1366950206
2.1334903631
2.2870140034
0.7552372213
0.7355641700
1.1657419909
0.8239889800
0.9721830268
1.0664768163
1.1224351350
1.2743358564
1.2002120674
1.2803373464
1.3000455316
1.2515621032
1.2358496429
1.2316375258
1.0302189010
0.9713965014
0.9587183994
0.9745576547
0.6535269491
0.5750324457
1.2831889385
0.5419203240
0.5050145571
0.6137742300
0.6086984471
1.2802266839
0.4706108044
0.4979603954
0.5090396124
0.4900739276
0.6960127803
0.5863717784
0.4311431082
0.4979233562
0.4742635851
0.4259534660
0.2808134270
0.3736392791
0.3250830778
0.4704874121
0.4737200687
0.5193930046
0.5234214211
0.4196546598
0.4468412380
0.5312140881
0.5008134494
0.4595896063
0.4219069483
0.4001274653
0.4352800491
0.3540231932
0.4614120898
0.4306994123
0.4405085573
0.5343117451
0.6663127028
0.5745400353
0.4860097229
0.3745856846
0.5356043951
0.4696067925
0.5887046298
0.5788697368
0.6113268804
0.5985048643
0.6365679913
0.5071191003
0.5172207883
0.4496780996
0.3327023954
0.3428155389
0.3549505285
0.3730789095
0.4665406758
0.5648609276
0.5437793457
0.5335078949
0.5509420308
0.4981677130
0.6113647190
0.5582607033
0.4316812690
0.4941133793
0.4893883516
0.4022364277
0.4751291863
0.5656410818
0.5952399344
0.5054862748
0.3497558944
0.3967680984
0.2434937706
0.3925154820
0.2571136905
0.2372709025
0.2581062381
0.2187700745
0.1459499536
0.3071068338
0.3221582295
0.2332890242
0.1798869541
0.2213459830
0.1966500891
0.1928092805
0.2389244970
0.2330994082
0.2386532391
0.2773603939
0.2854754568
0.2970412325
0.2985316102
0.2998701953
0.2659930428
0.3976211530
0.1771570564
0.3426172610
0.3482583969
0.3794327751
0.5960378577
0.5490278213
0.5816426180
0.5828502082
0.3265073473
0.4188077193
0.3853203114
0.5970070354
0.5198552797
0.2837444083
0.1462203917
0.4682999276
0.4705417109
0.1910140441
0.3012462075
0.3958197359
0.4145418341
0.3510923571
0.4312787539
0.4019639892
0.3018577166
0.3367969983
0.2441142740
0.3885469447
0.7059320295
0.7267450539
0.2837169977
0.8668566402
0.8358532484
0.4032501922
0.5521324936
0.3335146969
0.1852475198
0.3539570996
0.3957423517
0.5545004674
1.1708572056
0.4481884104
0.2863840248
0.2669336218
0.2984032859
0.4016275367
0.6219370249
0.9621730362
0.5317883165
0.6624936142
0.3140247976
0.7267449566
0.8917755649
0.9007744947
0.8624210920
0.5705622123
1.0469028551
1.1959936512
1.4742473883
1.3884354345
1.6550202938
1.2208030649
0.3694135706
0.5632754781
0.6589617945
2.5908557696
0.5568641408
1.3346650394
1.1330796348
1.2402267484
0.6969538065
1.0951720703
0.4125961492
1.0760334043
0.2659515791
0.7611355900
0.9025014358
0.9292701204
0.6759547451
0.7452950993
0.2126168901
0.5169776343
0.5045798587
0.5687595278
0.3865744772
0.2363108556
0.6283593626
0.9613677328
0.5709612626
0.3529501676
0.2447752265
0.3116043583
0.2300559398
0.3705714800
0.3982640755
0.3129318342
0.3639498182
0.4034604598
0.4155491492
0.4128279002
0.3513591064
0.3338054869
0.4942184506
0.7619710499
0.6832690361
0.4086595926
0.3424406486
0.2686924700
0.3299090200
0.1661257557
0.1738153456
0.3280167219
0.2885658787
0.1838420277
0.2804658277
0.0734193545
0.3129962563
0.4838819923
0.2846770925
0.1953889388
0.5334690925
0.4645352156
0.4156032072
0.3734388078
0.6581588155
0.6131585347
0.7731357352
0.4216005086
0.8922102576
1.0047096222
0.9623471397
0.5146224388
0.4026797498
0.2960763317
0.4098447667
0.3786633648
0.4653593254
0.4376915780
0.5277288583
0.3619298814
0.4265340223
0.5704935018
0.5288735832
0.4969657607
0.7515654868
0.8088508486
0.7165592374
1.0181011393
1.0282271721
0.9530115796
0.9116782615
0.7556949207
0.3600860870
0.5401341633
0.3699062853
0.4748601753
0.2094931210
1.1092887948
0.4710048525
0.3527678288
0.3898813139
0.5143085998
0.6544374582
0.6703275088
1.3756689089
1.1013095319
1.4300481841
0.5251446119
2.9244846315
0.3260316182
1.0590423315
1.0899666873
1.0921246923
1.3699922957
1.2255821378
0.5588165676
1.0378772788
1.3206689404
1.5120731514
1.4338673947
1.8186550005
1.0521558650
1.7457399345
1.4487286063
1.4161978572
1.2454737323
0.5544325601
0.2937226920
0.7173747456
0.6899692832
0.6188002959
0.3487801272
0.3679508923
1.5146512910
0.9348685069
0.2308459396
0.2244607443
0.5835717604
0.3715058343
0.2329688074
0.8223903285
0.8892398268
0.8690134077
0.8924023222
0.5664985426
0.4682311502
0.3361505475
0.4712508901
0.4565410091
0.6834275446
0.3311441748
0.5646043753
0.3874990454
0.4404854960
0.2068357909
0.4784884842
0.4787452140
0.2907104919
0.2897969119
0.1573102321
0.1322677363
0.1137426533
0.0618641291
0.1847758903
0.1103616366
0.2242004019
0.2356789506
0.3623757961
0.4208371737
0.4007225214
0.2740520765
0.3262591356
0.2368011456
0.2523999095
0.4082620806
0.5227163076
0.3244853964
0.4487963322
0.2250693336
0.3002784226
0.4136464957
0.4541154855
0.3899081131
0.4145797495
0.2696780922
0.2802439621
0.3367133233
0.3395720477
0.4041473644
0.3040552311
0.3696934447
0.1893283148
0.1637802916
0.1530104730
0.3455321930
0.4500896979
0.4525538918
0.5709675676
0.6619414251
0.6125525398
0.4613345777
0.6418142996
0.5380213020
0.1973070184
0.3844344811
0.4619896776
0.5769945750
0.5368282725
0.5156298476
0.4258630417
0.5895024405
0.8024876323
0.4361572931
0.5288305601
0.1934629427
0.0931864373
0.0877558003
0.5123874937
0.2723221808
0.2418490278
0.3740398468
0.1223810293
0.1357947326
0.3437324521
0.6749391143
0.6584327316
0.4637929660
0.5961532760
0.7018597140
0.6506053824
0.5932530356
0.4161309818
0.3354770841
0.3833026161
0.5217395443
0.3553693450
0.1249095391
0.6684393219
0.9789546214
0.5412490396
0.9506265914
1.1289082555
1.2623982423
1.2435853440
0.8852821594
1.6247186531
0.8770402671
0.6459647066
0.5674807684
0.6099791693
0.6725502758
0.9008978889
1.3931212353
1.7561312960
1.9777005145
3.1166155729
1.4262497053
2.3322212845
0.9453728104
0.4539067659
0.5505598303
0.7959779714
0.8244263142
0.6721194276
0.5931544180
0.6015277098
0.9198990822
0.4356465811
0.6673187121
0.3840264110
0.0952591931
0.7392218746
0.4808850767
0.9089541240
0.3889860031
0.6349740406
0.5355919598
0.6979498245
0.9794204130
0.6245650333
0.6092672364
0.2756894247
0.5491652850
0.7912826007
0.5374825239
0.7234239210
0.3238452140
0.2112633311
0.1641229415
0.2317187592
0.2335698331
0.2968176862
0.2465775872
0.2166563182
0.4124669954
0.1839717828
0.3466779322
0.4260160519
0.2546717720
0.1549325262
0.3074914447
0.2074615789
0.3854786984
0.5075736420
0.4171063528
0.3575402529
0.2010133651
0.3216035805
0.4303824311
0.4663905151
0.3427412863
0.3702936116
0.5054263909
0.4337753079
0.5189033189
0.2259777184
0.3741430911
0.3182956894
0.3379093732
0.2165403032
0.2105633598
0.0589403849
0.0433049716
0.2167609588
0.0931912193
0.2719101607
0.2454030388
0.2562005526
0.2937713360
0.3774140836
0.4148051291
0.5843110659
0.5390282872
0.7574935413
0.6668911762
0.3199068474
0.2796519547
0.4636880695
0.4013592211
0.2223851318
0.1086147477
0.0664522266
0.2061962436
0.1256968993
0.4917543546
0.2504354922
0.3168287345
0.1472793867
0.2613017230
0.1261495394
0.2264169863
0.1562380699
0.2040617403
0.1718119925
0.2071777507
0.3153145127
0.3666042877
0.2724078735
0.0639670580
0.4561172270
0.5376852245
0.5944528415
0.1314354476
0.3503888002
0.4071896418
0.6443835916
0.5793665076
0.4302031902
0.4698842862
0.5353725757
0.7259090912
0.6218334487
0.4967475970
0.3666418323
0.7402446810
0.6327502642
0.6564479587
0.4864835976
0.6487574504
0.8356134350
0.4856818366
0.1723998692
0.2343147722
0.3806960617
0.3257354918
0.5888671432
0.3018809414
0.2869862791
0.7516293249
0.5302385482
0.5873855493
0.7298843962
0.5566766975
0.5791282980
0.7438424596
0.6163052121
1.0971339215
0.4471845820
0.4228678162
0.5114473146
0.2970287438
0.2678464138
0.4289058832
0.4178434931
0.2303903024
0.6798702308
0.4918215554
0.4296021460
0.3476350171
0.5193561336
0.3374543281
0.2476777485
0.3439865911
0.4425728073
0.4743550419
0.4412805910
0.4658966758
0.4762434542
0.3841907123
0.4573829472
0.5856231467
0.6328464818
0.4421303804
0.6453714599
0.5403439867
0.4986080842
0.3239752786
0.5716030781
0.3716678832
0.4880863970
0.4217290723
0.4948640778
0.3906938861
0.7424140767
0.8474416559
0.9416729773
0.7470589248
0.6379823123
0.4091280592
0.6267370655
0.6491678576
0.5743763299
0.4645321773
0.6608571846
0.5707359771
0.5436461179
0.5354478295
0.4733641293
0.1448793652
0.3337781351
0.3213957274
0.7169375119
0.8139426449
0.6768695428
0.4094653579
0.3037758430
0.3753814716
0.4416526636
0.5639306685
0.5502517432
0.4725960196
0.2566640730
0.3902328203
0.4244223169
0.4935407489
0.6642408073
0.6304409017
0.6508889171
0.5949451918
0.5683291136
0.6040097476
0.6664379073
0.6494017334
0.1879637103
0.6242799979
0.9429509115
0.8808926813
0.6699547997
0.4356149761
0.2894726384
0.4426664078
0.4080629250
0.0444284869
0.2831366153
0.3375329073
0.3252694496
0.4090787400
0.4881698227
0.4054404725
0.2971138690
0.4094087790
0.4521801014
0.5531737694
0.4386177707
0.4910223363
0.3998919147
0.4029245699
0.3517576341
0.3319754242
0.2980238659
0.3636437231
0.4828833483
0.5720454001
0.7135328223
0.6356354547
0.6056736656
0.6570858373
0.7449366372
0.6551543080
0.8013862596
0.7000392530
0.7191472627
0.4482565213
0.3621709502
0.4297742342
0.5416503047
0.3727253021
0.5131330611
0.4911099174
0.4449916561
0.4579459179
0.6225237836
0.4732090224
0.3753306944
0.2754306839
0.3614911594
0.6777032474
0.6913047296
0.5314648918
0.7178800244
0.7722229494
0.6099646168
0.5517596932
0.6453777272
0.3306578727
0.3072116036
0.3367994692
0.4351243483
0.5073036971
0.6074805294
0.5568697201
0.5527506367
0.4822177815
0.6861308124
0.6267563929
0.8227558793
0.8872853881
0.8066352213
0.6993045627
0.7475103882
0.6696544542
0.5746932773
0.6715869435
0.6469530048
0.4865771701
0.4111037261
0.3992414485
0.3013131611
0.4671633177
0.6462770713
0.8145317819
0.7025555727
0.8823990359
0.6987672422
0.9008916609
0.5599623732
0.7191536726
0.8621677921
0.7896609119
0.7799794575
0.8392456703
0.9774139187
0.9234268613
0.9233451971
0.8404869432
0.8465598335
0.7961311319
0.7351646050
0.8475851122
0.7469814343
0.6724172679
0.6853171580
0.5816483174
0.4541621766
0.4860767307
0.6008392103
0.3561437781
0.4317079444
0.3379177057
0.4377180284
0.2076722477
0.2937992087
0.3354863247
0.4002255108
0.5008935668
0.5918215075
0.6692532466
0.8034720377
0.7650741364
0.9425142209
0.9652017632
0.9783664947
0.9175465994
0.7895110877
0.6123736882
0.5485683720
0.5207253222
0.1952068506
0.3104711509
0.2731798100
0.4638057603
0.5758103772
0.8239543351
0.7055862682
0.7850147431
1.0532888172
1.0548114571
1.0808637436
1.0991815745
1.0793536927
0.8872629092
0.8373968542
0.7685409090
0.7086227073
0.3480634293
0.2657012863
0.3602314788
0.3826345521
0.8230700282
0.8125219141
1.3528093409
1.2470152872
1.0823119748
1.3854380933
1.4830828736
1.2374475313
0.2751230127
0.6590225962
0.7958462565
0.8688671285
0.9624959949
0.8808489454
0.8274493549
0.8390953451
0.8359248028
0.9519083823
0.6516171028
0.7314194465
0.5840090743
0.5091743142
0.6676495771
0.7475606355
0.7443099852
0.7520227106
0.4925832459
0.5881737854
0.5183391842
0.5010577097
0.3702375853
0.5521908937
0.5605125837
0.5754274825
0.5868328133
0.5525702388
0.5265686644
0.5716659396
0.5343807047
0.6278030424
0.3209291578
0.3299380739
0.3642336538
0.3086354507
0.5034165456
0.7022701053
0.6729845131
0.7797174245
0.8906739246
0.8609565315
0.8788192919
0.5615948706
0.4407731807
0.3441579551
0.5834493421
0.6077410000
0.4634207801
0.5933229814
0.4300728176
0.3693352188
0.5097326024
0.6754748021
0.6445632857
0.7515138365
0.9633093804
1.0467697680
1.0715432496
1.2358360724
1.2007825744
1.0575017503
1.0440828752
1.0399978461
0.9572780601
0.8289004621
0.7743902904
0.8652712950
0.6722211524
0.6261273382
0.5743098615
