1.1513450070
1.2642343123
1.1737362659
1.4326191338
1.3014003688
1.4498381589
1.5936518581
1.3852761232
1.4530494146
1.3057088876
1.4406722654
1.3312643634
1.2818387509
1.2415978385
1.4080465621
1.2830233343
1.3973587486
1.3672742874
1.3727233940
1.3351644055
1.4652773578
1.3155850779
1.3540895972
1.5038026801
1.3722839618
1.1774198923
1.1615895494
1.0444975356
1.0442959886
1.0476837967
1.2504292618
1.1443264677
1.1831040799
1.2975098608
1.2023303622
1.1363027103
1.2905611845
1.3093762287
1.3030840532
1.2125079330
1.2298878911
1.2348161980
1.0060213218
0.9675525883
1.1136266697
0.9227277097
1.2774434669
1.3167988878
1.5178707790
1.1982915745
0.8990252452
0.8671443671
0.7906690027
0.8927309365
0.9252132110
1.0529086521
1.1045244448
0.7987846710
0.6744621901
1.6270389120
1.9425433857
1.8563457032
1.9476173535
1.8557375109
1.8547884683
3.1220794119
3.1153979666
3.0888695610
3.0893323514
2.9638688056
3.0731533152
2.9941179270
1.4310452885
1.2284029195
2.1690007845
0.5403777940
0.7040440402
0.6945674941
1.3580645740
1.6216187830
1.1907856750
1.3957687658
1.8415557721
1.8544087220
1.7201269222
1.5161190967
1.4316799139
1.3464117499
1.3939735348
1.2977600705
0.9616771791
0.8704254243
0.7981303342
0.8568499918
0.6627142600
0.5582434809
0.8596922094
1.2592058560
1.1170695817
1.1572677689
1.3155455890
1.5068311443
1.3938463190
1.6105177336
1.7927596318
1.6514708515
1.6055772045
1.3859754833
1.3813835063
1.0499728079
1.0964927963
0.9008275717
0.4933686163
0.5117335920
0.5495590356
0.9756167868
1.0722748991
1.3616276194
1.6333325405
1.8057825134
1.7520032053
1.8124391149
1.7443022752
1.8906546622
1.9041118923
2.1038188039
1.8941349694
1.5164898643
1.3679018912
1.0452589949
0.9976189901
0.8749580750
0.6585289263
0.8357111490
0.9141323778
0.9569935484
1.0274749490
0.9502862373
1.3883221667
1.4195667944
1.5309636851
1.5352450337
1.6935192585
1.4921801999
1.5310860551
1.3803585352
1.5812608631
1.6273247353
1.5448918963
1.3665188212
1.4870806102
1.3963152723
1.3496195766
1.1296893170
1.4406033431
1.4640455167
1.1657991510
1.5894205555
1.6419499242
1.5718047134
1.3605500629
1.2047665235
1.4407365386
1.5157955925
1.3974733086
1.4187732575
1.5263969667
1.4164989931
1.3951462458
1.3948901515
1.5700988954
1.7545157226
1.5605951780
1.5570171385
1.5532780377
1.4644814694
1.4661507907
1.3452480150
1.3538163622
1.4452502185
1.5428713715
1.6478036497
1.8071640244
1.4944751356
1.6348728866
1.4103295031
1.4722444081
1.4818227600
1.4511328564
1.2975083534
1.4443175946
1.7690777241
1.5747352819
1.2550356101
1.0565378213
1.3208446066
1.4374808436
1.3197231600
1.2048981951
0.9322701530
0.9090879293
0.8465167687
1.1899167569
1.6306587725
1.8419274993
1.9749511385
1.8596093490
1.6730863166
1.0634230678
0.5986722197
0.9068048581
0.8263437176
1.0436127646
1.1724773247
1.2950016541
1.3523141758
1.2950562139
1.2595971910
1.2961694323
1.3793702108
1.3389161175
1.0444345247
0.9700226207
1.0146884879
1.2256142213
1.1302232178
1.2561545818
1.1318904163
1.0528784099
1.0616976486
1.1170599579
1.2702664185
1.3917262122
1.4564122832
1.4160154273
1.3949376419
1.4949899046
1.1370711145
1.0778488138
1.2038505861
1.3041246996
1.2686051834
1.4819907988
1.3388420138
1.2110910187
1.0882442721
1.0230928024
0.8503924804
0.8973911943
0.9013143018
1.0937389906
0.9928075928
0.8643402541
1.2470472586
2.1496790274
1.6337005640
1.1272753173
1.1356650791
0.9781686254
1.0464762424
1.1493390703
1.2525200335
0.7224352502
0.7826244700
0.8704221823
0.8746283420
0.5725066111
0.6261659322
0.7013431190
0.7980020132
0.6845475587
0.7332979108
0.7037066756
0.8209221480
0.7440752436
0.3898955541
0.7520755333
1.0460154756
1.0108546095
1.1847042555
0.8780960711
1.0322484543
1.4950658551
1.2653872030
0.9475829360
0.9273274843
1.3325179905
1.4089903495
1.7044031353
1.2089671303
1.4242577878
1.4996376808
1.5907927734
1.5433096505
1.7201930550
1.5829338303
1.5603384317
1.4654022029
1.3419874564
1.4021220539
0.4462543929
0.9733024230
0.4647398121
0.6457403848
0.8294563753
1.5391909974
1.1383269665
1.2216507180
1.1854449550
0.8917943307
1.4099986194
1.1495226626
1.2656853394
1.4643367589
0.9021483914
1.2475769872
1.2620821899
1.3347687411
0.9219492332
1.2865112238
0.4804694421
1.4617644574
1.0984335422
2.0699827318
1.3123256580
1.0775565546
1.6456491135
1.1430337043
1.0240834335
0.4713007525
1.2060638835
1.4271159283
1.1624859611
1.0595568433
0.9899745925
1.0295647356
1.3432917484
1.0907607991
1.2431915590
1.4863307003
1.2763252313
1.2259488974
0.9485965483
1.0388799253
1.2599722145
1.2377540974
1.3018928560
1.3363700473
1.3000268562
1.2564089318
1.4984252733
1.5362180781
1.3854686576
1.3605266604
1.3616484753
1.3916107850
1.3552906190
1.4057312405
1.5897084017
1.4821973666
1.4907088374
1.3358638086
1.0014902950
0.4159780489
1.2984681905
0.5015486827
2.2899743562
1.1101063210
1.5880466804
1.6680974314
1.4846461271
1.0115575115
1.1898449803
1.0269751578
1.0141884596
1.2752242895
1.3737245277
1.8155818072
1.1742082338
0.8790355166
0.9021392755
0.6855941022
1.0834536800
1.5941399607
1.5381031929
1.7967022781
0.9456692512
2.3784748884
1.0072189971
2.1290207948
1.4826889785
1.5026761345
1.2636168043
1.3155150121
1.3761520867
0.8789167119
0.9220936769
0.9161870518
0.9315392454
0.9184889727
0.9676819530
1.3936975289
1.3460848168
1.3049763448
1.2053246478
1.2465760035
1.5090887546
1.4987974304
0.2964323948
0.2886377350
0.4923000528
0.6736769376
1.5407644210
0.3187664547
0.2263913964
0.6077067848
0.7002384148
0.8562096377
0.7740766759
0.7401953234
0.7021457476
0.7427944635
0.5623076595
0.7895326937
0.7096737485
0.8168306956
0.8896822940
0.8788380992
1.0055201121
0.8208329798
0.6741974984
0.4038062549
0.6448189257
0.6352160488
0.4994026803
0.5969556593
0.6278409941
0.3159132939
0.1185068321
0.1776920365
0.2495306149
0.1534389423
0.5656918926
0.7880012494
0.3727786656
0.4991775887
0.4412984444
0.4421875449
0.5466338099
0.7998612541
0.5962976482
0.4762819185
1.6639024187
0.5770436813
0.5829422502
1.0712907006
1.9760594558
0.8646112848
0.5333542433
0.5433922564
0.2253310089
0.4011991616
0.7114995642
0.5077408713
1.1984087792
1.5295317047
1.4865628650
2.9801741801
2.8750065886
2.7290825501
2.8441446315
2.6461683648
1.0651292738
0.9943371174
0.9789900042
0.7255890867
0.8882565671
0.6729050521
0.6279687698
0.4561834773
0.3334931019
0.3178814593
0.1411523224
0.3936113654
0.2827662430
0.3666917053
0.5958112134
0.4031559801
0.4661008350
0.6649302994
0.2658825810
0.3387591425
0.3662036225
0.5393857345
0.2678663701
0.4976154710
0.4251920246
0.9546556551
0.7252939810
1.9789938700
1.3882260411
1.2652841513
1.0016724794
0.6899464509
0.7568550475
0.2159635366
1.1926068498
1.2193842956
1.2778501810
0.8507873521
0.7474861759
0.6246899041
0.7397754865
0.5457007798
0.7152674301
0.6769575164
0.9738228194
1.2797561905
1.2167568743
1.0537438011
1.0021907520
0.6234106682
1.0132836775
1.0454689671
1.3798010822
1.1427512344
1.2170438078
1.3576116285
1.3050163512
0.8792590617
0.9138439213
0.8639985592
0.8146453242
1.6816370774
1.9630699868
2.1122843066
3.1043559146
2.0394702218
1.2344531084
1.2206594732
1.3042691458
1.0580640501
1.0763775605
1.9767470541
1.9760579371
1.7887292832
1.2569261760
2.3347770309
2.3103225982
2.2484885023
2.2332475012
2.3001765713
1.3286706642
1.5149687221
1.4932821698
1.4412555345
1.4305766055
1.4774449473
1.8930977589
1.4140936375
1.3014201375
1.5281977544
1.0764672992
0.8963532074
1.0670734300
1.1125824400
1.2273200403
0.9486881786
1.2020200291
1.0915959424
0.9275813505
0.7450225406
0.8495202961
1.6244620290
1.8218764290
1.8355515838
0.9014492468
1.6208492212
2.5502821350
0.7516386095
2.0513970895
1.7270230770
1.6241570388
1.6282674573
1.2665260773
1.4303320193
1.6195581406
1.9934118291
0.6072486635
1.2690962776
2.0294943015
0.7779748673
0.5748561743
0.9917245132
1.2729664424
1.2304292266
0.9803905534
1.0838552480
1.0331078956
1.5257354396
1.9042111818
1.5320036244
1.7264321322
1.8262322920
1.6156565930
1.5345695332
0.3404123877
1.1250025578
1.2089929875
2.4842204506
2.9621130679
1.3522595457
1.2048559570
1.1404699521
1.2031505948
1.1403817417
1.1535127992
1.0588350052
1.2059263754
1.1321489665
1.1760174933
1.1024565905
1.1927298273
1.0958856008
0.9658734471
1.0330983544
0.9299691403
0.9866883881
0.9531546059
1.2830263920
1.6462356507
1.3166852738
0.8438692527
1.2277266809
0.8919561196
0.9031631020
0.9234862798
1.0936674631
0.7513153930
0.6728633800
0.7945623548
0.7680286240
0.8898047702
0.7588065187
0.8790707138
1.9381392509
1.1640842903
0.3910650554
1.1494794546
0.7085061434
0.9368707624
0.9976714169
0.8978494245
0.8893686935
0.6676211829
0.6367784162
0.8415840977
1.3340459116
2.7130813207
3.0190234794
1.3771668647
0.6828237291
0.7210574566
0.7875919317
0.9747500696
0.7867073238
0.9450914322
0.8550600657
1.5071327328
1.1822682345
0.9876403208
1.0742302096
1.6992045497
0.8889152271
1.1502916546
1.0576301426
1.2470847265
1.8060950937
2.2541660945
2.4096853336
2.4474369732
2.4721749677
0.8374780098
1.2915453123
1.3433103669
2.8948271660
2.9348560726
2.8975812057
2.9306439171
2.8945177600
2.8790228299
2.9548085537
2.8084883715
1.7906005615
1.7244916931
1.9154995600
1.6843946040
1.6265878907
1.9064089231
1.7653592171
0.8166072332
1.1836692445
0.9335030417
1.0235479920
0.9047715224
0.5813003848
0.7015991145
0.7345258722
1.0884085539
1.2303720656
1.1081772911
0.4663984262
1.1473200042
0.7572124849
2.3827225063
1.3964917732
0.8900328976
0.7109143966
1.8841247825
1.1135974121
1.9136756874
1.6669124290
1.2903674732
0.6234597644
0.6453125888
1.0528109591
0.9079392845
0.3923398529
0.7574775318
0.8727404354
0.6969463799
0.8761083131
0.9395928256
1.0682479604
1.2358206564
0.9623516735
1.1929842187
0.6759022842
0.4646985677
1.0581696082
1.4149743921
1.0032156387
1.9397497438
1.8122643460
2.1861232307
1.0950729835
1.0770714679
1.7649612856
1.7867676239
2.5329749961
1.9300972823
1.3454686097
0.6053778849
0.7182656068
1.3076460645
1.9051227029
2.4772850129
2.5017800527
2.5914885981
2.5689346683
1.5143298288
1.4662814334
1.4147131198
1.3382769173
1.3036113443
1.4211665059
1.4581017688
1.3687441465
0.7487726885
0.8648065654
0.9489926410
1.0481776589
0.5890409176
0.5326716431
0.5979128391
1.0425746391
0.7294224033
1.6145214326
2.6084654630
1.8947213414
0.3310062917
1.2321366748
1.4347502227
0.6435996700
0.5430558426
1.3363265422
1.1824206656
0.8651269038
1.9941914727
2.6251067054
1.3707011562
1.2888936505
0.9347035366
0.5253882454
0.8156126476
0.9169036609
0.6474350433
0.8645910636
0.6857736171
0.8733918513
1.2487591890
1.0437331244
0.9298833905
0.4494406402
0.8307705076
0.8882020864
0.8576704923
0.9925697398
1.8711362362
1.9240896245
1.5275072552
0.9504386069
2.8023259353
2.2926202637
0.7311173784
1.6372079999
1.7491514362
2.9515531822
2.9258425487
2.9467124701
2.3101998486
2.1696177249
2.1910193606
2.2345553924
2.3158415480
2.2650277697
2.2319454686
2.3421750229
0.5121181231
0.5368015040
0.4521946134
0.5402548257
0.5759623475
0.6621688844
0.3809590417
0.8807623549
0.7456341179
0.8001787617
0.9046805502
0.5744556286
0.7841752556
0.5213477834
0.7244367898
0.6812832456
0.6618803808
0.5450320217
0.6662450048
0.9895305997
0.5510485791
1.3226581688
1.3134691804
1.3806876027
1.9249348613
0.8735487207
1.1397892801
1.0908971483
1.1095237171
2.6910525293
2.1851875759
0.9479823447
0.5978711116
0.4469918258
0.3582030106
0.6402401965
0.4384193958
0.5262535447
0.7144745863
0.4975149994
0.5482053686
0.7181150126
1.0113971579
0.9341529044
1.1552841900
0.7333341243
1.1796783573
1.0487983468
0.7378855854
0.6723233200
1.2417535854
0.9306330476
0.9826186208
0.6760866870
0.3970067073
0.5245946008
0.6967057757
0.7319501060
0.6394637438
0.7062190421
0.4384325195
0.6779993525
0.7513260386
0.7800503420
0.5820854473
0.6751264628
0.4862806409
0.6253610129
0.8443536125
0.7384827190
0.9763609874
0.7127128880
0.4227476972
0.6116941459
0.4175480513
0.6359900156
0.4571678576
0.5246794684
0.5704733266
1.2321344651
1.5441588487
0.8576828535
0.7523935725
0.6860883927
1.1548282469
1.0361837537
1.3653178148
0.3428235348
1.2094893889
1.7768969352
2.6823394626
2.0113316118
0.9814703470
0.6199235343
0.9624155401
0.4462312040
1.0227951120
1.6988030146
1.0293867652
1.4313137126
0.3171363144
0.6934236494
0.5833030438
0.8719089949
1.1875295761
0.8973426805
0.6717178545
1.1193117692
0.8731269720
0.8175349448
0.6243178213
0.5098084133
0.7017585377
0.4467314017
0.4706957161
0.5804075497
0.8863699656
0.2834493065
0.3509511048
0.2166727460
0.1610983690
0.2937072578
0.3972654161
0.4060198833
0.1063844017
0.5226535607
0.3933379240
0.2592629158
0.3989477960
0.3329125006
0.1931349699
0.4312148497
0.3380978663
0.4120095970
0.2509014262
0.1911435602
0.3187778803
0.3532434563
0.3856422220
0.4412213380
0.5278359541
0.7165097016
0.4444486720
0.3309581758
0.4719136516
0.3229725974
0.6559325023
0.7287788388
0.5146425464
0.6739238945
0.2859924146
0.2955639080
0.3107752738
0.2944202989
0.4411200668
