2.1384711687
2.1188021478
2.1619574702
2.1938904752
2.1418829734
2.1708360251
2.1989645747
2.2418146855
2.3030318217
2.2129732072
2.2052133678
2.2462911910
2.1958480643
2.1591538862
2.1830079191
2.1746369547
2.2350268203
2.2150876157
2.2201579652
2.2642821370
2.2526187071
2.2644198166
2.2882505144
2.2764964923
2.2589305656
2.2569817043
2.2952719576
2.2908412268
2.3074254252
2.2446887336
2.2894167859
2.3451696321
2.2539744048
2.2625904167
2.2739157090
2.2408816914
2.2487531203
2.1155985232
2.1542434334
2.1697658806
2.0163459387
1.9685327115
0.4269133375
0.4591976638
0.4898105880
0.4932059730
0.6685848180
0.3330028506
0.4302300919
0.4106896628
0.3384322856
0.2590345573
0.3772535916
0.2708638648
0.2720910420
0.1919401192
0.1815799075
0.2413442042
0.2504949598
0.3532769883
0.1927796530
0.2052386662
0.1626339366
0.2251556521
0.3515725771
0.4286076637
0.0724246730
0.2253801685
0.7454954447
0.6296402388
0.4289192462
0.5718098048
0.7008655817
0.5390663424
0.3415888257
0.4798421330
0.3810530915
0.6514299157
0.5191493325
0.4586394669
0.5639858544
0.5187746584
0.3290652345
0.3859621920
0.1478402893
0.2449096430
0.3433530522
0.4209643344
0.4276694509
0.6785517401
0.5965450103
0.6865999497
0.5563996871
0.3946609615
0.3964280177
0.3587148106
0.2634434929
0.9408259641
0.5963293755
0.5419684776
0.5973515102
0.2459338312
0.1007622762
0.6022800563
0.3168183017
0.4854613032
0.4862446112
0.5972480685
0.2946912557
0.4962312981
0.5729484811
0.5759880247
0.5614365682
0.7168714333
0.8103907584
0.6352307943
0.6007110565
0.6923882731
0.6494947527
0.5553141311
0.6619973543
0.9044588206
0.7370587182
1.2640455810
1.2665057454
1.6450053756
1.7439795794
1.6737998885
1.3317406681
1.2967128435
1.2776401099
1.3888875559
1.4072758620
1.4786520931
1.4357693148
1.3838924026
1.3296237959
1.4367942284
1.2709898703
1.4266506479
1.0853039263
1.1910114405
0.4843379111
0.4597514309
1.2241153215
1.2550846327
1.1699033693
1.2403708927
1.1078921515
1.2097839407
1.3798200227
1.4076274922
1.4782178769
1.2619863160
1.5215606678
1.5640152771
1.5277560783
1.5397722092
1.4190368806
1.2913295113
1.3940114049
1.2274599946
1.2651608290
1.2242447658
0.4180270778
0.4421504373
0.3081909726
0.3327561680
0.3276053533
0.4208845642
0.2873640752
0.2633396918
0.4659867367
0.6231343102
0.2597815157
0.3071105708
0.2958888471
0.3427459318
0.3613857608
0.3468553799
0.3509301579
0.6115614817
0.4986563604
0.7961589577
1.1414128126
2.6153501667
0.8648388451
0.9189842059
0.9869186693
0.8350630614
0.7337700157
0.7192115373
0.6874582846
0.6495352810
0.7212979121
0.5420990733
0.7300188547
0.9780281581
0.7336666240
0.9132874078
0.7791357792
0.8461326525
0.9369308418
0.8947092728
0.8802169861
0.9201820464
0.9435110554
0.7923727880
0.7612175653
0.6367216033
0.6706732191
0.5949448234
0.6698016269
0.7196286886
0.8802075672
0.7720052924
0.6924273910
0.7672875884
0.6564589639
0.9005916445
0.8137584819
0.9687639611
0.9409445105
0.8202993460
0.9303818108
0.8479389392
0.9987114772
0.7161081558
0.8477638433
1.1525182023
1.0348155409
0.7511729657
1.0767410965
1.2221973434
1.1916311599
0.6591341333
1.0423445695
1.1157146613
0.9664567305
1.4337561793
1.1572778146
0.7523960654
1.2205940489
1.2586182830
2.2831346537
1.0690934291
1.1706961845
1.1283541843
1.3829616096
0.7760163541
1.6584129276
0.1713894691
0.5208151480
1.9484383408
1.3507212249
1.5196457506
0.4422005634
1.2915278870
1.2880974424
1.4718949955
1.2791969003
1.3577818962
1.3700949450
1.1893231344
1.3391654456
1.2382593341
1.3258569708
1.3959627601
1.3651951024
1.2798651649
0.2680382220
0.2790256734
0.1866171775
0.1794232342
0.5645485701
0.4890885074
0.4204518061
1.2111674482
0.5315738191
0.4070301365
0.4066415799
0.5702360165
0.6589081888
0.8544556335
0.5636606634
0.6920654280
0.7415713187
0.6196177337
0.7251333898
0.3726582058
0.7101069758
0.3500639636
0.2903936203
1.0473888172
0.5667949274
0.3493167590
0.3089961087
0.7274759681
1.8549561732
1.7904623678
0.6968636388
0.6905227659
0.9866573579
1.5171157926
0.7936308586
1.4800746048
0.9090258846
0.8628077114
0.9452345862
0.7202686942
0.8217027716
0.6515408453
0.6879083942
0.7741444430
1.0644351986
0.6540312984
0.4477697234
0.4990446797
0.4680828579
0.4605231938
0.5801547966
0.4756081723
0.5454604033
0.3909625800
0.5250341487
0.5038454985
0.5358031778
0.4511301370
0.5639894954
0.4372910247
0.5671479062
0.5655169451
0.5436941914
0.6018035976
0.5334408423
0.3042305915
0.2991407289
0.3195798535
0.3202982377
0.3995125234
0.5561106949
1.2481200445
0.5365348163
0.4689564057
0.5758091124
0.5849536264
0.5341696464
0.7361413699
0.5495350394
0.4122808814
0.5759198165
0.6465080784
0.4826048728
0.4268480800
0.3232647108
0.4082442419
0.2608494760
0.3786696440
0.3712252688
0.3958195418
0.1182372734
0.2133846295
0.3376947101
0.9057561350
1.3942882461
1.6320572510
1.4161516417
1.4327713770
1.0602537715
0.8047596165
0.6097686249
0.7827454517
1.6382934716
0.6263792668
0.5082264675
0.6197986945
1.0336166757
0.1807504205
2.4343251001
0.5121004834
0.5206974826
0.7565597223
1.2203920191
1.0567900978
1.0916152103
1.0380398913
0.9938500349
1.0023220529
1.0296043649
1.0131555987
0.9381657589
0.9541705125
1.0131788817
1.0121263030
2.0562668339
0.3555940508
0.1903503446
0.3319418006
0.3564058362
0.4398663788
0.4628163377
0.6445386838
0.5513182831
0.5525472145
0.6943412494
0.5905492447
0.5172103660
0.3700418970
0.3683109835
0.3879195887
0.4591711285
0.5650766803
0.6525814415
0.4990916253
0.5870521773
0.7009595937
0.4438614358
0.3195706062
0.1583796406
0.3160063270
0.2863499087
0.4030981012
0.4469245872
0.1846370769
0.2388528764
0.1898351754
0.6751740796
0.6417211977
0.6022750420
1.1093836157
1.2721143215
1.0892811946
0.6476055783
1.4796154440
0.5673477263
0.6333853129
0.6562102492
2.1612777684
1.0148924220
1.7722414517
0.6555929359
1.9673387811
1.2499913222
0.7388907131
0.6300676327
0.9521675758
1.0222264891
0.8513423495
1.3073751510
0.8102594967
1.0003481666
0.8464585878
0.8602757347
0.5924781555
0.5641181625
0.9677183442
0.9624301171
0.8724428805
0.9346949259
1.8430637622
1.8830486317
1.2017519753
0.8344141458
1.4302629718
0.6366399004
5.5510821665
0.5895782021
0.3940030155
0.3481880893
0.5788738468
0.3243832894
0.4268250436
0.5090898916
0.5700364965
0.0899401284
0.3191205192
0.3670237396
0.4699420650
0.6480012396
0.5509328826
0.4288101294
0.1897838361
0.3698935527
0.3653919153
0.2856657680
0.2857056721
0.6308931923
0.5275077880
0.5377867641
0.4654016705
0.1733960945
0.4577684613
0.2995496432
0.2587956961
0.2251233249
0.3014078170
0.3300293011
0.4251332098
0.3303191503
0.9605326715
1.1698379571
0.8197652270
0.4426962559
0.9604004432
0.8197230243
0.8891932008
0.5871573316
0.2194429799
0.2388177137
0.2322543934
1.1266289180
0.6881911850
1.1689040184
1.1366449597
1.7671583358
0.4404019238
0.4680866546
0.4048387995
0.3117722224
0.7193062201
0.6734352284
0.6891059820
0.6477129452
0.7342594853
0.7256983374
0.6128869613
0.7481251267
0.7474710397
0.7478777645
1.1356647696
0.6549844047
0.8002725885
0.8988273571
0.9401420134
0.5015157753
0.4838964419
0.5607379411
0.5036872028
0.7398797164
0.7261969036
0.4975145426
0.4253665154
0.3347503679
0.2769120592
0.3478113162
0.3865932350
0.1783893717
0.3218891892
0.6535101590
0.4104925630
0.3781361231
0.3429551889
0.2862424379
0.2183054602
0.3880001732
0.3856390237
0.6808828068
0.5460850621
0.8498836330
0.6621931108
0.6447341884
0.4537877906
0.5509802253
0.4825766739
0.3758700917
0.6921317834
0.8264995547
0.4537227646
0.7161041817
1.1150256069
0.5685946152
0.7197167526
0.6942660364
0.6935278127
0.3324072679
0.6873230433
0.9121175998
0.4482016641
0.6228428279
2.4615333668
0.7248543339
0.5887735575
0.8775025209
0.4545281113
0.2135802661
0.8413428705
0.3285587159
0.2635294280
0.1472737215
0.1904399776
0.3262616687
0.8747846934
1.1297294986
1.0032954000
0.7633450804
1.0229461605
2.8945223004
0.5021346870
2.5739979923
2.6279498378
2.4344970823
0.5825795761
0.7231377208
0.6981513554
0.9147152473
1.0021275090
0.9996518158
0.4105231836
0.7332135090
0.7176431431
1.1094452790
1.1287683179
0.8675040639
0.4835689922
0.4955882812
0.7625143817
0.6175498317
0.7503722948
0.6468282973
0.5820181969
0.8917398213
0.6624936221
0.7032725131
0.6736797924
0.6898643434
0.7603234228
0.6824574736
0.8072885289
0.4427591821
0.4659348915
0.3110450197
0.9146157940
0.5776644634
0.6986129743
0.5198968089
0.1491640326
0.5455363391
0.7521436448
1.2473533953
1.0646551854
1.0024833963
0.6866932445
0.5217744492
0.5595609221
0.6127057637
0.6187489807
0.5864462062
0.8157686111
0.5729538120
0.7198342630
0.9074543769
1.1915404806
0.8976234632
0.9183736644
1.7689826630
1.7182097226
1.9487921381
1.2062293213
1.4517318232
1.8655580779
0.6670315966
6.1948278042
0.5391260859
0.7521270402
0.9419238961
0.8416907195
0.6117952023
0.8138838340
0.8948697979
1.1797126744
2.7029635758
2.6978323855
2.6612384566
2.6037304093
2.6908208229
2.6975563693
2.6407307363
1.0734381735
1.0448013184
1.0347591090
0.9277586690
1.0212381280
1.0399509824
1.1102293444
0.6374610611
1.1551779854
1.4059198522
0.7320293328
0.5584478265
0.6771559623
0.2584950222
0.6238834235
0.6704777850
0.6250995777
0.7241275015
0.5225732844
0.6974537243
0.7019224765
0.6438847762
0.4955112722
0.5206811287
1.0182073611
0.8453118994
0.8122584575
0.3677921507
0.7691723292
0.4762035232
0.4903526158
0.2598592371
0.3257362299
0.3781116342
0.6875866359
1.3152416470
1.2724103577
1.1441472543
0.9321772947
1.1705400045
0.9694568005
0.8292171236
0.8818905470
0.8720115454
0.9188994229
0.8035660050
0.9382820966
1.5818678248
2.1839254689
0.6399735380
0.6297863693
1.1994867982
0.9073927751
0.3094556631
1.2077225753
0.3075099853
0.9009795570
0.2752761113
1.1590748563
0.7327404779
0.4073670146
1.6776727243
3.0100406625
1.6993405415
1.7392911709
1.6691836179
1.5526221463
1.5537212030
0.3817734526
0.4407872265
0.3870180050
0.4217072107
0.4101663911
0.8171271381
0.6027279960
0.7186742183
0.6533031873
0.3142103597
0.2435904071
0.5922297530
0.9087341832
1.0227672175
1.0789716155
0.6684556355
0.7336233209
0.7557266135
0.5143267182
0.4409984568
0.3739336608
0.3880972444
0.1716664202
0.1564240354
0.4643686276
0.6197744589
0.2050814771
0.2092137600
0.4466293671
0.3141746299
0.1914867770
0.0928460715
0.2101590279
0.4247426931
0.3527486472
0.5931181979
0.6834096057
1.1323994215
1.1276846715
1.0345997836
1.1688388787
1.0792496182
0.9656686501
1.2513608913
0.4873184480
0.4866849373
0.8479264663
0.9179648292
0.6885730148
0.6804120256
0.4115379402
0.6112054253
0.8397022582
2.8149929783
1.1332189990
3.2890982063
3.5982905874
1.1101628828
1.1012675847
0.8835613756
0.2811327722
0.1005241279
0.6711357826
1.2764135599
0.6920018534
0.3493698787
0.4807598046
0.6022305503
0.3508674896
0.2128730140
1.1856154334
1.3006791435
0.7480683167
1.3153916709
0.6562745037
0.3365078486
0.4051430136
0.6552356044
1.1380188366
0.2557773212
0.2653444133
0.5358174127
0.3609732538
0.4843114604
0.3584182524
0.7184829092
0.6005661644
0.6300349995
0.3720828039
0.1626831395
0.5635471060
0.3467439123
0.4332110265
0.4333447426
0.3605178981
0.2100552431
0.5737875666
0.4536249403
0.4753248704
0.4655175473
0.6211851702
0.4917012154
0.3879258884
0.2922648123
0.3400224466
0.2475602348
0.1401751352
0.1541923187
1.1299991793
0.8264721186
1.2062343654
0.4416959379
0.8342411656
0.5752118281
0.4714938841
0.3607687537
0.1565480140
0.6386885085
0.4777118208
0.5478573159
0.5142965088
1.1334477493
3.0442822867
1.0143751116
0.6677272433
0.6085167547
0.9586718692
0.4914310417
0.9150550664
0.7213242053
1.8362583492
0.6865658529
0.6419901698
0.6081825381
0.6404182319
0.7074954498
0.6949356157
0.4612647306
0.3885816205
0.5857219494
0.2690776115
0.3987767826
0.5825863124
0.4147431083
0.3200997549
0.4619181886
0.3612205927
0.2878562757
0.1510539737
0.2322623210
0.1053959189
0.1176253288
0.1402293607
0.1723660644
0.3116680165
0.2649548527
0.0850245327
0.2521515571
0.2125619046
0.2981135738
0.2882420614
0.3335081720
0.2479642108
0.4938447007
0.3234708049
0.2559705076
0.6354063470
0.7326524039
0.5867657032
0.7463690336
0.4102167265
0.5590841742
0.3796633385
0.3218254084
0.3484021119
0.3862090336
0.4356235043
1.1679628305
1.3233203123
1.1705826554
0.8458388288
0.9410635240
0.6553985707
1.0317708773
0.5301059288
1.1994150828
0.9483230882
0.6212641026
1.9991260091
3.5657362329
1.7659835080
0.6540434730
1.4314537833
1.1158027389
0.5983616973
0.2097391785
0.8342489843
0.0960463895
0.2852464508
0.3487269934
0.4836757939
0.1254743512
0.2471960183
0.2569211522
0.1440694311
0.2533993056
0.2224159418
0.3644395021
0.4662253720
0.2641403622
0.5184215667
0.1114664337
0.1663817298
0.1288827261
0.1787221511
0.2162401102
0.1725442122
0.1482785496
0.2552287686
0.3072698098
0.3422555220
0.2249304040
0.2484194189
0.2661988223
0.4682037195
0.3278600594
0.4938222377
0.3145005527
0.4192359233
0.3300030284
0.1857579796
0.3884074692
0.4809161822
0.3257995256
0.9250794762
0.7708842092
0.7542214763
0.6899491599
0.3262419353
0.4140867485
0.4572435998
0.3088059966
0.4092961884
0.5533715047
0.2965548349
0.6635514184
0.7289259600
0.2645649793
0.5744258453
0.0590648592
0.3711587301
0.4686486474
0.3659049451
0.7919150725
0.4739928101
0.2890344522
0.4589566321
0.5441770760
0.3002168610
0.5001256284
1.1878840776
1.0834210646
0.7911912975
1.4316621561
0.8824648614
0.5755382257
0.5398202574
0.9248888870
1.3266113652
0.2745397235
0.7197349461
0.2902759034
0.4754749765
0.5084431047
0.3982531424
0.6723248583
0.3776809094
0.5452004870
0.6443114415
0.4871592131
0.5841318008
0.3987334086
0.2146351988
0.5153716692
0.4406687989
0.3669516762
0.4969662612
0.7783714121
0.5316218720
0.4505485645
0.4213161050
0.5582468721
0.6122710481
0.7148274697
0.5199898879
0.4985065801
0.6063748447
0.7106987137
0.7385731190
0.8430855687
0.8286032222
0.7873214713
0.7823358404
0.7909564828
0.6438085326
0.5747685926
0.4313541246
0.4423864118
0.6542959908
0.6420323169
0.5616477770
0.6668641319
0.8020287959
