0.0465390396
0.0447750120
0.0455863236
0.0471728554
0.0461655489
0.0481095485
0.0480497871
0.0574745137
0.0640472804
0.0890052951
0.0741594292
0.0708336086
0.0689414028
0.0642696421
0.0994799135
0.0667391989
0.0535153847
0.0394504183
0.0457191445
0.0365757633
0.0304177914
0.0228683603
0.0257501689
0.0222186727
0.0207542867
0.0204054036
0.0205512071
0.0198752376
0.0178028716
0.0173217870
0.0176449714
0.0191172829
0.0192386692
0.0193068926
0.0192302831
0.0174400535
0.0177978547
0.0185995697
0.0276522243
0.0298542582
0.0345182995
0.0506390702
0.0884654116
0.0548831894
0.0955105425
0.1017135531
0.1287332324
0.1438281948
0.1588596143
0.1697328576
0.1617155235
0.1593544443
0.1623795109
0.1711087179
0.1021055796
0.1042515495
0.0482867448
0.0461908666
0.0687653008
0.0482908096
0.0273301851
0.0605050561
0.0669063782
0.0862448363
0.0487186498
0.0768142169
0.0732205947
0.1015439368
0.0355334945
0.0685053723
0.1283035201
0.1457151345
0.1460961005
0.1482880231
0.1531776089
0.1512431850
0.1513472444
0.1260797594
0.0746024454
0.1376534397
0.1609067737
0.1226473906
0.1151175564
0.1537509708
0.1923240201
0.1390102667
0.1783152930
0.1681765714
0.1124822847
0.1208996517
0.2163637402
0.1896931798
0.1736836820
0.1472847163
0.0710088282
0.0575420828
0.1073345262
0.1109853442
0.0982646556
0.0834947776
0.0806162979
0.0966585430
0.1098033083
0.1024949971
0.1126777340
0.0875623353
0.0871427399
0.0787881937
0.0873103392
0.0937932239
0.1025924401
0.0826217263
0.0516118244
0.0526819359
0.0557746318
0.0751342729
0.0890504665
0.1024244170
0.0920409872
0.0574008452
0.0556247447
0.0548480680
0.0500787571
0.0591392150
0.0725848916
0.0716921797
0.0624885782
0.0630261857
0.0717812689
0.0643148297
0.0663581540
0.0468034378
0.0582418064
0.0535597407
0.0764654803
0.0830818690
0.0790064920
0.0655015410
0.0620111804
0.0538185535
0.0599277352
0.0577081462
0.0522366149
0.0485923481
0.0474591402
0.0424282416
0.0464783130
0.0445123426
0.0481572547
0.0525921841
0.0539150955
0.0537305159
0.0568736898
0.0572041717
0.0545231570
0.0562203457
0.0576746499
0.0593651533
0.0588003436
0.0516324761
0.0510554894
0.0570526270
0.0509093115
0.0457897126
0.0467453865
0.0398940658
0.0415674616
0.0436132450
0.0407109404
0.0395024511
0.0425196012
0.0405553001
0.0425834244
0.0376891607
0.0345997424
0.0332254825
0.0348284805
0.0315349211
0.0317253180
0.0320198973
0.0357654626
0.0322855652
0.0308849945
0.0385383187
0.0332409539
0.0342509452
0.0365109920
0.0296313388
0.0321854198
0.0394826529
0.0277571708
0.0274455398
0.0248909708
0.0254792226
0.0254677498
0.0268379205
0.0338685830
0.0413737699
0.0441792032
0.0532245751
0.0519335653
0.0517898269
0.0528960613
0.0510679166
0.0618414067
0.0570189852
0.0647481096
0.0625580387
0.0646675221
0.0702656586
0.0745671759
0.0720201074
0.0705895429
0.0678010301
0.0647560751
0.0735657981
0.0750985943
0.0735851659
0.0761036380
0.0783972425
0.0777231245
0.0698827293
0.0670068460
0.0642125862
0.0649958600
0.0661876737
0.0654487665
0.0692333447
0.0665003509
0.0653032467
0.0658000897
0.0603084908
0.0620062964
0.0610164953
0.0528255300
0.0516164907
0.0464963466
0.0351821768
0.0332065260
0.0279917151
0.0292238067
0.0277793808
0.0199726049
0.0250871078
0.0248819250
0.0249482405
0.0210738484
0.0260042604
0.0188752833
0.0229937996
0.0320643273
0.0440491869
0.0378331868
0.0410505737
0.0376959755
0.0368411169
0.0397981349
0.0363534879
0.0387183698
0.0374486201
0.0387652324
0.0449358110
0.0402158126
0.0399835683
0.0445476734
0.0484621517
0.0470647136
0.0503075178
0.0531555097
0.0545211602
0.0544452620
0.0542342580
0.0559888166
0.0594012461
0.0574480211
0.0630679436
0.0623595323
0.0613145805
0.0534047730
0.0564698228
0.0591113595
0.0539170511
0.0492784838
0.0446960203
0.0490472273
0.0548427761
0.0573356860
0.0566969711
0.0553138698
0.0498583282
0.0604857388
0.0497768944
0.0439198801
0.0394609293
0.0386398304
0.0395882548
0.0415762574
0.0383951554
0.0400287207
0.0357467591
0.0349034919
0.0372538666
0.0322723194
0.0326325570
0.0361082973
0.0379232386
0.0360573828
0.0338548251
0.0283631711
0.0274146628
0.0267250302
0.0293712372
0.0312610866
0.0343381538
0.0354094681
0.0398753277
0.0383746300
0.0452816297
0.0377337234
0.0391641804
0.0357727146
0.0424618735
0.0407332834
0.0429429253
0.0437682007
0.0475760226
0.0465712523
0.0478526226
0.0484022177
0.0520829762
0.0501300260
0.0480873891
0.0480137697
0.0489890300
0.0420740098
0.0394813350
0.0405815308
0.0377215190
0.0402130007
0.0402689258
0.0395443828
0.0451635689
0.0378365267
0.0379803034
0.0300178717
0.0272548160
0.0294761599
0.0272398685
0.0306618622
0.0355641390
0.0335308806
0.0358634009
0.0338543666
0.0326808558
0.0255930669
0.0215278706
0.0177358347
0.0174312526
0.0172227247
0.0177387587
0.0128940895
0.0121400567
0.0116990510
0.0130732744
0.0120951267
0.0156874171
0.0154530221
0.0167197619
0.0107029784
0.0094993147
0.0161745392
0.0165627459
0.0143873932
0.0171454868
0.0176277214
0.0231918241
0.0273933083
0.0356239909
0.0322253185
0.0352620604
0.0424811987
0.0425045303
0.0457243495
0.0458697608
0.0484152987
0.0492909283
0.0486400057
0.0505130901
0.0537164729
0.0529713655
0.0496383254
0.0481659680
0.0507075379
0.0505147340
0.0462730513
0.0408994358
0.0372750946
0.0371541695
0.0357714544
0.0373006572
0.0348241883
0.0311384073
0.0341365820
0.0340719599
0.0321973170
0.0289552012
0.0255145585
0.0257776628
0.0230010715
0.0238303687
0.0285312457
0.0328267161
0.0366845692
0.0300965158
0.0312758306
0.0339365561
0.0290045109
0.0302254267
0.0335255860
0.0336065857
0.0322491340
0.0333566368
0.0334622329
0.0355886079
0.0363922661
0.0339729438
0.0351211466
0.0335317490
0.0295453951
0.0263950371
0.0273455375
0.0348464441
0.0271129925
0.0307833668
0.0276067846
0.0209481952
0.0250810971
0.0205903536
0.0197359515
0.0208079180
0.0159306234
0.0187584097
0.0241543074
0.0320448801
0.0332499136
0.0396539867
0.0368657441
0.0363457637
0.0356382372
0.0379595812
0.0376803334
0.0430844896
0.0459983385
0.0496741074
0.0552888858
0.0537972937
0.0547496513
0.0512806409
0.0486084023
0.0506551852
0.0483965746
0.0528888885
0.0563618590
0.0591839974
0.0625126017
0.0621442765
0.0617863460
0.0608005932
0.0607990111
0.0669071157
0.0678411857
0.0743003774
0.0796824616
0.0817007123
0.0819065902
0.0790309899
0.0739427972
0.0754753649
0.0733268076
0.0726495796
0.0676091777
0.0663133472
0.0625258778
0.0593816055
0.0521666746
0.0447844771
0.0378193799
0.0353135440
0.0310525859
0.0291399272
0.0361470374
0.0281164030
0.0280512658
0.0316438065
0.0338435740
0.0309257428
0.0229164890
0.0238759180
0.0209891914
0.0256784524
0.0308081800
0.0310484473
0.0342013482
0.0366821443
0.0380652237
0.0341882412
0.0381356303
0.0372168989
0.0418372312
0.0458669877
0.0517519378
0.0515225158
0.0580677779
0.0555338926
0.0572804169
0.0576798199
0.0540167660
0.0514995860
0.0536925664
0.0553042673
0.0550379713
0.0570592466
0.0624700151
0.0649688118
0.0648257093
0.0651307994
0.0663309418
0.0692355215
0.0683080486
0.0633742103
0.0615181718
0.0574560175
0.0531521976
0.0526022316
0.0619024167
0.0626098468
0.0628946992
0.0646990492
0.0680832555
0.0642040990
0.0679549234
0.0709256954
0.0753772737
0.0725828852
0.0742969533
0.0741455413
0.0774823475
0.0749737410
0.0741441195
0.0734146615
0.0634893356
0.0602840125
0.0584639941
0.0577263939
0.0514414807
0.0505236964
0.0479912741
0.0462377376
0.0434424597
0.0472639869
0.0505570663
0.0483881556
0.0444900101
0.0372767659
0.0366968308
0.0360897521
0.0369559077
0.0361233021
0.0355553503
0.0393616636
0.0380871230
0.0462515984
0.0524484095
0.0598326737
0.0604441059
0.0669325171
0.0692506693
0.0710891324
0.0737247405
0.0691180626
0.0694373649
0.0719422075
0.0631808139
0.0620628908
0.0723146266
0.0676445506
0.0713065896
0.0715069193
0.0673187113
0.0630175951
0.0630857206
0.0624636634
0.0599177973
0.0558562848
0.0631969820
0.0696245490
0.0677197469
0.0667133708
0.0623338990
0.0636965015
0.0647534169
0.0731113602
0.0736491428
0.0720330637
0.0705502868
0.0693843249
0.0742650552
0.0753868748
0.0799154275
0.0782908357
0.0739649550
0.0734068309
0.0739480413
0.0705334159
0.0749910134
0.0782850240
0.0721214390
0.0735726428
0.0693488460
0.0732687255
0.0663561739
0.0647134643
0.0519090689
0.0489188360
0.0451035337
0.0399145645
0.0391279886
0.0351852522
0.0324455230
0.0246210442
0.0191436776
0.0231168989
0.0259046410
0.0396343299
0.0435101616
0.0545087101
0.0693281998
0.0651482176
0.0773814315
0.0790722612
0.0773939504
0.0793684608
0.0843736341
0.0817951174
0.0792703407
0.0750010618
0.0749010077
0.0769702040
0.0718550097
0.0679940972
0.0637499155
0.0627003213
0.0540538608
0.0517239216
0.0483609774
0.0499023824
0.0430245750
0.0397307767
0.0322629690
0.0275924202
0.0292083016
0.0293338268
0.0325954528
0.0352443846
0.0441422368
0.0494968942
0.0513074090
0.0571864674
0.0679214514
0.0768471644
0.0766054292
0.0750273178
0.0756993417
0.0796340332
0.0770148382
0.0777469203
0.0740957650
0.0788852834
0.0813035180
0.0826337517
0.0798229664
0.0776884452
0.0821809559
0.0830649108
0.0869275816
0.0889894698
0.0868927736
0.0751541839
0.0677692340
0.0661511163
0.0653995036
0.0683976960
0.0735778616
0.0718494877
0.0757296003
0.0708957953
0.0722758012
0.0675444179
0.0679068796
0.0643046211
0.0582276136
0.0571925464
0.0540771546
0.0536515698
0.0533667774
0.0511648380
0.0452491037
0.0381724428
0.0363397504
0.0337073958
0.0295902927
0.0266883704
0.0234755162
0.0343617340
0.0439621416
0.0597010393
0.0537037578
0.0559431153
0.0594953896
0.0611040216
0.0619087576
0.0569812621
0.0558218948
0.0600238431
0.0537460094
0.0464851827
0.0517574186
0.0446521112
0.0445156657
0.0494982910
0.0424065615
0.0465109478
0.0483641557
0.0480178292
0.0513128055
0.0526137440
0.0485298622
0.0482612862
0.0491962671
0.0509499039
0.0564859609
0.0660802048
0.0705986876
0.0698630558
0.0686670827
0.0654480034
0.0580812236
0.0578319896
0.0546603680
0.0576561582
0.0521595616
0.0515532080
0.0530634379
0.0558108572
0.0465384504
0.0416775532
0.0398032515
0.0395904262
0.0409980455
0.0424476961
0.0353206674
0.0347685424
0.0307122870
0.0324004993
0.0368167254
0.0417777232
0.0433895180
0.0465753001
0.0428062786
0.0352617649
0.0428551028
0.0412664213
0.0440957847
0.0401931671
0.0409581606
0.0438907012
0.0478320467
0.0377570352
0.0320453527
0.0250191650
0.0221208161
0.0175063503
0.0208495362
0.0226305811
0.0300080104
0.0280804984
0.0227528562
0.0228641119
0.0206396133
0.0218051856
0.0217509169
0.0253135249
0.0255868740
0.0269824329
0.0257490222
0.0280696629
0.0286867528
0.0352844954
0.0353272557
0.0320922139
0.0288880725
0.0310649238
0.0388380177
0.0422257806
0.0406805478
0.0408942078
0.0402385172
0.0369796492
0.0362480785
0.0352783153
0.0333983585
0.0326638365
0.0327760131
0.0316036286
0.0275969402
0.0205425676
0.0183620855
0.0245030103
0.0273888400
0.0317070072
0.0404372299
0.0391428878
0.0403262988
0.0390102365
0.0302267743
0.0236842943
0.0266611295
0.0342798735
0.0396285389
0.0470882367
0.0579961959
0.0548937999
0.0499101461
0.0443242857
0.0432756052
0.0421978877
0.0370730639
0.0268771760
0.0258949617
0.0249775547
0.0343893547
0.0284619719
0.0291494472
0.0320484423
0.0293824981
0.0252143962
0.0233190882
0.0135114060
0.0068545843
0.0154491650
0.0174381146
0.0196224404
0.0195749163
0.0240009134
0.0193800984
0.0181812718
0.0177048133
0.0187876301
0.0173535817
0.0316942159
0.0190738474
0.0164243414
0.0291803194
0.0405449890
0.0362213792
0.0369762479
0.0279326083
0.0180397548
0.0157662980
0.0122677021
0.0090844264
0.0181187200
0.0136930204
0.0135636369
0.0061185385
0.0049330062
0.0018025046
0.0138722533
0.0251316252
0.0260510308
0.0272286498
0.0136979962
0.0155438849
0.0138989812
0.0163832969
0.0191854371
0.0206605918
0.0226420131
0.0247059766
0.0243135920
0.0256824184
0.0241712053
0.0192982336
0.0168881117
0.0157595944
0.0184313601
0.0217526928
0.0227950413
0.0218511942
0.0285394820
0.0305069320
0.0338189554
0.0297841625
0.0374386351
0.0244451184
0.0330781668
0.0252529155
0.0275196459
0.0302409718
0.0328666745
0.0322571663
0.0301822380
0.0196101373
0.0199964331
0.0243975204
0.0228643712
0.0224399667
0.0283268281
0.0314645731
0.0375515321
0.0336200049
0.0337478133
0.0316614622
0.0285401562
0.0313951966
0.0313545217
0.0293712168
0.0254409421
0.0265255355
0.0222899291
0.0175868064
0.0197084347
0.0214086236
0.0237998908
0.0228317798
0.0260757472
0.0286282115
0.0219422155
0.0212867149
0.0173119865
0.0182994845
0.0170733805
0.0138549242
0.0145247155
0.0144295325
0.0134005881
0.0149739787
0.0096368428
0.0033503990
0.0070841820
0.0102502995
0.0129476043
0.0138540813
0.0166711621
0.0195079984
0.0201870353
0.0223830109
0.0228444411
0.0231245846
0.0212033738
0.0245099518
0.0238803317
0.0265866553
0.0284365587
0.0314449484
0.0328823061
0.0303309680
0.0338984600
0.0371505522
0.0355834371
0.0335107368
0.0318000433
0.0348771311
0.0354712812
0.0407956062
0.0459703066
0.0443963785
0.0432789266
0.0432921024
0.0442032608
0.0408093438
0.0459292987
0.0456789450
0.0446628628
0.0487620846
0.0659210839
0.0758074588
0.0749161529
0.0840198450
0.0882777543
0.0963629059
0.1040287019
0.1056459749
0.1073866141
0.1004968456
0.0965598032
0.0863903328
0.0862136202
0.0798416037
0.0767897568
0.0685452773
0.0591718992
0.0535189651
0.0490215592
0.0514973986
0.0513761763
0.0656477532
0.0631146196
0.0678477576
0.0659464355
0.0676784081
0.0789025002
0.0888640370
0.0927263600
0.0630367012
0.0707281239
0.0591658828
0.0618946735
0.0620096658
0.0675849664
0.0642924061
0.0641078422
0.2047182362
0.0971977293
0.1287585984
0.1167096457
0.0694492069
0.0411868255
0.0619557619
0.0699204120
0.0624387355
0.0682757708
0.0685347365
0.0724317024
0.0654122337
0.0529413637
0.0607611490
0.0651111317
0.0655303124
0.0695604289
0.0700218440
0.0656130137
0.0687163352
0.0762219598
0.0665411061
0.0788949414
0.0704299697
0.0698551562
0.0666897110
0.0547595523
0.0670320057
0.0739431213
0.0793462164
0.0791993583
0.0732299554
0.0827898952
0.0995797218
0.1092708648
0.1096613832
0.1081573282
0.1015500922
0.0998349401
0.0965537266
0.0880329473
0.0907616083
0.0989860089
0.1073637221
0.0947138367
0.0817568642
0.0784789379
0.0916950544
0.0897285993
0.0838106879
0.0817753416
0.0729831180
0.0743717582
0.0808271760
0.0807481615
0.0789266624
0.0783848355
0.0731884905
0.0763535274
0.0939792317
0.1037210436
0.0753141810
0.0828677243
0.0818278344
0.0834783492
0.0797432795
0.0892723380
0.1020515330
0.0933342960
0.0852143580
0.0948819485
0.1026767922
0.0965637296
0.0855269564
0.0782430519
0.0755601382
0.0798829568
0.0782450008
0.0698528566
0.0687518426
0.0671413423
0.0736836746
0.0777577519
0.0811344676
0.0797414269
0.0767211009
0.0710977675
0.0699745407
0.0656491890
0.0662192936
0.0666085507
0.0630462871
0.0602144609
0.0618706357
0.0621136848
0.0694157498
0.0715184561
0.0711759032
0.0738990020
0.0718875724
0.0684675521
0.0689686483
0.0681162312
0.0697350633
0.0725551585
0.0722180297
0.0747252817
0.0715241186
0.0731061339
0.0697440084
0.0789840452
0.0814317545
0.0817143762
0.0832891128
0.0904897463
0.0874857309
0.0899958636
0.0889744473
0.0732266435
0.0787180724
0.0819439711
0.0820035590
0.0800997302
0.0775196471
0.0773118916
0.0718009188
0.0732400976
0.0601794925
0.0602550028
0.0619842446
0.0652861381
0.0671635847
0.0672638533
0.0685347623
0.0688871047
0.0623530340
0.0618713788
0.0667602312
0.0736198495
0.0756486953
0.0770176588
0.0765431199
0.0749427815
0.0760550481
0.0748933792
0.0748508615
0.0723731561
0.0724578487
0.0678942097
0.0704539293
0.0675740940
0.0690218528
0.0675647984
0.0661484719
0.0636475504
0.0605181999
0.0583620282
0.0548185873
0.0543142420
0.0500992147
0.0410160753
0.0362338294
0.0370632996
0.0325504913
0.0334358481
0.0325287443
0.0383398015
0.0339747559
0.0326986394
0.0362067371
0.0380201817
0.0353577910
0.0353541017
0.0292794164
0.0284894845
0.0310517141
0.0321697482
0.0420658612
0.0410771544
0.0406003005
0.0383979846
0.0363734323
0.0421442327
0.0427437572
0.0422210243
0.0406886118
0.0413798688
0.0457280262
0.0439369610
0.0445130082
0.0438761424
0.0421797403
0.0345691813
0.0415567767
0.0424025017
0.0340324785
0.0350431334
0.0336217441
0.0379033532
0.0310300791
0.0250599929
0.0266307685
0.0293519889
0.0368042511
0.0386563468
0.0398066397
0.0401025219
0.0423242717
0.0424974812
0.0407898952
0.0415540520
0.0449101945
0.0423361767
0.0414594491
0.0398624160
0.0515542921
0.0587743048
0.0567549355
0.0569469853
0.0632022918
0.0636683131
0.0693141813
0.0721926087
0.0770565266
0.0940239567
0.1089173510
0.1067621742
0.1168658445
0.1121581797
0.1149399051
0.1215193897
0.1298706186
0.1219512429
0.1264284418
0.1239661358
0.1174264800
0.1205008882
0.1162803129
0.1130319116
0.1113109330
0.1089388041
0.1050880915
0.1066465626
0.0973024142
0.0986787749
0.0940944206
0.0944740844
0.0896841524
0.0916141430
0.0919750491
0.0916305792
0.0989456461
0.0975713124
0.0972285328
0.0993413090
0.1089691556
0.1106766490
0.1197164968
0.1233488491
0.1281761269
0.1351275583
0.1393208920
0.1318763365
0.1303099648
0.1261457698
0.1276422948
0.1270385530
0.1364252348
0.1425725272
0.1434954259
0.1399769392
0.1400332061
0.1383905401
0.1205363697
0.1294193383
0.1247935340
0.1202750087
0.1165804636
0.1207429589
0.1150052794
0.1067462930
0.1081636091
0.1035955437
0.1060556683
0.1062190312
0.1078735544
0.1059569029
0.0980127223
0.1149024485
0.1192089480
0.1297291746
0.1345212631
0.1306567377
0.1390354892
0.1389635829
0.1389670458
0.1313056820
0.1319399858
0.1351626625
0.1319791882
0.1323574486
0.1250236559
0.1233868967
0.1221775572
0.1160203547
0.1064113601
0.1014412978
0.0956243488
0.0845945731
0.0795752705
0.0796804585
0.1015592414
0.0964579862
0.0967177588
0.0893386800
0.0843570963
0.0906645712
0.0872954121
0.0815694225
0.0885751044
0.1050038825
0.1029946541
0.1191458924
0.1202786356
0.1246625862
0.1275498319
0.1250931101
0.1307319915
0.1256092987
0.1187212092
0.1073330203
0.0980272355
0.0988610623
0.1076595595
0.1113146664
0.1106102307
0.1118742646
0.1061756162
0.1020647411
0.0944722282
0.0881630513
0.0924265121
0.0864424407
0.0855773761
0.0784645192
0.0725837513
0.0731835319
0.0707637649
0.0719364114
0.0783425805
0.0685621385
0.0686120577
0.0766557708
0.0791785909
0.0818934682
0.0803219345
0.0801574060
0.0695448177
0.0628114174
0.0640383157
0.0728821242
0.0613762389
0.0556820029
0.0536166371
0.0628272839
0.0749942792
0.0793854578
0.0850711852
0.0805392459
0.0753322192
0.0669641127
0.0587805445
0.0538731578
0.0679246623
0.0750892385
0.0899918680
0.0820629687
0.0819630829
0.0810409289
0.0794266779
0.0798813802
0.0867608968
0.0860615795
0.0816178468
0.0875202458
0.1184601553
0.1010779623
0.0959353821
0.0909874196
0.1034014540
0.1030602759
0.0972010852
0.0948180437
0.0874609965
0.0923984467
0.0955163096
0.0951454939
0.0918209863
0.0962348540
0.1051253659
0.1031984585
0.1031964933
0.1041643019
0.1030971407
0.1053014482
0.1048386056
0.1085964989
0.1067321964
0.1149650475
0.1152975025
0.1052692438
0.1032001269
0.1110590460
0.1142106093
0.1135939850
0.1104204657
0.1071980900
0.1047080504
0.0860389755
0.0933702466
0.1049378681
0.1015170314
0.0965789388
0.0939449246
0.0883125106
0.0841648164
0.0965078534
0.0962879207
0.0976441991
0.0910499362
0.1061173314
0.1127188934
0.1156030645
0.1074077999
0.0837956489
0.0949633733
0.0979872937
0.1037471376
0.1209077840
0.1092793370
0.1299194972
0.1261612601
0.1326040133
0.1422229108
0.1335143813
0.1288002149
0.1383354862
0.1283166565
0.1315188900
0.1366190271
0.1383262675
0.1434320577
0.1334957934
0.1430916456
0.1304828396
0.1256583239
0.1343897789
0.1403496464
0.1452854267
0.1350273658
0.1361828717
0.1413557261
0.1417110859
0.1497271240
0.1527592206
0.1611569986
0.1691306531
0.1598027608
0.1729353930
0.1597071901
0.1613329981
0.1699580079
0.1615441443
0.1491222984
0.1423223823
0.1457787588
0.1344081043
0.1376249463
0.1417210101
0.1387337311
0.1439521520
0.1514095487
0.1462057991
0.1464752010
0.1472012906
0.1427539821
0.1461311718
0.1514719238
0.1589978440
0.1564947357
0.1587890945
0.1587779951
0.1609468527
0.1624414320
0.1572827766
0.1606251104
0.1626868930
0.1598723339
0.1646589353
0.1694920618
0.1737634833
0.1816030915
0.1717175883
0.1730153612
0.1784103342
0.1774617240
0.1732957628
0.1677137232
0.1641731237
0.1596768632
0.1613927094
0.1653847059
0.1701486486
0.1587247648
0.1552111338
0.1496703753
0.1606409007
0.1721681750
0.1795018708
0.1915744399
0.1997343296
0.2054227483
0.2114801855
0.2095975894
0.2073135785
0.2184365350
0.2203416684
0.2140186709
0.2193470171
0.2201735789
0.2193526754
0.1889398613
0.1848784672
0.1834998793
0.1809247036
0.1785693854
0.1778312308
0.1819141315
0.1885497493
0.1867540498
0.1833779622
0.1793210266
0.1793954423
0.1797616696
0.1769586711
0.1745286986
0.1721261062
0.1672556517
0.1678705825
0.1713742609
0.1733650229
0.1730655866
0.1713023651
