0.0238072765
0.0238072765
0.0282423948
0.0282423948
0.0335406485
0.0335406485
0.0356782804
0.0356782804
0.0361137209
0.0361137209
0.0335493725
0.0335493725
0.0302876195
0.0302876195
0.0282346148
0.0282346148
0.0261657260
0.0261657260
0.0283524918
0.0283524918
0.0373945864
0.0373945864
0.0415564059
0.0415564059
0.0392950106
0.0392950106
0.0430847353
0.0430847353
0.0319714717
0.0319714717
0.0390477454
0.0390477454
0.0492237375
0.0492237375
0.0500724993
0.0500724993
0.0471894634
0.0471894634
0.0557351619
0.0557351619
0.0647140008
0.0647140008
0.0688688736
0.0688688736
0.0905969986
0.0905969986
0.0957017112
0.0957017112
0.1054903957
0.1054903957
0.1053913969
0.1053913969
0.1044681283
0.1044681283
0.1126961541
0.1126961541
0.1134820349
0.1134820349
0.0900660204
0.0900660204
0.0939336595
0.0939336595
0.0957219720
0.0957219720
0.1078650834
0.1078650834
0.1051095107
0.1051095107
0.1133100257
0.1133100257
0.1226292428
0.1226292428
0.1080619395
0.1080619395
0.0982808345
0.0982808345
0.0977851618
0.0977851618
0.1000073052
0.1000073052
0.0954153177
0.0954153177
0.0955483187
0.0955483187
0.0946500451
0.0946500451
0.0967052071
0.0967052071
0.1018557830
0.1018557830
0.1025388052
0.1025388052
0.1049670652
0.1049670652
0.1098161802
0.1098161802
0.1048730195
0.1048730195
0.1042458151
0.1042458151
0.1069720092
0.1069720092
0.1051731024
0.1051731024
0.1087866893
0.1087866893
0.1137402543
0.1137402543
0.1256613455
0.1256613455
0.1372730233
0.1372730233
0.1260865901
0.1260865901
0.1211026852
0.1211026852
0.1164188457
0.1164188457
0.1174680505
0.1174680505
0.1171729694
0.1171729694
0.1228859568
0.1228859568
0.1279483972
0.1279483972
0.1281407426
0.1281407426
0.1306013500
0.1306013500
0.1344649737
0.1344649737
0.1351573126
0.1351573126
0.1368941910
0.1368941910
0.1348985746
0.1348985746
0.1346377063
0.1346377063
0.1340654462
0.1340654462
0.1312267064
0.1312267064
0.1301570705
0.1301570705
0.1292942899
0.1292942899
0.1179248786
0.1179248786
0.1191253120
0.1191253120
0.1174500478
0.1174500478
0.1186007516
0.1186007516
0.1166148915
0.1166148915
0.1194296201
0.1194296201
0.1199798045
0.1199798045
0.1203116072
0.1203116072
0.1209924453
0.1209924453
0.1255043727
0.1255043727
0.1246277348
0.1246277348
0.1235570199
0.1235570199
0.1244524565
0.1244524565
0.1271629287
0.1271629287
0.1253979419
0.1253979419
0.1224909103
0.1224909103
0.1188944678
0.1188944678
0.1168885425
0.1168885425
0.1201946796
0.1201946796
0.1182985174
0.1182985174
0.1185695831
0.1185695831
0.1181931576
0.1181931576
0.1199518306
0.1199518306
0.1190397476
0.1190397476
0.1204315575
0.1204315575
0.1215813631
0.1215813631
0.1215785592
0.1215785592
0.1266048005
0.1266048005
0.1289247649
0.1289247649
0.1332812495
0.1332812495
0.1384191822
0.1384191822
0.1446794473
0.1446794473
0.1541172018
0.1541172018
0.1514707662
0.1514707662
0.1542171031
0.1542171031
0.1603006355
0.1603006355
0.1689938548
0.1689938548
0.1770119475
0.1770119475
0.1782425051
0.1782425051
0.1708046376
0.1708046376
0.1792721019
0.1792721019
0.1802449068
0.1802449068
0.1953595917
0.1953595917
0.1904403497
0.1904403497
0.1551986930
0.1551986930
0.1647579116
0.1647579116
0.1553957313
0.1553957313
0.1555027867
0.1555027867
0.1605169372
0.1605169372
0.1620715287
0.1620715287
0.1376897934
0.1376897934
0.1322474950
0.1322474950
0.1339806886
0.1339806886
0.1272988032
0.1272988032
0.1328255969
0.1328255969
0.1286366392
0.1286366392
0.1203107977
0.1203107977
0.1220854491
0.1220854491
0.1387232888
0.1387232888
0.1194120980
0.1194120980
0.1195404813
0.1195404813
0.1263325685
0.1263325685
0.1305577295
0.1305577295
0.1257495873
0.1257495873
0.1285974208
0.1285974208
0.1488837857
0.1488837857
0.1628085017
0.1628085017
0.1495487395
0.1495487395
0.1676612641
0.1676612641
0.1394105061
0.1394105061
0.1507928631
0.1507928631
0.1509917098
0.1509917098
0.1580146761
0.1580146761
0.1612330195
0.1612330195
0.1613305441
0.1613305441
0.1743606573
0.1743606573
0.1835744943
0.1835744943
0.1822351746
0.1822351746
0.1798213962
0.1798213962
0.1812675948
0.1812675948
0.1812675948
0.2128219592
0.2128219592
0.2128219592
0.1623049244
0.1623049244
0.1623049244
0.1551646037
0.1551646037
0.1551646037
0.1503993178
0.1503993178
0.1503993178
0.1403625172
0.1403625172
0.1403625172
0.1643974396
0.1643974396
0.1643974396
0.1607898032
0.1607898032
0.1607898032
0.1887146434
0.1887146434
0.1887146434
0.1885895528
0.1885895528
0.1885895528
0.1664696508
0.1664696508
0.1664696508
0.1587767456
0.1587767456
0.1587767456
0.1549356310
0.1549356310
0.1549356310
0.1450158002
0.1450158002
0.1450158002
0.1278192079
0.1278192079
0.1278192079
0.1294299068
0.1294299068
0.1294299068
0.1434130272
0.1434130272
0.1497988726
0.1497988726
0.1523542685
0.1523542685
0.1541170642
0.1541170642
0.1805143369
0.1805143369
0.2064282342
0.2064282342
0.2044135773
0.2044135773
0.2022509487
0.2022509487
0.2036052173
0.2036052173
0.1922331042
0.1922331042
7.8941023115
8.0085276098
8.0085276098
8.0085276098
8.1112506207
8.1112506207
8.1112506207
8.2175181281
8.2175181281
8.2175181281
8.3376193914
8.3376193914
8.3376193914
8.4253489253
8.4253489253
8.4253489253
8.5744382473
8.5744382473
8.5744382473
8.5414674653
8.5414674653
8.5414674653
8.6817883277
8.6817883277
8.6817883277
8.8047371948
8.8047371948
8.8047371948
8.9083368468
8.9083368468
8.9083368468
9.0213123140
9.0213123140
9.0213123140
9.0250547155
9.0250547155
9.0250547155
9.1516015443
9.1516015443
9.1516015443
9.2795137732
9.2795137732
9.2795137732
9.2714089418
9.2714089418
9.2714089418
9.3997740691
9.3997740691
9.3997740691
9.5345894309
9.5345894309
9.5345894309
9.5329242565
9.5329242565
9.5329242565
9.6558394266
9.6558394266
9.6558394266
9.7735589126
9.7735589126
9.7735589126
9.7722358474
9.7722358474
9.7722358474
9.8977319883
9.8977319883
9.8977319883
10.0286319938
10.0286319938
10.0286319938
10.0304969485
10.0304969485
10.0304969485
10.1649038203
10.1649038203
10.1649038203
10.2906545304
10.2906545304
10.2906545304
10.2914236018
10.2914236018
10.2914236018
10.4065287984
10.4065287984
10.4065287984
10.5157523245
10.5157523245
10.5157523245
10.5127100940
10.5127100940
10.5127100940
10.6125364315
10.6125364315
10.6125364315
10.7102175720
10.7102175720
10.7102175720
10.7951889777
10.7951889777
10.7951889777
10.8805218751
10.8805218751
10.8805218751
10.9641727125
10.9641727125
10.9641727125
11.1213716426
11.1213716426
11.1213716426
11.1877151482
11.1877151482
11.1877151482
11.2546584315
11.2546584315
11.2546584315
11.3188627217
11.3188627217
11.3188627217
11.4065973294
11.4065973294
11.4065973294
11.4324811116
11.4324811116
11.4324811116
11.4430755363
11.4430755363
11.4430755363
11.4306539818
11.4306539818
11.4306539818
11.3180369115
11.3180369115
11.3180369115
11.3161426715
11.3161426715
11.3161426715
11.1038317843
11.1038317843
11.1038317843
10.9299089761
10.9299089761
10.9299089761
10.9196515440
10.9196515440
10.9196515440
10.9074258549
10.9074258549
10.9074258549
10.9031463355
10.9031463355
10.9031463355
10.8982990919
10.8982990919
10.8982990919
10.8968484400
10.8968484400
10.8968484400
10.9043979568
10.9043979568
10.9043979568
10.9125965680
10.9125965680
10.9125965680
10.9179486940
10.9179486940
10.9179486940
10.9182425183
10.9182425183
10.9182425183
10.9196423753
10.9196423753
10.9196423753
10.9202808163
10.9202808163
10.9202808163
10.9213794378
10.9213794378
10.9213794378
10.9147958865
10.9147958865
10.9147958865
10.9166348634
10.9166348634
10.9166348634
10.9171790907
10.9171790907
10.9171790907
10.9183000123
10.9183000123
10.9183000123
10.9161498837
10.9161498837
10.9161498837
10.9150107961
10.9150107961
10.9150107961
10.9157541183
10.9157541183
10.9157541183
10.9150031549
10.9150031549
10.9150031549
10.9131081184
10.9131081184
10.9131081184
10.9150969565
10.9150969565
10.9150969565
10.9123677880
10.9123677880
10.9123677880
10.9102647005
10.9102647005
10.9102647005
10.9092384140
10.9092384140
10.9092384140
10.9010516892
10.9010516892
10.9010516892
10.8904484740
10.8904484740
10.9177287637
10.9177287637
10.9177287637
10.9154565098
10.9154565098
10.9154565098
10.9164631199
10.9164631199
10.9164631199
10.9124886753
10.9124886753
10.9124886753
10.9107781498
10.9107781498
10.9107781498
10.9103028317
10.9103028317
10.9103028317
10.9086146846
10.9086146846
10.9086146846
10.9083538716
10.9083538716
10.9083538716
10.9084787487
10.9084787487
10.9084787487
10.9083616829
10.9083616829
10.9083616829
10.9095599234
10.9095599234
10.9095599234
10.9089217424
10.9089217424
10.9089217424
10.9109106121
10.9109106121
10.9109106121
10.9124457063
10.9124457063
10.9124457063
10.9136807422
10.9136807422
10.9136807422
10.9145329251
10.9145329251
10.9145329251
10.9178392282
10.9178392282
10.9178392282
10.9193552301
10.9193552301
10.9193552301
