1.542631355562110285e+00
1.557674462315465247e+00
1.557554368392579436e+00
1.560456501294148479e+00
1.555898045783993711e+00
1.546901861131584788e+00
1.539883734071817667e+00
1.534326445839925723e+00
1.527964238615227455e+00
1.518930290734997746e+00
1.508302179756925154e+00
1.495907075529166130e+00
1.478693237232887370e+00
1.459696761068427051e+00
1.440389251713470431e+00
1.418338314147070900e+00
1.395897185850337285e+00
1.366926871649541519e+00
1.339840399365481716e+00
1.303063850566855475e+00
1.275644802116235210e+00
1.250012977107547218e+00
1.224680258542051536e+00
1.179995426694656846e+00
1.156610331758756383e+00
1.118110291089241537e+00
1.072940546672700890e+00
1.044139361128117560e+00
1.001170540865937264e+00
9.506638678966167211e-01
9.060253155723380081e-01
8.526657040479129757e-01
7.913810020464692174e-01
7.446715574591937781e-01
6.971273154745032397e-01
6.804522838157323061e-01
7.094927375546009607e-01
7.571228753309208193e-01
8.187105473950087031e-01
8.832745313831583678e-01
9.603687195656890330e-01
1.041633012359362453e+00
1.137047999621276562e+00
1.216829094604837458e+00
1.317865977980214431e+00
1.387081698575353350e+00
1.461467849346232972e+00
1.523688793367353300e+00
1.593723440416563664e+00
1.656211940945642613e+00
1.732397361501437416e+00
1.808882657450850306e+00
1.867898807784635684e+00
1.934676320718472287e+00
1.994755703476724706e+00
2.030415635253763007e+00
2.070100035241535519e+00
2.109135499811771286e+00
2.134206821125495868e+00
2.170354029202322010e+00
2.215215000279882052e+00
2.259447655787885090e+00
2.277680541294652805e+00
2.317343291474389222e+00
2.358441068664932416e+00
2.406670198792077997e+00
2.445939354941894628e+00
2.467653697990164208e+00
2.497751154712614330e+00
2.488272495222862979e+00
2.477664728061039767e+00
2.493670424030885346e+00
2.487364258085637214e+00
2.511356175632679211e+00
2.510249850149660400e+00
2.531813538555334198e+00
2.537062504685848374e+00
2.561203399189719843e+00
2.563612010315471146e+00
2.589347536091322954e+00
2.605267288074996301e+00
2.635512864767251440e+00
2.654283756680731798e+00
2.690682056407224465e+00
2.707198486464734710e+00
2.742605976394783429e+00
2.750689748202490570e+00
2.780559599520483260e+00
2.779434542347277048e+00
2.810920715634202871e+00
2.846436210810896039e+00
2.858852003620336646e+00
2.903921495263722008e+00
2.916707486786223047e+00
2.952201082285270672e+00
2.982798292808170881e+00
2.976802436691376119e+00
2.997047420184868471e+00
3.017531623394567042e+00
2.998466761113769863e+00
3.024214787464833076e+00
3.049026513579525144e+00
3.044496056964073549e+00
3.053448992878161850e+00
3.035746132808624154e+00
3.057539326591424800e+00
3.077039901317772053e+00
3.071444045226309871e+00
3.057783954548103811e+00
3.079594006987223409e+00
3.075679519405088325e+00
3.096191722468998542e+00
3.071126187978701072e+00
3.076253175463913969e+00
3.056499284588665599e+00
3.051845610248288487e+00
3.015778262330191417e+00
3.009893860386961606e+00
2.988211368170083926e+00
2.969964214768476385e+00
2.960638633681286880e+00
2.949644929826003015e+00
2.940173207430001323e+00
2.928226959751077718e+00
2.920152249447788062e+00
2.912584024402325777e+00
2.909751556183743482e+00
2.896409966561321436e+00
2.882209568063903049e+00
2.850306852206633934e+00
2.809538702043012037e+00
2.762655299010168264e+00
2.697039426072056489e+00
2.596559280024218541e+00
2.494217027345039916e+00
2.410648589609847736e+00
2.295948259957746540e+00
2.181904161117528052e+00
2.063830455850544254e+00
1.944805831298246579e+00
1.833354647236008494e+00
1.740386098856711694e+00
1.647244187833475593e+00
1.551039752016894147e+00
1.463228927154124559e+00
1.374503708546148228e+00
1.311303373336403677e+00
1.228579368976290054e+00
1.151335669928559957e+00
1.085450252357114120e+00
1.012845404557246365e+00
9.500051090722005931e-01
8.805009010624419430e-01
8.174401892588459839e-01
7.617431482272920551e-01
7.136316738677070948e-01
6.663741112676028200e-01
6.284749017773322288e-01
6.014273067149055185e-01
5.971707565485090408e-01
6.006369569094900385e-01
6.232546092681519045e-01
6.499721379454282966e-01
6.879115573818226359e-01
7.503012667226235388e-01
8.129190507785937214e-01
8.702806042751590754e-01
9.338540921329313571e-01
1.000380483297894196e+00
1.064577993412296086e+00
1.123140747608106338e+00
1.185953640507699358e+00
1.246968570599471082e+00
1.311841989027256350e+00
1.371440415884275010e+00
1.428421784237093872e+00
1.476796961045281131e+00
1.526879488681708086e+00
1.582895170792244288e+00
1.637162756147853226e+00
1.705248663872489745e+00
1.784729512988848965e+00
1.852585276274385517e+00
1.920771229282864478e+00
1.993739483659067169e+00
2.058241598439885855e+00
2.119794677088796764e+00
2.182056850929781522e+00
2.237464785861528860e+00
2.297527092617285494e+00
2.343416246215423104e+00
2.391971977929661985e+00
2.433146311955212582e+00
2.463328753793907477e+00
2.487686508614137537e+00
2.501483486181463434e+00
2.518143178659601134e+00
2.574071504355201156e+00
2.601073355890935357e+00
2.665861808696311286e+00
2.738655845115599785e+00
2.800991380517491969e+00
2.816377589268463044e+00
2.869708123103143382e+00
2.878091478420127025e+00
2.926550569067678964e+00
2.934824451761030240e+00
2.984153866128621324e+00
2.992018046724632452e+00
3.001675981014074956e+00
3.059479051595783705e+00
3.082106838961325312e+00
3.101470293641496401e+00
3.120718193684483666e+00
3.141132706104800221e+00
3.163438191999014215e+00
3.213650161859879173e+00
3.225156607241715712e+00
3.271378378905615669e+00
3.274133518333213200e+00
3.311045627991376250e+00
3.351534843581031708e+00
3.341129877665770742e+00
3.361654484429063228e+00
3.381264309371385224e+00
3.396492845552596673e+00
3.379648255128190115e+00
3.397472572491956111e+00
3.376793530709566671e+00
3.393495393054510423e+00
3.373528850411713353e+00
3.406395586755112337e+00
3.400280632156341909e+00
3.433811562914039772e+00
3.419766716822839836e+00
3.444286916030750767e+00
3.420433629008807319e+00
3.435223492757347952e+00
3.406619846900285520e+00
3.420028844110874822e+00
3.387502274176312334e+00
3.396413659697802512e+00
3.359213536912013520e+00
3.369812032503642030e+00
3.380669781537632534e+00
3.346823691490412589e+00
3.360745814830700784e+00
3.370192376547614277e+00
3.334839180628252464e+00
3.344889844450635419e+00
3.354772548741384419e+00
3.316660461764045387e+00
3.325950402148242446e+00
3.336945185856051488e+00
3.352118395303640419e+00
3.313651244619213010e+00
3.322316311219688512e+00
3.330726145671366378e+00
3.340633491410816891e+00
3.295809317678344286e+00
3.302048678151667360e+00
3.309941978022955311e+00
3.315335015792816087e+00
3.318476192356011545e+00
3.264932080722835916e+00
3.265476485558789221e+00
3.262442239053358950e+00
3.256289312682688841e+00
3.186215694198188064e+00
3.180867199458801586e+00
3.116354870839387559e+00
3.114539444197861773e+00
3.048780971872572021e+00
3.046306027832896390e+00
3.051567587265965553e+00
2.987855843290924351e+00
2.994472073402385526e+00
2.930283190727655196e+00
2.925223730582635184e+00
2.842570029877822257e+00
2.750311739100891550e+00
2.647794333741508854e+00
2.457547116545230281e+00
2.265369291844781863e+00
1.880840027678160720e+00
1.657474721010228969e+00
1.594634548249698858e+00
1.580038478598271956e+00
1.593695890831191564e+00
1.623574058134247489e+00
1.661923683781269423e+00
1.709422805404720913e+00
1.750468753536450928e+00
1.792782442222968120e+00
1.841842974959176038e+00
1.890924684406095402e+00
1.912671661139755841e+00
1.947636520160554108e+00
1.967399313992376664e+00
1.986884180757443774e+00
2.035920330288133684e+00
2.095730912722756578e+00
2.130505320256401713e+00
2.195292655994121933e+00
2.254340411504965669e+00
2.318236852742777909e+00
2.379565049838006097e+00
2.441619648292050471e+00
2.497032865898019871e+00
2.541219372227800477e+00
2.592536697176929916e+00
2.638723913043768299e+00
2.692053314484589510e+00
2.734485138501777435e+00
2.784432258853378528e+00
2.843217659090157667e+00
2.888893838505744771e+00
2.938906424225982583e+00
2.981867717997657596e+00
3.019550776230294886e+00
3.062878989602030977e+00
3.100237269135853957e+00
3.151389116480829866e+00
3.179493526189614450e+00
3.211481522320919435e+00
3.254545617223130183e+00
3.308048392964466178e+00
3.326500585300233848e+00
3.362078027422793269e+00
3.387427128190389158e+00
3.421875894361576353e+00
3.436597545836909795e+00
3.451822273214262715e+00
3.435297872392570895e+00
3.405192057284308849e+00
3.385484403972696121e+00
3.361721281815499562e+00
3.337747618353661405e+00
3.287945842114589290e+00
3.259999258254365539e+00
3.234322502774467090e+00
3.240352119129661368e+00
3.216480959475409573e+00
3.184780435308035784e+00
3.195116924033546635e+00
3.175485508639402710e+00
3.192135174486661509e+00
3.221737879204471966e+00
3.204492228630692718e+00
3.228271537658521151e+00
3.294387276664754172e+00
3.316818578693635278e+00
3.310051885469890820e+00
3.324087620753379380e+00
3.340606392583807871e+00
3.368029907131332212e+00
3.351450651386312263e+00
3.374621800639402203e+00
3.389770678211602384e+00
3.400045320389220471e+00
3.380145190500827290e+00
3.400952127298646932e+00
3.419670205131758234e+00
3.405669387331755615e+00
3.433319464490067752e+00
3.423777044895494726e+00
3.449717601384358012e+00
3.431305283131984574e+00
3.453436124132170715e+00
3.476312851817765281e+00
3.455542971768701843e+00
3.478037337100400528e+00
3.458999335413186049e+00
3.483583707081902681e+00
3.507819770297246009e+00
3.537460084418892148e+00
3.532912466261171947e+00
3.570997714126727285e+00
3.609410016643795682e+00
3.606230657762608871e+00
3.641801643527840415e+00
3.629442588060237895e+00
3.661781073678144871e+00
3.655918169330086176e+00
3.693199051547640277e+00
3.729196104995447847e+00
3.721719729427841461e+00
3.765532915583814422e+00
3.765612989832835211e+00
3.804696528882974604e+00
3.804488554666738853e+00
3.844375372191119578e+00
3.847451537914525321e+00
3.888124502317640285e+00
3.927350834501949883e+00
3.969060092330470635e+00
3.970925706425494806e+00
4.018825333144591561e+00
4.069388228153046683e+00
4.082719344774823789e+00
4.137980129465761436e+00
4.155799413357327055e+00
4.210541238044066326e+00
4.228124542431632271e+00
4.242863843571142546e+00
4.290482421078032793e+00
4.319619881888928425e+00
4.339213597608950757e+00
4.353964116434153375e+00
4.370111881409687982e+00
4.391469615243853930e+00
4.425579608826416766e+00
4.453822803850407297e+00
4.462813812665001656e+00
4.483534699250474098e+00
4.470864034809394205e+00
4.485213483799391554e+00
4.497278908585831125e+00
4.512935001846477334e+00
4.533345270036150509e+00
4.552656948408904114e+00
4.595345285712856054e+00
4.616002575855492118e+00
4.666356433784150326e+00
4.717627501320945882e+00
4.759617825207969943e+00
4.772169570126719940e+00
4.806507253844578109e+00
4.840508122228940557e+00
4.844731627865335177e+00
4.865687990221011283e+00
4.856533080920644174e+00
4.844463878033852922e+00
4.849112191613733636e+00
4.831268080325147984e+00
4.811845262892165742e+00
4.753525934442341061e+00
4.728556633491002081e+00
4.699658678603054085e+00
4.636275279035361407e+00
4.573177511564788134e+00
4.559659968087549586e+00
4.517288442707440232e+00
4.521103472297138381e+00
4.527291908029719814e+00
4.505773852644794353e+00
4.511567032374456332e+00
4.510327127819115489e+00
4.492951751629127521e+00
4.485656809623708163e+00
4.489039665660726541e+00
4.517029645239300173e+00
4.534010058831841050e+00
4.547291738309827913e+00
4.558865573409390137e+00
4.565234867037136546e+00
4.588259750911714896e+00
4.609135610989469889e+00
4.624339183314423174e+00
4.637321992151808736e+00
4.650806699142254530e+00
4.652504172207472699e+00
4.646594497705161864e+00
4.630801621138035173e+00
4.606003415422100566e+00
4.598266453837191570e+00
4.586798732553519997e+00
4.584811370429672905e+00
4.595386565190380246e+00
4.598396924644776895e+00
4.598549688985737127e+00
4.622186848924760838e+00
4.619719161808863106e+00
4.635871176955880024e+00
4.627952514697403430e+00
4.635262437911547018e+00
4.617679335470869617e+00
4.590056946170272489e+00
4.572512674197564131e+00
4.540826405365763208e+00
4.529373465092120021e+00
4.497585416350970533e+00
4.487551574443545022e+00
4.480177216388573136e+00
4.476471114007040342e+00
4.449283211473159305e+00
4.439116740363006741e+00
4.435303629795858349e+00
4.412931349862997621e+00
4.409637820470948100e+00
4.407364066487719612e+00
4.388619022879490572e+00
4.365045944528616495e+00
4.339801111703554426e+00
4.322403228918863860e+00
4.298767827524552665e+00
4.277533369683746756e+00
4.276450473164974397e+00
4.259808084389554494e+00
4.242780750929790123e+00
4.216160290304933334e+00
4.175337158165479678e+00
4.141496210327954230e+00
4.103620210015389347e+00
4.076356903982715885e+00
4.060415261205369220e+00
4.037259082598471771e+00
4.013165177166577280e+00
3.994157686083720016e+00
3.976303919377761176e+00
3.944469577808793481e+00
3.927362519973612187e+00
3.921656261934805876e+00
3.889970160488823936e+00
3.860201142480288894e+00
3.833513648469970558e+00
3.788934355528124964e+00
3.746771853381126061e+00
3.715088622765229331e+00
3.689060734143159159e+00
3.653536415085786082e+00
3.626005643867610928e+00
3.589554891270381187e+00
3.552414143409065694e+00
3.521670171827055107e+00
3.501394110055211950e+00
3.520747436681392006e+00
3.603309871355853566e+00
3.585001399605674877e+00
3.585245959102826951e+00
3.566533151188019168e+00
3.554452191937776284e+00
3.533626457884742056e+00
3.516863645231005808e+00
3.500579508105198467e+00
3.477020669626730065e+00
3.462895017290750221e+00
3.444427948187807953e+00
3.432317512178014507e+00
3.415453149329951366e+00
3.400149323294620718e+00
3.384970479484346928e+00
3.366757678017104460e+00
3.352121405511420349e+00
3.339010219387245737e+00
3.325000903076443581e+00
3.305435296281431512e+00
3.284137547258858092e+00
3.263705194099887574e+00
3.243491202156451703e+00
3.226969020544515399e+00
3.216252500042666718e+00
3.203265456923243715e+00
3.187523129129294031e+00
3.173696117663771243e+00
3.159007121025411369e+00
3.142103794916804471e+00
3.125524654973781846e+00
3.111974364106024016e+00
3.107540554195161064e+00
3.097999748120764174e+00
3.091694766916626591e+00
3.082674260877423134e+00
3.068925913084115553e+00
3.054916452201513088e+00
3.040210512193011638e+00
3.030068718241726078e+00
3.019340922299580843e+00
3.004618362284424027e+00
2.983537312522789087e+00
2.964682611296543868e+00
2.945703643374547820e+00
2.925712402149752034e+00
2.897375674243255705e+00
2.873402848707902635e+00
2.844576430015818502e+00
2.827843177134973018e+00
2.813303498920419532e+00
2.794609068041359556e+00
2.784471732461502036e+00
2.780118517741283934e+00
2.776583108497657548e+00
2.775449436928735913e+00
2.765311288218864405e+00
2.762272345723749023e+00
2.749079697635921971e+00
2.741924720721329756e+00
2.729470303791896146e+00
2.717324356829046827e+00
2.703647275348268764e+00
2.688683995360622081e+00
2.674484873622187120e+00
2.663650067522205678e+00
2.654973246921906505e+00
2.650433708220841122e+00
2.643896201035738525e+00
2.636261122487099762e+00
2.629492667637675751e+00
2.619419890186774680e+00
2.602289965314302567e+00
2.586678023010897221e+00
2.572396305732150612e+00
2.568708447478361467e+00
2.557184292373380519e+00
2.552722292794818326e+00
2.541080120191040681e+00
2.529373059661699674e+00
2.520628587492378614e+00
2.505200469794835794e+00
2.494603819311423720e+00
2.489365707056962584e+00
2.477331299739939485e+00
2.459239828948368789e+00
2.434310260999744013e+00
2.414390660084458240e+00
2.394922074599774575e+00
2.380955161301054890e+00
2.366818507537224558e+00
