0.6243612928
0.5992701850
0.5961396021
0.5453313018
0.5589672360
0.5663757532
0.5597113204
0.5697948109
0.5640101499
0.6577527270
0.6017784635
0.8088080925
0.6752412221
0.6666833354
0.7420443746
0.5603275521
0.7129608577
0.5900029213
0.4903382355
0.5925784239
0.5056055695
0.5006638281
0.5497648983
0.5733375875
0.5349774635
0.5754829055
0.5595904724
0.6042762791
0.6843014072
0.6682289229
0.5497051326
0.5811486286
0.6044485421
0.5880050935
0.5604356349
0.2864067601
0.2143072461
0.3467289723
0.5427717626
0.5702891427
0.5342508382
0.5388275649
0.6879041336
0.6024678735
0.5636277149
0.4005793173
0.3297062982
0.6095821511
0.2019728195
0.6326535558
0.5992554218
0.6196409291
0.5441859858
1.1524671975
0.8930235273
0.7817528810
1.5090721644
0.9509277393
1.0621259773
0.7116594256
0.7177595555
1.6896290131
0.6410254770
0.8556866205
1.4465308165
1.7574241467
1.7094914021
1.6930070405
1.6049799731
1.6362931159
1.5187290170
1.6394223319
1.5790627708
1.6807196708
1.4987338256
0.9160038294
0.8406442287
0.8633597960
0.8651867607
0.8407128701
0.8178556750
0.7897325474
0.8380579529
0.8409387582
0.3933111701
0.2412679284
0.5817434954
1.1942109418
0.5138681986
0.3814638697
0.5250266105
0.0227766439
0.0738642008
0.5887909458
0.2787241663
0.7555364801
0.8076222283
0.4005699358
0.6400427525
0.3899648083
0.4934733607
0.2616025074
0.0913933819
0.2184194960
0.4912577419
0.3071345331
0.3853125408
0.3199886746
0.2574219924
0.3415726760
0.2765920889
0.3814823962
0.3270913900
0.3508095323
0.2504392943
0.2739523724
0.2333120752
0.2918659070
0.2286902703
0.4354761650
0.4069468788
0.2517323215
0.4379179470
0.4153218431
0.6599571359
0.5323626878
0.4378031994
0.1713202275
0.4225427154
0.3632412397
0.4241253922
0.4355206215
0.6042772157
0.5278475332
0.4977350209
0.5385598710
0.5447027848
0.5867681691
0.2784572945
0.1325565638
0.1976779657
0.1037110430
0.3414314125
0.3433457691
0.1012942245
0.3297458623
0.5423212116
0.2722875712
0.4286737314
0.2422813284
0.4806793245
0.3546780692
0.5223414913
0.4890954133
0.6364407797
0.6782212985
0.7052831134
0.5419863664
0.6926400265
0.4392331058
0.4045108498
0.5172755408
0.3895626250
0.3406851599
0.4085020818
0.4643283167
0.3008156920
0.3986330965
0.3474895909
0.4967580358
0.6112901440
0.5464895569
0.4017995701
0.4746102684
0.5403346416
0.8419610483
0.3962963461
0.5628536889
1.1218783922
1.2246265296
0.3380757223
0.2251818567
0.5721850710
0.7071594178
0.6536455247
0.6871209013
0.7175851210
0.7744078865
0.8398473198
0.8036181559
0.8861447022
0.7880911140
0.6351266926
0.6537604067
0.7084684457
0.6251161140
0.6413856628
2.0777941333
1.9675304038
2.1830500258
2.1714112612
2.1953319974
2.2130779422
2.0890409458
2.4218668319
2.1975867267
2.1252999247
2.0317890724
1.9757075061
2.1299665070
2.1113966179
2.1815521986
2.1994298671
2.2658071166
2.3146895846
2.2363287669
2.3424085591
0.4977091283
0.5846924763
0.6024099626
0.2362573413
0.2571197543
0.5588245378
0.4413522351
1.0531418080
0.8531848868
0.5522208346
0.6861354536
0.5761290056
0.5829025906
0.4097653209
0.5062640292
0.5634661140
0.6049745541
0.6272028507
0.8547315582
0.8197523064
0.6768787930
0.9389587270
0.8605640516
0.7579721915
0.5018615320
0.7052965113
1.1548914412
0.6563796490
1.4351393651
1.8521763713
0.5236043593
1.0523844015
1.5212309799
0.5611095501
0.2728416793
0.0994060070
0.2869526620
0.4662645065
0.4398592567
0.1022578493
0.5112977391
0.5148145061
0.5527291500
0.6048048820
0.2804329969
0.3979782026
0.2643625960
0.3815384625
0.3629747764
0.2192711094
0.1813239951
0.4507072814
0.8098631212
0.4738905380
0.3062057500
0.2600274662
0.8601947709
1.1387435403
1.0917807475
0.8714300790
0.9338830558
0.8381459552
0.7340511732
0.8837995436
1.9056583299
1.8501938574
1.8771689098
2.0377764157
1.8600752982
1.7447336734
0.7994612518
0.4045805340
0.2370183330
0.2808370789
0.3592297041
0.2003073504
0.2720500333
0.1766995245
0.4622451950
0.6083793245
0.3230023797
0.2619432224
0.1344646919
0.2734631970
1.2582784004
0.9625699959
0.9571406389
0.9942432092
2.3722704143
1.2196851918
3.8975739006
2.7270808882
1.5690798490
1.7665344871
0.4095416216
0.4056921971
0.4274711460
0.3993654255
0.3347883465
0.5634011173
0.7872750890
0.5169036960
0.5553422932
0.4289182069
0.2819226987
0.4503684901
0.4911745506
0.3381668978
0.5668361734
0.3821144301
0.8772307524
0.3937356786
0.5421014317
0.4956076095
0.3511950606
0.1951754630
0.4047412714
0.2978842705
0.2719966497
0.3040252997
0.7333751793
1.2294916924
1.3925778596
1.3893390702
0.3025975614
3.3838838191
2.8100668944
2.7632463240
3.5343043323
3.4675469876
3.4744962625
3.5065559004
1.1816607195
1.1331778135
1.1642868001
1.1938122415
0.8295074320
0.5137542409
0.7055245448
0.1749779176
0.5590342840
0.5164110622
0.2665148071
0.3049505987
0.3175165980
0.3547336949
0.4195975966
0.2911982752
0.1946480354
0.5346719117
0.5072393195
1.3042869428
0.6888200626
0.6247794583
0.4600460110
1.2938474083
0.7440135001
0.5633145113
0.4757747432
0.9826043126
1.4991513912
0.3816302145
0.4993412918
0.3134444495
0.6372905565
0.3932134541
0.5456087903
3.1154504818
0.3567536775
1.0436003013
0.9993697748
0.9904656962
0.8296016799
0.5793800571
0.9992758328
0.7429877373
0.4510308714
0.2334173110
0.6112234572
0.1897588488
0.7274093144
1.2004642557
1.1541122917
1.1432697725
0.5648743434
1.0108859668
1.0741265855
1.1162317235
1.1153218962
0.9927184512
1.1360423535
1.3437266438
1.3027321529
1.2382761526
1.3983209041
1.3353749835
0.4730508045
0.5754816387
0.5680613488
0.6238020010
0.6602127504
0.5999177758
0.8063886793
0.5541434143
0.3136831678
0.1535562834
0.2916242608
0.2343297544
0.5023994674
0.4010281646
0.2276872499
0.4664729123
0.2416093651
0.3449531539
0.7862958112
0.5666247292
0.5287797789
0.7842857478
0.6489298883
1.2108735430
0.5627999838
1.5044123186
0.7241764643
0.7288801665
1.0324618832
1.0821800817
2.1309097864
1.0546931545
1.3492963108
1.8668291167
0.6255207664
1.1574749508
0.9885680538
0.8955386342
0.6566246471
0.7755969873
0.8508642030
1.5476732135
0.9727819823
0.4536663573
0.6514553346
0.6014123640
1.0096675227
0.5911407769
0.5554371209
0.4111559430
0.4445366342
0.3831174451
0.3717368928
0.1836518814
0.7772622674
1.0018231682
0.2627610177
0.7567407884
0.2012267627
3.5714554090
0.3794457757
2.0057572939
1.1702933344
1.2064186908
1.4153513301
0.9041571220
0.9676015780
1.9008476650
1.9674928737
0.7251501369
0.6508551283
0.6971394383
1.1091336135
0.5759245817
0.8017250184
0.9558134889
0.5731373052
0.4021756563
0.6998456155
0.6992180647
0.7287627789
0.5371053859
0.3195957065
0.3505725721
0.4487366534
0.2713849930
0.2070083142
0.4178858415
0.3681945231
0.3273949754
0.3601587373
0.3565156103
1.1813338566
0.7799052076
0.9852976107
0.8358326995
1.4820256486
0.3949368626
0.2045324409
0.7933035581
2.5046759160
0.7386807302
0.7632478036
1.0259089978
0.6144881201
0.6509102589
0.4475940507
0.8352068714
0.5037152390
0.4147221155
1.4899020465
0.6752735356
0.9894298635
0.9460870218
0.8332152403
1.1137461347
0.6763628072
0.6834053426
1.2562849498
1.3632461239
1.2309164256
1.1877620950
1.2378469412
1.3134383772
0.4138490008
0.5268820162
0.4850080750
0.5079065890
0.5090651742
0.4902955799
0.5134679302
0.5321975818
1.0964581862
1.0298972955
1.1500989949
1.1215703519
0.6043853364
0.4036721823
0.4852425313
0.3470391473
0.5465143157
0.4666511723
0.4765178889
0.5975150901
0.4079045085
0.3655757365
0.2929702216
0.3063340830
0.2067786814
0.2196956841
0.2372862470
0.7200980606
0.4675153079
0.4900893400
0.3422192007
0.4472531590
0.4881284478
0.6228698506
0.5830098442
0.6387193943
0.7901082833
0.7907745449
1.0803375130
0.5484772302
0.7095985043
0.5740203825
0.8948758823
1.4430185010
1.0419770717
2.1157759850
1.0475902126
4.1377185179
0.9098595550
0.6175917069
0.7090263790
0.6826431691
0.6550203646
0.6508287078
0.4844470134
0.4721031714
0.5308858553
0.8425843721
0.5897004426
0.6710456281
0.6941451346
0.2098178243
0.3692102524
0.9079583501
1.4405544596
1.0133700028
0.2739912220
0.4341981896
1.1126448517
0.2622905582
0.3751066360
0.9044290439
0.5036627754
1.8576699859
2.4545351644
1.8930207900
1.6770268036
1.6412051639
1.6585576907
1.6666906243
1.7856294175
1.0619401303
1.0964264418
1.0561658345
1.1638987233
1.1227814729
1.1870960123
1.0839575390
1.1075759712
0.3828885221
0.3473516772
0.3192157345
0.9819348788
0.7125652261
0.6798236836
1.1091174434
1.0787891479
0.3862195188
0.3694211559
0.5305834487
0.5420475277
0.3776021099
0.4609803823
0.4932727435
0.7176022732
0.5376637335
0.8229862379
0.7337028465
0.9558393787
0.6854750810
0.6396116973
0.7652871825
0.4360747401
0.5354801193
0.7812885729
0.8622905540
0.9456594445
0.9231808319
1.5990381486
1.6877257036
0.4035669172
3.5362327183
3.3657065135
3.7164389479
0.8195243820
0.4869753088
0.6393078257
0.7213881680
0.8076919990
0.4173457561
0.6243061600
0.9584185094
1.0159929795
0.9085994011
0.6761534962
0.5245189565
0.4465952077
0.6155959599
0.2800126759
0.4695694276
0.4398306389
0.1840917523
0.5164495058
0.5966889364
0.5436543670
0.5418603003
1.2565187199
0.3084097420
0.7847229854
0.8916054199
1.4109313070
1.1321657712
1.1161555292
1.9411627304
0.6282882613
0.4070407667
0.4429446842
0.4919482083
0.7903087754
1.1403827953
0.6208863863
0.6970878260
0.7766963028
0.8507341669
0.7676357304
0.8169870884
1.0831101150
1.0755090069
0.7584603205
0.5694425563
0.6190742825
0.5959133866
0.4556528790
0.2924585699
0.2387084317
0.2240312161
0.5734234302
1.1883670083
1.3689366322
1.0691594763
0.9375194244
1.5095915353
0.9025269326
0.4825595347
0.7259604068
1.1660692457
0.7170555708
1.0447672958
1.4836362142
1.6022960182
1.0702159941
1.6718231819
1.3377743821
0.5096349036
0.5347762391
0.1706267902
0.2722412841
0.2446294586
0.5931668136
0.2528774894
0.2083993611
0.2877238641
0.1915998010
0.1942034797
0.5122709280
0.3772707107
0.6959408336
0.6006656811
0.5872622709
0.7109334568
0.6994043982
1.0840876737
1.1979223949
0.4554259235
0.3476783413
0.4246350412
0.4307834275
0.7669626776
0.3878281686
0.3648091039
0.2652586124
0.8794934548
1.1809119958
0.6026430585
0.5866895870
0.8393598645
0.7428317151
0.7011165243
0.6275760200
0.6456196120
0.4807694081
0.3445459075
0.4738190759
0.2182421691
0.3009337086
0.3453898284
0.6554363705
0.4023299936
0.3413727637
0.4449130499
0.2487177186
0.3430456430
0.2092445540
0.3342200056
0.3014705917
0.2764837560
0.2023475301
1.0313231230
0.9144623135
1.0350571075
1.0382371930
1.0892896631
1.2577176535
1.1967238151
1.1087551589
0.7551941791
0.5947923841
0.6397799389
0.5402261917
1.0495376818
0.6019111109
0.7687272173
0.7499732782
3.2433516661
1.0944631947
3.1169168036
2.1432610436
2.1517225156
1.7178570082
2.2141230160
0.5390247532
0.7512256338
0.5187685828
0.3986955785
0.4900485705
0.7035771749
0.3837784552
0.4856382443
0.8128673079
0.5522995511
0.4950411317
0.3597224512
0.5633465094
0.5263136000
0.3800826005
0.2933030497
0.2090479417
0.2086123074
0.2860346198
0.3041459691
0.6319611275
0.6585687013
0.4163586896
0.3659751534
0.1730816183
0.3074136518
0.2224093530
0.6137869752
0.6079486747
0.2935769923
0.3752444735
0.3988845795
0.4532610650
0.5130372134
0.3266477676
0.1823412655
0.3565181439
0.2420531175
0.5663216662
0.3512433483
0.7899466764
0.7613865906
0.4627590079
0.5720014420
0.2507118875
0.6464613518
0.5739277112
0.4813523096
0.7985629364
0.5882962584
0.6633152805
0.9928119890
0.1574381769
0.8201448655
0.9685057454
0.6226653823
0.4572267239
1.6443975508
0.5990397192
0.7541473428
0.6865468978
0.8950201083
1.2570234791
0.6526522058
1.5789422059
0.6348347502
0.8946619550
0.8392149278
1.1667299045
0.6129605348
0.3244470396
0.3720222688
0.3863381830
0.4384216224
0.5150952990
0.3213501887
0.3609006052
0.1569982430
0.4018946377
0.3180060399
0.1535268605
0.3890958095
0.2668391666
0.3809429629
0.2657506465
0.3158787389
0.2368298543
0.5174993700
0.5229600366
0.3205111204
0.1119063175
0.5541959592
0.5934116879
0.5508424252
0.4002401455
0.5100743577
0.5764311453
0.7762190933
0.5623996530
0.5940690510
0.5624216805
0.6270262685
0.6338919579
0.6182867905
0.6319658947
0.5495553831
0.4092475413
0.5884461867
0.5701174206
0.5237133010
0.6729465947
0.6347367900
0.8350196093
0.6933509461
0.7123029916
0.9016351767
0.8542729052
0.7669757332
0.7121748656
0.3239697775
0.2998163275
0.8620456390
1.4672480442
1.1487826066
0.4156645646
0.6303173874
1.0740460881
0.4555415641
0.9137439347
0.6428399005
1.8603752153
2.4468844148
1.6518132355
