0.0484102383
0.0461299035
0.0449046908
0.0440401820
0.0446028105
0.0453386638
0.0480030037
0.0497557358
0.0489853472
0.0471842823
0.0440909795
0.0433997777
0.0438444038
0.0451103456
0.0528560247
0.0560272716
0.0538948526
0.0404717882
0.0475826922
0.0480439364
0.0463738492
0.0521026522
0.0547245083
0.0523392335
0.0530914152
0.0511147854
0.0570872816
0.0662173242
0.0791397293
0.0947212144
0.0999895138
0.1129237299
0.1183509183
0.1094765976
0.1168499001
0.1290973395
0.1373815641
0.1389138581
0.1387529664
0.1377699931
0.1279219618
0.1289382820
0.1341678470
0.1461264835
0.1529524405
0.1551433747
0.1527110265
0.1514300558
0.1457283063
0.1414915121
0.1406517078
0.1374355611
0.1373034628
0.1358481900
0.1353227218
0.1385310526
0.1415062854
0.1399102351
0.1411042514
0.1447447020
0.1474289652
0.1475614790
0.1446701975
0.1458530602
0.1460574651
0.1476208094
0.1494385507
0.1489074006
0.1494864835
0.1497525440
0.1500775230
0.1519447060
0.1566605922
0.1606740872
0.1580205260
0.1648646304
0.1639961140
0.1625295643
0.1628302494
0.1601161236
0.1586336458
0.1562053941
0.1603999278
0.1583795436
0.1601472211
0.1630324537
0.1641732276
0.1602806830
0.1585412654
0.1560296560
0.1542921464
0.1599351619
0.1690726271
0.1758713778
0.1776632954
0.1812454249
0.1842404475
0.1773285723
0.1782005535
0.1822219930
0.1790315701
0.1727848892
0.1729590311
0.1795002384
0.1848490858
0.1845377748
0.1836751274
0.1852963882
0.1855920857
0.1811709832
0.1770583533
0.1730719934
0.1685533804
0.1669222817
0.1661672246
0.1665523933
0.1655512853
0.1656920162
0.1712095463
0.1699967746
0.1750089457
0.1765397551
0.1669757513
0.1669462135
0.1689811507
0.1669734073
0.1678509802
0.1716567364
0.1755045296
0.1695543772
0.1805086821
0.1807788799
0.1901762872
0.1950352449
0.1911682052
0.1871978630
0.1744933075
0.1764113247
0.1818476085
0.1860235491
0.1842038668
0.1788472684
0.1786871906
0.1745725160
0.1855014395
4.5614094393
4.5494452599
4.5423920570
4.5430818812
4.5351931279
4.5388151679
4.5296066367
4.5311863608
4.5277754693
4.5348841979
4.5294933165
4.5380131509
4.5391370754
4.5376499837
4.5339676664
4.5364564617
4.5304966484
4.5087751066
4.5079532763
4.4965568339
4.5045916055
4.5137617733
4.5152889860
4.5299042258
4.5219838326
4.5215754451
4.5070603950
4.5261303224
4.5257689785
4.5138148206
4.5194602024
4.5273585788
4.5500662509
4.5321079113
4.5212435875
4.5450089197
4.5516817235
4.5435012582
4.5281857222
4.5343373357
4.5278928005
4.5186930914
4.5219522044
4.5282055055
4.5279734112
4.5221004694
4.5407644087
4.5372564056
4.5357678614
4.5350189837
4.5351294602
4.5318558008
4.5328916061
4.5220572742
4.5230642791
4.5257506975
4.5214457373
4.5205704511
4.5139986849
4.5146609134
4.5218180254
4.5190864355
4.5239874243
4.5153667619
4.5081219351
4.4994071381
4.4905185744
4.4888412181
4.4834508476
4.4807671009
4.4775122689
4.4761586670
4.4731882897
4.4677123596
4.4647765286
4.4599101006
4.4588086052
4.4558828585
4.4497169825
4.4494797995
4.4518486646
4.4503537155
4.4532107791
4.4488401920
4.4499205455
4.4499865908
4.4465989868
4.4448307658
4.4463739414
4.4420780765
4.4389892977
4.4332184654
4.4352753067
4.4309225420
4.4145118480
4.4191907563
4.4266170789
4.4255035677
4.4304160275
4.4360225897
4.4400512206
4.4348974532
4.4292495506
4.4267646513
4.4268304603
4.4331569133
4.4223990625
4.4113910078
4.4062070694
4.4138664015
4.4297081428
4.4207016606
4.4240539247
4.4275920116
4.4245995230
4.4306061779
4.4345292506
4.4264552690
4.4249203351
4.4311666682
4.4401082342
4.4551256418
4.4600579386
4.4646673011
4.4711583969
4.4709118076
4.4706247827
4.4699540706
4.4670010526
4.4592810612
4.4624914762
4.4637102041
4.4616721073
4.4604972563
4.4591865265
4.4561659712
4.4562451087
4.4535683641
4.4543496155
4.4557742140
4.4626631597
4.4621721387
4.4651980322
4.4689992389
4.4756753777
4.4799539387
4.4861251714
4.4831178649
4.4786864954
4.4731525855
4.4709198618
4.4658210928
4.4636914341
4.4664545013
4.4722731786
4.4687480755
4.4646215488
4.4621497287
4.4621530460
4.4632474862
4.4659029852
4.4613909183
4.4561870096
4.4494257461
4.4416786661
4.4465191273
4.4574148336
4.4616805401
4.4514911858
4.4532171993
4.4699948506
4.4806989769
4.4777524107
4.4770098333
4.4760461587
4.4677144552
4.4612381762
4.4526033495
4.4437366353
4.4374850334
4.4323900406
4.4265258371
4.4148561683
4.4168322916
4.4223854330
4.4321073330
4.4387563646
4.4490181343
4.4570195368
4.4605068972
4.4580398181
4.4570148307
4.4523191778
4.4437904209
4.4350217899
4.4256955983
4.4222529135
4.4175113990
4.4172329455
4.4196752416
4.4256355658
4.4199509696
4.4159428758
4.4175345934
4.4166864085
4.4162880146
4.4122111029
4.4094094405
4.4064154156
4.4068967852
4.4077352768
4.4077175727
4.4062806623
4.4088897413
4.4085370206
4.4119659835
4.4163869746
4.4143042937
4.4078857597
4.3968340096
4.3895469414
4.3864992894
4.3852376904
4.3862617660
4.3883537832
4.3827692456
4.3744805508
4.3658654673
4.3568024252
4.3499523636
4.3457331269
4.3433819081
4.3437649856
4.3499542693
4.3599884050
4.3676735550
4.3772243124
4.3905308957
4.3991358728
4.4101797179
4.4198249905
4.4282564684
4.4275891603
4.4270903404
4.4295575492
4.4333082106
4.4319013479
4.4279569354
4.4388546647
4.4363097926
4.4358827001
4.4391642388
4.4389069442
4.4399905114
4.4205001188
4.4211147577
4.4149812334
4.4102053255
4.4149151978
4.4141649261
4.4050312738
4.4046637253
4.3979059677
4.3858731651
4.3838374300
4.3817421861
4.3808104031
4.3827350807
4.3851702212
4.3879062477
4.3867850267
4.3880980858
4.3819653686
4.3821269666
4.3796883326
4.3781411613
4.3801350126
4.3739682654
4.3684373009
4.3747042105
4.3814310891
4.3823551543
4.3778371203
4.3773281694
4.3899121931
4.3989182077
4.4014085705
4.3916309317
4.3858382906
4.3775692347
4.3766977160
4.3731705846
4.3736143314
4.3742939267
4.3766298963
4.3806283171
4.3896545523
4.3945431370
4.3967782349
4.3996074298
4.4015787918
4.4004762846
4.3901284552
4.3771386822
4.3739855410
4.3714229448
4.3678021404
4.3684168659
4.3673141559
4.3669607345
4.3674370076
4.3698662132
4.3743043640
4.3760012872
4.3765343846
4.3782907133
4.3748356178
4.3731025618
4.3683109787
4.3556239313
4.3452045502
4.3396300221
4.3327692256
4.3247162614
4.3194619625
4.3201817102
4.3199465912
4.3141713564
4.3169591220
4.3221789576
4.3311071508
4.3361417013
4.3401160959
4.3369308647
4.3343153918
4.3275966497
4.3153266571
4.2960872840
4.2909820181
4.2818747054
4.2774267052
4.2746766614
4.2728317657
4.2785839875
4.2787036015
4.2946975692
4.3183320282
4.3278309984
4.3369493751
4.3336848967
4.3240302159
4.3260261923
4.3175720209
4.3078761918
4.3034527466
4.2943865563
4.2914636436
4.2851389744
4.2840576442
4.2862176567
4.2949079073
4.3053023532
4.3083002375
4.2963870657
4.2871384167
4.2892435715
4.3044956898
4.3247745016
4.3342229238
4.3373973284
4.3366564482
4.3324291672
4.3275013603
4.3177800692
4.2962074598
4.2854055189
4.2816097458
4.2792928121
4.2798873539
4.2902016425
4.3056019552
4.3235516255
4.3270598298
4.3302491456
4.3272745338
4.3288018675
4.3196417305
4.3019555089
4.2905039302
4.2839796874
4.2833500768
4.2832037989
4.2899460414
4.3011474129
4.3084722941
4.3179223769
4.3171150259
4.3231297995
4.3271492707
4.3224535565
4.3134830068
4.3014268582
4.2914732335
4.2835722272
4.2841438076
4.2906978341
4.2947465518
4.3015353838
4.3111855673
4.3187758655
4.3230056111
4.3202546919
4.3141002404
4.3079478134
4.3096881178
4.3089631234
4.3116855112
4.3127413911
4.3122457287
4.3118471561
4.3125816699
4.3130142577
4.3122039967
4.3133585339
4.3168995360
4.3157415967
4.3200319675
4.3198369013
4.3202061813
4.3219324444
4.3241035687
4.3242909160
4.3257847680
4.3264857463
4.3296419823
4.3321735179
4.3331588699
4.3352049002
4.3330449955
4.3325440501
4.3363438246
4.3380519176
4.3341033113
4.3325249882
4.3327977075
4.3395909020
4.3474666371
4.3482528112
4.3441087573
4.3442753016
4.3474880138
4.3471049362
4.3501570110
4.3647891322
4.3675521178
4.3805601076
4.4271730925
0.1405943435
0.1461024710
0.1285418589
0.1076728035
0.1325401025
0.1877195074
0.1527832281
0.1462586634
0.1552060697
0.1509696960
0.1753854681
0.1610876802
0.1613766820
0.1557429297
0.1649781909
0.1689665349
0.1637139642
0.1740573405
0.1710724416
0.1756419810
0.1735568692
0.1770034355
0.1822312143
0.1811977623
0.1854436672
0.1880476000
0.1912614613
0.1939525536
0.1977278688
0.2031005998
0.2037626231
0.2064447621
0.2167936087
0.2217191070
0.2265929926
0.2264785874
0.2280332045
0.2348392627
0.2330522868
0.2434002888
0.2488759299
0.2532855129
0.2563170340
0.2556133412
0.2617851217
0.2582212542
0.2696660125
0.2843752805
0.2838284407
0.2846138803
0.2774813337
0.2800015458
0.2797015321
0.2812394252
0.2864863558
0.2858191061
0.2950709043
0.3025032852
0.3117502668
0.3200014278
0.3294333371
0.3402203363
0.3381517730
0.3348077051
0.3275438076
0.3191703303
0.3128776862
0.3095783629
0.3091117672
0.3155310433
0.3157787954
0.3178291132
0.3209860768
0.3285592759
0.3372011733
0.3403593212
0.3357399267
0.3287170014
0.3218554673
0.3188186971
0.3137176564
0.3105904839
0.3088289547
0.3062251205
0.3093110758
0.3070307179
0.3016229063
0.3056806511
0.3098636014
0.3132106770
0.3155708712
0.3170544224
0.3186101902
0.3176039184
0.3141204876
0.3103365173
0.3057496651
0.3011165269
0.2984290627
0.2942897512
0.2927203668
0.2907215099
0.2883515086
0.2859655769
0.2856555767
0.2870039421
0.2886791541
0.2895645014
0.2851964014
0.2866052311
0.2898807108
0.2906587784
0.2901102747
0.2891762592
0.2894731571
0.2906970206
0.2855582880
0.2823282164
0.2819134915
0.2783620817
0.2760775054
0.2758191205
0.2768531234
0.2816051318
0.2844466405
