1.1310347510
1.1305952089
1.1317079660
1.1369535763
1.1453832199
1.1445060887
1.1455626994
1.1475214466
1.1486355100
1.1565112342
1.1592873879
1.1625566449
1.1695169890
1.1712420018
1.1738689260
1.1805889152
1.1844823920
1.1881754070
1.1929502245
1.1988197124
1.2025816087
1.2050094203
1.2073083546
1.2120225872
1.2166017177
1.2185677091
1.2254417046
1.2253570415
1.2273916328
1.2276715420
1.2298549007
1.2380366990
1.2535408878
1.2610413378
1.2726618379
1.2809431593
1.2863446691
1.2882091555
1.3003095218
1.3029935072
1.3119574508
1.3207729855
1.3310160360
1.3337830944
1.3369558942
1.3407357616
1.3412359497
1.3410679081
1.3388807894
1.3371625701
1.3321086763
1.3231243905
1.3028146937
1.2930335652
1.2626542719
1.2500811576
1.2166566185
1.2049541018
1.1797529396
1.1717285851
1.1486833042
1.1402523388
1.1318259983
1.1229327653
1.1148535923
1.1105633634
1.1004702806
1.1075322540
1.1115987104
1.1113037835
1.1128508459
1.1185758487
1.1199061952
1.1157673051
1.1081482063
1.0985089275
1.0807356424
1.0687698250
1.0623832772
1.0563277221
1.0438277857
1.0381434806
1.0261690503
1.0074456361
0.9999602867
0.9893833024
0.9736728971
0.9639571768
0.9535558434
0.9440637695
0.9378268361
0.9296784552
0.9213733843
0.9153034791
0.9063808426
0.8974567155
0.8911779274
0.8814719285
0.8739414525
0.8662236710
0.8539745170
0.8480088813
0.8372578481
0.8309019251
0.8214688680
0.8121815695
0.8040823300
0.7916951867
0.7829010143
0.7754697069
0.7670004911
0.7603105955
0.7541006819
0.7509458274
0.7472344060
0.7419561794
0.7371065140
0.7305416069
0.7239649642
0.7172887587
0.7095863887
0.7047757988
0.7016190265
0.6970364862
0.6923862855
0.6862721085
0.6806046068
0.6753036342
0.6749890544
0.6724647998
0.6701847643
0.6670938634
0.6635295746
0.6653735726
0.6695955152
0.6678033783
0.6678931744
0.6676874631
0.6679514567
0.6692488536
0.6720471198
0.6723991708
0.6716477408
0.6715978168
0.6716187392
0.6718235169
0.6716319129
0.6708631828
0.6703638469
0.6699163419
0.6692947041
0.6692820722
0.6685855784
0.6675976408
0.6655209048
0.6644766854
0.6643813672
0.6639570869
0.6626246465
0.6614410696
0.6603781549
0.6582841897
0.6556431614
0.6557092748
0.6557542979
0.6544048407
0.6529130906
0.6508351062
0.6497145134
0.6504679659
0.6506214710
0.6500268253
0.6498488921
0.6506192498
0.6502515284
0.6516754752
0.6530527848
0.6526261930
0.6536131221
0.6552206809
0.6535788349
0.6529564550
0.6514921275
0.6507674972
0.6533165536
0.6527631166
0.6523157044
0.6514066354
0.6538947984
0.6552121680
0.6589473378
0.6603120078
0.6634095098
0.6660693908
0.6694767433
0.6727372805
0.6746509966
0.6872553259
0.6995961312
0.7069042385
0.7165393183
0.7264297914
0.7335778538
0.7391183447
0.7497033192
0.7573151680
0.7647904440
0.7691722214
0.7737716097
0.7800218245
0.7899222460
0.8031819397
0.8025142773
0.8096954618
0.8131502115
0.8223899713
0.8248881898
0.8249567122
0.8329324772
0.8379662231
0.8418495280
0.8460069482
0.8487120550
0.8499342493
0.8544942050
0.8643347582
0.8646689121
0.8699504062
0.8722208583
0.8639634119
0.8675157237
0.8685818785
0.8461874895
0.8266890211
0.8171271280
0.8086536292
0.7909946370
0.7692775712
0.7541864243
0.7333890587
0.7232589990
0.7046726940
0.6843265838
0.6701507741
0.6592965938
0.6512942461
0.6432225282
0.6338630432
0.6305967319
0.6280865262
0.6197873919
0.6180214912
0.6105330449
0.6048536931
0.6013857365
0.5962452638
0.5929284143
0.5893602049
0.5817054726
0.5784726671
0.5732863380
0.5710515372
0.5680480416
0.5605383445
0.5561964300
0.5525896807
0.5513895574
0.5477543655
0.5382896601
0.5313999021
0.5227791948
0.5157237547
0.5070696794
0.4963020609
0.4899988738
0.4826371340
0.4802201625
0.4854088097
0.4833250451
0.4888728437
0.4923442690
0.4878846848
0.4919281649
0.4809255420
0.4808344543
0.4781280969
0.4757429506
0.4747521020
0.4652739185
0.4671913967
0.4634241460
0.4577218809
0.4591988796
0.4629695416
0.4597282828
0.4617675442
0.4568672186
0.4594489012
0.4548492063
0.4662415851
0.4681842942
0.4619394665
0.4619676545
0.4550585044
0.4484191177
0.4400075338
0.4336372249
0.4293373791
0.4322950302
0.4295627460
0.4298188073
0.4324112467
0.4295858130
0.4284656902
0.4250814442
0.4225486258
0.4272304610
0.4280254061
0.4307681146
0.4369005854
0.4385104705
0.4387073937
0.4390750032
0.4342357581
0.4304661177
0.4321171463
0.4310361537
0.4313030137
0.4359531794
0.4365370089
0.4352654537
0.4425277132
0.4438031869
0.4483037839
0.4519351104
0.4572593622
0.4595432026
0.4645252917
0.4681454119
0.4700010035
0.4699288267
0.4695327079
0.4678050643
0.4677619441
0.4739970795
0.4761733840
0.4788713285
0.4818645569
0.4842428888
0.4923225708
0.4950999287
0.5049307142
0.5087363781
0.5194805085
0.5235115503
0.5349031844
0.5411425945
0.5565809013
0.5620889966
0.5670278318
0.5774863195
0.5812485755
0.5902881678
0.6000686823
0.6054204495
0.6149590367
0.6194810466
0.6224567279
0.6266759394
0.6332352634
0.6389217372
0.6426268648
0.6469333588
0.6487336128
0.6495523292
0.6492025947
0.6507443853
0.6490680493
0.6454253212
0.6410027679
0.6359951879
0.6329524838
0.6317014382
0.6318587207
0.6316588667
0.6299280481
0.6274680513
0.6286542445
0.6316658034
0.6355305742
0.6430899438
0.6498482000
0.6469548914
0.6480559666
0.6461561602
0.6310119226
0.6285566238
0.6241668043
0.6226764704
0.6224854710
0.6215187635
0.6176578842
0.6134643038
0.6184937810
0.6184666217
0.6184161314
0.6176513699
0.6196490175
0.6222601865
0.6219144779
0.6215093320
0.6179716682
0.6153784036
0.6148329200
0.6146136328
0.6166474007
0.6165557844
0.6161428862
0.6145912733
0.6172998157
0.6200019017
0.6228305852
0.6273482284
0.6357844845
0.6438256214
0.6526324425
0.6614959791
0.6681362831
0.6800793539
0.6853410013
0.6949093539
0.7070168139
0.7249294176
0.7408729330
0.7531723676
0.7597726801
0.7648354593
0.7737713504
0.7682381994
0.7632322557
0.7615339515
0.7620617367
0.7727102074
0.7836810143
0.7900545930
0.7906444755
0.7315445152
0.7266867954
0.7155674831
0.6963254507
0.6759748369
0.6647883424
0.6457355141
0.6388350918
0.6318183086
0.6229416814
0.6131098404
0.6075912686
0.6116211874
0.6146670754
0.6179716747
0.6212712090
0.6208161016
0.6195644543
0.6136274642
0.6065115565
0.5996899863
0.5892003850
0.5810640024
0.5780294127
0.5707399306
0.5623474104
0.5540190586
0.5463757993
0.5422331201
0.5430222761
0.5421967016
0.5460970989
0.5436293787
0.5456892948
0.5441690814
0.5472428918
0.5471833192
0.5506742835
0.5558748826
0.5597607577
0.5606455819
0.5645444122
0.5659260504
0.5681884993
0.5696182398
0.5683911518
0.5666198020
0.5629635802
0.5612479064
0.5589121273
0.5572356842
0.5562166357
0.5545218873
0.5496470672
0.5471731811
0.5462747651
0.5447215669
0.5411897564
0.5358376536
0.5304588648
0.5257003368
0.5219963622
0.5187880554
0.5159046836
0.5163241482
0.5136913584
0.5128096928
0.5124396339
0.5131520103
0.5144278309
0.5166008343
0.5189262884
0.5229015770
0.5277476396
0.5279640969
0.5286672859
0.5265817361
0.5307937517
0.5404021604
0.5475933134
0.5534024674
0.5643757117
0.5685868701
0.5700703763
0.5725239239
0.5771665704
0.5731048864
0.5663040747
0.5661966581
0.5700980209
0.5702959278
0.5649088386
0.5658582974
0.5641466845
0.5568924742
0.5605122180
0.5597254985
0.5587725193
0.5558688781
0.5536485817
0.5495368063
0.5437214145
0.5382315916
0.5277926487
0.5182631712
0.5118065363
0.5067288298
0.5026948988
0.4970680712
0.4945411240
0.4906880681
0.4890194790
0.4905635074
0.4853452868
0.4846673014
0.4811183313
0.4819428748
0.4841992564
0.4864308716
0.4904020898
0.4930334540
0.4972773024
0.5024138557
0.5038013532
0.5065554289
0.5066973434
0.5076866520
0.5089239588
0.5086890871
0.5088646876
0.5116324644
0.5147420226
