0.3778462722
0.3778462722
0.3798465743
0.3798465743
0.3801214250
0.3801214250
0.3677108262
0.3677108262
0.3757015204
0.3757015204
0.3724860509
0.3724860509
0.3735693579
0.3735693579
0.3662036822
0.3662036822
0.3538379865
0.3538379865
0.3570469576
0.3570469576
0.3696625450
0.3696625450
0.3779584841
0.3779584841
0.3774755669
0.3774755669
0.3696491412
0.3696491412
0.3718472131
0.3718472131
0.3698265991
0.3698265991
0.3707482477
0.3707482477
0.3734877294
0.3734877294
0.3799141338
0.3799141338
0.3880507504
0.3880507504
0.3960360807
0.3960360807
0.4017109067
0.4017109067
0.4019103591
0.4019103591
0.4026134471
0.4026134471
0.4115901821
0.4115901821
0.3498972213
0.3498972213
0.3584303795
0.3584303795
0.3260820797
0.3260820797
0.3290808082
0.3290808082
0.2992614670
0.2992614670
0.2345729408
0.2345729408
0.2075830968
0.2075830968
0.2289791855
0.2289791855
0.2334655429
0.2334655429
0.2232992048
0.2232992048
0.2166170493
0.2166170493
0.2142884806
0.2142884806
0.1919060625
0.1919060625
0.1683195487
0.1683195487
0.1682882613
0.1682882613
0.2385495071
0.2385495071
0.3015053312
0.3015053312
0.3483400513
0.3483400513
0.2967634682
0.2967634682
0.2544002585
0.2544002585
0.1651625055
0.1651625055
0.1402346561
0.1402346561
0.1232451544
0.1232451544
0.1050626732
0.1050626732
0.1451013818
0.1451013818
0.1947174602
0.1947174602
0.2426789644
0.2426789644
0.2365243121
0.2365243121
0.2979697032
0.2979697032
0.3535982806
0.3535982806
0.4042683372
0.4042683372
0.4645557882
0.4645557882
0.5094119101
0.5094119101
0.5531269126
0.5531269126
0.5867054103
0.5867054103
0.5914577120
0.5914577120
0.6339889796
0.6339889796
0.6577181599
0.6577181599
0.6731297515
0.6731297515
0.6631974274
0.6631974274
0.6804543851
0.6804543851
0.7250143810
0.7250143810
0.7023507547
0.7023507547
0.6515945291
0.6515945291
0.6483233470
0.6483233470
0.6768071282
0.6768071282
0.7070904830
0.7070904830
0.7833618357
0.7833618357
0.9377220316
0.9377220316
0.5646863387
0.5646863387
0.4488179875
0.4488179875
0.4226832703
0.4226832703
0.4137396817
0.4137396817
0.4664649866
0.4664649866
0.5250613859
0.5250613859
0.6352267949
0.6352267949
0.6061046936
0.6061046936
0.6347148651
0.6347148651
0.6563987760
0.6563987760
0.5873370836
0.5873370836
0.6068024466
0.6068024466
0.5539500827
0.5539500827
0.4905772506
0.4905772506
0.5015597677
0.5015597677
0.4636213557
0.4636213557
0.4515847667
0.4515847667
0.4652015940
0.4652015940
0.4722850486
0.4722850486
0.4550898608
0.4550898608
0.1138978174
0.1138978174
0.0290473325
0.0290473325
0.0198519308
0.0198519308
0.0248091316
0.0248091316
0.0190604511
0.0190604511
0.0207611942
0.0207611942
0.0239354477
0.0239354477
0.0190444708
0.0190444708
0.0120681159
0.0120681159
0.0149946425
0.0149946425
0.0227301373
0.0227301373
0.0346212048
0.0346212048
0.0425491031
0.0425491031
0.0379768953
0.0379768953
0.0273125426
0.0273125426
0.0240513539
0.0240513539
0.0230127619
0.0230127619
0.0142756198
0.0142756198
0.0111758843
0.0111758843
0.0090407217
0.0090407217
0.0090720142
0.0090720142
0.0110458557
0.0110458557
0.0146311550
0.0146311550
0.0044704389
0.0044704389
0.0042658199
0.0042658199
0.0065858238
0.0065858238
0.0101114252
0.0101114252
0.0171331905
0.0171331905
0.0176053044
0.0176053044
0.0180052756
0.0180052756
0.0167684549
0.0167684549
0.0124946744
0.0124946744
0.0140481492
0.0140481492
0.0212549418
0.0212549418
0.0268765690
0.0268765690
0.0238315253
0.0238315253
0.0378325733
0.0378325733
0.0374189043
0.0374189043
0.0249917098
0.0249917098
0.0272673352
0.0272673352
0.0209077500
0.0209077500
0.0261027726
0.0261027726
0.0296184425
0.0296184425
0.0199957251
0.0199957251
0.0306805670
0.0306805670
0.0271355200
0.0271355200
0.0234680689
0.0234680689
0.0228988255
0.0228988255
0.0190964740
0.0190964740
0.0156715402
0.0156715402
0.0245516330
0.0245516330
0.0308146660
0.0308146660
0.0211057419
0.0211057419
0.0204275225
0.0204275225
0.0304766940
0.0304766940
0.0303958949
0.0303958949
0.0303661476
0.0303661476
0.0265388113
0.0265388113
0.0396608729
0.0396608729
0.0400630481
0.0400630481
0.0396696482
0.0396696482
0.0398787681
0.0398787681
0.0410282365
0.0410282365
0.0378075469
0.0378075469
0.0370731900
0.0370731900
0.0337140472
0.0337140472
0.0339789545
0.0339789545
0.0353330547
0.0353330547
0.0380984566
0.0380984566
0.0395590559
0.0395590559
0.0383720212
0.0383720212
0.0364116181
0.0364116181
0.0366476501
0.0366476501
0.0373419689
0.0373419689
0.0337621524
0.0337621524
0.0285513110
0.0285513110
0.0225050040
0.0225050040
0.0244737661
0.0244737661
0.0281822489
0.0281822489
0.0346440639
0.0346440639
0.0339204373
0.0339204373
0.0327920624
0.0327920624
0.0349297050
0.0349297050
0.0340996372
0.0340996372
0.0310757001
0.0310757001
0.0407758482
0.0407758482
0.0409708692
0.0409708692
0.0450135026
0.0450135026
0.0450470843
0.0450470843
0.0423369610
0.0423369610
0.0423539178
0.0423539178
0.0359681700
0.0359681700
0.0286321940
0.0286321940
0.0420732845
0.0420732845
0.0330684057
0.0330684057
0.0370860442
0.0370860442
0.0396549319
0.0396549319
0.0380302646
0.0380302646
0.0376002470
0.0376002470
0.0434664838
0.0434664838
0.0389977442
0.0389977442
0.0418707526
0.0418707526
0.0496210722
0.0496210722
0.0367587805
0.0367587805
0.0349621593
0.0349621593
0.0217457860
0.0217457860
0.0206747401
0.0206747401
0.0184582101
0.0184582101
0.0209862780
0.0209862780
0.0215427067
0.0215427067
0.0299584743
0.0299584743
0.0316720613
0.0316720613
0.0294784994
0.0294784994
0.0308519415
0.0308519415
0.0266799863
0.0266799863
0.0200007528
0.0200007528
0.0213861773
0.0213861773
0.0261892472
0.0261892472
0.0292871012
0.0292871012
0.0191250388
0.0191250388
0.0449636858
0.0449636858
0.0299749620
0.0299749620
0.0252746839
0.0252746839
0.0209463804
0.0209463804
11.3026094224
11.3026094224
11.3133893921
11.3133893921
11.3092120952
11.3092120952
11.3053363706
11.3053363706
11.2988394609
11.2988394609
11.2987753229
11.2987753229
11.2913634042
11.2913634042
11.3073523174
11.3073523174
11.3064682334
11.3064682334
11.3107349471
11.3107349471
11.3105324285
11.3105324285
11.3122675712
11.3122675712
11.3152471605
11.3152471605
11.3185115645
11.3185115645
11.3123852384
11.3123852384
11.3145214222
11.3145214222
11.3154143716
11.3154143716
11.3161275714
11.3161275714
11.3152755024
11.3152755024
11.3143433422
11.3143433422
11.3153905540
11.3153905540
11.3142140804
11.3142140804
11.3139000751
11.3139000751
11.3157506642
11.3157506642
11.3136096158
11.3136096158
11.3251281010
11.3251281010
11.3321027415
11.3321027415
11.3383940490
11.3383940490
11.3454877263
11.3454877263
11.3472921394
11.3472921394
11.3528855622
11.3528855622
11.3501457559
11.3501457559
11.3495486042
11.3495486042
11.3465183832
11.3465183832
11.3563816350
11.3563816350
11.3546877346
11.3546877346
11.3502277581
11.3502277581
11.3475229212
11.3475229212
11.3501594575
11.3501594575
11.3441903763
11.3441903763
11.3502164591
11.3502164591
11.3464405017
11.3464405017
11.3362028961
11.3362028961
11.3299608819
11.3299608819
11.3202787534
11.3202787534
11.3234391356
11.3234391356
11.3205196048
11.3205196048
11.3170113042
11.3170113042
11.3156385844
11.3156385844
11.3170940697
11.3170940697
11.3217552984
11.3217552984
11.3228735955
11.3228735955
11.3269941163
11.3269941163
11.3346378698
11.3346378698
11.3315772754
11.3315772754
11.3233981674
11.3233981674
11.3490524844
11.3490524844
11.3429822069
11.3429822069
11.3401928015
11.3401928015
11.3470998015
11.3470998015
11.3429772537
11.3429772537
11.3445416114
11.3445416114
11.3543431241
11.3543431241
11.3473581999
11.3473581999
11.3521021850
11.3521021850
11.3494129611
11.3494129611
11.3183304197
11.3183304197
11.2993230700
11.2993230700
11.2804066437
11.2804066437
11.2671632454
11.2671632454
11.2626579882
11.2626579882
11.2741192359
11.2741192359
11.2673019612
11.2673019612
11.2805899846
11.2805899846
11.2980937603
11.2980937603
11.3002876684
11.3002876684
11.3040139264
11.3040139264
11.3123927265
11.3123927265
11.3369556244
11.3369556244
11.3401519272
11.3401519272
11.3363505626
11.3363505626
11.3224593430
11.3224593430
11.3238831500
11.3238831500
11.3128423175
11.3128423175
11.3131123601
11.3131123601
11.3125293095
11.3125293095
11.3220125506
11.3220125506
11.3094985528
11.3094985528
11.3004900319
11.3004900319
11.2960847764
11.2960847764
11.3030313348
11.3030313348
11.2976163124
11.2976163124
11.3089760067
11.3089760067
11.3106865168
11.3106865168
11.3263850470
11.3263850470
11.3306511689
11.3306511689
11.3324297770
11.3324297770
11.3343455954
11.3343455954
11.3419853584
11.3419853584
11.3417531904
11.3417531904
11.3474694542
11.3474694542
11.3574755714
11.3574755714
11.3558656788
11.3558656788
11.3406752208
11.3406752208
11.3424959798
11.3424959798
11.3448598231
11.3448598231
11.3411034384
11.3411034384
11.3371807357
11.3371807357
11.3408747379
11.3408747379
11.3518617907
11.3518617907
11.3554636911
11.3554636911
11.3546176705
11.3546176705
11.3409458185
11.3409458185
11.3358609536
11.3358609536
11.3329687517
11.3329687517
11.3358082065
11.3358082065
11.3245502637
11.3245502637
11.3274570353
11.3274570353
11.3292132326
11.3292132326
11.3275628300
11.3275628300
11.3545567776
11.3545567776
11.3530948341
11.3530948341
11.3644592864
11.3644592864
11.3821631870
11.3821631870
11.3797436957
11.3797436957
11.3589821508
11.3589821508
11.3345799879
11.3345799879
11.3457586724
11.3457586724
11.3319075891
11.3319075891
11.3352371869
11.3352371869
11.3404437411
11.3404437411
11.3357267969
11.3357267969
11.3258010331
11.3258010331
11.3283431706
11.3283431706
11.3235271121
11.3235271121
11.3216691554
11.3216691554
11.3206420206
11.3206420206
11.3301428772
11.3301428772
11.3290272874
11.3290272874
11.3286833720
11.3286833720
11.3277729085
11.3277729085
11.3297434069
11.3297434069
11.3467771532
11.3467771532
11.3455509859
11.3455509859
11.3429180055
11.3429180055
11.3445794519
11.3445794519
11.3479483551
11.3479483551
11.3502611318
11.3502611318
11.3584679547
11.3584679547
11.3513050050
11.3513050050
11.3455980102
11.3455980102
11.3532014154
11.3532014154
11.3583174865
11.3583174865
11.3582164821
11.3582164821
11.3556400584
11.3556400584
11.3521072879
11.3521072879
11.3462467388
11.3462467388
11.3383127205
11.3383127205
11.3385805210
11.3385805210
11.3311560185
11.3311560185
11.3325724589
11.3325724589
11.3287795942
11.3287795942
11.3265180275
11.3265180275
11.3291831597
11.3291831597
11.3313674451
11.3313674451
11.3336470699
11.3336470699
11.3356004403
11.3356004403
11.3403965782
11.3403965782
11.3355885522
11.3355885522
11.3383244182
11.3383244182
11.3366482407
11.3366482407
11.3377549381
11.3377549381
11.3418801309
11.3418801309
11.3422344920
11.3422344920
11.3504813087
11.3504813087
11.3561115042
11.3561115042
11.3600614113
11.3600614113
11.3641273048
11.3641273048
11.3727373578
11.3727373578
11.3700735425
11.3700735425
11.3691504924
11.3691504924
11.3623897363
11.3623897363
11.3665084673
11.3665084673
11.3652671288
11.3652671288
11.3664146131
11.3664146131
11.3665199395
11.3665199395
11.3666170538
11.3666170538
11.3712417781
11.3712417781
11.3735757787
11.3735757787
11.3793759057
11.3793759057
11.3793164521
11.3793164521
11.3815567855
11.3815567855
11.3762565640
11.3762565640
11.3735285092
11.3735285092
11.3692008321
11.3692008321
11.3654221165
11.3654221165
11.3618328236
11.3618328236
11.3592777988
11.3592777988
11.3630673608
11.3630673608
11.3637644979
11.3637644979
11.3633559049
11.3633559049
11.3645424371
11.3645424371
11.3648309317
11.3648309317
11.3680844063
11.3680844063
11.3698157185
11.3698157185
11.3689051991
11.3689051991
11.3662595107
11.3662595107
11.3633569463
11.3633569463
11.3624285178
11.3624285178
11.3613601141
11.3613601141
11.3622824352
11.3622824352
11.3616862887
11.3616862887
11.3594282762
11.3594282762
11.3573569550
11.3573569550
11.3541553371
11.3541553371
11.3511064834
11.3511064834
11.3492425123
11.3492425123
11.3498620845
11.3498620845
11.3535911752
11.3535911752
11.3510154163
11.3510154163
11.3501206382
11.3501206382
11.3504684867
11.3504684867
11.3505276890
11.3505276890
11.3524690857
11.3524690857
11.3510222559
11.3510222559
11.3496591809
11.3496591809
11.3514282582
11.3514282582
11.3529500416
11.3529500416
11.3493587484
11.3493587484
11.3486794240
11.3486794240
11.3485595720
11.3485595720
11.3469910981
11.3469910981
11.3474072167
11.3474072167
11.3448921112
11.3448921112
11.3478187207
11.3478187207
11.3517953936
11.3517953936
11.3496072604
11.3496072604
11.3496798437
11.3496798437
11.3428042948
11.3428042948
11.3404894888
11.3404894888
11.3369218980
11.3369218980
11.3377149115
11.3377149115
11.3352299854
11.3352299854
11.3349116027
11.3349116027
11.3362684179
11.3362684179
11.3365558173
11.3365558173
11.3356650123
11.3356650123
11.3361201496
11.3361201496
11.3335917442
11.3335917442
11.3314224399
11.3314224399
11.3313818011
11.3313818011
11.3338027590
11.3338027590
11.3344354011
11.3344354011
11.3344694263
11.3344694263
11.3351216212
11.3351216212
11.3327256376
11.3327256376
11.3298533824
11.3298533824
11.3276642168
11.3276642168
11.3285356374
11.3285356374
11.3257968385
11.3257968385
11.3247248210
11.3247248210
11.3260446252
11.3260446252
11.3261895760
11.3261895760
11.3264518564
11.3264518564
11.3270756629
11.3270756629
11.3291317312
11.3291317312
11.3299982716
11.3299982716
11.3306124345
11.3306124345
11.3296797168
11.3296797168
11.3305888029
11.3305888029
11.3336248226
11.3336248226
11.3321264952
11.3321264952
11.3340471449
11.3340471449
11.3327273205
11.3327273205
11.3298787109
11.3298787109
11.3284000032
11.3284000032
11.3231063432
11.3231063432
11.3214385356
11.3214385356
11.3196289280
11.3196289280
11.3215572113
11.3215572113
11.3260206341
11.3260206341
11.3161623551
11.3161623551
11.3161591646
11.3161591646
11.3129717339
11.3129717339
11.3154588550
11.3154588550
11.3112222935
11.3112222935
11.3229936833
11.3229936833
11.3231366510
11.3231366510
11.3201021823
11.3201021823
11.3288629445
11.3288629445
11.3273553343
11.3273553343
11.3293655627
11.3293655627
11.3239907024
11.3239907024
11.3222491111
11.3222491111
11.3182069879
11.3182069879
11.3183363445
11.3183363445
11.3169285663
11.3169285663
11.3219275265
11.3219275265
11.3170943625
11.3170943625
11.3179694080
11.3179694080
11.3079600760
11.3079600760
11.3142989180
11.3142989180
11.3186520631
11.3186520631
11.3277498664
11.3277498664
11.3304984584
11.3304984584
11.3368439843
11.3368439843
11.3267003745
11.3267003745
11.3142920409
11.3142920409
11.3185842964
11.3185842964
11.3088749436
11.3088749436
11.3140626976
11.3140626976
11.3159338968
11.3159338968
11.3051233349
11.3051233349
11.3136601007
11.3136601007
11.3221077130
11.3221077130
11.3264764170
11.3264764170
11.3279060293
11.3279060293
11.3419413556
11.3419413556
11.3418421243
11.3418421243
11.3458518113
11.3458518113
11.3492361950
11.3492361950
11.3445176073
11.3445176073
11.3364730308
11.3364730308
11.3395208648
11.3395208648
11.3466886416
11.3466886416
11.3520331542
11.3520331542
11.3479715475
11.3479715475
11.3537346438
11.3537346438
11.3526207204
11.3526207204
11.3572631020
11.3572631020
11.3568879952
11.3568879952
11.3476745815
11.3476745815
11.3573463786
11.3573463786
11.3597775627
11.3597775627
11.3700888636
11.3700888636
11.3658886902
11.3658886902
11.3591725250
11.3591725250
11.3567557261
11.3567557261
11.3563013553
11.3563013553
11.3565867190
11.3565867190
11.3628081262
11.3628081262
11.3676738564
11.3676738564
11.3700762939
11.3700762939
11.3626715337
11.3626715337
11.3676403491
11.3676403491
11.3719207985
11.3719207985
11.3811215270
11.3811215270
11.3802358311
11.3802358311
11.3893118543
11.3893118543
11.3928899259
11.3928899259
11.3821441286
11.3821441286
11.3748498738
11.3748498738
11.3757920996
11.3757920996
11.3648465900
11.3648465900
11.3622559681
11.3622559681
11.3620602314
11.3620602314
11.3643958591
11.3643958591
11.3666445818
11.3666445818
11.3672128000
11.3672128000
11.3638981946
11.3638981946
11.3662533053
11.3662533053
11.3689057124
11.3689057124
11.3721281483
11.3721281483
11.3744232106
11.3744232106
11.3666865736
11.3666865736
11.3618410473
11.3618410473
11.3622914099
11.3622914099
11.3671968657
11.3671968657
11.3618225837
11.3618225837
11.3506135000
11.3506135000
11.3519559406
11.3519559406
11.3482424110
11.3482424110
11.3429729040
11.3429729040
11.3359908012
11.3359908012
11.3354242456
11.3354242456
11.3353594307
11.3353594307
11.3381774117
11.3381774117
11.3407008535
11.3407008535
11.3533127088
11.3533127088
11.3564887454
11.3564887454
11.3559877981
11.3559877981
11.3395907015
11.3395907015
11.3469027419
11.3469027419
11.3502218021
11.3502218021
11.3528110899
11.3528110899
11.3510634396
11.3510634396
11.3411413979
11.3411413979
11.3397362250
11.3397362250
0.0912833239
0.0912833239
0.0927633261
0.0927633261
0.0921037801
0.0921037801
0.0795328806
0.0795328806
0.0979667739
0.0979667739
0.1044575851
0.1044575851
0.0842208519
0.0842208519
0.1066986149
0.1066986149
0.1125964543
0.1125964543
0.1120322378
0.1120322378
0.1123949007
0.1123949007
0.1077542949
0.1077542949
0.1077373641
0.1077373641
0.1094973293
0.1094973293
0.1049016875
0.1049016875
0.0977354439
0.0977354439
0.0932818428
0.0932818428
0.0958869330
0.0958869330
0.1031489539
0.1031489539
0.1130942107
0.1130942107
0.1048774239
0.1048774239
0.1035153447
0.1035153447
0.0984440557
0.0984440557
0.0944426801
0.0944426801
0.0894357732
0.0894357732
0.0863794757
0.0863794757
0.0839858716
0.0839858716
0.0932625574
0.0932625574
0.0998409025
0.0998409025
0.0829762010
0.0829762010
0.0879724530
0.0879724530
0.0844413326
0.0844413326
0.0824916953
0.0824916953
0.0857015895
0.0857015895
0.0885828631
0.0885828631
0.0831156277
0.0831156277
0.0841417422
0.0841417422
0.0860610457
0.0860610457
0.0911340571
0.0911340571
0.0991322033
0.0991322033
0.1067796687
0.1067796687
0.1040889998
0.1040889998
0.1012806635
0.1012806635
0.0930178523
0.0930178523
0.0864003679
0.0864003679
0.0819755611
0.0819755611
0.0773754049
0.0773754049
0.0751942963
0.0751942963
0.0816078638
0.0816078638
0.0823993630
0.0823993630
0.0795599236
0.0795599236
0.0848357847
0.0848357847
0.0882803796
0.0882803796
0.0911121037
0.0911121037
0.0972331476
0.0972331476
0.0928087608
0.0928087608
0.0877911683
0.0877911683
0.0839576957
0.0839576957
0.0821463050
0.0821463050
0.0773120116
0.0773120116
0.0637447561
0.0637447561
0.0745310795
0.0745310795
0.0721081952
0.0721081952
0.0764942289
0.0764942289
0.0830688628
0.0830688628
0.0766123155
0.0766123155
0.0773352858
0.0773352858
0.0735200415
0.0735200415
0.0759237688
0.0759237688
0.0746250228
0.0746250228
0.0830798785
0.0830798785
0.0825571598
0.0825571598
0.0820090221
0.0820090221
0.0892142679
0.0892142679
0.0877085241
0.0877085241
0.0835866273
0.0835866273
0.0812011669
0.0812011669
0.0778691880
0.0778691880
0.0810554674
0.0810554674
0.0767456120
0.0767456120
0.0691240409
0.0691240409
0.0742529323
0.0742529323
0.0717169050
0.0717169050
0.0674660683
0.0674660683
0.0610057781
0.0610057781
0.0599356637
0.0599356637
0.0616858804
0.0616858804
0.0615219752
0.0615219752
0.0630145915
0.0630145915
0.0608128704
0.0608128704
0.0596286487
0.0596286487
0.0599988259
0.0599988259
0.0581850031
0.0581850031
0.0666455794
0.0666455794
0.0663606859
0.0663606859
0.0645823433
0.0645823433
0.0667753835
0.0667753835
0.0685012830
0.0685012830
0.0695378787
0.0695378787
0.0632196369
0.0632196369
0.0616319815
0.0616319815
0.0644305354
0.0644305354
0.0606572132
0.0606572132
0.0590729019
0.0590729019
0.0568633578
0.0568633578
0.0541488157
0.0541488157
0.0588761353
0.0588761353
0.0611709457
0.0611709457
0.0647246554
0.0647246554
0.0646722557
0.0646722557
0.0697308233
0.0697308233
0.0711914978
0.0711914978
0.0719090875
0.0719090875
0.0755214487
0.0755214487
0.0726568522
0.0726568522
0.0778639020
0.0778639020
0.0708743988
0.0708743988
0.0660080640
0.0660080640
0.0656454853
0.0656454853
0.0642529941
0.0642529941
0.0698789850
0.0698789850
0.0804845201
0.0804845201
0.0774039876
0.0774039876
0.0753148571
0.0753148571
0.0778151191
0.0778151191
0.0712170397
0.0712170397
0.0779505826
0.0779505826
0.0748810647
0.0748810647
0.0703030762
0.0703030762
0.0664722594
0.0664722594
0.0650485204
0.0650485204
0.0655653404
0.0655653404
0.0659165451
0.0659165451
0.0670895066
0.0670895066
0.0668772066
0.0668772066
0.0638376412
0.0638376412
0.0650397212
0.0650397212
0.0650403438
0.0650403438
0.0653206746
0.0653206746
0.0678829025
0.0678829025
0.0691022720
0.0691022720
0.0625301346
0.0625301346
0.0641432044
0.0641432044
0.0594458451
0.0594458451
0.0529028395
0.0529028395
0.0534761265
0.0534761265
0.0569853095
0.0569853095
0.0513637609
0.0513637609
0.0558771467
0.0558771467
0.0619342203
0.0619342203
0.0613256876
0.0613256876
0.0631953542
0.0631953542
0.0501410453
0.0501410453
0.0516023816
0.0516023816
0.0556751477
0.0556751477
0.0483328935
0.0483328935
0.0522324413
0.0522324413
0.0483071491
0.0483071491
0.0475045305
0.0475045305
0.0415466729
0.0415466729
0.0512342911
0.0512342911
0.0514110214
0.0514110214
0.0517386888
0.0517386888
0.0507938093
0.0507938093
0.0448644358
0.0448644358
0.0433115153
0.0433115153
0.0477716841
0.0477716841
0.0511246950
0.0511246950
0.0492904694
0.0492904694
0.0521685115
0.0521685115
0.0497673107
0.0497673107
0.0453671400
0.0453671400
0.0400583470
0.0400583470
0.0268701819
0.0268701819
0.0243534249
0.0243534249
0.0203998122
0.0203998122
0.0235717540
0.0235717540
0.0303118938
0.0303118938
0.0411026947
0.0411026947
0.0483996991
0.0483996991
0.0527383880
0.0527383880
0.0556396375
0.0556396375
0.0581388521
0.0581388521
0.0519152944
0.0519152944
0.0483431659
0.0483431659
0.0509428641
0.0509428641
0.0462439343
0.0462439343
0.0430765615
0.0430765615
0.0429188269
0.0429188269
0.0398687170
0.0398687170
0.0486144189
0.0486144189
0.0456000479
0.0456000479
0.0444630007
0.0444630007
0.0380942009
0.0380942009
0.0354084545
0.0354084545
0.0371087586
0.0371087586
0.0341394163
0.0341394163
0.0432323660
0.0432323660
0.0395281555
0.0395281555
0.0389911812
0.0389911812
0.0427375139
0.0427375139
0.0432720934
0.0432720934
0.0481120716
0.0481120716
0.0474061328
0.0474061328
0.0445595550
0.0445595550
0.0468060592
0.0468060592
0.0457800612
0.0457800612
0.0482921038
0.0482921038
0.0539467090
0.0539467090
0.0533615624
0.0533615624
0.0501640826
0.0501640826
0.0475730315
0.0475730315
0.0499772526
0.0499772526
0.0488489495
0.0488489495
0.0512433631
0.0512433631
0.0526525054
0.0526525054
0.0592790448
0.0592790448
0.0599241298
0.0599241298
0.0656823550
0.0656823550
0.0622277638
0.0622277638
0.0659866664
0.0659866664
0.0675065965
0.0675065965
0.0678355216
0.0678355216
0.0642242550
0.0642242550
0.0622060835
0.0622060835
0.0528472792
0.0528472792
0.0552569716
0.0552569716
0.0492061486
0.0492061486
0.0567947118
0.0567947118
0.0511671995
0.0511671995
0.0503898594
0.0503898594
0.0465086214
0.0465086214
0.0502983527
0.0502983527
0.0547034390
0.0547034390
0.0542211618
0.0542211618
0.0586433470
0.0586433470
0.0583722651
0.0583722651
0.0568579216
0.0568579216
0.0600085525
0.0600085525
0.0545329283
0.0545329283
0.0536182148
0.0536182148
0.0451469480
0.0451469480
0.0403619379
0.0403619379
0.0401713711
0.0401713711
0.0374857922
0.0374857922
0.0432610355
0.0432610355
0.0426168496
0.0426168496
0.0420828628
0.0420828628
0.0428078669
0.0428078669
0.0444545134
0.0444545134
0.0514550188
0.0514550188
0.0570745616
0.0570745616
0.0521915004
0.0521915004
0.0511151408
0.0511151408
0.0488060838
0.0488060838
0.0471476363
0.0471476363
0.0479560281
0.0479560281
0.0498782874
0.0498782874
0.0548145630
0.0548145630
0.0576634939
0.0576634939
0.0578336866
0.0578336866
