2.2563628991
2.2864897046
2.3169556757
2.3150356840
2.3391879630
2.3386211633
2.3675627950
2.3687800859
2.3715311014
2.3772301593
2.4092476469
2.4195443606
2.4474379006
2.4565334970
2.4865504141
2.4963426634
2.5281745578
2.5527245184
2.5728977137
2.5953757328
2.6334098594
2.6656385892
2.6868183261
2.7155288592
2.7331095998
2.7696261611
2.7995405435
2.8353245488
2.8785412346
2.9384818413
2.9916884690
3.0500797242
3.1081246454
3.1785889532
3.2562806199
3.3467541076
3.4521727241
3.5709277172
3.6850425602
3.7850073285
3.8837348628
3.9887774130
4.0964817034
4.1850231878
4.2722733061
4.3289416101
4.3706086533
4.3969960405
4.4390615177
4.4594868436
4.5067098033
4.5345473377
4.5790811025
4.5878608755
4.6136287984
4.6363133314
4.6054778382
4.6224925186
4.6032687751
4.6216145016
4.6431567927
4.6222502398
4.6308874094
4.6373212737
4.6490446045
4.6277905085
4.6272307896
4.6060061245
4.5832762861
4.5591889624
4.5388431250
4.5222049246
4.5113850612
4.5034283227
4.4694046642
4.4437884308
4.3670441827
4.3383301776
4.3254793469
4.3125354946
4.3091107799
4.3154640662
4.3290906629
4.3470193777
4.3615990949
4.3732241975
4.3832985313
4.4106526365
4.4342711688
4.4624049243
4.4832291510
4.5191331474
4.5568278005
4.5915826847
4.6180306816
4.6375001900
4.6575906545
4.6758923327
4.6942045900
4.7117154347
4.7362998295
4.7554879109
4.7700030375
4.7812038569
4.7834260546
4.7996307093
4.8184263981
4.8275247197
4.8312643410
4.8366507240
4.8403064678
4.8361127120
4.8473398605
4.8359041125
4.8409320427
4.8199845854
4.8066793183
4.7840700739
4.7689454083
4.7514498153
4.7344154886
4.7187458670
4.6903726060
4.6596134934
4.6280474831
4.5961156819
4.5118247837
4.4195176108
4.3461650757
4.2666516593
4.1598125145
3.9488479747
3.8136662895
3.6818143715
3.5494554217
3.4043592024
3.3109318826
3.1684394006
3.0033300612
2.7811843575
2.6142797973
2.3510851816
2.2109007390
1.9844601502
1.8407834858
1.6116744732
1.4614577282
1.3097763243
1.0577778351
0.8931939750
0.7333701162
0.5086536840
0.3502536081
0.2903323716
0.3448017173
0.5058386342
0.6442117168
0.8792940404
1.0290578554
1.1806858491
1.3369218855
1.4951607391
1.5689734194
1.7297543154
1.8056037700
1.9591536829
2.0304331133
2.0973102893
2.2443754419
2.3062044893
2.4579254383
2.5111728212
2.6634842546
2.7131540763
2.8587521821
2.9036821286
3.0385405506
3.0884406652
3.2099217038
3.2586949632
3.3857083272
3.4519621459
3.5094914358
3.6119324988
3.6581257709
3.7538462765
3.7994566211
3.9038163336
4.0158695192
4.1148682628
4.2586913029
4.4591733253
4.6147216044
4.7020192537
4.7545962401
4.8071928405
4.8489466200
4.8959240282
4.9398339863
4.9772145391
5.0209662617
5.0560404005
5.0756574208
5.0905146188
5.1152397324
5.1233301402
5.1319569990
5.1512293789
5.1625961981
5.1764835983
5.1989937828
5.2205241525
5.2489437376
5.2792873645
5.2992143978
5.3404380095
5.3844420305
5.4000526992
5.4403546058
5.4537680873
5.4654921095
5.5065734040
5.5196548837
5.5250378175
5.5311656278
5.5546859430
5.5586468987
5.5670505782
5.5655677034
5.5666385232
5.5655162271
5.5800792270
5.5963656369
5.6078572449
5.6100040172
5.6041623560
5.5948476160
5.6028464908
5.6078022448
5.5415596735
5.4869360263
5.4476109526
5.4290466976
5.4079040041
5.3896119479
5.3657331713
5.3402052013
5.3220908375
5.3069581400
5.2916608603
5.2710338415
5.2503180399
5.2323731540
5.2151383818
5.2191347335
5.1927147652
5.1915220384
5.1688361154
5.1674604724
5.1541646408
5.1413548563
5.1401093790
5.1472418131
5.1336989200
5.1318348647
5.1247784847
5.1029412302
5.1009097980
5.1000584014
5.1035125598
5.0909372686
5.0922011249
5.0777392132
5.0898155315
5.0752730479
5.0876512430
5.0837703452
5.0933104406
5.1009524420
5.1122843532
5.1332836070
5.1542100948
5.1683651817
5.1627618713
5.1483240815
5.1335261670
5.1326638498
5.1260896889
5.1141748606
5.0976784062
5.0502989262
5.0146500856
4.9951035484
4.9954616222
4.9953117021
4.9963703701
4.9892874868
4.9785681546
4.9633385741
4.9526786617
4.9400623481
4.9345956169
4.9212356734
4.9139388880
4.9073882279
4.9049633159
4.9029756213
4.9023852289
4.8945630539
4.8769170952
4.8686926919
4.8672202479
4.8554058422
4.8579626736
4.8581802957
4.8542950969
4.8482585015
4.8521205034
4.8399325579
4.8251060020
4.8112124798
4.8102177313
4.7977768393
4.7718384354
4.7643273399
4.7300356867
4.7042385020
4.6714979362
4.6534134629
4.6216114983
4.5933814099
4.5592246173
4.5279945632
4.4974676628
4.4648157328
4.4326238745
4.3972635656
4.3621677646
4.3318725550
4.2941283535
4.2572745626
4.2111954001
4.1787943251
4.1417223073
4.0849895161
4.0385134190
3.9799601469
3.9286783382
3.8806951162
3.8399330506
3.7907742880
3.7397113989
3.6935748270
3.6336772732
3.5870836643
3.5330346133
3.4585054740
3.4022623439
3.3280843146
3.2751897458
3.2175179913
3.1674762525
3.0965786564
3.0240915053
2.9662851638
2.8959697906
2.8240993368
2.7550946479
2.6977746321
2.6304962392
2.5483399264
2.4870786906
2.4211693540
2.3583925619
2.3053985340
2.2388168756
2.1730670337
2.0951046143
2.0198261709
1.9516920305
1.8876865430
1.8334667231
1.7750047803
1.7186697739
1.6732424427
1.6339249820
1.6129287568
1.5932412236
1.5785488340
1.5892667915
1.6055426179
1.6104379688
1.6402596686
1.6499674016
1.6595044928
1.6931909988
1.7067381465
1.7440452480
1.7654941663
1.7988086992
1.8683521693
1.9160163938
1.9939639900
2.0831808421
2.1439326703
2.2453302007
2.3555107498
2.4711828789
2.5880539600
2.7068896667
2.8213176712
2.9583987054
3.0686469698
3.1773357681
3.2645293486
3.3460831103
3.4080746336
3.4779742099
3.5737435773
3.6716921191
3.7570592602
3.8305265446
3.9026914851
3.9601677926
4.0230859261
4.0733606633
4.1233082628
4.1819171479
4.2202829433
4.2608038649
4.2883809459
4.3079741033
4.3493167070
4.3893212713
4.4153906157
4.4360771235
4.4536454867
4.4938049579
4.5280435584
4.5536523932
4.5852132284
4.6407160037
4.6885264420
4.7420042821
4.7907954482
4.8423844990
4.8898529626
4.9292107946
4.9696311807
5.0130706579
5.0617344299
5.1135438363
5.1570873849
5.1811860443
5.2238103797
5.2350438514
5.2538967394
5.2641102617
5.2860352770
5.2863545832
5.2870144519
5.2847422967
5.2815821671
5.2625148098
5.2452746879
5.2387575921
5.2438059986
5.2464199672
5.2451243964
5.2540366422
5.2491588790
5.2502057772
5.2446749063
5.2417510115
5.2262713393
5.2131436646
5.1968062595
5.1781349406
5.1635870029
5.1444429806
5.1191930356
5.0953087618
5.0725105230
5.0440349255
5.0199641627
4.9873854378
4.9562941709
4.9158804178
4.8882327404
4.8504237065
4.8283881365
4.7887015969
4.7490840169
4.7182337871
4.6914352610
4.6626390815
4.6401422866
4.6165862239
4.5934947950
4.5664813259
4.5414161820
4.5084264207
4.4768795266
4.4527154759
4.4218410327
4.3946989403
4.3702520437
4.3470032631
4.3262606372
4.3071341406
4.2832062037
4.2598710129
4.2461566003
4.2147859802
4.1786436279
4.1501013908
4.1141125667
4.0728692246
4.0388370779
4.0046970778
3.9725519596
3.9423780166
3.9310239509
3.9159280564
3.9128165856
3.9029761729
3.9007007133
3.8987646048
3.8811918157
3.8698192694
3.8547742505
3.8361745939
3.8197059823
3.8038638621
3.7991117503
3.7767819445
3.7805703902
3.7813029184
3.7956071639
3.8551973894
3.8818132109
3.9061884943
3.9543022952
3.9685796578
3.9859859235
4.0011564775
4.0273376381
4.0300150235
4.0315508275
4.0271534232
4.0528599006
4.0726257310
4.0993789528
4.1269759506
4.1770286175
4.2025080107
4.2334104492
4.2519482072
4.2579569130
4.2735838663
4.2789023963
4.2896668854
4.2973054120
4.3134613400
4.3211042774
4.3401855256
4.3388002942
4.3603002577
4.3761545443
4.3660832304
4.3804581287
4.4100039726
4.4364681576
4.4309523251
4.4468007111
4.4698736256
4.4860581245
4.5087607769
4.5314721518
4.5543735554
4.5781827155
4.6040788317
4.6551345851
4.6805192774
4.7232026731
4.7438450706
4.7717488787
4.7807514973
4.7936278771
4.8283778619
4.8875080638
4.8956146363
4.9140069883
4.9212840427
4.9315714899
4.9365924628
4.9489779166
4.9726893489
5.0131670510
5.0595013270
5.0940517047
5.1050463896
5.1067994247
5.1104028113
5.1121529231
5.1121441799
5.0993855631
5.0967818284
5.0879326787
5.0764766214
5.0633312256
5.0516117994
5.0469994015
5.0415105677
5.0280520219
5.0309640217
5.0199025479
5.0234443304
5.0233400909
5.0151586107
5.0164230995
5.0084614910
4.9834235638
4.9573277782
4.9232961551
4.8930655119
4.8563951408
4.8143606801
4.7725467218
4.7374090768
4.7039590730
4.6651797019
4.6245803623
4.5884743104
4.5443123070
4.4993462663
4.4652335854
4.4211793124
4.3876738555
4.3649639382
4.3461654441
4.3192544388
4.2892725800
4.2473409350
4.2006524862
4.1635830199
4.0759953190
4.0314746915
3.9873168145
3.8879482193
3.6870979015
3.3018311566
2.9887893583
2.7445650924
2.5810979758
2.4194247492
2.3373330064
2.2562421381
2.1748064490
2.0868395361
1.9481594897
1.8178416817
1.5000859986
1.3263336608
1.1590951027
1.1167181232
1.0943720832
1.1022531402
1.1328881834
1.1863774770
1.2482827141
1.2933744956
1.3279709533
1.3534344747
1.3800686262
1.4003007221
1.4372095219
1.4662230970
1.4918523666
1.5175131965
1.5387280896
1.5625370189
1.5876865790
1.6055089939
1.6338073658
1.6569481323
1.6877548611
1.7160121192
1.7447986499
1.7735053946
1.7965168344
1.8177598915
1.8281288231
1.8399695392
1.8612316231
1.8843648425
1.9112079474
1.9442877313
1.9856794100
2.0356530300
2.0818640209
2.1373653685
2.1735489974
2.2219399662
2.2538490282
2.2969559618
2.3274078196
2.3485824571
2.3822051883
2.3970828202
2.4225429909
2.4393109938
2.4638886258
2.4962281637
2.5355369062
2.5813989831
2.6283466914
2.6707490307
2.7043589893
2.7289265032
2.7551430470
2.7833385430
2.8113577240
2.8492649273
2.8718855526
2.9014423683
2.9213301973
2.9362122675
2.9499166997
2.9614914159
2.9684784633
2.9813452338
2.9809292670
2.9903572549
2.9976694622
3.0053478209
3.0449946080
3.0598231554
3.0654061543
3.0605035335
3.0949437684
3.0886426066
3.1156352140
3.1405876133
3.1359437898
3.1589397429
3.1560763713
3.1820702400
3.2082575868
3.2285383498
3.2264495969
3.2433397001
3.2597497167
3.2497956817
3.2624255263
3.2786224844
3.2748158993
3.3033173364
3.3283071783
3.3545705623
3.3777574111
3.3682346398
3.3852453242
3.3775239252
3.3928864855
3.3862641058
3.3974831756
3.4109691006
3.4028082986
3.4164560310
3.4310134811
3.4308422509
3.4521992495
3.4817401628
3.4914872091
3.5207306054
3.5470676099
3.5396559744
3.5501747920
3.5362443324
3.5467571836
3.5331757793
3.5431454513
3.5326480542
3.5175303694
3.5059375477
3.5186689937
3.5040783931
3.4861831828
3.4724662256
3.4609751594
3.4624222689
3.4655254885
3.4659946023
3.4641811608
3.4369204969
3.4104179858
3.4075263969
3.3953384334
3.3866187170
3.3857052586
3.3739382769
3.3738572348
3.3735074915
3.3606479585
3.3585985229
3.3537801041
3.3449441714
3.3347955360
3.3062440918
3.2825256384
3.2535343661
3.2174529093
3.1895263790
3.1682600201
3.1423932617
3.1123730722
3.0622581700
3.0122595154
2.9505935598
2.8849187045
2.8087816223
2.7346113001
2.6628503117
2.5955739911
2.5146983982
2.4384787177
2.3649737670
2.3020082367
2.2295830245
2.1554119206
2.0969852339
2.0254684167
1.9723835369
1.9061767976
1.8573405979
1.8026208548
1.7363213653
1.6865557306
1.6373681673
1.5839717412
1.5326203303
1.4785158598
1.4317936471
1.3802918547
1.3306093505
1.2763748100
1.2295824569
1.1812640470
1.1354628577
1.0967957554
1.0632805757
1.0363622826
1.0020840587
0.9879277328
0.9706064162
0.9655062385
0.9665768488
0.9623421945
0.9757042550
0.9844485112
0.9850905140
1.0004335967
1.0147810034
1.0479258772
1.0787791949
1.1145645772
1.1499818688
1.1661570844
1.2018107589
1.2328673283
1.2438963066
1.2627017683
1.2624086281
1.2790130058
1.2828429650
1.2920258337
1.2898849007
1.2836043597
1.2840952738
1.2730192500
1.2627183662
1.2732330474
1.2576080993
1.2600689044
1.2403623566
1.2173507703
1.1847246848
1.1862812556
1.1610446031
1.1365392369
1.1245297215
1.1068685999
1.0932671953
1.0747721738
1.0668430965
1.0535385720
1.0307858577
1.0071082659
0.9723569804
0.8967604956
0.8508406373
0.7977232662
0.7432655386
0.6890540983
0.6310865823
0.5752178462
0.5238362347
0.4777410422
0.4466494055
0.4114238256
0.3808591938
0.3163222903
0.2954015214
0.2670707580
0.2534521513
0.2352714854
0.2253059710
0.2204115775
0.2500226435
0.3102186520
0.4032283157
0.4779740223
0.5656797079
0.6730164381
0.7369071929
0.8306932299
0.9087988452
0.9927342078
1.0925608441
1.2062785273
1.2596483823
1.3319477781
1.3734645291
1.4033958818
1.4304910451
1.4597164567
1.4867908182
1.5162481877
1.5454255418
1.5769909931
1.6058830295
1.6348241273
1.6582834237
1.6855903716
1.7089547897
1.7406575358
1.7625829657
1.7848091182
1.8116646775
1.8257464815
1.8410211505
1.8474802145
1.8573329124
1.8628776373
1.8789292370
1.8876218170
1.9133675490
1.9291873280
1.9627382675
1.9698749748
1.9726172130
1.9969304607
1.9972315164
1.9837731090
1.9698000616
1.9806124668
1.9583497608
1.9270318559
1.8970994526
1.8641389936
1.8363250058
1.8044815033
1.8110940340
1.7799080574
1.7429747249
1.7084459668
1.6783677383
1.6387291981
1.6358137527
1.5843827328
1.5400198380
1.5398925386
1.4963752488
1.4912753071
1.4427218139
1.3947224581
1.3881286606
1.3415244179
1.2962504097
1.2966838090
1.2682060445
1.2470714752
1.2564220482
1.2287662073
1.2085455074
1.2188816857
1.2123955928
1.2346616525
1.2311363954
1.2406539966
1.2421431816
1.2403492651
1.2285614842
1.2114529281
1.1908978004
1.1738050818
1.1602223688
1.1645806968
1.1580345116
1.1566326191
1.1539894768
1.1411767532
1.1480251246
1.1711504362
1.2078042983
1.2570281044
1.3781998131
1.4494677464
1.6813228818
2.0497169184
2.7592130370
2.9789664905
3.2010337158
3.3450280585
3.4771962796
3.5900724263
3.6957334845
3.7789205153
3.8348385704
3.8809179281
3.9231706455
3.9480975222
3.9721655804
4.0099267179
4.0298903609
4.0589960527
4.0837398562
4.1060512955
4.1404209745
4.1973479575
4.2362276646
4.2621410674
4.2951037953
4.3201403167
4.3030148673
4.2762278907
4.2789848155
4.2814960241
4.2679295554
4.2848221338
4.3111380475
4.3268137674
4.3360085517
4.3743201907
4.3839883501
4.4250029346
4.4329196531
4.4712701285
4.4809559857
4.5132083047
4.5362683334
4.5168803725
4.5277451729
4.5310121676
4.5041184136
4.5068246689
4.5122717835
4.4844597845
4.4762867819
4.4452951669
4.4397604675
4.4137341884
4.4242024820
4.4000555284
4.4040031281
4.4073440643
4.3724139094
4.3685560863
4.3180705060
4.3109651802
4.3035093295
4.2636418778
4.2215270894
4.1876021238
4.1811901172
4.1286348524
4.0694932673
3.9753435990
3.9188885600
3.8646146406
3.7708825113
3.7211603292
3.6500966421
3.6065465283
3.5652361961
3.4823645378
3.4052563112
3.3684352749
3.2764443519
3.1810376733
3.1342910407
3.0810965537
2.9691213630
2.9013388409
2.8328284844
2.7523104567
2.6705696437
2.5854896318
2.5461935111
2.4461503695
2.3445229099
2.2339072326
2.1165307855
1.9950476289
1.8712161650
1.7425638573
1.5437816823
1.4220620942
1.2991583614
1.1270567532
1.0197884801
0.9115747505
0.8085775314
0.6420987288
0.5306910118
0.3623994521
0.2225798568
0.1555522761
0.1958665519
0.3051028559
0.3933948481
0.4890460107
0.5536489230
0.6270108087
0.6979017620
0.7737359203
0.8585245335
0.9354152919
1.0210828923
1.1107642144
1.1995140128
1.2786090795
1.3447537573
1.4122843124
1.4851620222
1.5550851322
1.6302434187
1.7236377092
1.8200660474
1.9184700625
2.0282221016
2.1344165800
2.2358578309
2.3342913608
2.4336861320
2.5293429202
2.6250130409
2.7127317145
2.7920788727
2.8562627045
2.9181333520
2.9832017666
3.0541693496
3.1257780542
3.1986676503
3.2694385826
3.3532495994
3.4434896989
3.5180694931
3.6178695852
3.7107907330
3.7653689882
3.8365284813
3.8787426493
3.9115779731
3.9241827033
3.9573188562
4.0128445024
4.0422947928
4.0626922731
4.0828673105
4.0974979088
4.1150215745
4.1357838961
4.1513595043
4.1666466353
4.1808397637
4.1965820784
4.2088771051
4.2212935493
4.2328019652
4.2480820253
