0.0271055813
0.0237103359
0.0231763272
0.0237218494
0.0239352349
0.0234132798
0.0246575232
0.0251095177
0.0270501830
0.0279478787
0.0293332571
0.0309620803
0.0327890086
0.0367984958
0.0397161941
0.0428165707
0.0448851099
0.0492774523
0.0533860033
0.0603071199
0.0637569078
0.0695260852
0.0711114234
0.0735729175
0.0797796984
0.0844225877
0.0926568377
0.0980132804
0.1041031695
0.1088351201
0.1147122981
0.1214416418
0.1253105226
0.1289383091
0.1310778686
0.1321536929
0.1335064687
0.1352545152
0.1378155945
0.1393787547
0.1383233334
0.1359383337
0.1297682969
0.1185735368
0.0918631683
0.0772693876
0.0661740740
0.0554029720
0.0440305438
0.0337914767
0.0289829341
0.0295485528
0.0361555166
0.0445215033
0.0526110733
0.0606082550
0.0682604413
0.0747307972
0.0784118399
0.0813149765
0.0886664242
0.1002508290
0.1108886837
0.1149495675
0.1132388977
0.1189818520
0.1204900665
0.1181234437
0.1204259794
0.1248921110
0.1302062480
0.1356506067
0.1429703359
0.1507599060
0.1577921247
0.1644537705
0.1688536254
0.1723304913
0.1738165314
0.1763266036
0.1761323571
0.1768591350
0.1762266458
0.1752501753
0.1740345371
0.1734479664
0.1720218003
0.1730924768
0.1737713076
0.1735609170
0.1724371338
0.1688182516
0.1670257182
0.1614183822
0.1554628404
0.1531500737
0.1451571330
0.1377934257
0.1309349431
0.1201161157
0.1116903280
0.1053750570
0.1002296002
0.0962093072
0.0949551303
0.0925820378
0.0876787293
0.0796168628
0.0731813786
0.0684000514
0.0715370512
0.0776740544
0.0796743711
0.0890430949
0.0985819379
0.1006093556
0.1110703134
0.1186703914
0.1273097038
0.1337154888
0.1455380351
0.1564036385
0.1679283034
0.1788401206
0.1937849238
0.2079811796
0.2226355795
0.2370280636
0.2461938451
0.2554847530
0.2607442297
0.2610938097
0.2615330210
0.2598805174
0.2619533273
0.2635186181
0.2676893168
0.2666137121
0.2686058380
0.2688757302
0.2626283628
0.2592276521
0.2541458789
0.2507219497
0.2422589805
0.2367027818
0.2283655702
0.2243189654
0.2178409471
0.2124365857
0.2108712236
0.2063899286
0.1986328791
0.1907661975
0.1881612736
0.1794746716
0.1706117708
0.1660783024
0.1575564655
0.1533777014
0.1516155720
0.1483199077
0.1481055418
0.1485670036
0.1468027207
0.1501610802
0.1529758449
0.1565773884
0.1618947175
0.1646284013
0.1653854322
0.1651800253
0.1690278707
0.1743139262
0.1791473861
0.1793191528
0.1844287138
0.1876278726
0.1826692208
0.1752284922
0.1746206223
0.1730289331
0.1604307567
0.1469087080
0.1421118159
0.1386687900
0.1350498810
0.1292447244
0.1052945665
0.0981821467
0.0887337840
0.0849839035
0.0787672914
0.0738292346
0.0675146954
0.0644364324
0.0653907227
0.0618055990
0.0545971656
0.0552325497
0.0548995432
0.0546473107
0.0558687731
0.0579579260
0.0540884168
0.0527945891
0.0498912180
0.0471642034
0.0456147805
0.0432900087
0.0404916499
0.0387408154
0.0381535392
0.0387754423
0.0391277182
0.0398845344
0.0407429678
0.0429931774
0.0446674636
0.0460845440
0.0470963188
0.0483313761
0.0529521726
0.0578334385
0.0666241883
0.0656262784
0.0710713198
0.0746143373
0.0763155247
0.0779005815
0.0806213290
0.0823064518
0.0850186885
0.0874827425
0.0900797446
0.0913568380
0.0979650581
0.1037602972
0.1071142326
0.1132679873
0.1177422930
0.1264941239
0.1341554654
0.1432332618
0.1548838687
0.1690739696
0.1803761929
0.1899271675
0.2006461008
0.2080109867
0.2129917672
0.2164953200
0.2174594754
0.2194656387
0.2172316608
0.2128865737
0.2017602679
0.1917960217
0.1839171369
0.1833343180
0.1774728673
0.1686204037
0.1544037435
0.1514533293
0.1532285777
0.1480729329
0.1445163242
0.1421263091
0.1404244518
0.1362819726
0.1353954742
0.1331621583
0.1306456747
0.1271778249
0.1236467733
0.1204494777
0.1176717251
0.1150129256
0.1138386299
0.1119925402
0.1090457857
0.1100083211
0.1078498481
0.1071530664
0.1085202712
0.1110655968
0.1166054214
0.1208482902
0.1267066734
0.1399483791
0.1497299629
0.1590069192
0.1678994541
0.1765348293
0.1820839814
0.1899206828
0.1891955245
0.1978540037
0.1970512713
0.2041826112
0.2043941927
0.2034788589
0.2067210572
0.2059011072
0.2060227346
0.2059216592
0.2058480215
0.2087490478
0.2103116417
0.2117902623
0.2154706833
0.2225749845
0.2271140931
0.2324855510
0.2352891661
0.2413457841
0.2433994587
0.2491923956
0.2555082484
0.2551544643
0.2494990365
0.2458246823
0.2399726949
0.2335417886
0.2293684330
0.2242322950
0.2119726009
0.2044191337
0.1993084433
0.1948280177
0.2042628375
0.2084456696
0.2114642462
0.2073502682
0.2083392890
0.2085141339
0.2091821900
0.2110533144
0.2155606535
0.2152283097
0.2154241281
0.2156766074
0.2165999942
0.2228442566
0.2268668083
0.2297150047
0.2337186894
0.2348551533
0.2331159623
0.2309618096
0.2317953230
0.2261343484
0.2224590323
0.2193750835
0.2143602369
0.2113186242
0.2061242811
0.1996364673
0.1917873463
0.1836791639
0.1768251518
0.1693283294
0.1627808519
0.1585952610
0.1517846978
0.1489557506
0.1450748831
0.1408213985
0.1360967288
0.1316292810
0.1256019561
0.1190441055
0.1181609115
0.1150258527
0.1171373842
0.1137542714
0.1104116787
0.1137146457
0.1114907452
0.1094818331
0.1148130116
0.1113923437
0.1070578855
0.1007511144
0.0927464113
0.0909117773
0.0820446547
0.0721030837
0.0645689670
0.0643879230
0.0547301406
0.0473980783
0.0463308154
0.0446712617
0.0469333712
0.0493532425
0.0537608665
0.0581817674
0.0628968120
0.0667804231
0.0714350333
0.0746166326
0.0770780780
0.0805703186
0.0846895074
0.0874987381
0.0904503898
0.0943069142
0.0946264918
0.0975851956
0.0993312196
0.0995667058
0.0964490667
0.0928813747
0.0896223155
0.0836133283
0.0756576141
0.0714121092
0.0691642000
0.0664773759
0.0646680352
0.0632665676
0.0566823978
0.0550244432
0.0518204738
0.0556674005
0.0599379425
0.0726596637
0.0798260148
0.0884647196
0.0909594102
0.0990133305
0.1067071055
0.1141974819
0.1168411749
0.1234667973
0.1242297417
0.1292364915
0.1344005531
0.1368777832
0.1426963290
0.1470443844
0.1515174504
0.1545790492
0.1541536003
0.1551546320
0.1548449433
0.1559589540
0.1571904874
0.1591288681
0.1560357073
0.1495133456
0.1493564428
0.1472770597
0.1447926162
0.1414854506
0.1387703750
0.1411830950
0.1463231668
0.1494751467
0.1485908057
0.1514402334
0.1488714792
0.1507322487
0.1472393176
0.1478766539
0.1430296570
0.1415771203
0.1390496685
0.1322692093
0.1280296129
0.1233225433
0.1176949624
0.1119069463
0.1065727668
0.1032267291
0.1013081593
0.0834698737
0.0784748467
0.0822291936
0.0845345632
0.0805420223
0.0734900528
0.0668348775
0.0635938875
0.0614245191
0.0584696441
0.0551481753
0.0525501397
0.0508584888
0.0496701845
0.0489461518
0.0501862402
0.0521871959
0.0507408786
0.0502281699
0.0559428086
0.0667132001
0.0690375242
0.0689695515
0.0710149112
0.0713201255
0.0736307799
0.0745397113
0.0763637109
0.0777619102
0.0826860561
0.0860584820
0.0897280907
0.0935355056
0.0963950233
0.0982401213
0.1001253067
0.1039719568
0.1072404430
0.1084328806
0.1111612708
0.1117911010
0.1100096751
0.1071861382
0.1048409244
0.1056178913
0.1049031372
0.1056068794
0.1076527435
0.1099518880
0.1118129684
0.1140592929
0.1156194524
0.1169858301
0.1176496794
0.1171882686
0.1142148663
0.1100320097
0.1073366106
0.1039417068
0.1060508251
0.1074062667
0.1110248909
0.1137639276
0.1172609694
0.1205506510
0.1224189286
0.1249713260
0.1282122962
0.1278778653
0.1299618045
0.1257702593
0.1227456841
0.1182434418
0.1184090496
0.1189991578
0.1199494992
0.1233504456
0.1381883171
0.1503650683
0.1561147654
0.1595217966
0.1631992804
0.1665915186
0.1670755394
0.1639222189
0.1590151197
0.1558465534
0.1550254613
0.1565718274
0.1560867659
0.1538525684
0.1520054564
0.1510304452
0.1533983841
0.1537840356
0.1550351273
0.1573643014
0.1582056242
0.1609056230
0.1633489847
0.1654415411
0.1705111592
0.1722904164
0.1747504377
0.1762789237
0.1777471017
0.1821077640
0.1836082609
0.1850009755
0.1900490434
0.1930518727
0.1994929888
0.2069946012
0.2144749125
0.2214281399
0.2248952682
0.2257081805
0.2249354148
0.2217603475
0.2207526338
0.2189936397
0.2217815398
0.2178777507
0.2151402358
0.2102815179
0.2120079559
0.2068035118
0.2024219808
0.1897527044
0.1847114566
0.1792905700
0.1752907209
0.1713595340
0.1695438833
0.1760808235
0.1795161967
0.1627801341
0.1478736597
0.1420310739
0.1381253834
0.1369911608
0.1352361351
0.1329916050
0.1325983967
0.1339549187
0.1352873853
0.1372721381
0.1383782232
0.1389612800
0.1397540139
0.1413223718
0.1465920026
0.1534919605
0.1541440482
0.1612343979
0.1658950012
0.1747344649
0.1817963554
0.1936326187
0.2033215296
0.2125752974
0.2210979244
0.2259935645
0.2241131390
0.2221202083
0.2225067454
0.2154516800
0.2128424167
0.2090597788
0.2045126147
0.1920116950
0.1811466823
0.1685153948
0.1554319185
0.1380662626
0.1295431079
0.1216030711
0.1127183223
0.1004663610
0.0890753137
0.0721927632
0.0587232019
0.0387522379
0.0241334285
0.0293367080
0.0444701049
0.0556823036
0.0675329464
0.0798901217
0.0891090172
0.0935781199
0.1006609343
0.1072046016
0.1072799785
0.1027326802
0.0950120674
0.0826797492
0.0768894834
0.0749250975
0.0732686971
0.0717412457
