1.7995703183
1.7995703183
1.8579367502
1.8579367502
1.8366318656
1.8366318656
2.0387315158
2.0387315158
2.0193386066
2.0193386066
2.0256237793
2.0256237793
2.1850560718
2.1850560718
2.0553205640
2.0553205640
2.1396090935
2.1396090935
2.1518423183
2.1518423183
2.2800535302
2.2800535302
2.1040909431
2.1040909431
1.9551520417
1.9551520417
2.0225143996
2.0225143996
2.0095118777
2.0095118777
2.0357868930
2.0357868930
2.0094968111
2.0094968111
1.9231415320
1.9231415320
2.1149858614
2.1149858614
2.0999108356
2.0999108356
2.2167738000
2.2167738000
2.3100621270
2.3100621270
2.2887790451
2.2887790451
2.3018158175
2.3018158175
2.3010234667
2.3010234667
2.3270744398
2.3270744398
2.3636502465
2.3636502465
2.3462086393
2.3462086393
2.2661386180
2.2661386180
2.1039855091
2.1039855091
2.0886884637
2.0886884637
2.1655427590
2.1655427590
1.9919888281
1.9919888281
2.1043851160
2.1043851160
2.2094139073
2.2094139073
2.2848383856
2.2848383856
2.2366476726
2.2366476726
2.1170498889
2.1170498889
2.2102918090
2.2102918090
2.2219128751
2.2219128751
2.2105610422
2.2105610422
2.2265177704
2.2265177704
2.1622372157
2.1622372157
2.0682183379
2.0682183379
2.1029827964
2.1029827964
2.1383221894
2.1383221894
2.2065762577
2.2065762577
2.2933903673
2.2933903673
2.1483925480
2.1483925480
2.1164946363
2.1164946363
2.1452662879
2.1452662879
2.1938308773
2.1938308773
2.1284575082
2.1284575082
2.1868593104
2.1868593104
2.2571254225
2.2571254225
1.9786017381
1.9786017381
1.8586655031
1.8586655031
1.7117349000
1.7117349000
1.6698585125
1.6698585125
1.7130564617
1.7130564617
1.6824403791
1.6824403791
1.7378542402
1.7378542402
1.6150104123
1.6150104123
1.5753627216
1.5753627216
1.5409984333
1.5409984333
1.7530848635
1.7530848635
1.8429913471
1.8429913471
1.7948855979
1.7948855979
1.8319524974
1.8319524974
1.6900318743
1.6900318743
1.7287234372
1.7287234372
1.6936134191
1.6936134191
1.8028811260
1.8028811260
1.9468383178
1.9468383178
1.9533758308
1.9533758308
2.0120233547
2.0120233547
1.8208874066
1.8208874066
1.8235849444
1.8235849444
1.9489078265
1.9489078265
2.0188831409
2.0188831409
1.9232386665
1.9232386665
1.7537985657
1.7537985657
1.6056289462
1.6056289462
1.7286802396
1.7286802396
1.7400228061
1.7400228061
1.9712763327
1.9712763327
2.1187002485
2.1187002485
2.1349726161
2.1349726161
2.0035909530
2.0035909530
2.2192929656
2.2192929656
2.2282442672
2.2282442672
2.3198662448
2.3198662448
2.3191241623
2.3191241623
2.2638946155
2.2638946155
2.2979358697
2.2979358697
2.1195442918
2.1195442918
2.1592547929
2.1592547929
2.2375198315
2.2375198315
2.0054655228
2.0054655228
1.7899912724
1.7899912724
1.7015067375
1.7015067375
1.6792479558
1.6792479558
1.5975086679
1.5975086679
1.5235955767
1.5235955767
1.4470923329
1.4470923329
1.6010698878
1.6010698878
1.9323601729
1.9323601729
1.6252018016
1.6252018016
1.8184834479
1.8184834479
1.8190126152
1.8190126152
1.7942185223
1.7942185223
1.6267482763
1.6267482763
1.4882078478
1.4882078478
1.6406373462
1.6406373462
1.6196514098
1.6196514098
1.8870803654
1.8870803654
1.8156970778
1.8156970778
1.7662856961
1.7662856961
1.7539363859
1.7539363859
1.5955550437
1.5955550437
1.6160089322
1.6160089322
6.0660390535
6.0660390535
6.1336185486
6.1336185486
6.0879672552
6.0879672552
5.9765494841
5.9765494841
6.1900920760
6.1900920760
6.2362966051
6.2362966051
6.1538644098
6.1538644098
6.0670522739
6.0670522739
5.9729188056
5.9729188056
5.9887524167
5.9887524167
6.0910355032
6.0910355032
6.2375322912
6.2375322912
6.4420936194
6.4420936194
6.6316701890
6.6316701890
6.5791076023
6.5791076023
6.5514747438
6.5514747438
6.5212233686
6.5212233686
6.5275684094
6.5275684094
6.3387779842
6.3387779842
6.2352422227
6.2352422227
6.2044182885
6.2044182885
6.2099232369
6.2099232369
6.2501279245
6.2501279245
6.3914622567
6.3914622567
6.4244394421
6.4244394421
6.4244394421
6.5589523949
6.5589523949
6.5589523949
6.6038994619
6.6038994619
6.6038994619
6.5104268721
6.5104268721
6.5104268721
6.3425349134
6.3425349134
6.3425349134
6.4147646093
6.4147646093
6.4147646093
6.5794345377
6.5794345377
6.5794345377
6.6368597372
6.6368597372
6.6368597372
6.6039682612
6.6039682612
6.6039682612
6.6388849575
6.6388849575
6.6388849575
6.6643662693
6.6643662693
6.6643662693
6.7357871317
6.7357871317
6.7357871317
6.7004935093
6.7004935093
6.7004935093
6.6845026971
6.6845026971
6.6845026971
6.7057986658
6.7057986658
6.7057986658
6.6952614714
6.6952614714
6.6952614714
6.7154208766
6.7154208766
6.7154208766
6.6457759018
6.6457759018
6.6457759018
6.6662680417
6.6662680417
6.6662680417
6.7173011038
6.7173011038
6.7173011038
6.6452888705
6.6452888705
6.6452888705
6.4510878377
6.4510878377
6.4510878377
6.3514668768
6.3514668768
6.3514668768
6.4465341557
6.4465341557
6.4465341557
6.3795068049
6.3795068049
6.3795068049
6.4656575618
6.4656575618
6.4656575618
6.4709588029
6.4709588029
6.4709588029
6.4320301942
6.4320301942
6.4320301942
6.3361711800
6.3361711800
6.3361711800
6.3648930325
6.3648930325
6.3648930325
6.3673577220
6.3673577220
6.3673577220
6.3293377007
6.3293377007
6.3293377007
6.3806487467
6.3806487467
6.3806487467
6.3740451246
6.3740451246
6.3740451246
6.3009986580
6.3009986580
6.3009986580
6.1784989998
6.1784989998
6.1784989998
6.1850765075
6.1850765075
6.1850765075
6.2322271421
6.2322271421
6.2322271421
6.3286749996
6.3286749996
6.3286749996
6.4446745264
6.4446745264
6.4446745264
6.5815537973
6.5815537973
6.5815537973
6.8227683001
6.8227683001
6.8227683001
6.8911728782
6.8911728782
6.8911728782
7.0381251284
7.0381251284
7.0381251284
7.1287944865
7.1287944865
7.1287944865
7.1639755551
7.1639755551
7.1639755551
7.1974072690
7.1974072690
7.1974072690
7.2520419060
7.2520419060
7.2520419060
7.2862145231
7.2862145231
7.2862145231
7.1927012190
7.1927012190
7.1927012190
6.9401111351
6.9401111351
6.9401111351
6.8867822471
6.8867822471
6.8867822471
6.8548641044
6.8548641044
6.8548641044
6.9393466459
6.9393466459
6.9393466459
6.8967311593
6.8967311593
6.8967311593
6.8686689210
6.8686689210
6.8686689210
6.8060524014
6.8060524014
6.8060524014
6.7583604860
6.7583604860
6.7583604860
6.6351882590
6.6351882590
6.4937702507
6.4937702507
6.5394488769
6.5394488769
6.5394488769
6.7118090594
6.7118090594
6.7118090594
6.8185181605
6.8185181605
6.8185181605
6.8557738966
6.8557738966
6.8557738966
6.7780781929
6.7780781929
6.7780781929
6.7155088015
6.7155088015
6.7155088015
6.7692976444
6.7692976444
6.7692976444
6.8688328395
6.8688328395
6.8688328395
6.7076919257
6.7076919257
6.7076919257
6.7283105203
6.7283105203
6.7283105203
6.8287914007
6.8287914007
6.8287914007
6.8652553917
6.8652553917
6.8652553917
6.9123343657
6.9123343657
6.9123343657
6.8128193509
6.8128193509
6.8128193509
6.7625093535
6.7625093535
6.7625093535
6.7265057326
6.7265057326
6.7265057326
6.6771643280
6.6771643280
6.6771643280
6.5184566598
6.5184566598
6.5184566598
6.4496478921
6.4496478921
6.4496478921
6.3372267092
6.3372267092
6.3372267092
6.3523721210
6.3523721210
6.3523721210
6.0789283167
6.0789283167
6.0789283167
6.1277593789
6.1277593789
6.1277593789
5.8929729233
5.8929729233
5.8929729233
6.0299562701
6.0299562701
6.0299562701
6.0332488071
6.0332488071
6.0332488071
6.2557792027
6.2557792027
6.2557792027
6.2986711891
6.2986711891
6.2986711891
6.3978034544
6.3978034544
6.3978034544
6.4016897868
6.4016897868
6.4016897868
6.5436670800
6.5436670800
6.5436670800
6.6402273687
6.6402273687
6.6402273687
6.6880923548
6.6880923548
6.6880923548
6.8075373674
6.8075373674
6.8075373674
6.7721850762
6.7721850762
6.7721850762
6.6607554828
6.6607554828
6.6607554828
6.7259304305
6.7259304305
6.7259304305
6.5286558684
6.5286558684
6.5286558684
6.4909558629
6.4909558629
6.4909558629
6.2309100588
6.2309100588
6.2309100588
6.2507356781
6.2507356781
6.2507356781
6.1793185429
6.1793185429
6.1793185429
6.4068180904
6.4068180904
6.4068180904
6.4457710050
6.4457710050
6.4457710050
6.3309535194
6.3309535194
6.3309535194
6.3527705059
6.3527705059
6.3527705059
6.2671045280
6.2671045280
6.2671045280
6.1812029774
6.1812029774
6.1812029774
6.2627524762
6.2627524762
6.2627524762
6.0174088449
6.0174088449
6.0174088449
6.0863971188
6.0863971188
6.0863971188
6.2604131287
6.2604131287
6.2604131287
6.6285245927
6.6285245927
6.6285245927
6.5949877968
6.5949877968
6.5949877968
6.4659212199
6.4659212199
6.4659212199
5.9058582322
5.9058582322
5.9058582322
6.2041541182
6.2041541182
6.2041541182
5.3162206170
5.3162206170
5.3162206170
5.2213217966
5.2213217966
5.2213217966
5.6709498868
5.6709498868
5.6709498868
6.3650931206
6.3650931206
6.3650931206
6.6952487861
6.6952487861
6.6952487861
5.2308838713
5.2308838713
5.2308838713
5.1951416811
5.1951416811
5.1951416811
5.9714878517
5.9714878517
5.9714878517
6.0537217931
6.0537217931
6.0537217931
6.5942698973
6.5942698973
6.5942698973
6.5283637283
6.5283637283
6.5283637283
6.0987599017
6.0987599017
6.0987599017
6.5086728873
6.5086728873
6.5086728873
6.5537174152
6.5537174152
6.5537174152
6.6802852077
6.6802852077
6.6802852077
6.8024171546
6.8024171546
6.8024171546
6.8895643872
6.8895643872
6.8895643872
7.0567963906
7.0567963906
7.0567963906
6.6704944950
6.6704944950
6.6704944950
6.6725378149
6.6725378149
6.6725378149
6.6824360091
6.6824360091
6.6824360091
6.6579125709
6.6579125709
6.6579125709
6.5899806639
6.5899806639
6.5899806639
6.8870688943
6.8870688943
6.8870688943
6.9848860318
6.9848860318
6.9848860318
6.7516252708
6.7516252708
6.7516252708
6.8467403137
6.8467403137
6.8467403137
6.9737242099
6.9737242099
6.9737242099
7.0927968869
7.0927968869
7.0927968869
6.9954890121
6.9954890121
6.9954890121
6.9555321470
6.9555321470
6.9555321470
6.8760115932
6.8760115932
6.8760115932
6.7415066957
6.7415066957
6.7415066957
6.6728163821
6.6728163821
6.6728163821
6.7385535351
6.7385535351
6.7385535351
6.7252259723
6.7252259723
6.7252259723
6.6497964652
6.6497964652
6.6497964652
6.3010382604
6.3010382604
6.3010382604
6.3205557390
6.3205557390
6.3205557390
6.4885450233
6.4885450233
6.4885450233
6.4295594954
6.4295594954
6.4295594954
6.4907258432
6.4907258432
6.4907258432
6.4102350879
6.4102350879
6.4102350879
6.5812916954
6.5812916954
6.5812916954
6.5597532326
6.5597532326
6.5597532326
6.5052727107
6.5052727107
6.5052727107
6.5027700047
6.5027700047
6.5027700047
6.8365476483
6.8365476483
6.8365476483
6.8647226237
6.8647226237
6.8647226237
6.8854031537
6.8854031537
6.8854031537
6.8310003237
6.8310003237
6.8310003237
6.9117458476
6.9117458476
6.9117458476
7.1020000019
7.1020000019
7.1020000019
7.1896901472
7.1896901472
7.1896901472
7.4099235712
7.4099235712
7.4099235712
7.3344344110
7.3344344110
7.3344344110
7.3568508232
7.3568508232
7.3568508232
7.3885392798
7.3885392798
7.3885392798
7.3892944754
7.3892944754
7.3892944754
7.4001385758
7.4001385758
7.4001385758
7.2212475624
7.2212475624
7.2212475624
7.0507355270
7.0507355270
7.0507355270
6.9427023545
6.9427023545
6.9427023545
6.7771043378
6.7771043378
6.7771043378
6.6449641608
6.6449641608
6.6449641608
6.8072651678
6.8072651678
6.8072651678
6.6780324264
6.6780324264
6.6780324264
6.6423764684
6.6423764684
6.6423764684
7.3014358465
7.3014358465
7.3014358465
7.0190779344
7.0190779344
7.0190779344
7.2003899721
7.2003899721
7.2003899721
7.0930537594
7.0930537594
7.0930537594
6.8283468989
6.8283468989
6.8283468989
6.7914929198
6.7914929198
6.7914929198
6.8800712836
6.8800712836
6.8800712836
6.8096488541
6.8096488541
6.8096488541
6.7233344704
6.7233344704
6.7233344704
6.6554256526
6.6554256526
6.6554256526
6.8189204555
6.8189204555
6.8189204555
6.5599221280
6.5599221280
6.5599221280
6.4862025102
6.4862025102
6.4862025102
6.5590914393
6.5590914393
6.5590914393
6.6289064504
6.6289064504
6.6289064504
6.7837790255
6.7837790255
6.7837790255
6.6718036233
6.6718036233
6.6718036233
6.7968698500
6.7968698500
6.7968698500
6.7948025467
6.7948025467
6.7948025467
6.6428125845
6.6428125845
6.6428125845
6.6113407439
6.6113407439
6.6113407439
6.8105726245
6.8105726245
6.8105726245
7.0446755112
7.0446755112
7.0446755112
6.9840622102
6.9840622102
6.9840622102
6.6294892319
6.6294892319
6.6294892319
6.9466021189
6.9466021189
6.9466021189
6.6684681153
6.6684681153
6.6684681153
6.8013493111
6.8013493111
6.8013493111
6.6429151212
6.6429151212
6.6429151212
6.6589869711
6.6589869711
6.6589869711
6.7860921097
6.7860921097
6.7860921097
6.7126876558
6.7126876558
6.7126876558
6.5768342157
6.5768342157
6.5768342157
6.5664308383
6.5664308383
6.5664308383
6.3828623074
6.3828623074
6.3828623074
6.4064844081
6.4064844081
6.4064844081
6.2666007518
6.2666007518
6.2666007518
6.2973930519
6.2973930519
6.2973930519
6.5138573387
6.5138573387
6.5138573387
6.5569857326
6.5569857326
6.5569857326
6.6066024938
6.6066024938
6.6066024938
6.5279710089
6.5279710089
6.5279710089
6.5610342463
6.5610342463
6.5610342463
6.4996517948
6.4996517948
6.4996517948
6.6223160322
6.6223160322
6.6223160322
6.6473286998
6.6473286998
6.6473286998
6.7599877543
6.7599877543
6.7599877543
6.7307580273
6.7307580273
6.7307580273
6.6606684975
6.6606684975
6.6606684975
6.7769737545
6.7769737545
6.7769737545
6.6958909179
6.6958909179
6.6958909179
6.7500288653
6.7500288653
6.7500288653
7.1080688714
7.1080688714
7.1080688714
7.3185754904
7.3185754904
7.3185754904
7.3407615637
7.3407615637
7.3407615637
7.3548925240
7.3548925240
7.3548925240
7.1140389496
7.1140389496
7.1140389496
7.2575117595
7.2575117595
7.2575117595
7.3340432292
7.3340432292
7.3340432292
7.7032040277
7.7032040277
7.7032040277
7.7104427936
7.7104427936
7.7104427936
7.7324322195
7.7324322195
7.7324322195
7.4964611109
7.4964611109
7.4964611109
7.3602669118
7.3602669118
7.3602669118
7.1776234970
7.1776234970
7.1776234970
7.0766531820
7.0766531820
7.0766531820
6.9785391732
6.9785391732
6.9785391732
6.8084852899
6.8084852899
6.8084852899
6.8757539171
6.8757539171
6.8757539171
6.8487615361
6.8487615361
6.8487615361
6.7792358084
6.7792358084
6.7792358084
6.9434637491
6.9434637491
6.9434637491
7.0095548727
7.0095548727
7.0095548727
7.1482026459
7.1482026459
7.1482026459
7.1421705421
7.1421705421
7.1421705421
7.0379187548
7.0379187548
7.0379187548
6.9613937769
6.9613937769
6.9613937769
6.7259895142
6.7259895142
6.7259895142
6.7402522044
6.7402522044
6.7402522044
6.6034105236
6.6034105236
6.6034105236
6.6146719934
6.6146719934
6.6146719934
6.8271368011
6.8271368011
6.8271368011
6.7653653006
6.7653653006
6.7653653006
6.7947639140
6.7947639140
6.7947639140
6.7736647656
6.7736647656
6.7736647656
6.8291371628
6.8291371628
6.8291371628
7.1174107384
7.1174107384
7.1174107384
7.2899403036
7.2899403036
7.2899403036
6.7238299931
6.7238299931
6.7238299931
6.7550413649
6.7550413649
6.7550413649
6.9492537087
6.9492537087
6.9492537087
6.7982892178
6.7982892178
6.7982892178
7.5650555383
7.5650555383
7.5650555383
7.5670981322
7.5670981322
7.5670981322
7.5212604722
7.5212604722
7.5212604722
7.6403646132
7.6403646132
7.6403646132
7.2542613121
7.2542613121
7.2542613121
7.2237916380
7.2237916380
7.2237916380
7.3967746191
7.3967746191
7.3967746191
7.5465300539
7.5465300539
7.5465300539
7.3247063136
7.3247063136
7.3247063136
7.4522024251
7.4522024251
7.4522024251
7.3917772343
7.3917772343
7.3917772343
7.4320735749
7.4320735749
7.4320735749
7.4287963384
7.4287963384
7.4287963384
7.5338902027
7.5338902027
7.5338902027
7.3978709509
7.3978709509
7.3978709509
7.3620371654
7.3620371654
7.3620371654
7.3748949444
7.3748949444
7.3748949444
7.3856688158
7.3856688158
7.3856688158
7.4101285131
7.4101285131
7.4101285131
7.4385891013
7.4385891013
7.4385891013
7.5762954934
7.5762954934
7.5762954934
7.7388777327
7.7388777327
7.7388777327
7.6647458144
7.6647458144
7.6647458144
7.6667799978
7.6667799978
7.6667799978
7.6236158720
7.6236158720
7.6236158720
7.7831762675
7.7831762675
7.7831762675
7.8737327065
7.8737327065
7.8737327065
7.9168798685
7.9168798685
7.9168798685
7.9067284062
7.9067284062
7.9067284062
7.8406871134
7.8406871134
7.8406871134
7.7302166483
7.7302166483
7.7302166483
7.7095033879
7.7095033879
7.7095033879
7.8388399183
7.8388399183
7.8388399183
7.6502091323
7.6502091323
7.6502091323
7.9613986493
7.9613986493
7.9613986493
8.0375363321
8.0375363321
8.0375363321
8.0517049485
8.0517049485
8.0517049485
8.1280955674
8.1280955674
8.1280955674
8.0519282730
8.0519282730
8.0519282730
7.9108381084
7.9108381084
7.9108381084
7.7329457434
7.7329457434
7.7329457434
7.8951168066
7.8951168066
7.8951168066
8.0544578693
8.0544578693
8.0544578693
7.9193369645
7.9193369645
7.9193369645
7.6408466802
7.6408466802
7.6408466802
7.7059849777
7.7059849777
7.7059849777
7.4097702895
7.4097702895
7.4097702895
7.3974511137
7.3974511137
7.3974511137
7.2470069627
7.2470069627
7.2470069627
7.2805667409
7.2805667409
7.2805667409
7.1813081344
7.1813081344
7.1813081344
7.3109626060
7.3109626060
7.3109626060
7.4101354435
7.4101354435
7.4101354435
7.0668074375
7.0668074375
7.0668074375
6.8035713785
6.8035713785
6.8035713785
6.7566044794
6.7566044794
6.7566044794
6.8520737592
6.8520737592
6.8520737592
7.2423025346
7.2423025346
7.2423025346
7.1450172779
7.1450172779
7.1450172779
7.1822213258
7.1822213258
7.1822213258
7.1961525473
7.1961525473
7.1961525473
7.2357654835
7.2357654835
7.2357654835
7.2868581545
7.2868581545
7.2868581545
7.3171289303
7.3171289303
7.3171289303
7.4930557175
7.4930557175
7.4930557175
7.6073379158
7.6073379158
7.6073379158
7.8254772044
7.8254772044
7.8254772044
7.8667267696
7.8667267696
7.8667267696
7.8409622019
7.8409622019
7.8409622019
7.8553230576
7.8553230576
7.8553230576
7.8787319557
7.8787319557
7.8787319557
7.8777122871
7.8777122871
7.8777122871
7.9554554262
7.9554554262
7.9554554262
8.0577749486
8.0577749486
8.0577749486
8.3852345347
8.3852345347
8.3852345347
8.5178092108
8.5178092108
8.5178092108
8.5855969376
8.5855969376
8.5855969376
8.7365311101
8.7365311101
8.7365311101
8.6237092409
8.6237092409
8.6237092409
8.5151444841
8.5151444841
8.5151444841
8.1833831782
8.1833831782
8.1833831782
8.3426224838
8.3426224838
8.3426224838
8.5481124117
8.5481124117
8.5481124117
8.2177417740
8.2177417740
8.2177417740
7.9583497184
7.9583497184
7.9583497184
7.6687756286
7.6687756286
7.6687756286
7.4432815563
7.4432815563
7.4432815563
7.2163799468
7.2163799468
7.2163799468
6.9198490412
6.9198490412
6.9198490412
6.5077991323
6.5077991323
6.5077991323
6.3619953616
6.3619953616
6.3619953616
6.4086637418
6.4086637418
6.4086637418
6.4693054792
6.4693054792
6.4693054792
6.2390872769
6.2390872769
6.2390872769
6.3019686391
6.3019686391
6.3019686391
6.0418432081
6.0418432081
6.0418432081
6.2161591650
6.2161591650
6.2161591650
6.2085692629
6.2085692629
6.2085692629
5.9085047434
5.9085047434
5.9085047434
6.0290841736
6.0290841736
6.0290841736
6.0899245779
6.0899245779
6.0899245779
6.1718639567
6.1718639567
6.1718639567
6.9098155021
6.9098155021
6.9098155021
7.1170612730
7.1170612730
7.1170612730
7.1197049273
7.1197049273
7.1197049273
7.3328746161
7.3328746161
7.3328746161
7.1858682169
7.1858682169
7.1858682169
7.0878209863
7.0878209863
7.0878209863
7.2086603651
7.2086603651
7.2086603651
7.3613135847
7.3613135847
7.3613135847
7.6882952039
7.6882952039
7.6882952039
7.5813414421
7.5813414421
7.5813414421
7.5804495058
7.5804495058
7.5804495058
7.8133606144
7.8133606144
7.8133606144
7.9519048021
7.9519048021
7.9519048021
7.9130067915
7.9130067915
7.9130067915
8.0473872360
8.0473872360
8.0473872360
8.1219253243
8.1219253243
8.1219253243
8.2001408527
8.2001408527
8.2001408527
8.2879293052
8.2879293052
8.2879293052
7.5826109700
7.5826109700
7.5826109700
7.4118971792
7.4118971792
7.4118971792
7.4738470655
7.4738470655
7.4738470655
7.2698691952
7.2698691952
7.2698691952
7.3448162766
7.3448162766
7.3448162766
7.2195096761
7.2195096761
7.2195096761
7.2285974446
7.2285974446
7.2285974446
7.4980666671
7.4980666671
7.4980666671
7.3744525970
7.3744525970
7.3744525970
7.3122034597
7.3122034597
7.3122034597
7.4050749283
7.4050749283
7.4050749283
7.0700319257
7.0700319257
7.0700319257
6.8189998699
6.8189998699
6.8189998699
6.8932346092
6.8932346092
6.8932346092
6.7528388461
6.7528388461
6.7528388461
6.8526339704
6.8526339704
6.8526339704
6.8639667692
6.8639667692
6.8639667692
6.9697153387
6.9697153387
6.9697153387
6.9249503898
6.9249503898
6.9249503898
6.8072927279
6.8072927279
6.8072927279
6.8019547421
6.8019547421
6.8019547421
6.7515346378
6.7515346378
6.7515346378
6.7426126300
6.7426126300
6.7426126300
6.8291736671
6.8291736671
6.8291736671
6.7741969331
6.7741969331
6.7741969331
6.7020776647
6.7020776647
6.7020776647
6.6633350431
6.6633350431
6.6633350431
6.5299062499
6.5299062499
6.5299062499
6.5073150279
6.5073150279
6.5073150279
6.7719932160
6.7719932160
6.7719932160
6.7015587087
6.7015587087
6.7015587087
6.6216869120
6.6216869120
6.6216869120
6.5386081927
6.5386081927
6.5386081927
6.6590498847
6.6590498847
6.6590498847
6.7285799589
6.7285799589
6.7285799589
6.8930547006
6.8930547006
6.8930547006
6.9767839022
6.9767839022
6.9767839022
7.0248686881
7.0248686881
7.0248686881
7.2364379607
7.2364379607
7.2364379607
7.3310596950
7.3310596950
7.3310596950
7.2972424377
7.2972424377
7.2972424377
7.3119741520
7.3119741520
7.3119741520
7.1430613322
7.1430613322
7.1430613322
7.0797597337
7.0797597337
7.0797597337
7.0800297019
7.0800297019
7.0800297019
7.3937411316
7.3937411316
7.3937411316
7.4819092801
7.4819092801
7.4819092801
7.4465941358
7.4465941358
7.4465941358
7.5505226160
7.5505226160
7.5505226160
7.7720658743
7.7720658743
7.7720658743
7.8315068383
7.8315068383
7.8315068383
7.8425906285
7.8425906285
7.8425906285
8.0789757522
8.0789757522
8.0789757522
8.1885512962
8.1885512962
8.1885512962
8.2845102861
8.2845102861
8.2845102861
8.0457469265
8.0457469265
8.0457469265
7.8845494843
7.8845494843
7.8845494843
7.9588549504
7.9588549504
7.9588549504
7.8128505720
7.8128505720
7.8128505720
7.7663003328
7.7663003328
7.7663003328
7.7424063393
7.7424063393
7.7424063393
7.6875014464
7.6875014464
7.6875014464
7.7805352320
7.7805352320
7.7805352320
7.9313492256
7.9313492256
7.9313492256
7.8982676349
7.8982676349
7.8982676349
7.8021058365
7.8021058365
7.8021058365
7.9502480104
7.9502480104
7.9502480104
7.9770253841
7.9770253841
7.9770253841
8.0335077086
8.0335077086
8.0335077086
8.0394424969
8.0394424969
8.0394424969
7.7557384581
7.7557384581
7.7557384581
7.4387129098
7.4387129098
7.4387129098
7.1974113237
7.1974113237
7.1974113237
6.9437169968
6.9437169968
6.9437169968
6.9148508435
6.9148508435
6.9148508435
6.6634993273
6.6634993273
6.6634993273
6.3856803787
6.3856803787
6.3856803787
6.2115642240
6.2115642240
6.2115642240
6.1807034946
6.1807034946
6.1807034946
5.9776141918
5.9776141918
5.9776141918
6.0032189546
6.0032189546
6.0032189546
6.3158325014
6.3158325014
6.3158325014
6.4370637886
6.4370637886
6.4370637886
6.4814332780
6.4814332780
6.4814332780
6.2604587596
6.2604587596
6.2604587596
5.9429260282
5.9429260282
5.9429260282
5.9971578644
5.9971578644
5.9971578644
6.1447112538
6.1447112538
6.1447112538
6.4958668645
6.4958668645
6.4958668645
7.0550029726
7.0550029726
7.0550029726
7.3208244329
7.3208244329
7.3208244329
7.5430940675
7.5430940675
7.5430940675
7.4339457954
7.4339457954
7.4339457954
7.4313112049
7.4313112049
7.4313112049
7.7408761361
7.7408761361
7.7408761361
7.7104623994
7.7104623994
7.7104623994
7.7792503311
7.7792503311
7.7792503311
7.7436450833
7.7436450833
7.7436450833
7.5428087575
7.5428087575
7.5428087575
7.5512371801
7.5512371801
7.5512371801
7.3581446318
7.3581446318
7.3581446318
7.3923239655
7.3923239655
7.3923239655
7.4575421601
7.4575421601
7.4575421601
7.6611459275
7.6611459275
7.6611459275
7.5799455980
7.5799455980
7.5799455980
7.3420231560
7.3420231560
7.3420231560
7.3318089420
7.3318089420
7.3318089420
7.1221133186
7.1221133186
7.1221133186
6.9301102957
6.9301102957
6.9301102957
6.7880531609
6.7880531609
6.7880531609
6.8375316148
6.8375316148
6.8375316148
6.5753656492
6.5753656492
6.5753656492
6.6944325746
6.6944325746
6.6944325746
6.9213650399
6.9213650399
6.9213650399
6.9798170171
6.9798170171
6.9798170171
7.1189431132
7.1189431132
7.1189431132
6.8912369600
6.8912369600
6.8912369600
7.0348337470
7.0348337470
7.0348337470
7.2010423028
7.2010423028
7.2010423028
7.5578958713
7.5578958713
7.5578958713
7.5435469425
7.5435469425
7.5435469425
7.8536027994
7.8536027994
7.8536027994
8.2988743066
8.2988743066
8.2988743066
8.3639772558
8.3639772558
8.3639772558
8.2164481939
8.2164481939
8.2164481939
8.1904264521
8.1904264521
8.1904264521
7.8991647578
7.8991647578
7.8991647578
7.7005786570
7.7005786570
7.7005786570
7.6569624967
7.6569624967
7.6569624967
7.6049599290
7.6049599290
7.6049599290
7.6055596588
7.6055596588
7.6055596588
7.6616582991
7.6616582991
7.6616582991
7.4036769991
7.4036769991
7.4036769991
7.3285187503
7.3285187503
7.3285187503
7.2366726047
7.2366726047
7.2366726047
7.3518074515
7.3518074515
7.3518074515
6.7989105541
6.7989105541
6.7989105541
6.7103520938
6.7103520938
6.7103520938
6.6825107879
6.6825107879
6.6825107879
6.6775437068
6.6775437068
6.6775437068
6.5090774627
6.5090774627
6.5090774627
6.9127256871
6.9127256871
6.9127256871
6.8572243966
6.8572243966
6.8572243966
7.5731602264
7.5731602264
7.5731602264
7.7759471528
7.7759471528
7.7759471528
8.0548094180
8.0548094180
8.0548094180
8.2836689237
8.2836689237
8.2836689237
8.4225097801
8.4225097801
8.4225097801
8.3159651647
8.3159651647
8.3159651647
8.5940450521
8.5940450521
8.5940450521
8.3235397807
8.3235397807
8.3235397807
8.0989847246
8.0989847246
8.0989847246
8.1655263506
8.1655263506
8.1655263506
8.4600284371
8.4600284371
8.4600284371
8.7780134566
8.7780134566
8.7780134566
8.4682648200
8.4682648200
8.4682648200
8.0869450763
8.0869450763
8.0869450763
7.7699262987
7.7699262987
7.7699262987
7.6661864573
7.6661864573
7.6661864573
7.4797541850
7.4797541850
7.4797541850
7.4159072542
7.4159072542
7.4159072542
7.2553125160
7.2553125160
7.2553125160
7.4073023516
7.4073023516
7.4073023516
7.5000064567
7.5000064567
7.5000064567
7.5533563670
7.5533563670
7.5533563670
7.3769678905
7.3769678905
7.3769678905
7.4580060883
7.4580060883
7.4580060883
7.3932580842
7.3932580842
7.3932580842
7.2381694395
7.2381694395
7.2381694395
7.1443151587
7.1443151587
7.1443151587
7.1463491712
7.1463491712
7.1463491712
7.6767424822
7.6767424822
7.6767424822
7.7784315301
7.7784315301
7.7784315301
8.3478529426
8.3478529426
8.3478529426
8.6228372247
8.6228372247
8.6228372247
7.9982207430
7.9982207430
7.9982207430
8.4964126869
8.4964126869
8.4964126869
8.6550597176
8.6550597176
8.6550597176
8.5461985758
8.5461985758
8.5461985758
8.8428000904
8.8428000904
8.8428000904
8.5401265080
8.5401265080
8.5401265080
8.4137742632
8.4137742632
8.4137742632
8.3828321873
8.3828321873
8.3828321873
8.2489826782
8.2489826782
8.2489826782
8.4157778793
8.4157778793
8.4157778793
8.3419455977
8.3419455977
8.3419455977
8.3712971798
8.3712971798
8.3712971798
8.3433575943
8.3433575943
8.3433575943
8.4250851531
8.4250851531
8.4250851531
8.5685584814
8.5685584814
8.5685584814
8.2047901360
8.2047901360
8.2047901360
8.0021250123
8.0021250123
8.0021250123
7.6509828424
7.6509828424
7.6509828424
7.5076091370
7.5076091370
7.5076091370
7.7497458568
7.7497458568
7.7497458568
7.5946523483
7.5946523483
7.5946523483
7.4282288785
7.4282288785
7.4282288785
7.4842092865
7.4842092865
7.4842092865
7.0691307997
7.0691307997
7.0691307997
7.1887664617
7.1887664617
7.1887664617
7.0724025974
7.0724025974
7.0724025974
6.8985397136
6.8985397136
6.8985397136
6.6667346249
6.6667346249
6.6667346249
6.7869135623
6.7869135623
6.7869135623
6.8478394158
6.8478394158
6.8478394158
7.0146534017
7.0146534017
7.0146534017
7.0439870389
7.0439870389
7.0439870389
7.1629140831
7.1629140831
7.1629140831
7.2770095857
7.2770095857
7.2770095857
7.3857730926
7.3857730926
7.3857730926
7.2858081941
7.2858081941
7.2858081941
7.2685992831
7.2685992831
7.2685992831
7.1937754592
7.1937754592
7.1937754592
7.0475142976
7.0475142976
7.0475142976
6.8079862677
6.8079862677
6.8079862677
6.9777150131
6.9777150131
6.9777150131
6.9689051075
6.9689051075
6.9689051075
6.1947704579
6.1947704579
6.1947704579
6.5286768538
6.5286768538
6.5286768538
6.6683452389
6.6683452389
6.6683452389
6.8857096649
6.8857096649
6.8857096649
7.1072543680
7.1072543680
7.1072543680
7.3361803341
7.3361803341
7.3361803341
7.5095784550
7.5095784550
7.5095784550
7.6482532578
7.6482532578
7.6482532578
7.8157545418
7.8157545418
7.8157545418
8.0581784328
8.0581784328
8.0581784328
8.0807141686
8.0807141686
8.0807141686
8.0562154776
8.0562154776
8.0562154776
8.1936061290
8.1936061290
8.1936061290
8.3495878423
8.3495878423
8.3495878423
8.5029676467
8.5029676467
8.5029676467
8.3715737098
8.3715737098
8.3715737098
8.3182975105
8.3182975105
8.3182975105
8.3333436056
8.3333436056
8.3333436056
8.3385989703
8.3385989703
8.3385989703
8.3581958643
8.3581958643
8.3581958643
8.4990997127
8.4990997127
8.4990997127
8.5212690510
8.5212690510
8.5212690510
8.5462061540
8.5462061540
8.5462061540
8.6857271572
8.6857271572
8.6857271572
8.4609241556
8.4609241556
8.4609241556
8.3460735772
8.3460735772
8.3460735772
8.2424140731
8.2424140731
8.2424140731
8.3258236641
8.3258236641
8.3258236641
8.4750381756
8.4750381756
8.4750381756
8.3599027102
8.3599027102
8.3599027102
8.3939833688
8.3939833688
8.3939833688
8.3483808081
8.3483808081
8.3483808081
8.3270609482
8.3270609482
8.3270609482
8.2290068753
8.2290068753
8.2290068753
8.1846480111
8.1846480111
8.1846480111
8.1975238447
8.1975238447
8.1975238447
8.1364856599
8.1364856599
8.1364856599
7.9508702522
7.9508702522
7.9508702522
8.1024225487
8.1024225487
8.1024225487
8.2115669827
8.2115669827
8.2115669827
7.5704391953
7.5704391953
7.5704391953
7.7028809086
7.7028809086
7.7028809086
7.6818315938
7.6818315938
7.6818315938
7.4106670546
7.4106670546
7.4106670546
7.5989367011
7.5989367011
7.5989367011
7.2038587613
7.2038587613
7.2038587613
7.5046813393
7.5046813393
7.5046813393
7.6339021300
7.6339021300
7.6339021300
7.4059395309
7.4059395309
7.4059395309
7.4285788627
7.4285788627
7.4285788627
7.4009292777
7.4009292777
7.4009292777
7.4496389943
7.4496389943
7.5130256453
7.5130256453
7.4858913863
7.4858913863
7.4858913863
7.4242473148
7.4242473148
7.4242473148
7.5161058412
7.5161058412
7.5161058412
7.6151705945
7.6151705945
7.6151705945
7.4054043695
7.4054043695
7.4054043695
7.4165227948
7.4165227948
7.4165227948
7.7134382051
7.7134382051
7.7134382051
7.7283097545
7.7283097545
7.7283097545
7.4113252326
7.4113252326
7.4113252326
7.5121780491
7.5121780491
7.5121780491
7.0826595727
7.0826595727
7.0826595727
7.1331056274
7.1331056274
7.1331056274
7.0543465073
7.0543465073
7.0543465073
6.9733168132
6.9733168132
6.9733168132
7.4535421305
7.4535421305
7.4535421305
7.7118433473
7.7118433473
7.7118433473
7.5926276275
7.5926276275
7.5926276275
7.4024811630
7.4024811630
7.4024811630
7.5774784899
7.5774784899
7.5774784899
7.6401070594
7.6401070594
7.6401070594
7.7441037316
7.7441037316
7.7441037316
7.7525483803
7.7525483803
7.7525483803
8.0727666066
8.0727666066
8.0727666066
7.5942403917
7.5942403917
7.5942403917
7.6995552651
7.6995552651
7.6995552651
7.8522151385
7.8522151385
7.8522151385
8.0610474217
8.0610474217
8.0610474217
8.5198015205
8.5198015205
8.5198015205
8.8752601697
8.8752601697
8.8752601697
8.9144836661
8.9144836661
8.9144836661
8.8775309826
8.8775309826
8.8775309826
8.5368540341
8.5368540341
8.5368540341
8.6365127972
8.6365127972
8.6365127972
8.7162199132
8.7162199132
8.7162199132
8.7490636096
8.7490636096
8.7490636096
8.7466820324
8.7466820324
8.7466820324
8.7004768132
8.7004768132
8.7004768132
8.4916105924
8.4916105924
8.4916105924
8.2301338112
8.2301338112
8.2301338112
7.9907760428
7.9907760428
7.9907760428
7.9265542839
7.9265542839
7.9265542839
7.9399275296
7.9399275296
7.9399275296
7.9552071274
7.9552071274
7.9552071274
8.0535617204
8.0535617204
8.0535617204
8.1599931194
8.1599931194
8.1599931194
8.1414245219
8.1414245219
8.1414245219
7.9324161058
7.9324161058
7.9324161058
7.7219373195
7.7219373195
7.7219373195
7.3719655425
7.3719655425
7.3719655425
7.4408287670
7.4408287670
7.4408287670
7.3708288025
7.3708288025
7.3708288025
7.2802221308
7.2802221308
7.2802221308
7.5082208931
7.5082208931
7.5082208931
7.6596503967
7.6596503967
7.6596503967
7.5374526127
7.5374526127
7.5374526127
7.7640278964
7.7640278964
7.7640278964
7.8687474877
7.8687474877
7.8687474877
7.9103339741
7.9103339741
7.9103339741
7.6567336538
7.6567336538
7.6567336538
7.6815190798
7.6815190798
7.6815190798
8.0715585304
8.0715585304
8.0715585304
8.2698753729
8.2698753729
8.2698753729
8.3830922754
8.3830922754
8.3830922754
8.2147490340
8.2147490340
8.2147490340
8.1538322541
8.1538322541
8.1538322541
8.1283716289
8.1283716289
8.1283716289
7.9294132645
7.9294132645
7.9294132645
7.9605426803
7.9605426803
7.9605426803
7.9331563420
7.9331563420
7.9331563420
7.8890918656
7.8890918656
7.8890918656
7.6813798568
7.6813798568
7.6813798568
7.7804784099
7.7804784099
7.7804784099
8.0450754683
8.0450754683
8.0450754683
8.3033593309
8.3033593309
8.3033593309
8.4020729440
8.4020729440
8.4020729440
8.2566909933
8.2566909933
8.2566909933
8.3210537524
8.3210537524
8.3210537524
8.2594803306
8.2594803306
8.2594803306
8.0438283823
8.0438283823
8.0438283823
8.0381768842
8.0381768842
8.0381768842
7.7981724869
7.7981724869
7.7981724869
7.4948514045
7.4948514045
7.4948514045
7.1432601739
7.1432601739
7.1432601739
7.1070393087
7.1070393087
7.1070393087
7.7372457017
7.7372457017
7.7372457017
8.3179345069
8.3179345069
8.3179345069
8.5587643484
8.5587643484
8.5587643484
8.3981501131
8.3981501131
8.3981501131
8.4496825217
8.4496825217
8.4496825217
8.2909401408
8.2909401408
8.2909401408
8.2617546619
8.2617546619
8.2617546619
8.4197834815
8.4197834815
8.4197834815
8.6367229132
8.6367229132
8.6367229132
8.6797389275
8.6797389275
8.6797389275
8.5972244818
8.5972244818
8.5972244818
8.5820993503
8.5820993503
8.5820993503
8.6226380116
8.6226380116
8.6226380116
8.4127349021
8.4127349021
8.4127349021
8.4371861258
8.4371861258
8.4371861258
8.4763665063
8.4763665063
8.4763665063
8.4414489383
8.4414489383
8.4414489383
8.4157418022
8.4157418022
8.4157418022
8.3062961642
8.3062961642
8.3062961642
8.2374560068
8.2374560068
8.2374560068
8.1884484249
8.1884484249
8.1884484249
8.0629519892
8.0629519892
8.0629519892
8.1479771128
8.1479771128
8.1479771128
7.7124330153
7.7124330153
7.7124330153
7.6730379202
7.6730379202
7.6730379202
7.8135320317
7.8135320317
7.8135320317
7.6397165000
7.6397165000
7.6397165000
7.8350465263
7.8350465263
7.8350465263
7.8763541887
7.8763541887
7.8763541887
7.8722050030
7.8722050030
7.8722050030
7.6164141917
7.6164141917
7.6164141917
7.4942361738
7.4942361738
7.4942361738
7.7516491867
7.7516491867
7.7516491867
7.9732848201
7.9732848201
7.9732848201
8.6163274840
8.6163274840
8.6163274840
8.5459536763
8.5459536763
8.5459536763
8.6299790783
8.6299790783
8.6299790783
8.3027460085
8.3027460085
8.3027460085
8.2108034013
8.2108034013
8.2108034013
8.2806753913
8.2806753913
8.2806753913
8.4092224620
8.4092224620
8.4092224620
8.6640937180
8.6640937180
8.6640937180
8.7321956748
8.7321956748
8.7321956748
8.8526017496
8.8526017496
8.8526017496
8.6444364601
8.6444364601
8.6444364601
8.2545525070
8.2545525070
8.2545525070
8.2056384970
8.2056384970
8.2056384970
8.1348509792
8.1348509792
8.1348509792
8.2239947860
8.2239947860
8.2239947860
8.2427708663
8.2427708663
8.2427708663
8.0993902179
8.0993902179
8.0993902179
7.9432570078
7.9432570078
7.9432570078
7.7030182890
7.7030182890
7.7030182890
7.6394127255
7.6394127255
7.6394127255
7.6945872814
7.6945872814
7.6945872814
7.8273736530
7.8273736530
7.8273736530
7.8395996151
7.8395996151
7.8395996151
7.8811516657
7.8811516657
7.8811516657
7.9178203117
7.9178203117
7.9178203117
7.7360912411
7.7360912411
7.7360912411
7.8985594202
7.8985594202
7.8985594202
7.8811675193
7.8811675193
7.8811675193
7.8447902864
7.8447902864
7.8447902864
7.6005554567
7.6005554567
7.6005554567
7.4650726368
7.4650726368
7.4650726368
7.4686695987
7.4686695987
7.4686695987
7.6147430219
7.6147430219
7.6147430219
7.8035165501
7.8035165501
7.8035165501
8.2480143068
8.2480143068
8.2480143068
8.2849044120
8.2849044120
8.2849044120
8.1739585902
8.1739585902
8.1739585902
8.1471126353
8.1471126353
8.1471126353
8.3144429187
8.3144429187
8.3144429187
8.5843309270
8.5843309270
8.5843309270
8.7853613252
8.7853613252
8.7853613252
8.7123393116
8.7123393116
8.7123393116
8.6486248813
8.6486248813
8.6486248813
8.7297037848
8.7297037848
8.7297037848
9.0317385411
9.0317385411
9.0317385411
8.7346616281
8.7346616281
8.7346616281
8.7489989435
8.7489989435
8.7489989435
8.5979587959
8.5979587959
8.5979587959
8.6227159066
8.6227159066
8.6227159066
8.6801430209
8.6801430209
8.6801430209
8.4515191939
8.4515191939
8.4515191939
8.2961658880
8.2961658880
8.2961658880
7.9564024880
7.9564024880
7.9564024880
7.7462107917
7.7462107917
7.7462107917
7.9160370475
7.9160370475
7.9160370475
7.7880588959
7.7880588959
7.7880588959
7.7347685380
7.7347685380
7.7347685380
7.5311616434
7.5311616434
7.5311616434
7.6102296756
7.6102296756
7.6102296756
7.7028350094
7.7028350094
7.7028350094
7.8301014850
7.8301014850
7.8301014850
8.0474664203
8.0474664203
8.0474664203
7.8263499959
7.8263499959
7.8263499959
7.8534477120
7.8534477120
7.8534477120
7.9073853599
7.9073853599
7.9073853599
8.1056524024
8.1056524024
8.1056524024
8.3728740992
8.3728740992
8.3728740992
8.2427443888
8.2427443888
8.2427443888
7.8884717209
7.8884717209
7.8884717209
8.0020828761
8.0020828761
8.0020828761
7.9638708314
7.9638708314
7.9638708314
8.2626587725
8.2626587725
8.2626587725
8.2906432323
8.2906432323
8.2906432323
8.4346360044
8.4346360044
8.4346360044
8.6040029836
8.6040029836
8.6040029836
8.6950640619
8.6950640619
8.6950640619
8.7173260230
8.7173260230
8.7173260230
8.7665358369
8.7665358369
8.7665358369
8.8141646254
8.8141646254
8.8141646254
8.7369212260
8.7369212260
8.7369212260
8.5511140623
8.5511140623
8.5511140623
8.3589033167
8.3589033167
8.3589033167
8.0588376228
8.0588376228
8.0588376228
7.9987760276
7.9987760276
7.9987760276
8.0964921444
8.0964921444
8.0964921444
8.0466924353
8.0466924353
8.0466924353
8.0974940546
8.0974940546
8.0974940546
8.4591226499
8.4591226499
8.4591226499
8.6832290586
8.6832290586
8.6832290586
8.8303260457
8.8303260457
8.8303260457
8.8485809373
8.8485809373
8.8485809373
8.5676122314
8.5676122314
8.5676122314
8.2573135120
8.2573135120
8.2573135120
7.7373591952
7.7373591952
7.7373591952
7.2909412126
7.2909412126
7.2909412126
6.9757568030
6.9757568030
6.9757568030
6.7836009106
6.7836009106
6.7836009106
6.5396796032
6.5396796032
6.5396796032
6.4714175002
6.4714175002
6.4714175002
6.3360047917
6.3360047917
6.3360047917
6.4045430384
6.4045430384
6.4045430384
6.4163318194
6.4163318194
6.4163318194
6.5922591880
6.5922591880
6.5922591880
6.5958712564
6.5958712564
6.5958712564
6.7188941301
6.7188941301
6.7188941301
6.9561689130
6.9561689130
6.9561689130
7.1140443178
7.1140443178
7.1140443178
7.4914410914
7.4914410914
7.4914410914
7.7321206416
7.7321206416
7.7321206416
8.3523207931
8.3523207931
8.3523207931
8.6088108895
8.6088108895
8.6088108895
9.0606492495
9.0606492495
9.0606492495
9.3229858877
9.3229858877
9.3229858877
9.3264651766
9.3264651766
9.3264651766
9.4417483288
9.4417483288
9.4417483288
9.3545211740
9.3545211740
9.3545211740
9.3236136516
9.3236136516
9.3236136516
9.1917463103
9.1917463103
9.1917463103
9.0286482465
9.0286482465
9.0286482465
8.6189987648
8.6189987648
8.6189987648
8.4903069063
8.4903069063
8.4903069063
8.0238539280
8.0238539280
8.0238539280
7.6514468276
7.6514468276
7.6514468276
7.2758242229
7.2758242229
7.2758242229
7.0443387258
7.0443387258
7.0443387258
6.9519245032
6.9519245032
6.9519245032
6.6925091336
6.6925091336
6.6925091336
6.7306161413
6.7306161413
6.7306161413
6.7496542962
6.7496542962
6.7496542962
6.8206762352
6.8206762352
6.8206762352
6.9507647336
6.9507647336
6.9507647336
6.9958141431
6.9958141431
6.9958141431
7.2173756940
7.2173756940
7.2173756940
7.4795230937
7.4795230937
7.4795230937
7.7803945887
7.7803945887
7.7803945887
8.2118815209
8.2118815209
8.2118815209
8.5826494102
8.5826494102
8.5826494102
8.8034474749
8.8034474749
8.8034474749
8.9408849127
8.9408849127
8.9408849127
9.2353848165
9.2353848165
9.2353848165
9.3297924949
9.3297924949
9.3297924949
9.3480992770
9.3480992770
9.3480992770
9.4523745291
9.4523745291
9.4523745291
9.4735368812
9.4735368812
9.4735368812
9.3735791876
9.3735791876
9.3735791876
9.2954602498
9.2954602498
9.2954602498
9.0883133849
9.0883133849
9.0883133849
8.6941762488
8.6941762488
8.6941762488
8.4475997763
8.4475997763
8.4475997763
8.0154512443
8.0154512443
8.0154512443
7.6246487934
7.6246487934
7.6246487934
7.3258438488
7.3258438488
7.3258438488
7.1087555276
7.1087555276
7.1087555276
6.8584392436
6.8584392436
6.8584392436
6.8251249678
6.8251249678
6.8251249678
6.8390578515
6.8390578515
6.8390578515
6.8018196817
6.8018196817
6.8018196817
6.5241635751
6.5241635751
6.5241635751
6.6222988536
6.6222988536
6.6222988536
6.7706830644
6.7706830644
6.7706830644
6.9823586202
6.9823586202
6.9823586202
7.3870761332
7.3870761332
7.3870761332
7.7640394603
7.7640394603
7.7640394603
8.2174006281
8.2174006281
8.2174006281
8.6789352749
8.6789352749
8.6789352749
8.8866476136
8.8866476136
8.8866476136
9.2449765749
9.2449765749
9.2449765749
9.4310078722
9.4310078722
9.4310078722
9.5076685071
9.5076685071
9.5076685071
9.4979295105
9.4979295105
9.4979295105
9.4908416038
9.4908416038
9.4908416038
9.4950306327
9.4950306327
9.4950306327
9.3332821546
9.3332821546
9.3332821546
9.1679676472
9.1679676472
9.1679676472
8.8156292493
8.8156292493
8.8156292493
8.5696507829
8.5696507829
8.5696507829
8.2289053845
8.2289053845
8.2289053845
7.7613865375
7.7613865375
7.7613865375
7.3100133104
7.3100133104
7.3100133104
7.0646562590
7.0646562590
7.0646562590
6.7919232377
6.7919232377
6.7919232377
6.6988744725
6.6988744725
6.6988744725
6.6701040586
6.6701040586
6.6701040586
6.8774405295
6.8774405295
6.8774405295
6.8415655000
6.8415655000
6.8415655000
7.1155154264
7.1155154264
7.1155154264
7.2542653735
7.2542653735
7.2542653735
7.6922907909
7.6922907909
7.6922907909
7.8597257887
7.8597257887
7.8597257887
7.8452412914
7.8452412914
7.8452412914
8.0223046817
8.0223046817
8.0223046817
7.9666829605
7.9666829605
7.9666829605
7.9507724541
7.9507724541
7.9507724541
7.9311837287
7.9311837287
7.9311837287
7.9003699606
7.9003699606
7.9003699606
7.9163940183
7.9163940183
7.9163940183
7.9647059341
7.9647059341
7.9647059341
7.9417953411
7.9417953411
7.9417953411
7.9664774400
7.9664774400
7.9664774400
7.9728791634
7.9728791634
7.9728791634
7.9479953933
7.9479953933
7.9479953933
7.9389571743
7.9389571743
7.9389571743
7.8693850085
7.8693850085
7.8693850085
7.8439983892
7.8439983892
7.8439983892
7.8613642696
7.8613642696
7.8613642696
7.9615288377
7.9615288377
7.9615288377
7.8866380342
7.8866380342
7.8866380342
7.8076257005
7.8076257005
7.8076257005
7.7522739753
7.7522739753
7.7522739753
7.7315543529
7.7315543529
7.7315543529
7.7846165734
7.7846165734
7.7846165734
7.8703179154
7.8703179154
7.8703179154
7.8797284536
7.8797284536
7.8797284536
7.7840057639
7.7840057639
7.7840057639
7.8095545869
7.8095545869
7.8095545869
7.7642557818
7.7642557818
7.7642557818
7.9285048159
7.9285048159
7.9285048159
7.9007298309
7.9007298309
7.9007298309
7.9199991387
7.9199991387
7.9199991387
7.9407974433
7.9407974433
7.9407974433
7.8744793997
7.8744793997
7.8744793997
7.7779218622
7.7779218622
7.7779218622
7.9061006469
7.9061006469
7.9061006469
7.9671417380
7.9671417380
7.9671417380
7.8347507160
7.8347507160
7.8347507160
7.8630920390
7.8630920390
7.8630920390
7.9421250441
7.9421250441
7.9421250441
7.9327052874
7.9327052874
7.9327052874
7.9060288392
7.9060288392
7.9060288392
7.7853507990
7.7853507990
7.7853507990
7.6414073692
7.6414073692
7.6414073692
7.7147911834
7.7147911834
7.7147911834
7.7610248853
7.7610248853
7.7610248853
7.8543155931
7.8543155931
7.8543155931
8.0244621035
8.0244621035
8.0244621035
8.1299043341
8.1299043341
8.1299043341
8.0684770446
8.0684770446
8.0684770446
8.1961153075
8.1961153075
8.1961153075
8.2595861066
8.2595861066
8.2595861066
8.3437102632
8.3437102632
8.3437102632
8.5115098378
8.5115098378
8.5115098378
8.3172116375
8.3172116375
8.3172116375
8.4230114758
8.4230114758
8.4230114758
8.5627892938
8.5627892938
8.5627892938
8.7554115243
8.7554115243
8.7554115243
8.5974897942
8.5974897942
8.5974897942
8.6809208347
8.6809208347
8.6809208347
8.7484150858
8.7484150858
8.7484150858
8.6825732160
8.6825732160
8.6825732160
8.7284285570
8.7284285570
8.7284285570
8.6552816914
8.6552816914
8.6552816914
8.4927003683
8.4927003683
8.4927003683
8.3002116642
8.3002116642
8.3002116642
8.2648110232
8.2648110232
8.2648110232
8.3650645274
8.3650645274
8.3650645274
8.4357188024
8.4357188024
8.4357188024
8.3858070516
8.3858070516
8.3858070516
8.4120621399
8.4120621399
8.4120621399
8.4257357829
8.4257357829
8.4257357829
8.3870056526
8.3870056526
8.3870056526
8.3228336121
8.3228336121
8.3228336121
8.4172795834
8.4172795834
8.4172795834
8.4331679796
8.4331679796
8.4331679796
8.2124627075
8.2124627075
8.2124627075
7.9979992646
7.9979992646
7.9979992646
8.2287376696
8.2287376696
8.2287376696
8.3060754593
8.3060754593
8.3060754593
7.7828598278
7.7828598278
7.7828598278
7.6722293777
7.6722293777
7.6722293777
8.1254379753
8.1254379753
8.1254379753
7.6594315379
7.6594315379
7.6594315379
7.3716467323
7.3716467323
7.3716467323
7.3509831778
7.3509831778
7.3509831778
6.0821317805
6.0821317805
6.0821317805
6.0777199013
6.0777199013
6.0777199013
5.5930532820
0.9749424688
0.9749424688
0.6255150372
0.6255150372
0.1825261486
0.1825261486
0.4313278083
0.4313278083
0.4417981655
0.4417981655
0.6649018677
0.6649018677
1.4325453043
1.4325453043
2.2363231329
2.2363231329
3.0445580421
3.0445580421
2.9797562569
2.9797562569
1.9234649322
1.9234649322
1.8189152226
1.8189152226
3.5290254618
3.5290254618
2.1302907999
2.1302907999
1.5349610666
1.5349610666
1.7261500411
1.7261500411
0.6862669608
0.6862669608
0.2357587050
0.2357587050
0.7766519295
0.7766519295
0.1454623445
0.1454623445
0.6500714677
0.6500714677
0.5445113618
0.5445113618
0.5454647005
0.5454647005
0.6565932043
0.6565932043
0.4982609704
0.4982609704
1.0348240378
1.0348240378
0.8217793353
0.8217793353
0.5293954889
0.5293954889
0.4834106141
0.4834106141
0.5489757516
0.5489757516
0.4858704398
0.4858704398
0.7190136912
0.7190136912
0.7015277007
0.7015277007
0.7323862301
0.7323862301
0.5278213880
0.5278213880
0.7030417798
0.7030417798
0.6634559010
0.6634559010
0.6189150204
0.6189150204
0.5250798723
0.5250798723
0.3835591586
0.3835591586
0.4949535419
0.4949535419
0.4715053547
0.4715053547
0.3544114960
0.3544114960
0.1672328236
0.1672328236
0.1605611095
0.1605611095
0.1751944563
0.1751944563
0.3358460548
0.3358460548
0.3660987830
0.3660987830
0.3060162450
0.3060162450
0.4086692026
0.4086692026
0.3936915697
0.3936915697
0.2650620031
0.2650620031
0.2864716045
0.2864716045
0.1591209090
0.1591209090
0.2693084996
0.2693084996
0.5068251009
0.5068251009
0.7575180718
0.7575180718
0.7355355712
0.7355355712
0.8512720793
0.8512720793
0.7276241318
0.7276241318
0.7458564132
0.7458564132
0.8305633272
0.8305633272
0.6334662604
0.6334662604
0.4771498229
0.4771498229
0.3891425172
0.3891425172
0.3956403245
0.3956403245
0.5087552694
0.5087552694
0.5244190173
0.5244190173
0.6180212537
0.6180212537
0.3252758737
0.3252758737
0.3248449314
0.3248449314
0.4945657600
0.4945657600
0.7493669386
0.7493669386
0.7643566986
0.7643566986
0.8011750439
0.8011750439
0.6887612571
0.6887612571
0.7319359226
0.7319359226
0.7485701698
0.7485701698
0.8819925656
0.8819925656
0.9336855707
0.9336855707
1.0392599145
1.0392599145
1.0169424563
1.0169424563
0.8604658168
0.8604658168
0.7236643775
0.7236643775
0.6078490561
0.6078490561
0.5163466573
0.5163466573
0.4952035106
0.4952035106
0.3904807915
0.3904807915
0.4636039076
0.4636039076
0.6010547383
0.6010547383
0.7931284165
0.7931284165
0.8064880144
0.8064880144
0.4540911935
0.4540911935
0.4368465500
0.4368465500
0.5582160217
0.5582160217
0.5447663271
0.5447663271
0.4552172754
0.4552172754
0.3698451329
0.3698451329
0.3558491992
0.3558491992
0.2428861256
0.2428861256
0.1863963672
0.1863963672
0.3844908137
0.3844908137
0.6091719753
0.6091719753
0.7696149810
0.7696149810
0.9003222938
0.9003222938
0.9078169488
0.9078169488
0.9174955274
0.9174955274
0.9532565247
0.9532565247
0.9530512724
0.9530512724
0.8379017043
0.8379017043
0.9220336301
0.9220336301
0.7788467189
0.7788467189
0.7317221020
0.7317221020
0.8061361282
0.8061361282
0.9309465226
0.9309465226
0.7021766517
0.7021766517
0.4559924143
0.4559924143
1.0398049907
1.0398049907
0.8164620577
0.8164620577
0.8376941079
0.8376941079
0.7180706669
0.7180706669
0.7713228187
0.7713228187
0.7675767091
0.7675767091
