1.9131735529
1.9761520361
2.0733638278
2.2618322513
2.5783839867
2.7363211347
3.2237075778
3.5823732653
3.7863500748
3.8931936803
3.9210214407
4.0313427066
4.0972782296
4.0678559253
4.0384557537
4.0035405914
3.9919397400
4.0423291107
4.0485400131
4.0569110445
4.0126835275
4.0093545811
3.9838724904
3.9434769372
3.9613569926
3.9299397484
3.9477339991
3.9135841329
3.9836898837
3.9713009628
3.8636726738
3.8737668615
3.9498783643
3.9015654016
3.9016933303
3.8881302036
3.8858594859
3.8283143699
3.7601398153
3.7682169823
3.4888104803
3.4696751709
3.3726221951
3.4527469075
3.3822206534
3.3515297360
3.3721767245
3.1026594990
3.0197568945
2.9859066226
3.0444028227
2.7785337904
2.7263390750
2.5197917207
2.2538937683
2.1529191191
2.1115100233
2.6125255445
2.4789720281
2.3124610614
2.2625399742
2.2260045460
2.1588059015
2.0706229227
2.1401485803
1.9476140781
1.9319031581
1.8700884951
1.7224545889
1.7192711729
1.7642818848
1.7366334366
1.7012245148
1.5777197038
1.6382524330
1.5928101462
1.6158732879
1.6434558730
1.6091975217
1.5658462100
1.6518306996
1.5248093767
1.5548449906
1.4838066687
1.4408537143
1.6686249898
1.6655972425
1.7026313140
1.9063933748
1.8080198020
2.3041977659
2.2769227332
1.4579103082
1.5328569345
1.5669868735
1.5041405084
1.4901355600
1.5166209971
1.6142982586
1.6101373154
1.5659862280
1.5972767871
1.5321690395
1.6229307830
1.5822532007
1.5712785883
1.3817498642
1.4182753597
1.4753962879
1.3616612867
1.4407675209
1.3356012756
13.4050259182
13.3997467627
13.4462528088
13.5083671991
13.4685592464
13.4725639467
13.4913892658
13.5492255973
13.4584976230
13.4709817007
13.4680885619
13.4287395214
13.4844231206
13.4058670999
13.4438561882
13.4740027068
13.4185397407
13.4664843879
13.4843012345
13.3769828524
13.3644996957
13.3974096335
13.3855341380
13.1438866068
12.8585445981
12.9948504316
13.2093980096
13.0537862228
13.0727522259
13.0072276891
13.1848437512
13.3745408919
13.2775331391
13.3559107546
13.2153997689
13.3407311260
13.4152939552
13.7159833350
13.3714807290
13.3348413955
12.7801271195
12.7107559700
12.6682312663
12.5342975049
12.6073997709
13.1089614730
13.1639465648
13.9945086341
13.8638153418
14.0585696325
13.9147635398
13.9047925098
13.3448081746
12.7260117444
12.7293047397
12.3720499439
12.6013217902
12.3269020663
12.2779466608
12.1610966688
12.7422732374
12.7293536565
12.8629634868
13.2898579864
13.6223968317
13.4961706854
12.0430638460
12.0334774425
12.0575414477
12.1393848909
12.1443542648
12.0887068043
12.1425138685
12.1700126430
12.0614085613
12.0271753161
11.9449822094
13.1444747996
13.2124945504
13.1258758985
13.1411888989
13.0909349121
13.0434844922
13.0119723601
13.1442905420
13.1097032332
13.0958128355
13.0798315417
13.1399378487
13.1433475463
13.0069431170
13.0817209844
13.4883874730
13.2145632853
13.7330320555
13.3006024704
13.2391042337
13.4059142076
13.4195916212
13.1562068523
13.3143703575
13.3620354817
13.2039001382
13.1913374367
13.2609237182
13.0490347342
12.9489128019
13.0513189696
13.5882127879
13.2633696069
13.4938192159
13.5005770896
13.5280678802
13.4023516803
13.1592722528
13.2026535656
13.1324295251
13.0897958953
12.9483983186
13.2722573533
13.1897767441
13.0210695492
13.1557123171
13.2908043352
13.1699012481
12.8858450635
12.8873916937
12.9507658740
13.0911372398
12.9839251248
13.0195965035
13.0568487233
12.7748957118
12.8882226496
12.9914804871
13.0533563526
13.0679598503
13.0409079145
13.0402232135
12.8535294890
