0.4730054903
0.4616760702
0.4528117793
0.4458700945
0.4465248069
0.4451501614
0.4401925597
0.4262978807
0.4083440480
0.3810956749
0.3543899069
0.3305095227
0.3160125028
0.3125396529
0.3121933403
0.3120341977
0.3126871093
0.3048571339
0.3054228884
0.3010304565
0.2962475502
0.2972839944
0.2991711996
0.2993597850
0.2976737794
0.2943467552
0.2941272412
0.2888686242
0.2909978134
0.2900489454
0.2897177566
0.2924210999
0.2966706700
0.2964065717
0.3004108090
0.3028139270
0.2993431156
0.2948425232
0.2901853761
0.2856834848
0.2883253121
0.2866939893
0.2847493985
0.2820225041
0.2751956698
0.2723082734
0.2699442453
0.2689582678
0.2694627514
0.2691591138
0.2688141823
0.2689240206
0.2680518994
0.2665405591
0.2647174618
0.2627460081
0.2598305283
0.2542763930
0.2480928721
0.2408913093
0.2336292783
0.2268640063
0.2225404385
0.2185191052
0.2153040282
0.2167754048
0.2152220744
0.2173408595
0.2165119233
0.2157345414
0.2150477811
0.2169839553
0.2168213664
0.2161989868
0.2163912246
0.2171615103
0.2181503052
0.2223872943
0.2242444335
0.2266333887
0.2286729664
0.2327395283
0.2395690728
0.2419444245
0.2447362087
0.2516445461
0.2539523112
0.2595974310
0.2625867905
0.2691145204
0.2724333643
0.2752721338
0.2789415625
0.2824261830
0.2881297289
0.2972239973
0.3031021906
0.3132840928
0.3221373062
0.3340123241
0.3469639620
0.3523101207
0.3618576931
0.3672095498
0.3744895638
0.3795510017
0.3843889031
0.3897328434
0.3953700471
0.4017892431
0.4074825356
0.4122731950
0.4156210114
0.4186760796
0.4193145986
0.4199872072
0.4189319084
0.4153484246
0.4099946367
0.4040587284
0.3997688951
0.3975626736
0.3978305937
0.3973054262
0.3973197290
0.3970949031
0.4002162943
0.4016259559
0.4009991664
0.4004835183
0.4002992984
0.3987223223
0.3935183393
0.3836653473
0.3771404831
0.3728842378
0.3706610659
0.3637236431
0.3585536878
0.3547755475
0.3532392245
0.3502302652
0.3479949699
0.3478097344
0.3471889944
0.3504038606
0.3577830283
0.3557335657
0.3622156524
0.3702466687
0.3698928122
0.3703357097
0.3736399298
0.3764740797
0.3828825503
0.3882434747
0.3920206189
0.3952438692
0.4026970802
0.4132896490
0.4212334281
0.4265120250
0.4289579948
0.4360994448
0.4358279641
0.4329236311
0.4303782271
0.4270823072
0.4221015058
0.4202709731
0.4188531505
0.4168237989
0.4185847835
0.4189911494
0.4211683887
0.4219419172
0.4205819796
0.4216926566
0.4220066874
0.4225237905
0.4236248347
0.4249510535
0.4251882886
0.4260753761
0.4271872247
0.4280740760
0.4277956742
0.4290875656
0.4293621653
0.4292538989
0.4284659930
0.4289200966
0.4281882991
0.4267639214
0.4263553750
0.4250928110
0.4241963053
0.4236820157
0.4226820820
0.4223111073
0.4216430947
0.4208507431
0.4202815872
0.4197375434
0.4193286269
0.4190339535
0.4187559826
0.4180502675
0.4176104302
0.4171393586
0.4167051950
0.4162786315
0.4157683676
0.4155061139
0.4150760219
0.4148815016
0.4148218604
0.4148495294
0.4146358404
0.4147335406
0.4144949281
0.4140683670
0.4136985493
0.4137420817
0.4135465896
0.4132554648
0.4129427943
0.4127450284
0.4124178353
0.4122640254
0.4120590499
0.4118722721
0.4115126488
0.4111873203
0.4113450262
0.4113982244
0.4110075824
0.4105772220
0.4106070666
0.4101930556
0.4097660046
0.4098905759
0.4099400691
0.4099955861
0.4097674125
0.4097969418
0.4099746608
0.4100836391
0.4099534876
0.4098390043
0.4102355229
0.4104630217
0.4104737936
0.4104231254
0.4105037051
0.4104758702
0.4101952892
0.4099710396
0.4099321468
0.4096461792
0.4092646372
0.4090205426
0.4086545831
0.4082919713
0.4080372427
0.4081026374
0.4079905464
0.4081657655
0.4086022870
0.4089414810
0.4090904483
0.4089782051
0.4088207500
0.4086612345
0.4084174472
0.4084396421
0.4084040111
0.4080240542
0.4081817418
0.4078984885
0.4076166168
0.4075712087
0.4076184421
0.4076107520
0.4076609049
0.4076090463
0.4073287777
0.4069548179
0.4067186595
0.4065669242
0.4064703275
0.4228349803
0.4344306091
0.4412248475
0.4456525337
0.4485245452
0.4497076568
0.4499489502
0.4500592920
0.4502279609
0.4498547086
0.4500501251
0.4499767710
0.4500336127
0.4496763489
0.4492678580
0.4497366302
0.4499428033
0.4495505941
0.4493568131
0.4494934575
0.4493962143
0.4488321134
0.4484438905
0.4489344949
0.4495352031
0.4494735830
0.4499363970
0.4512321489
0.4515568248
0.4519265634
0.4525006807
0.4513608288
0.4507399739
0.4509836228
0.4516206703
0.4520434106
0.4515869290
0.4481549510
0.4448219539
0.4451907645
0.4462650324
0.4467173457
0.4460386339
0.4456970170
0.4458982345
0.4460374643
0.4459748872
0.4463110826
0.4461565954
0.4455742096
0.4453699350
0.4456130823
0.4460392147
0.4462081954
0.4464570780
0.4468591027
0.4471668274
0.4475124700
0.4478764741
0.4482867578
0.4485340554
0.4484686823
0.4489547408
0.4493508793
0.4495913459
0.4498060341
0.4498705370
0.4500675444
0.4501210802
0.4502091733
0.4500935484
0.4505641090
0.4506666981
0.4505783311
0.4505348112
0.4509097410
0.4517798939
0.4527452245
0.4531596009
0.4533974203
0.4535096665
0.4539480266
0.4536049811
0.4530766282
0.4545832167
0.4556151003
0.4544917837
0.4544557852
0.4546998254
0.4556482829
0.4575203666
0.4571578372
0.4575331862
0.4590909082
0.4594324830
0.4598051012
0.4602929584
0.4604660211
0.4603385233
0.4603895834
0.4606464615
0.4604444813
0.4605068428
0.4611793968
0.4611190082
0.4609462032
0.4608144510
0.4612475885
0.4612556531
0.4605908670
0.4599347947
0.4600294254
0.4599974478
0.4601986815
0.4603700110
0.4607604776
0.4609423107
0.4615892501
0.4623626486
0.4622267602
0.4621776461
0.4627808410
0.4629320124
0.4636112783
0.4643124043
0.4649283644
0.4651620045
0.4657429108
0.4660812045
0.4662856189
0.4660948542
0.4666666138
0.4678184360
0.4693455371
0.4663218666
0.4608649120
0.4603941733
0.4617445065
0.4603323222
0.4620129419
0.4612605110
0.4623767914
0.4645653460
0.4768799921
0.4828747731
0.4780506736
0.4770966975
0.4748420361
0.4727304589
0.4630733328
0.4590546917
0.4545415942
0.4485234927
0.4465174042
0.4434524132
0.4402793655
0.4350971220
0.4317857731
0.4301172610
0.4302361874
0.4316188032
0.4312668676
0.4287283826
0.4272298455
0.4257249343
0.4245759831
0.4225035821
0.4202814184
0.4194050435
0.4169787506
0.4148211681
0.4135243874
0.4092624030
0.4067846452
0.4036739589
0.4037380772
0.4035576007
0.4038347890
0.4043430061
0.4073639050
0.4077584312
0.4111186335
0.4104790306
0.4154682926
0.4150663028
0.4138973668
0.4151601949
0.4104805125
0.4055382263
0.4008761067
0.4001746546
0.3976510166
0.3968028385
0.4002652862
0.4048674926
0.4125746686
0.4162119359
0.4164472614
0.4147353484
0.4124599541
0.4127210377
0.4188335998
0.4226742759
0.4271227774
0.4321438630
0.4390930372
0.4417344554
0.4431298374
0.4392688170
0.4425925399
0.4353466211
0.4250290068
0.4226984658
0.4144943797
0.4104401987
0.4113736495
0.4024239376
0.3950717875
0.3867266127
0.3818960846
0.3632098667
0.3600044071
0.3547314706
0.3397588005
0.3366502254
0.3233527407
0.3090692003
0.2917671028
0.2822391643
0.2716502878
0.2663713220
0.2551683479
0.2497839818
0.2400523691
0.2394192972
0.2327550377
0.2289080629
0.2246202075
0.2244203071
0.2217580933
0.2221417521
0.2215741316
0.2205746834
0.2165263245
0.2107368230
0.2043544880
0.1992619604
0.1952796392
0.1925372661
0.1918347285
0.1916421594
0.1931052753
0.1934544267
0.1939186642
0.1962142970
0.1960497596
0.1946077683
0.1939671150
0.1959497023
0.1958038343
0.1955668368
0.1953594410
0.1944088176
0.1931942153
0.1884927612
0.1814087906
0.1820734159
0.1853366493
0.1907799846
0.2020346312
0.2093185416
0.2157566069
0.2175614402
0.2171397165
0.2206738253
0.2283811364
0.2344428952
0.2352228118
0.2460032768
0.2454251358
0.2535655666
0.2482669187
0.2512981130
0.2395395506
0.2335204326
0.2308889113
0.2235974739
0.2203470347
0.2137117149
0.2170329817
0.2151882731
0.2148203012
0.2152846195
0.2155988547
0.2147286663
0.2152629278
0.2153690349
0.2159981434
0.2175365664
0.2178850693
0.2198582860
0.2239498899
0.2259620768
0.2290970808
0.2344542910
0.2343158823
0.2359589545
0.2374784660
0.2301146342
0.2299761445
0.2271170938
0.2234344233
0.2147482791
0.2145704628
0.2140828614
0.2149352756
0.2142393675
0.2146494082
0.2166089733
0.2162449392
0.2210577894
0.2224790074
0.2241896994
0.2276508662
0.2314695207
0.2346101212
0.2315074003
0.2369257483
0.2325925717
0.2359057228
0.2321410586
0.2336909604
0.2350101117
0.2429053659
0.2433213261
0.2444681862
0.2459165810
0.2479941972
0.2470698388
0.2476425161
0.2461870386
0.2461283080
0.2398589670
0.2366083973
0.2285178419
0.2194406776
0.2128228693
0.2058335141
0.2000932121
0.1955548199
0.1910952488
0.1878595817
0.1837993461
0.1826662908
0.1802756069
0.1787687189
0.1770199544
0.1734907228
0.1756874169
0.1747221706
0.1749062568
0.1738428814
0.1699396551
0.1679677663
0.1654790961
0.1639696301
0.1640410324
0.1633094698
0.1588971559
0.1606758009
0.1600909109
0.1591865632
0.1611303170
0.1621524856
0.1583817679
0.1563364729
0.1541699762
0.1483271895
0.1417609911
0.1385129828
0.1376612733
0.1407027021
0.1420695878
0.1451415695
0.1463579961
0.1467759931
0.1468198589
0.1482188159
0.1490510428
0.1460498994
0.1449793978
0.1434537451
0.1416007513
0.1399718796
0.1371817815
0.1417247965
0.1397851262
0.1379582284
0.1448382640
0.1440140542
0.1559337139
0.1596945368
0.1643079018
0.1685956817
0.1789900626
0.1809723469
0.1814737214
0.1822791726
0.1935195447
0.1948705379
0.1950722632
0.1941263858
0.1989883143
0.2002245296
0.2068438678
0.2029007528
0.2068876666
0.2119806788
0.2166416063
0.2194822220
0.2219258612
0.2260217538
0.2292086478
0.2296422310
0.2355578767
0.2343824610
0.2395096958
0.2364980682
0.2363806929
0.2389547660
0.2416281715
0.2411818090
0.2429094462
0.2458003586
0.2461611430
0.2510897061
0.2516520816
0.2525317926
0.2537367825
0.2556564887
0.2561295907
0.2559397165
0.2536546147
0.2584455931
0.2627286694
0.2714823810
0.2767457194
0.2820548947
0.2875692314
0.2916854556
0.2965082923
0.2993194728
0.3028354991
0.3033163343
0.3039617427
0.3006124212
0.3004985310
0.2938185462
0.2920177201
0.2878968987
0.2799185829
0.2733503039
0.2710786214
0.2662604972
0.2650218739
0.2617169181
0.2565764141
0.2503182212
0.2458367387
0.2416403336
0.2389839276
0.2319166769
0.2326102036
0.2309101837
0.2271951099
0.2250906210
0.2238154487
0.2216747298
0.2188111157
0.2182610474
0.2159491649
0.2128797743
0.2104232670
0.2108396528
0.2093374748
0.2081632084
0.2068870088
0.2074926597
0.2067839454
0.2078895429
0.2095386390
0.2096723994
0.2116167423
0.2135672217
0.2185617755
0.2153631038
0.2184295331
0.2196630610
0.2207013559
0.2214331514
0.2203028715
0.2199578017
0.2220578542
0.2189087074
0.2214379681
0.2209293905
0.2213375286
0.2163460210
0.2126070832
0.2083921062
0.1996116361
0.1971505042
0.1919325596
0.1915518543
0.1885409507
0.1860891220
0.1859890266
0.1816044311
0.1814069511
0.1814029550
0.1790279950
0.1794449990
0.1793034588
0.1808999911
0.1824528409
0.1815508788
0.1817700564
0.1782660377
0.1724706878
0.1659755495
0.1588861169
0.1538293013
0.1480314649
0.1460924657
0.1418163465
0.1364141540
0.1325333352
0.1277961586
0.1248470963
0.1239346059
0.1239297734
0.1271670636
0.1274362169
0.1260484374
0.1284532133
0.1307649907
0.1337928169
0.1394644392
0.1471978424
0.1499334801
0.1520153630
0.1601050179
0.1678684722
0.1743349427
0.1758501952
0.1765148152
0.1749947956
0.1737599774
0.1727114739
0.1705760387
0.1712511339
0.1706913940
0.1688578749
0.1689208491
0.1685539754
0.1729202940
0.1739900628
0.1755096864
0.1755136583
0.1714369835
0.1665150951
0.1626945967
0.1608286446
0.1598109569
0.1578609455
0.1585152912
0.1572645237
0.1609808352
0.1640597629
0.1691573903
0.1748917982
0.1770702230
0.1775834405
0.1761001129
0.1751740237
0.1733637707
0.1724670515
0.1702454426
0.1680634776
0.1652306701
0.1620002017
0.1575811121
0.1485316423
0.1422162992
0.1340581741
0.1343165856
0.1448455941
0.1466635985
0.1462211073
0.1498271350
0.1468733658
0.1487516894
0.1480584995
0.1441640059
0.1412326467
0.1290569957
0.1234074907
0.1209019899
0.1196275759
0.1213070069
0.1228019858
0.1240059113
0.1248798459
0.1237607074
0.1244454758
0.1239004020
0.1267358417
0.1264195679
0.1250634183
0.1263814883
0.1268560835
0.1298736175
0.1330597798
0.1363315453
0.1392481745
0.1426268461
0.1467423371
0.1486005309
0.1485724043
0.1481625594
0.1506401851
0.1559536072
0.1665731721
0.1727847628
0.1804457639
0.1886081694
0.1919854109
0.1966567864
0.1981168519
0.1967708392
0.1997019938
0.1963141302
0.1907153400
0.1860124409
0.1817362764
0.1745421756
0.1708729980
0.1736825747
0.1691585020
0.1722860885
0.1689206751
0.1697361406
0.1689407554
0.1653318319
0.1668403705
0.1625586115
0.1633005959
0.1560021206
0.1547788663
0.1512871210
0.1502482574
0.1434977249
0.1434073741
0.1435463155
0.1398666540
0.1404865288
0.1406730853
0.1346249383
0.1332346368
0.1314834165
0.1296441956
0.1221405080
0.1199150302
0.1159475206
0.1063117530
0.1029700332
0.1014219686
0.0963831279
0.0937130274
0.0891724887
0.0800732827
0.0743382569
0.0715290280
0.0692469564
0.0656963956
0.0644450094
0.0668502475
0.0661021388
0.0715102895
0.0734348613
0.0704763593
0.0744513057
0.0728648585
0.0754095500
0.0755528077
0.0765118858
0.0743185753
0.0674760579
0.0649853791
0.0643876569
0.0590533147
0.0499692141
0.0450906130
0.0413909690
0.0420825204
0.0472231663
0.0542192859
0.0583378201
0.0628723265
0.0664307824
0.0688976527
0.0753141012
0.0778046641
0.0814713646
0.0893557833
0.0961297795
0.0940266412
0.0976950480
0.0993352683
0.1007639949
0.0972271200
0.0948083239
0.0838088193
0.0828508820
0.0791327297
0.0715491509
0.0690337993
0.0654437879
0.0634365976
0.0611747328
0.0590738762
0.0569354416
0.0529655660
0.0494072008
0.0506802338
0.0563427529
0.0612751793
0.0701857538
0.0745536710
0.0737005377
0.0722141216
0.0690165920
0.0646947016
0.0617611910
0.0601698935
0.0561930853
0.0546062146
0.0524274071
0.0609723157
0.0608620463
0.0633557440
0.0683097997
0.0699531156
0.0702083138
0.0697399482
0.0697492736
0.0690505165
0.0692521058
0.0681273407
0.0686751792
0.0668206582
0.0655055809
0.0666334857
0.0640725329
0.0627696691
0.0646472023
0.0633720370
0.0636539044
0.0638527764
0.0651623486
0.0651259170
0.0628088369
0.0589377355
0.0582760366
0.0594672771
0.0548422093
0.0558282763
0.0501430595
0.0537033432
0.0597143258
0.0597523538
0.0619417232
0.0646767238
0.0686978045
0.0695099696
0.0678572115
0.0685956710
0.0747676033
0.0831167049
0.0877768010
0.0918710082
0.0949923123
0.1017492937
0.1063188699
0.1133459119
0.1134972508
0.1162564044
0.1203830633
0.1205206331
0.1233119309
0.1137780038
0.1141835114
0.1099455248
0.1053346476
0.1052132319
0.1051130436
0.1014832108
0.1019628625
0.1032616491
0.1033882631
0.1017393089
0.1002209383
0.1049204074
0.1043526958
0.0971588475
0.1004355988
0.0994029611
0.0944703299
0.0825573246
0.0820146473
0.0757885165
0.0815042613
0.0747380694
0.0783193068
0.0768967080
0.0769097580
0.0764078214
0.0766044106
0.0745773353
0.0747832742
0.0745213487
0.0786646826
0.0718103836
0.0683334929
0.0631601201
0.0686254948
0.0677369248
0.0693754842
0.0723350992
0.0722134377
0.0733644967
0.0738551462
0.0788794884
0.0818110395
0.0839797837
0.0861505658
0.0942588529
0.0992295801
0.1049638041
0.1065068948
0.1111309427
0.1157401368
0.1187372285
0.1213421989
0.1271447322
0.1275857846
0.1274867795
0.1259193518
0.1249851150
0.1273360047
0.1246482577
0.1270563357
0.1242784580
0.1232502437
0.1257130260
0.1298156730
0.1365874432
0.1425335878
0.1480030142
0.1494349155
0.1450809236
0.1401866534
0.1333264912
0.1331273985
0.1325058334
0.1299891393
0.1326566920
0.1327860500
0.1359747762
0.1370275352
0.1394288744
0.1396253125
0.1395511436
0.1448071235
0.1471432303
0.1529730392
0.1559169293
0.1577938615
0.1576398376
0.1541603058
0.1556305203
0.1525848026
0.1515184916
0.1505435957
0.1552435595
0.1582796920
0.1632686904
0.1623816440
0.1677811766
0.1667876096
0.1695950601
0.1705701140
0.1701721562
0.1724366031
0.1712474804
0.1722109238
0.1753897794
0.1787155667
0.1828191264
0.1860799485
0.1894103303
0.1972190782
0.2000886994
0.1982989812
0.1991278687
0.2122347618
0.2240016610
0.2322785863
0.2428577316
0.2564816797
0.2728147732
0.2867415148
0.3088188108
0.3242101120
0.3390766548
0.3408764195
0.3271145561
0.2949514249
0.2910177443
0.2864699545
0.2756069932
0.2625501367
0.2616300155
0.2630473647
0.2617292079
0.2593442239
0.2604520472
0.2640866758
0.2454055693
0.2364258769
0.2288085442
0.2303161552
0.2272656435
0.2284006791
0.2221542088
0.2244979215
0.2252604315
0.2218626136
0.2210778445
0.2206126149
0.2227819711
0.2199203092
0.2230489077
0.2236366475
0.2271923655
0.2294255494
0.2326096526
0.2340655236
0.2358051966
0.2298504717
0.2240584767
0.2205054587
0.2139634978
0.2026062639
0.1938690548
0.1738411131
0.1716208304
0.1620920085
0.1552572296
0.1436203661
0.1422363580
0.1509420927
0.1477253895
0.1539192175
0.1529426419
0.1513342685
0.1503886166
0.1503103546
0.1408532990
0.1211945916
0.1145614850
0.1126602908
0.1120221818
0.1144260562
0.1145623542
0.1154113080
0.1214572254
0.1253020067
0.1552100972
0.1666031114
0.1625681200
0.1629115801
0.1560707244
0.1435281910
0.1518892941
0.1582369449
0.1616075501
0.1624013881
0.1628120093
0.1637717415
0.1617321505
0.1595652884
0.1582824029
0.1563633898
0.1541572421
0.1531118365
0.1489543875
0.1462101891
0.1453873367
0.1458136576
0.1473338084
0.1512410260
0.1561508135
0.1567289896
0.1564572073
0.1542640024
0.1499936521
0.1451042535
0.1406776351
0.1355340840
0.1314851976
0.1309756810
0.1278319554
0.1288696321
0.1234894590
0.1185859974
0.1152931515
0.1083771232
0.1040468841
0.1028867708
0.1053410902
0.1105435319
0.1062030749
0.1180335048
0.1144771313
0.1147862440
0.1211061957
0.1258625385
0.1280768607
0.1319232060
0.1288583843
0.1356855871
0.1340070510
0.1443855620
0.1443389066
0.1697595478
0.1710437268
0.1815623472
0.1812538031
0.1849046561
0.1869623500
0.1897446108
0.1957767419
0.1946893974
0.1989923850
0.1958525927
0.1970406496
0.1931422352
0.1873451163
0.1873666711
0.1810558071
0.1783661224
0.1788431729
0.1801037069
0.1783161721
0.1775404411
0.1743936269
0.1722401703
0.1715554498
0.1695048045
0.1673513159
0.1651171045
0.1629652246
0.1626734409
0.1618584195
0.1614622999
0.1578425454
0.1582577933
0.1573235549
0.1577518225
0.1541663375
0.1569453217
0.1561804535
0.1572865793
0.1563962932
0.1655241995
0.1694450532
0.1728574617
0.1761671849
0.1840181227
0.1847412396
0.1873967442
0.1906521647
0.1967163454
0.1978170843
0.1977948355
0.1973833181
0.1966273269
0.1969854146
0.1980915067
0.1942095275
0.1970052774
0.1950179386
0.1953045396
0.1964708817
0.1936396287
0.1960250906
0.1994487572
