5.1946541952
5.1978267131
5.2373609549
5.2408126754
5.2439748671
5.2432529997
5.2434899382
5.2446599750
5.2862901580
5.2900510522
5.2862520359
5.2811256056
5.3196505229
5.3207224801
5.3246450218
5.3275529753
5.3754668319
5.3762759092
5.3813482140
5.4278273638
5.4327134858
5.4347795130
5.4500428718
5.5048030896
5.5146367415
5.5228981428
5.5309714428
5.5412315401
5.5481774331
5.6001909803
5.5962627266
5.5923707871
5.5936210157
5.6412440626
5.6888028519
5.7262168989
5.7647731018
5.7992697095
5.8499035297
5.8904367701
5.9521540656
5.9194485433
5.8791710373
5.8499422301
5.8470244004
5.8884396988
5.9610691980
5.9281284512
5.8851185048
5.8116655290
5.7543199801
5.6724546028
5.6055004680
5.5492069917
5.4954522674
5.4700528776
5.4818970546
5.4808126172
5.4760335483
5.4771509914
5.4871633506
5.5245448181
5.5249093248
5.5105398024
5.5230959880
5.5592876908
5.5842440071
5.6296491734
5.6609357399
5.7280581868
5.8022691984
5.8512456879
5.9023943234
5.9552885479
6.0151111210
6.0328096636
6.0470403512
6.1122142309
6.1207239534
6.1714617557
6.2371044616
6.2323909308
6.2823129628
6.3457046898
6.4029745055
6.4135387319
6.4720538121
6.5269143213
6.5319223373
6.5775267544
6.5763066872
6.6218288943
6.6201887975
6.6636455683
6.6674938134
6.6778408888
6.6984366298
6.7570297286
6.7725699202
6.7956544793
6.8663491642
6.8851343319
6.8985131258
6.9556636657
6.9693395640
7.0290437159
7.0525435242
7.0847070425
7.1251021739
7.2127447168
7.2710905644
7.3521046209
7.3968149821
7.4428618630
7.5264881572
7.6040877837
7.7209753145
7.8234600797
7.9261921484
8.0205068810
8.1044801486
8.1873180046
8.2695085271
8.3720261374
8.4687428585
8.5722664319
8.6733872105
8.7670815207
8.8474459336
8.9177730604
8.9831578784
9.0357833873
9.0924365728
9.1420131050
9.1904318581
9.2238754601
9.2820403103
9.3375327770
9.3921242519
9.4008507819
9.4564157583
9.4520201401
9.4973157709
9.5398583865
9.4946146861
9.5161292929
9.4437975648
9.4303453175
9.4031213418
9.3677175254
9.3175457282
9.2952556858
9.2345334946
9.0949120715
8.9409392248
8.5568560742
8.4376915931
8.2674701326
8.1164591985
7.9416873794
7.8348989035
7.6735284518
7.5049340694
7.3239633099
7.1467724856
6.9613748878
6.8124970626
6.6884399416
6.5073810925
6.3963589891
6.2755497213
6.1844115547
6.0672255541
5.9025755812
5.6397736979
5.4296056210
5.2048152126
4.9104978446
4.7305809589
4.6294666802
4.5152100302
4.4079499635
4.3171331406
4.1856944920
4.0297331737
3.8414705382
3.6866349183
3.5419588430
3.4161211421
3.3083174997
3.1918040769
3.1139373626
3.0912397997
3.0891847820
3.0983934604
3.1151823349
3.1355089492
3.1333805999
3.1078047785
3.0901753063
3.0727943960
3.0512267573
3.0452171553
3.0702802515
3.2872996229
3.8782849221
4.0105987025
4.1050260186
4.2035653188
4.3062775819
4.4188659322
4.4497951609
4.5246459339
4.5810830183
4.6302996826
4.7368722163
4.7525577309
4.7590093259
4.7486836394
4.6693147530
4.5850638120
4.5720120051
4.4932625265
4.4027463135
4.4234221645
4.5096172841
4.6016297599
4.6944471332
4.7881409176
4.8797647987
4.9595559989
5.0261394995
5.0897549906
5.0816580604
5.0640254567
5.0454721111
5.0680604975
5.0390687686
5.0707030324
5.0716595177
5.1184318692
5.1768404822
5.2129158945
5.2176904918
5.2720777570
5.2693351219
5.2003616763
5.0895070878
4.9745405473
4.8803283902
4.8337967581
4.8104306452
4.7792838913
4.7283019234
4.7081135040
4.7136167487
4.7075009196
4.7042018875
4.7014884247
4.7171140586
4.7110225536
4.7217340138
4.7310717363
4.7364388519
4.7305785212
4.7160185775
4.6977472179
4.7000365234
4.6818319331
4.6832120978
4.6605534910
4.6580374603
4.6352382881
4.6361597505
4.6182065422
4.5915180919
4.5952484465
4.5919522403
4.6210396754
4.6376199041
4.6478752010
4.6501161217
4.6565298510
4.6637599002
4.6463196953
4.6387012219
4.6253560082
4.6198642557
4.6096049698
4.6032780533
4.6061930654
4.6036991271
4.6003800275
4.5983891790
4.6070706997
4.6131604447
4.6201103394
4.6366415306
4.6366244268
4.6447100282
4.6461263421
4.6453589656
4.6498631165
4.6444743341
4.6411997831
4.6349514855
4.6400515625
4.6460008508
4.6482870121
4.6262400538
4.5946218657
4.5701702137
4.5359326432
4.5040845726
4.5032378888
4.4789685937
4.4585547319
4.4556175970
4.4530091899
4.4604546481
4.4628725964
4.4622705079
4.4639474253
4.4758697717
4.4895742364
4.4782570895
4.4541309508
4.4565938623
4.4426935315
4.4126289197
4.3739491534
4.3314714653
4.2808712710
4.2058637484
4.1406954838
4.0768378386
4.0572972321
4.0391714833
3.9717451283
3.9011689693
3.8230492006
3.7389737220
3.6464075589
3.5502947402
3.4484061291
3.3344672205
3.2173865806
3.0988839490
2.9886775106
2.8597032920
2.7182877294
2.5788521747
2.4591911754
2.3631438020
2.2655523683
2.1678345386
2.1049422558
2.0636762007
1.9803082860
1.9203937686
1.8919641036
1.8591603470
1.8196674314
1.7898685550
1.7415041272
1.6854446263
1.6556279782
1.5845608576
1.5701012996
1.5820594443
1.5705365010
1.5364750187
1.4791536495
1.4260936758
1.3529947432
1.2644769338
1.1733026188
1.1099428465
1.0316126979
0.9096238619
0.8448204468
0.8022531424
0.7821886484
0.7780228174
0.7862287553
0.8010011838
0.8211523069
0.8649506263
0.9325226132
1.0072717569
1.0796620771
1.2170705925
1.3576741323
1.5229632073
1.7572365365
1.8275701951
1.8726826667
1.9338450336
2.0523957114
2.0539116861
2.1170607680
2.2289377135
2.3246810640
2.4985891275
2.8083230214
3.1188925200
3.2950059889
3.2931086908
3.3045855719
3.3987764620
3.4205434401
3.5227092706
3.5375242527
3.6143529131
3.6873924051
3.7732210353
3.8648507325
3.9677363808
3.9722232135
4.0774391047
4.1833764706
4.1819626058
4.2775355331
4.2654556580
4.4890917807
4.6208044782
4.7538421274
4.7387007450
4.8582802508
4.8471185674
4.8423623685
4.8404314570
4.9763855146
4.9823138212
4.9862381927
5.0969578634
5.0915703489
5.1726994873
5.1531792753
5.2029088448
5.1725258636
5.2012792126
5.1484780608
5.1822336817
5.1526098359
5.1332642353
5.1576411556
5.1773511790
5.1927691049
5.1889095366
5.1873513869
5.1879159659
5.1823511342
5.1559399571
5.1079230081
5.0736076694
5.0488074516
5.0376829335
5.0102064620
4.9737842697
4.9402775882
4.9367292425
4.9066898540
4.9104438843
4.8747508025
4.8283037983
4.8182193706
4.8207927773
4.8119766505
4.7970158408
4.8016066112
4.7953387953
4.7851687144
4.7333626346
4.6900588823
4.6624993974
4.6289044739
4.5389915517
4.4839082165
4.4623111996
4.4929836945
4.5847408018
4.6133527362
4.7631100849
4.7989417171
4.8575500324
4.8905061638
4.6991019944
4.7109756486
4.6922086108
4.6880764181
4.6892591906
4.6824704512
4.6372240886
4.6115654596
4.5876786209
4.5689117687
4.5468313713
4.4965240853
4.4571174068
4.4484985985
4.4395833116
4.4302679187
4.4006570659
4.3753831986
4.3574535497
4.3491178220
4.3490972994
4.3381642304
4.3252310604
4.3255974114
4.3300595661
4.3115966527
4.2869049087
4.2924233696
4.3222797737
4.3422993605
4.3713813903
4.3907912540
4.3876644054
4.3942105960
4.3972618461
4.3921253836
4.3896217559
4.3653348513
4.3620692631
4.3447545415
4.3017345711
4.2024702090
4.2060599158
4.2530947974
4.2720506652
4.3231944294
4.3782064188
4.4056373251
4.4170318800
4.4248448186
4.4500722004
4.4449867807
4.4395141372
4.4279744587
4.4093475352
4.3962828655
4.3905820575
4.3930482520
4.3824270441
4.3759057271
4.3720132901
4.3645625446
4.3625576318
4.3640263185
4.3592520841
4.3536194256
4.3535838392
4.3493961137
4.3394205443
4.3274735347
4.3158839017
4.3039424163
4.3062320985
4.2958986483
4.2996364845
4.2717396224
4.2169506729
4.0587990395
3.9455269912
3.7722855504
3.6398261014
3.3557639165
3.2310149197
3.1726779912
3.1801064346
3.0542833049
2.9868950225
2.9386741701
2.8935136292
2.8359973140
2.7843532350
2.7412226731
2.7127940067
2.7307836867
2.7157847136
2.6801476580
2.6686437056
2.6403192530
2.6317245902
2.6241681247
2.6328518374
2.6260373504
2.6321688725
2.6248239482
2.6421719833
2.6546851892
2.6619890547
2.6820107698
2.6886959461
2.6826467447
2.6831361176
2.6844286820
2.6778106492
2.6827658819
2.6480572318
2.6583970189
2.6641569499
2.6737650845
2.6886488855
2.7087028297
2.7304264310
2.7375353481
2.7299483934
2.7194467065
2.7117988483
2.6955491883
2.6772022913
2.6546560426
2.6328812160
2.6069082714
2.5871980792
2.5703525645
2.5535851516
2.5433551893
2.5383945220
2.5315271472
2.5224345514
2.5115996148
2.5140496273
2.5041963958
2.4950450735
2.4825300186
2.4692284705
2.4595518692
2.4687125358
2.4654465819
2.4422108550
2.4294432929
2.3568758263
2.2964156100
2.2574691489
2.2073806184
2.1744247382
2.1437395071
2.1030372700
2.0831415995
2.0397375391
1.9868273838
1.9427501205
1.8997832810
1.9605890427
1.9481747238
1.9751598162
1.9605465924
1.9485682779
1.9402170798
1.9257915916
1.9223578163
1.9116775042
1.9229892943
1.9353051703
1.9514198975
1.9925699937
2.0797452351
2.0953813382
2.1530611520
2.2003842844
2.2495212651
2.2943180918
2.3274222870
2.3559653847
2.3806403517
2.4246323259
2.4494196633
2.4768974858
2.5091027040
2.5564367916
2.6005137314
2.6616584108
2.7139069623
2.7679420818
2.8130486184
2.8615492573
2.9239175030
2.9911774208
3.0678184324
3.1528320699
