0.0290782667
0.0292261215
0.0300456859
0.0301829379
0.0303069725
0.0302116327
0.0310574423
0.0314610517
0.0318352277
0.0316664450
0.0328372725
0.0338667418
0.0352118182
0.0352212873
0.0364633738
0.0375472323
0.0362845504
0.0349049913
0.0325922900
0.0326534331
0.0316284083
0.0309724693
0.0295467878
0.0297044286
0.0292062763
0.0297157471
0.0301496792
0.0301316094
0.0298661168
0.0290907775
0.0285023523
0.0284583052
0.0285402727
0.0278518546
0.0285655332
0.0285837938
0.0283757821
0.0288632459
0.0289061948
0.0291739689
0.0286932825
0.0288568401
0.0242329751
0.0242961626
0.0254559682
0.0219840217
0.0220326608
0.0202705638
0.0201061263
0.0198920838
0.0201237159
0.0204125982
0.0215754020
0.0208955183
0.0201691505
0.0200598073
0.0182514264
0.0190489521
0.0322107860
0.0183743463
0.0170447924
0.0209382606
0.0180100744
0.0150304768
0.0187107032
0.0175185788
0.0194933159
0.0192716215
0.0223437324
0.0232760057
0.0187830142
0.0191168857
0.0173428389
0.0169412241
0.0183201138
0.0189497923
0.0211626017
0.0227813628
0.0257571141
0.0269681600
0.0289162830
0.0297590921
0.0297127049
0.0336785260
0.0330481686
0.0312006261
0.0327181225
0.0304484269
0.0312830673
0.0341522880
0.0351904432
0.0334521221
0.0349470677
0.0395224558
0.0435727083
0.0469196567
0.0431710057
0.0466664031
0.0495778415
0.0543941562
0.0539072962
0.0570227747
0.0587858137
0.0605980839
0.0604495506
0.0590143172
0.0608614486
0.0613118388
0.0558249747
0.0561975935
0.0587359534
0.0569035969
0.0545787082
0.0536363698
0.0536596709
0.0549882200
0.0550686052
0.0556265093
0.0575964000
0.0560272510
0.0598290875
0.0610443534
0.0630763167
0.0617466419
0.0625740460
0.0618245790
0.0611759527
0.0611717545
0.0620370150
0.0619515275
0.0570241441
0.0549370960
0.0548619708
0.0544468348
0.0527453324
0.0502584073
0.0493214220
0.0476599925
0.0468823615
0.0450482411
0.0414553926
0.0386657542
0.0370815092
0.0340098785
0.0323533413
0.0305419624
0.0313392213
0.0298616224
0.0300131256
0.0296327344
0.0294615197
0.0298123357
0.0308030512
0.0307241627
0.0310194240
0.0318422834
0.0306236537
0.0307991694
0.0294126918
0.0257702857
0.0255728840
0.0201698503
0.0199684805
0.0168331633
0.0157791842
0.0156143993
0.0144541416
0.0144588455
0.0148457403
0.0138123032
0.0125232966
0.0126897055
0.0116737263
0.0126647192
0.0135600507
0.0148769602
0.0141802243
0.0148253852
0.0149738016
0.0137590165
0.0125714987
0.0142251934
0.0135106526
0.0144018078
0.0167507266
0.0174777157
0.0215176221
0.0234634687
0.0226254193
0.0259264243
0.0263135138
0.0297748700
0.0238545610
0.0278050150
0.0227725037
0.0271136693
0.0266754571
0.0228278179
0.0268114012
0.0261886556
0.0257676353
0.0260655600
0.0298106607
0.0294636056
0.0248504129
0.0265552213
0.0297525076
0.0270371088
0.0254492881
0.0281701720
0.0300943137
0.0310946888
0.0300888374
0.0362203883
0.0368369622
0.0366212492
0.0398708935
0.0412654906
0.0430080634
0.0442134758
0.0455818069
0.0470197059
0.0491038365
0.0495375677
0.0509774700
0.0539930813
0.0599806285
0.0581831010
0.0632049970
0.0598806796
0.0604601459
0.0615494126
0.0624609627
0.0595920839
0.0606607712
0.0656996156
0.0682365457
0.0694983739
0.0744127193
0.0709079521
0.0696589087
0.0685805223
0.0669311802
0.0674952256
0.0657876166
0.0641946947
0.0633360293
0.0615872905
0.0611432794
0.0586913284
0.0591069319
0.0604211686
0.0572365851
0.0567321784
0.0569911106
0.0597792679
0.0605209664
0.0614477766
0.0599588259
0.0598394446
0.0577379461
0.0622250419
0.0609162223
0.0592480410
0.0571041737
0.0579913122
0.0608180608
0.0625577114
0.0596243800
0.0634071503
0.0619905485
0.0690281952
0.0735764112
0.0791254617
0.0830607472
0.0863028110
0.0854423944
0.0816449795
0.0810048632
0.0793809885
0.0788184560
0.0800840478
0.0792618438
0.0822488944
0.0799017252
0.0810156632
0.0778278734
0.0771113792
0.0732579657
0.0670626943
0.0661141291
0.0674343784
0.0717331862
0.0698876410
0.0591284800
0.0635257360
0.0598499665
0.0609020564
0.0639081828
0.0598801620
0.0614772142
0.0565551022
0.0542925963
0.0507746594
0.0494860219
0.0491212182
0.0503348061
0.0489919478
0.0487348499
0.0488527520
0.0460504695
0.0424141283
0.0441691171
0.0416168423
0.0415316717
0.0374182436
0.0370574918
0.0339870672
0.0296633299
0.0320155221
0.0272142374
0.0299754253
0.0303054387
0.0259323395
0.0208382300
0.0274468362
0.0222166795
0.0180785196
0.0210700713
0.0218412553
0.0254022312
0.0233091757
0.0229617555
0.0243660401
0.0279643623
0.0302677504
0.0325569235
0.0325335125
0.0369589253
0.0475416189
0.0537114821
0.0443387250
0.0651761761
0.0673105293
0.0616671752
0.0615538968
0.0670349668
0.0755516010
0.0746825134
0.0765649788
0.0705404691
0.0698476288
0.0671218607
0.0746886307
0.0779833180
0.0786034188
0.0722925251
0.0838094408
0.0859998334
0.0898242885
0.0897279476
0.0857734230
0.0846814588
0.0863872881
0.0778115023
0.0828239926
0.0761634079
0.0859086561
0.0829482749
0.0854902851
0.0860346004
0.0809649952
0.0775994376
0.0784165403
0.0766965219
0.0712699034
0.0707606123
0.0748763107
0.0847523318
0.0811458812
0.0740525746
0.0766021967
0.0801482147
0.0816948994
0.2681613132
0.0824996034
0.0949262084
0.0842737236
0.0827026979
0.0829012089
0.0769172252
0.1006877109
0.0652356142
0.0552656941
0.0436368726
0.0530960037
0.0549619111
0.0752488903
0.0573260595
0.0559661990
0.0707596315
0.0801082131
0.0786599738
0.0768396335
0.0790758368
0.0862904652
0.0888564040
0.0909398530
0.0927451663
0.0978142190
0.0992627307
0.1051107862
0.0890244666
0.0867809259
0.0976593979
0.0977126933
0.1025174280
0.1018572444
0.0985336279
0.0883317622
0.0885387729
0.0859317626
0.0700772460
0.0712033238
0.0721097659
0.0720467443
0.0657243386
0.0657153720
0.0549268804
0.0517873418
0.0465333635
0.0403685118
0.0354341468
0.0318479496
0.0333332256
0.0319670299
0.0270476676
0.0266647570
0.0257942345
0.0219604948
0.0273519077
0.0238957299
0.0244874399
0.0288108411
0.0409669612
0.0401167246
0.0428588139
0.0416432973
0.0402204412
0.0450460368
0.0464178554
0.0485091701
0.0601185424
0.0521457069
0.0573536807
0.0579621000
0.0550173633
0.0755365957
0.0640331132
0.0748476499
0.0767917096
0.0793057946
0.0706499604
0.0776731396
0.0825687633
0.0839919590
0.0856238008
0.0902204293
0.0918023659
0.0940522737
0.0949149482
0.0948576206
0.0954015899
0.0965371193
0.0915730858
0.0972721897
0.0794116261
0.0791533827
0.0816223575
0.0881340304
0.0897590622
0.0877546932
0.0857547390
0.0775753621
0.0741122707
0.0920760219
0.0827539321
0.0838562148
0.0796194850
0.0900332755
0.1060574198
0.0819393946
0.0775419914
0.0643589805
0.0671404575
0.0712138658
0.0703802699
0.0720275263
0.0674583427
0.0678881998
0.0645573299
0.0551911308
0.0520468521
0.0527378587
0.0558959282
0.0547141463
0.0546240454
0.0526841343
0.0530870565
0.0526332711
0.0520452762
0.0537416082
0.0538863420
0.0552757858
0.0588590011
0.0610516199
0.0613060715
0.0588406014
0.0607758318
0.0605277033
0.0553875313
0.0591695809
0.0566907419
0.0476502637
0.0482216645
0.0396381013
0.0244634407
0.0334450887
0.0338038078
0.0393298533
0.0306980839
0.0409772997
0.0441813418
0.0166970675
0.0236430241
0.0229092931
0.0729861720
0.0254846641
0.0349151315
0.0306330551
0.0368509204
0.0374358435
0.0423190155
0.0423218325
0.0377727730
0.0365152027
0.0407628113
0.0394204716
0.0416860600
0.0409290021
0.0395299388
0.0387664181
0.0369073069
0.0350791542
0.0322285292
0.0305193383
0.0312873903
0.0320928939
0.0323335093
0.0356749631
0.0403149963
0.0431495504
0.0451141773
0.0491862037
0.0514227550
0.0430641110
0.0263016823
0.0300614222
0.0344998632
0.0342137590
0.0419321937
0.0445074043
0.0460177948
0.0505726510
0.0309988229
0.0287135290
0.0276845837
0.0399909151
0.0530190647
0.0598551339
0.0536194224
0.0581312847
0.0647096812
0.0674862952
0.0708845074
0.0812013780
0.0789322877
0.0710718396
0.0661485749
0.0703763642
0.0709947095
0.0643332525
0.0624092180
0.0568116487
0.0530619849
0.0447626191
0.0463336742
0.0400393568
0.0405602763
0.0381394242
0.0351507211
0.0362391338
0.0353660414
0.0326918907
0.0294442270
0.0314587145
0.0318157845
0.0327939170
0.0293619795
0.0304052605
0.0371055751
0.0396420033
0.0437292809
0.0473667098
0.0397926756
0.0342436048
0.0272557329
0.0290051780
0.0330196185
0.0337168494
0.0272804425
0.0206530703
0.0256724730
0.0343162998
0.0450490550
0.0399815939
0.0447073862
0.0453082987
0.0413286175
0.0507387233
0.0485550568
0.0408135918
0.0291650457
0.0390494645
0.0382480378
0.0443258497
0.0446153821
0.0447265414
0.0392856277
0.0386938373
0.0352156392
0.0317287959
0.0298737071
0.0279056701
0.0290996151
0.0366147135
0.0417765423
0.0381306896
0.0300376126
0.0308405955
0.0296274353
0.0331380360
0.0394884179
0.0355799193
0.0311797736
0.0329592356
0.0334718623
0.0360171133
0.0378999038
0.0404040366
0.0448533874
0.0455316260
0.0464385458
0.0463406769
0.0459655659
0.0436969688
0.0408062798
0.0401423968
0.0379531403
0.0368435538
0.0388471280
0.0392635331
0.0426151243
0.0464051414
0.0427263474
0.0455570167
0.0445571447
0.0575874743
0.0562795884
0.0544891642
0.0530024970
0.0455204219
0.0447412643
0.0452822562
0.0394067661
0.0441051725
0.0418590075
0.0453699818
0.0449618489
0.0352011460
0.0334240714
0.0424144109
0.0444849415
0.0456920812
0.0444613967
0.0435261055
0.0434812367
0.0445196416
0.0451186667
0.0443498744
0.0478699199
0.0481842654
0.0472443430
0.0481288912
0.0498133203
0.0527130814
0.0518224976
0.0528153771
0.0533284907
0.0632622443
0.0571131042
0.0603150890
0.0657844740
0.0667803193
0.0612138558
0.0604334198
0.0613286780
0.0643175510
0.0635854357
0.0642222772
0.0663522455
0.0687972995
0.0707456657
0.0705123375
0.0688887080
0.0628081797
0.0606765479
0.0585026536
0.0571165459
0.0566282962
0.0537698892
0.0631391821
0.0630632745
0.0639072723
0.0686281278
0.0659306296
0.0643907921
0.0661321726
0.0576966545
0.0534403158
0.0557825851
0.0518805086
0.0520457064
0.0530067759
0.0510077065
0.0536853932
0.0530498770
0.0547485143
0.0534823503
0.0540292253
0.0553250264
0.0580633043
0.0593305244
0.0641806638
0.0661871734
0.0652218638
0.0700103564
0.0649469797
0.0740740673
0.0746637566
0.0612616240
0.0610733636
0.0603785567
0.0561007436
0.0538369505
0.0485989110
0.0512695200
0.0518433109
0.0511842767
0.0508487491
0.0522562279
0.0510395903
0.0522247742
0.0508168371
0.0498297147
0.0510996004
0.0546536011
0.0518491389
0.0545070234
0.0572224775
0.0460501883
0.0441705004
0.0439334216
0.0438732941
0.0432759529
0.0377779256
0.0355036907
0.0333718472
0.0287328325
0.0277650673
0.0278416507
0.0343456597
0.0376179160
0.0388912490
0.0401925985
0.0431659921
0.0449643254
0.0454357434
0.0479209210
0.0483397359
0.0483431675
0.0505359033
0.0476089177
0.0475118761
0.0464913110
0.0473700444
0.0479955704
0.0488326973
0.0466026483
0.0452196650
0.0429633061
0.0415412511
0.0419027115
0.0489104148
0.0585374734
0.0506035049
0.0319395102
0.0317494693
0.0310987446
0.0310114125
0.0314258004
0.0296218216
0.0272380328
0.0277530571
0.0277574344
0.0351281442
0.0374894408
0.0491542431
0.0167005387
0.0220194452
0.0213317345
0.0211814998
0.0362942748
0.0290755172
0.0286705814
0.0275905000
0.0321979458
0.0355253768
0.0383029128
0.0445862005
0.0473241101
0.0465898378
0.0435462431
0.0403715362
0.0421039426
0.0402420871
0.0395738181
0.0387699042
0.0378698377
0.0373339732
0.0370444658
0.0403760988
0.0452686912
0.0470963645
0.0459820438
0.0488951562
0.0484473856
0.0478412648
0.0473626312
0.0480271048
0.0502670346
0.0514671565
0.0512431671
0.0477569682
0.0409383654
0.0391850901
0.0369665151
0.0400751075
0.0469888736
0.0282566002
0.0484737062
0.0385684841
0.0446598616
0.0474340718
0.0493286632
0.0505212376
0.0555660987
0.0550978819
0.0553625225
0.0558384480
0.0545459345
0.0537729523
0.0536896566
0.0558564282
0.0584070631
0.0610023572
0.0632217313
0.0628332603
0.0637552903
0.0644420526
0.0638988886
0.0651614934
0.0645200687
0.0648700092
0.0640247193
0.0628665886
0.0611536887
0.0582398617
0.0547487551
0.0503751947
0.0512078498
0.0560326738
0.0568998774
0.0540685230
0.0554061568
0.0498551746
0.0468039176
0.0504144096
0.0599982600
0.0597542503
0.0634233432
0.0591694272
0.0553798782
0.0497542471
0.0453533393
0.0481448063
0.0484262508
0.0455491489
0.0442299906
0.0419715138
0.0403784590
0.0398976034
0.0336175383
0.0333936181
0.0318032151
0.0317711610
0.0395531702
0.0408880790
0.0444743263
0.0468187188
0.0416706767
0.0390841294
0.0389811161
0.0402543444
0.0431848725
0.0417757340
0.0430070452
0.0483133434
0.0520100954
0.0519278273
0.0476070458
0.0400724210
0.0347398608
0.0310803120
0.0376579721
0.0420471159
0.0429040422
0.0678254466
0.0621118515
0.0545167528
0.0750962385
0.0262022308
0.0330894469
0.0297708448
0.0285487923
0.0283601043
0.0289974609
0.0291126469
0.0293868172
0.0303847995
0.0307800913
0.0338954443
0.0368675218
0.0372299463
0.0460608487
0.0468431744
0.0497419529
0.0506919145
0.0506046858
0.0455958095
0.0370506985
0.0324162400
0.0307280051
0.0241720564
0.0223125438
0.0314669284
0.0373855844
0.0475120272
0.0450455776
0.0417806862
0.0367637718
0.0318945346
0.0254886773
0.0199868801
0.0169379480
0.0189023495
0.0220580432
0.0202059732
0.0234644814
0.0235760412
0.0293809337
0.0281145170
0.0183705417
0.0143896742
0.0133993494
0.0109446941
0.0015551486
0.0057411441
0.0164991402
0.0321006780
0.0412979116
0.0364505806
0.0359478562
0.0305699847
0.0311973919
0.0357178764
0.0410659904
0.0404307297
0.0305338691
0.0232381478
0.0257301204
0.0301420676
0.0282993954
0.0324748101
0.0343840589
0.0195371270
0.0123934338
0.0100376927
0.0110549989
0.0171265306
0.0180736359
0.0216295816
0.0273659963
0.0323792544
0.0375547396
0.0414267393
0.0475258808
0.0580087713
0.0617249733
0.0649458165
0.0640633611
0.0619602144
0.0596620160
0.0559723831
0.0557849585
0.0528773438
0.0515054475
0.0502048412
0.0490434267
0.0474982782
0.0511341625
0.0531772767
0.0633454281
0.0669353395
0.0682083140
0.0599195044
0.0615565025
0.0577094236
0.0540221414
0.0522867605
0.0489669576
0.0482999987
0.0420497481
0.0401675387
0.0400651443
0.0395830282
0.0393193914
0.0389217163
0.0392771507
0.0384110311
0.0346342725
0.0429543956
0.0395224223
0.0385841796
0.0380610456
0.0366599737
0.0371084111
0.0318498817
0.0310875220
0.0304409432
0.0302669348
0.0306465210
0.0303285330
0.0295053511
0.0297683493
0.0276029624
0.0268337097
