4.8025955351
5.1205186122
5.9732919731
5.9404696467
4.4118759418
4.5196274434
5.7788349250
5.7288347739
5.6416523662
5.5630095384
5.5244598835
5.6060973059
5.3894254921
4.8394742350
4.7704786112
4.8341683866
4.7207796533
4.4467032307
4.2240080887
4.2277656240
4.2921512424
4.2976783782
4.1487905225
4.1174358156
4.2147144265
4.1757599446
4.1790436787
4.1262150773
3.9884601380
4.0884537939
3.9546745078
4.0020442286
4.1137012421
4.0536832205
4.0688148359
4.0980023848
4.0259519812
3.9241812449
4.0627552521
4.0745742967
3.8836422118
3.9528299917
3.9379216829
1.6119255872
1.6003052965
1.8312544840
1.8180971079
1.8711885440
1.8958922370
1.7461594910
1.6713980172
1.7385644439
1.8078289196
1.7675036741
1.7177730053
1.5926341206
1.7349194475
1.6998064714
1.7380812469
2.0542891911
1.7965192813
1.8900877080
1.8617465231
1.6787313186
1.6404893176
1.6728746082
1.6981592778
1.7207864760
1.7618643071
1.6625989819
1.7351736778
1.7859945320
1.7734069466
1.7036277334
1.6913160595
1.7375826813
1.7902099050
1.7872390139
1.8075590719
1.7672076862
1.7803568796
1.6993421789
1.9780834003
2.1390410879
1.8939729627
2.2026000450
2.7937788950
2.7631114499
2.7894080496
2.4158746656
2.6494405358
2.3661951807
2.2632888687
2.6233722941
2.4975762229
2.3377186164
2.2436084074
2.0572770009
1.9448486051
2.0387942649
1.9900969463
1.9064636484
1.8961418400
2.0136074525
1.9391574601
1.9330331736
1.8902655211
2.0226827908
2.0734696899
2.1126767195
2.0569890432
2.0399161489
2.1846084690
2.0799342340
1.8939564303
1.9068008342
2.1589947750
2.0473720686
2.0556447611
2.2712441207
2.2781945887
2.4084429579
2.2193278823
2.2430142450
1.9617445231
2.1127418575
2.1190501315
2.0476414986
2.1083850283
1.8830207041
1.7715103841
2.0083128418
2.0767735758
2.1995670715
2.2111606298
1.9691327253
2.0502068781
2.2074070548
2.1082064837
2.0554442721
2.0164103855
1.9235188976
2.0495422632
1.9433454811
2.0307480217
1.9651612589
2.0704654017
1.9481935876
1.8745794536
1.8481858584
1.8738034298
1.8573628363
1.8029543380
1.7858444884
1.8034723112
1.8125201343
1.7009991411
1.6293824707
1.5894080411
1.5446218994
1.6270493043
1.7755335878
1.7884377259
1.8016071350
1.7745578705
1.8104983834
1.8820952519
1.7927217806
1.7512269135
1.7827674802
1.8001268240
1.9139561007
1.9007875474
1.9135089074
2.0357882451
1.8315715406
2.2593154713
2.2253677536
2.0970131833
2.1942325205
2.0786764232
2.1695988023
2.3780114364
2.2521743801
2.3334789127
2.1668574507
2.0925754667
2.0837092584
2.2416056307
2.1843117193
2.1633586722
2.3402920263
2.1348504605
2.2461336792
2.2285918294
2.2435920675
2.2934029382
2.1372943581
2.2736733644
2.1681585728
2.0084074112
1.9828521766
1.9651336992
1.9749772605
1.9226727968
1.9458674000
1.9593229876
2.0031297031
1.9496931429
1.9915861033
1.9618826259
1.8305779257
1.8224058266
1.8984930612
1.8398459301
1.9482219468
1.9983696290
2.0773978744
2.0836315251
2.0962812138
1.9431712618
2.1060407806
2.0494065164
2.1382331804
2.1297601768
1.9884389694
1.9520330512
2.0361534326
2.3247311421
2.0546684070
1.9651900253
1.8739622201
2.3962074605
2.3502192691
2.3717777179
2.1425578993
2.0967803083
1.8665071461
1.7993033073
2.1586209909
1.8140809064
1.8055862260
1.9115667752
1.9799878968
1.8464212824
1.7556558090
2.1332729701
2.1007305426
2.1422886905
2.1475974195
2.0317760223
2.0825550174
1.9581226048
1.9674879730
1.9932644165
2.0594077601
1.6302172194
1.8192554384
1.8550030316
1.8302227230
1.7394137880
2.2525856703
2.3751931634
2.2385762876
2.2204238340
2.3015218289
1.8224884299
1.6093186039
1.7392669035
1.3221215536
1.6365992791
1.5375101655
2.0402260613
1.5587879029
1.7604810197
1.6413044015
1.6015899485
1.7305347999
1.8907827965
1.8312888797
2.1074556329
1.7322138923
1.6480086287
1.7926699186
1.7806418726
1.9326755294
1.8389646658
2.0435748218
2.0148502110
1.8351607358
1.5795704410
1.7190180169
1.9021203149
1.7883181253
1.6821032738
1.6107864924
1.6315239016
1.7176544594
1.7372952023
1.7664295079
1.7920711515
2.0100240326
2.0297945594
2.0627558940
2.1568456882
1.6674340055
1.9766663534
1.6746577993
1.9706046122
1.9412649246
1.9473668919
1.9542149511
2.0451347769
2.0392803466
2.0627824443
2.0294992216
2.0094706753
1.9585405768
2.0228342191
1.9277469293
1.9961430597
1.9703258834
1.8943921665
1.9254707481
1.9420937873
1.8886528049
1.9093906514
1.9042287427
2.0131870447
1.9159135069
1.9545627433
2.0881751909
2.0915758729
1.9474659967
2.0893304443
2.0187760511
1.9073238703
1.9850024327
1.9032050674
1.9112679156
1.9286379883
1.8284218900
1.8861949902
2.0618152963
2.1199157490
2.0826260719
1.9474940568
1.9376974239
1.7550248825
1.8034614535
1.7821675352
1.7945205017
1.6992922449
1.6481659149
1.8571163327
1.8660266641
1.8718653042
2.0616593238
1.9979926895
1.9733514550
2.0416984870
2.0869395817
2.0597922068
2.0024063041
2.0989417067
2.2007853941
2.0329802052
2.0124901670
2.0077884696
1.8658104965
1.8314188630
1.9750106394
1.8692464626
1.8384713429
1.7719802124
1.7099228233
1.8138379914
1.8390744130
1.8074031219
1.8516153903
1.7910166923
1.6303439610
1.8273601156
1.9685061265
1.8536991868
1.9454958695
1.9520162252
1.9216563375
1.9222269180
1.9020005605
1.9732564582
2.0330988051
1.9944016428
1.9402633977
2.0343612113
2.0477747990
2.1383865233
2.1834059999
2.0855386104
2.1337240050
2.0132571456
1.9875717592
1.9930037038
2.1103530268
1.8849852903
2.0126370379
1.9170368225
2.1559462129
2.1629003970
2.0301725425
1.7763499676
1.8708104476
1.8499944630
1.7846032996
1.8007920974
1.6494781207
1.6319526876
1.6174523348
1.5988340034
1.5305507325
1.6167946363
1.6470759142
1.6729509456
1.7713328157
1.7666843569
1.7556355292
1.7056987556
1.6719117102
1.7217281686
1.9352463431
1.9839280843
1.8772308352
1.9418322192
1.9388451029
1.9757799194
2.0536356006
1.9749610486
1.9740319318
1.9320968884
1.9246804858
1.9101438660
1.7673266514
1.8491170373
1.7195199615
1.7316067751
1.7618966122
1.7658436512
1.7391337601
1.7547462015
1.7903243766
1.7663371944
1.8084605829
1.8864720772
1.8912431549
2.0340954669
1.8082860095
2.1059641459
2.0631973084
2.0787952366
2.1700119638
2.1026704858
2.1649341113
2.2239254927
1.9029246155
1.9125349069
1.8493879631
1.7170275890
1.7210760031
1.7908428678
1.9295026886
1.8458500540
1.8865418304
1.8643280190
1.7660911096
1.8540914208
1.8449268583
1.8704215639
1.8291271002
1.9886850140
1.9832510310
2.0744304454
1.9617409140
2.0654331712
2.1146994319
2.1013400868
2.0216505345
2.0891845833
2.0738934081
2.1155224065
2.1517457729
2.0958679801
2.0930499831
2.1151787205
2.0774581119
2.0580496526
2.0301686229
2.1268781563
2.1228641523
1.9308676950
1.8552545244
1.8117560663
1.8014969811
1.9622343488
2.0192316406
2.0446630978
2.0387265823
2.0801819999
1.9161113229
2.2202095277
2.1545130294
2.1072734117
2.0486582851
2.2872144489
2.1849831651
2.2827187661
2.3691986599
2.2725633797
2.0655305882
2.1450860141
2.1202206217
2.1027616339
2.0523534197
2.0685187371
2.0480111345
1.9418550345
1.9045720730
1.8143289221
1.8916168117
2.0536391249
1.9895956248
2.0870083563
2.0717612874
2.0863815419
1.9842542004
1.9268053507
1.9979664118
2.0557631472
2.0347637390
2.0001453979
2.0473905297
2.0718560951
2.0787793759
2.0659354659
2.0321238492
1.9802897130
1.9245000859
1.8999774212
1.8282903272
1.8074781064
1.8087705996
1.7760215269
1.9462027039
2.1150924791
2.1228809535
1.9607627674
1.9103855857
1.9360152520
1.8934074426
2.0051405026
2.0891909850
2.2894838813
2.2954675970
2.3526168981
2.4125445254
2.4376287700
2.4681316112
2.2172574431
2.2486568404
2.3949135181
2.4043842193
2.1808136001
2.2849705222
2.1828210251
1.9603088049
2.1220690283
1.9094300280
1.9296495675
2.0366818955
2.0266903846
2.0789741882
2.0658402259
2.0287064758
1.7878323551
1.8080906712
1.9765585440
1.9090760803
1.9347992709
1.9070925732
1.9492253722
1.9649601166
1.9030266399
2.0479191226
1.8824714502
1.9773932073
2.1452690843
2.0508741584
2.1223117885
2.1218839204
2.2598047847
2.2374909996
2.1894305082
2.0436926467
2.1175181470
2.2036872243
1.8580205613
1.9318036661
1.8393443752
1.5174614844
1.4966638064
1.6031944197
1.5666313422
1.8111748399
2.0740623158
2.3542843546
2.1092875902
2.5540080574
2.1641181451
2.2997347646
2.5696371555
1.9298777138
2.1157084772
2.1656413457
2.2261748017
2.1122540182
2.2589293685
2.5108350218
2.5999712975
2.4206869007
2.4190724268
2.4193079328
2.5251898159
2.3922728136
2.4524792399
2.4098188759
2.6234275700
2.5884598088
2.5093975121
2.2653243964
2.1771673288
2.2406758245
2.0430907692
2.0759677725
2.1543580389
1.8985511852
2.1128293840
2.6574613325
2.1715304698
2.1800080065
2.2863598877
2.0121036976
2.1691967558
2.6374457639
2.3208327960
2.3738540171
2.7737358491
2.7430791615
2.7101907205
2.7319868117
2.1562423873
2.3260883278
2.4718247249
2.4688965978
2.4776488324
2.2555659566
2.2407060282
2.2035684358
2.2286751303
2.0350607245
2.1305203890
2.0903719809
1.9976581778
2.0070825409
1.9241186839
1.8854840886
2.1364816200
2.0799247602
2.2195405904
2.1605676569
2.2029771406
2.1796876581
2.1145810407
2.0781114711
2.0900248689
1.9251911983
1.9559355634
2.1308987727
2.1942563720
2.0900168559
2.1511875248
2.0343256510
2.1046405726
2.1462289895
2.2580412385
2.2296663493
2.1798686528
2.0999030470
2.1280296080
2.0643933938
1.9858076379
2.1047500166
2.0826005454
2.2180647140
2.1346554822
2.2656808308
2.1889031940
2.1149775514
2.0507619619
2.0110665801
2.0936413076
2.0771703860
2.0415532633
2.1102660320
2.0584592863
2.1203500805
2.2120542362
2.1845817132
2.1888395461
2.1559373987
2.1364638111
2.1019852782
2.1329957283
2.1659117503
2.1565520380
2.1308380767
2.2048610609
2.1443551120
2.1547757310
2.1669363829
2.2412011121
2.2365484313
2.2907206989
2.2578568358
2.1546715043
2.1755277274
2.1715540227
2.1408630518
2.1434535467
2.2911746334
1.8950509193
1.9585031875
2.0852112111
2.0894108439
2.1492199453
2.2977956255
2.1800985021
2.1524981397
2.1898289421
2.0879022365
2.1172558059
2.0581641889
2.1705531382
2.2800396869
2.4937176659
2.5588881193
2.5282862646
2.6377735945
2.4712324306
2.4560970359
2.4657238461
2.3820750306
2.4385057130
2.1836404400
2.1665515391
2.1396746542
1.9134700571
1.9149605184
1.9752231151
1.9881340487
2.0447146556
2.0384595785
2.0978064785
2.1314260077
2.1917292781
2.1375961508
2.1426823476
2.2006487454
2.1000662028
2.1397676258
2.1031729061
2.0583177080
2.1104852820
1.8918905581
1.9763157032
1.9351716608
2.2564246856
2.2286404160
2.0716119326
1.9398361132
1.8656368039
1.6570916164
1.6975605413
1.7627319119
1.7814887568
1.6893729677
1.7986795735
1.8964218695
2.1227898107
2.3186876253
2.3295196043
2.5776482580
2.6239226407
2.5277712535
2.4751624348
2.4708661629
2.3420783089
2.1796718539
2.0666274345
2.1635845386
2.4625937873
2.7933241407
2.7407593715
2.7734428869
3.1228756064
2.9783960583
3.1163639361
2.9622455351
2.6836736898
2.5372580226
2.1472640234
2.0170160130
1.9363101770
1.9878031316
2.1763040815
2.3684875236
2.6199953776
2.5620458278
1.9891519242
1.9258338644
1.8964719062
1.8768740255
1.8981019931
1.9392936735
2.0705028652
2.2014087894
2.1361679112
2.0961730963
2.2201684290
2.1533271243
2.1681618238
2.1778142544
2.1271970597
2.2456072569
2.1789264240
2.3176134462
2.1950743428
2.0531198721
1.8495407753
1.8274930221
2.0097121365
1.9840301921
1.9806866986
1.9900537668
2.0162704092
2.1402667047
2.1947808715
2.0441946712
2.0094738250
2.1089499040
2.0421580196
2.2517395539
2.1722149942
2.1632537881
2.1628095164
2.1937733112
2.3908091757
2.4155249045
2.4620793957
2.5593579488
2.4348524809
2.3863208071
2.5291314993
2.4191568982
2.3858034078
2.1971345614
2.1731138491
1.9724379573
1.5795046403
1.5292523026
1.5396037846
1.3483667815
1.4356417150
1.3829429961
1.6044848853
1.7867705805
1.4844962789
1.7129677676
1.8447103075
1.7972577721
1.7913366257
1.7977430928
1.9873747337
1.9503666673
2.1882762926
2.1493334645
2.5631137728
2.5852556351
2.5611995263
2.3925182948
2.4579645057
2.5870529650
2.7412231528
2.7180209365
2.6680863544
2.5391813705
2.5683402144
2.5975040534
2.5921209843
2.4414378999
2.5104069290
2.2639510914
2.2791826210
2.1737264449
1.9495350121
2.1542075117
1.8852387994
1.8614127590
1.9007313108
1.8869654296
2.0955276077
1.8872849512
1.9512043209
2.3491757357
2.3372911884
2.0945908937
2.2570707454
2.2298943045
2.1848238101
2.2020851873
2.1726603163
2.4013546220
2.2994859420
2.2586056196
2.2664369360
2.1475490504
1.8496894817
2.3032036203
1.9680608420
1.8453552591
1.9479828401
2.0720097013
2.4720240521
1.8215472611
1.7791177508
1.7273341827
1.6731544548
1.7574098824
1.5639088107
1.7810315965
1.6807581824
1.9218859709
1.9578358905
2.5793971941
2.3066397825
2.6706837340
2.4358374073
2.3841748898
2.4577211575
2.5248986018
2.3830164476
2.4661534023
2.4528866569
2.2664895335
2.2643376253
2.1350402699
2.1737340803
2.0979837872
2.2602133498
2.1453122940
2.1077878473
1.6725881061
1.7482876459
1.8637947306
1.6188104918
1.7641837980
1.8839515206
1.8690665951
1.8996071752
1.6839889265
2.1103438729
2.0761454189
2.1457702865
2.0005490305
2.1661457602
2.1069003515
2.1562842174
2.2674612256
2.3629948999
2.3733979447
2.3973410177
2.4610679148
2.6144894844
2.7279677002
2.6366545824
2.5948677831
2.5104872812
2.4827653775
2.6099209724
2.5762221901
2.4084198584
2.4121028210
2.6266594261
2.5934435565
2.3391212361
2.5609598498
2.4749338195
2.5235351928
2.5385189321
2.6227051473
2.6589790951
2.7237150403
2.5810005164
2.5185792329
2.6886340756
2.6917105306
2.5728105434
2.6521587940
2.9387103824
3.0244604935
3.0463260375
2.7978482594
2.3522497716
2.5380481775
2.3643149009
2.5279244742
2.4024246572
2.4077307962
2.0282293925
2.5863930033
2.5468854763
3.7689805921
1.7061449558
4.4739898390
2.3792692214
1.2295241712
0.7642850565
0.6474097946
1.0052320212
1.4926526573
1.5830531402
1.7623635724
1.5531122435
1.6758149426
1.4842463781
1.4069250347
1.1497699550
0.5533170150
0.3341425928
0.3484173536
0.7572107875
0.9492582522
1.3842498627
1.7455003974
1.8578577612
1.6769769239
1.5901530764
1.4914251736
0.8841862090
0.5219116126
0.3708881302
0.8001494120
1.2483403987
1.4687792162
1.3568235444
1.7106504831
1.6569148889
1.7335630084
1.7171022883
1.4078554497
1.2824925275
1.0295772923
0.6160955480
0.8779300384
1.0751649883
1.0179085533
1.0741821637
1.2038981868
1.2736382006
1.2342749168
1.3184890988
1.2895210717
1.2087173344
1.2261125484
1.2243100813
1.1803589000
1.1962035891
1.2244658019
1.2090243109
1.1631946577
1.1434225220
1.1404126225
1.1449759872
1.1013667067
1.1231882169
1.1097902167
1.1089909172
1.1833357533
1.1801508296
1.1809537364
1.2026176681
1.0663988437
1.0826141413
0.9505092047
0.9540489475
0.9712721052
1.0240608313
1.0616529673
1.0522680884
1.1036289853
1.0463166442
0.9792133605
0.9859321560
0.9900163369
1.0965442199
1.0317885113
1.0335287213
1.0441828382
1.0755746277
0.9812053754
1.0770219464
1.0859441127
1.0655392603
1.0659488885
1.1700355256
1.1345251924
1.0581595662
1.0636953276
1.0810723819
1.2181214516
1.1977419929
1.2509210571
1.2447424107
1.2979829484
1.2236663571
1.3352135161
1.2031969446
1.2030479863
0.9430287603
1.0890153213
1.2303912798
1.1484311446
0.8966067524
1.0323296665
1.2240648797
1.0756435077
1.4675095654
