1.8038249988
1.7703467589
1.6884738933
1.6177231801
1.5115470575
1.4146140036
1.3741619428
1.3725879945
1.3750346563
1.3660280656
1.3767631288
1.3846574957
1.3928314939
1.3958670590
1.3890327849
1.3788212545
1.3624899577
1.3449022469
1.3363068645
1.3277851068
1.3179180558
1.3257692716
1.3487194057
1.3769064316
1.3895194722
1.3860744805
1.3714862242
1.3608583582
1.3502280676
1.3314069959
1.3209087760
1.3156831622
1.3011604606
1.2898864521
1.2701313224
1.2500366344
1.2195824533
1.2072200924
1.2022617065
1.2086482735
1.2255587759
1.2348058791
1.2542228297
1.2568761644
1.2454986914
1.2320365694
1.2164778908
1.1967359756
1.1710115274
1.1490391118
1.1162659054
1.0828531771
1.0428182191
1.0244459174
1.0049519030
1.0115792690
0.9991623848
0.9659285005
0.9396132769
0.9090484340
0.8810870694
0.8790650498
0.8732856623
0.8599965413
0.8392842680
0.8173437473
0.7821123618
0.7575274606
0.7318452334
0.7066586961
0.6856007455
0.6623764102
0.6538660769
0.6477076923
0.6397677992
0.6333293353
0.6153694608
0.5922306410
0.5679937239
0.5574320936
0.5473042760
0.5281787590
0.5101752937
0.4958461543
0.5019551024
0.4972297285
0.5054532146
0.5033127904
0.5070554191
0.5088208082
0.5045419795
0.5053659680
0.5046028572
0.5088719557
0.5185665846
0.5207099818
0.5170165106
0.5201449525
0.5331878602
0.5334918319
0.5272104962
0.5265215890
0.5159183624
0.5045362163
0.4948001160
0.4899773680
0.4874064410
0.4726768213
0.4626690377
0.4544635349
0.4554175964
0.4653865866
0.4689967873
0.4680013080
0.4700850022
0.4657192391
0.4699103300
0.4665735348
0.4698782611
0.4711566014
0.4634055848
0.4591431231
0.4539022366
0.4537950073
0.4561751915
0.4597791529
0.4628279435
0.4700534197
0.4719087454
0.4756796607
0.4812517476
0.4822102994
0.4751284324
0.4651961960
0.4486782336
0.4413934752
0.4234461253
0.4097508791
0.3961657667
0.3839197533
0.3722900164
0.3659021213
0.3653344918
0.3592886247
0.3554393497
0.3552336072
0.3594563872
0.3623128946
0.3673090720
0.3770916060
0.3808151639
0.3899038775
0.3943808313
0.4035926906
0.4129968350
0.4214690692
0.4288674017
0.4348275724
0.4373465669
0.4372611796
0.4378426385
0.4381196169
0.4395017226
0.4371349616
0.4292614931
0.4265034606
0.4256139112
0.4295330077
0.4348812736
0.4391647794
0.4384586885
0.4456576342
0.4468577176
0.4530526523
0.4673764191
0.4728798372
0.4832327334
0.4911459691
0.4940767971
0.5029465322
0.5128167937
0.5217064918
0.5327292741
0.5449194776
0.5509014145
0.5569737998
0.5589641478
0.5613203186
0.5654069660
0.5570916537
0.5401077478
0.5455137133
0.5300422368
0.5321969795
0.5313326866
0.5332765192
0.5173154274
0.5181045033
0.5191266508
0.5189871664
0.5206075298
0.5034412296
0.5064432131
0.5193400063
0.5330684361
0.5477525263
0.5459621669
0.5592385365
0.5734546897
0.5863015300
0.5957114574
0.5813914529
0.5920822444
0.5949958452
0.6104428190
0.6074778372
0.6106566343
0.6249270322
0.6335042326
0.6295461354
0.6131489312
0.6075102909
0.5923492241
0.6029403541
0.5996593706
0.6079203353
0.6122674670
0.6171892195
0.6382198267
0.6639315226
0.6758640452
0.6955798309
0.7063377273
0.7184058343
0.7623811705
0.8068698274
0.8261648078
0.8572821200
0.8737417642
0.8907237741
0.8904977384
0.8889332284
0.8779510994
0.8783380718
0.8806314881
0.8794989393
0.8761358219
0.8678637924
0.8664331490
0.8645877764
0.8583481632
0.8555206891
0.8591301789
0.8573714003
0.8557652036
0.8519548747
0.8477133045
0.8477889125
0.8490666541
0.8531042910
0.8558458386
0.8578614272
0.8600384822
0.8597436542
0.8583853988
0.8586117496
0.8596490474
0.8570353538
0.8541538832
0.8528918251
0.8537030781
0.8519947924
0.8491301542
0.8495162502
0.8506301019
0.8478220489
0.8495320066
0.8497861045
0.8477407272
0.8477516704
0.8423762068
0.8407140905
0.8412501931
0.8387207318
0.8361900751
0.8349932063
0.8340021333
0.8471131480
0.8688813272
0.8840844809
0.8879889324
0.8858520831
0.8822070779
0.8813473839
0.8766788283
0.8778203808
0.8783164397
0.8802226835
0.8813727095
0.8753750363
0.8672009286
0.8568480963
0.8474348000
0.8459156524
0.8613268394
0.8730128871
0.8680687963
0.8551094879
0.8438147683
0.8256796977
0.8069674175
0.8069229211
0.8115220589
0.8098262074
0.8088996206
0.8041825429
0.7985202935
0.7945868929
0.7955340941
0.7950188536
0.7966093453
0.7993274940
0.7985799135
0.7971949848
0.7994850685
0.8016074239
0.8020306569
0.8008678099
0.8003582037
0.7947835386
0.7923243099
0.7959541257
0.7985824785
0.8006354018
0.8020585657
0.7952335355
0.7911825534
0.7862278421
0.7801189635
0.7709785413
0.7668553210
0.7671203576
0.7690727405
0.7695456277
0.8526320128
0.8637994564
0.8784357139
0.8808765204
0.8829446317
0.8869079956
0.8873289659
0.8811632972
0.8787260091
0.8843173938
0.8904288721
0.8942954473
0.8923953589
0.8872775778
0.8870757183
0.8854507418
0.8822756750
0.8821433158
0.8802163340
0.8810287389
0.8771145680
0.8746751368
0.8727276580
0.8727328157
0.8706020510
0.8694542193
0.8722859504
0.8699342037
0.8583602225
0.8552087227
0.8651781490
0.8749742348
0.8851285579
0.8680674310
0.8669243658
0.8676762519
0.8416855143
0.8244229133
0.7552213151
0.6983006344
0.6618425717
0.6721550828
0.7030072069
0.7213018812
0.7721191780
0.8358479473
0.8488467059
0.9190130462
0.9279114061
0.9552995808
0.9452780075
0.9789521157
1.0010918560
0.9795258419
1.0178975779
0.9403724784
0.8832408598
0.8158573463
0.7790401189
0.7233246396
0.6775735876
0.6560969344
0.6467885056
0.6365402893
0.6235058984
0.6040666783
0.5771957626
0.5211359146
0.4710310892
0.4076494925
0.3334374925
0.2962851458
0.2841201445
0.2438016053
0.2471588585
0.2575810211
0.2849345118
0.3030981684
0.3097031231
0.3125514458
0.3370951083
0.3491418233
0.3425475701
0.3418585787
0.3232335263
0.3127651054
0.2932690587
0.2992526784
0.3169878834
0.3384203257
0.3490909171
0.3721361560
0.3564983144
0.3506575434
0.3686277013
0.3657284983
0.3790606376
0.3867191965
0.3836569862
0.3774002651
0.3736434140
0.3774518592
0.3944075278
0.3958690145
0.4052094463
0.4020835656
0.3918401312
0.3887760880
0.3870381156
0.3704616475
0.3666160764
0.3614496697
0.3822453549
0.3888742432
0.3870038694
0.3825835424
0.3754252071
0.3756277033
0.3601323144
0.3579656133
0.3487028728
0.3335833009
0.3453340031
0.3253278660
0.3272636092
0.3120709972
0.3162604044
0.3026639077
0.2892020430
0.2872676997
0.2732517567
0.2813552559
0.2783501009
0.2883809159
0.2999142758
0.3048944757
0.3090943280
0.3021881473
0.3000004856
0.2900246349
0.2916998749
0.2895319694
0.2670419689
0.2622184532
0.2550474438
0.2436626118
0.2296419152
0.2244305762
0.2140375048
0.1999492750
0.2004795000
0.1966046470
0.1937167002
0.1877396777
0.1795628104
0.1627314757
0.1516427344
0.1388433136
0.1374929219
0.1422401244
0.1549955782
0.1786479232
0.1875041211
0.2048092745
0.2398969712
0.2528291871
0.2647483795
0.2693060473
0.2909089601
0.2834359318
0.2686273481
0.2581533283
0.2487251223
0.2325982358
0.2127768461
0.1912167989
0.1731994435
0.1420823584
0.1334409988
0.1241901855
0.1147693709
0.1086529420
0.1084169277
0.1075742904
0.1099677166
0.1045947717
0.0982664758
0.0899040762
0.0771467311
0.0757876587
0.0659406442
0.0734538830
0.0813026818
0.0828292067
0.0808958735
0.0818761354
0.0796360253
0.0786637077
0.0837537333
0.0870296054
0.0827415787
0.0828481042
0.0855241594
0.0865136254
0.0875557216
0.0968806126
0.0945717115
0.1014494607
0.0967649709
0.1102402943
0.1075108534
0.1204324097
0.1263651024
0.1371824430
0.1432661788
0.1353772345
0.1382175102
0.1348131969
0.1316391473
0.1188701646
0.0939241301
0.0835716737
0.0672958643
0.0743952626
0.1234444802
0.1410884156
0.1534223232
0.1660603491
0.1950461331
0.2214326248
0.2348629316
0.2161280006
0.2047066942
0.2101562357
0.2161414343
0.2219410299
0.2400557878
0.2534500649
0.2865724988
0.3058676600
0.3113909456
0.2893862592
0.2745124132
0.2736106965
0.2667538145
0.2526762930
0.2487585234
0.2512543966
0.2709209646
0.2858084476
0.3031718964
0.3069914698
0.3152771655
0.3298040157
0.3332787556
0.3285584892
0.3200092412
0.3147923348
0.3037023300
0.2966484821
0.2905839466
0.2669011836
0.2683697527
0.2488145002
0.2464117734
0.2410010936
0.2410512208
0.2332976399
0.2400956307
0.2162053708
0.2146929530
0.2064328909
0.2002353552
0.1871821694
0.1754992780
0.1542794089
0.1457630347
0.1528955482
0.1665842503
0.1735390652
0.1809143503
0.1797813433
0.1758792593
0.1812025330
0.1734502250
0.1714458380
0.1679859973
0.1721128403
0.1750178135
0.1690468286
0.1655872510
0.1539671826
0.1460647492
0.1324045406
0.1194740516
0.1155868496
0.1109253462
0.1042704249
0.1056478536
0.0979192556
0.0937460716
0.0930857660
0.0975701570
0.1063672526
0.1157791225
0.1201178850
0.1328913910
0.1344693553
0.1401923630
0.1406145130
0.1399525726
0.1455310545
0.1562930262
0.1663581550
0.1751919910
0.1880149678
0.2125462147
0.2305818567
0.2496919996
0.2608426238
0.2814209949
0.2861128507
0.2871788311
0.2999267476
0.3035239903
0.3126557815
0.3147368728
0.3073044668
0.2993044363
0.2942600039
0.2873106568
0.2825435679
0.2779555017
0.2818930964
0.2674761960
0.2667308929
0.2586207830
0.2601913533
0.2604109643
0.2569436492
0.2556752464
0.2523148625
0.2514837598
0.2494930091
0.2512527591
0.2599792646
0.2563685734
0.2514766700
0.2550520725
0.2467250090
0.2415572500
0.2308778058
0.2197620129
0.2158099742
0.2136688088
0.2125027769
0.2031545914
0.1996068317
0.1901181188
0.1824693014
0.1823110245
0.1821829572
0.1742865490
0.1731372087
0.1703695620
0.1622450293
0.1641623138
0.1607985571
0.1650277544
0.1627407299
0.1720680793
0.1739069964
0.1847214078
0.1845159039
0.1775952508
0.1765443245
0.1630686910
0.1642801532
0.1677512186
0.1624079277
0.1641774972
0.1583606095
0.1615494098
0.1506511618
0.1394284024
0.1355438800
0.1218318751
0.1092742551
0.1038565477
0.1051618994
0.0978695179
0.0837970865
0.0772773760
0.0689426063
0.0612105343
0.0568287291
0.0534663036
0.0665979300
0.0641335224
0.0603293301
0.0758599859
0.0732643159
0.0825580899
0.0884343611
0.0872213178
0.0797409116
0.0796171503
0.0921177474
0.1117440163
0.1631819166
0.1918812137
0.2511952453
0.2996501405
0.3244800876
0.3561501367
0.3713276190
0.3981065236
0.4217814887
0.4564429937
0.4539415519
0.4806844928
0.4959903119
0.5152872180
0.5258025431
0.5469413387
0.5480794851
0.5626604124
0.5660407725
0.5799375741
0.5841360626
0.5873587493
0.5955902184
0.5926548604
0.5851831288
0.5897576680
0.5863856718
0.5843392876
0.5857138932
0.5791310971
0.5666909778
0.5676840700
0.5601388168
0.5495398670
0.5398121150
0.5359879730
0.5208703630
0.5114256780
0.5102669943
0.5112097202
0.5230593053
0.5203780409
0.5203188659
0.5173165833
0.5377583810
0.5382966138
0.5463217877
0.5425523297
0.5560098610
0.5810304166
0.6013763651
0.6115399146
0.6247983145
0.6444830760
0.6581477508
0.6702094173
0.6861185080
0.7203758833
0.7395456346
0.7643874344
0.7849441404
0.8073599881
0.8294718350
0.8457573404
0.8618498443
0.8781578794
0.8864306857
0.9017386021
0.9111613865
0.9096101653
0.9064442173
0.9072002571
0.9112685980
0.9220761542
0.9118862478
0.9106581742
0.8966219376
0.8855930181
0.8726945542
0.8705445295
0.8857837558
0.8998453369
0.9000843131
0.9230002223
0.9472296003
0.9595874963
0.9660051570
0.9815336195
1.0049316130
1.0054983895
1.0094675393
1.0047968894
0.9992072876
0.9955921189
0.9809781283
0.9638602071
0.9521404424
0.9239340785
0.9184349001
0.9113698220
0.8790231463
0.8667617085
0.8477725381
0.8316119033
0.8186514945
0.7953408237
0.7955054025
0.7923972891
0.7972177681
0.7993510494
0.8031139029
0.8075066427
0.8344578065
0.8385142832
0.8336624175
0.8306137830
0.8353558147
0.8395410776
0.8370211538
0.8254078542
0.8258416674
0.8278717133
0.8339998534
0.8400698350
0.8397202304
0.8375383564
0.8314780980
0.8170197874
0.8214075961
0.8183454207
0.8192424433
0.8146295346
0.8023290609
0.8155934689
0.8073477291
0.8189498750
0.8285505997
0.8469764657
0.8737951430
0.8858148047
0.9138009393
0.9115600715
0.9169980045
0.9124644897
0.9409976841
0.9359712647
0.9332922076
0.9286304370
0.9362790485
0.9403169682
0.9483328875
0.9577659001
0.9688694386
0.9862181696
1.0036207207
1.0120396573
1.0292129054
1.0280549192
1.0329113372
1.0227116425
1.0206737587
1.0239388217
1.0243829250
1.0221718569
1.0153365665
1.0218855036
1.0240208377
1.0322877572
1.0394690453
1.0462996515
1.0465534889
1.0462402658
1.0600564480
1.0597191428
1.0617088879
1.0594738258
1.0620436919
1.0609556618
1.0646684203
1.0657664845
1.0823381948
1.0771980300
1.0756238197
1.0862874588
1.0761173676
1.0751567635
1.0729328814
1.0739210230
1.0658676988
1.0718995131
1.0629937575
1.0720108825
1.0712843572
1.0710389737
1.0745208602
1.0827082057
1.0971532194
1.1133380447
1.1131171164
1.1341195793
1.1339360900
1.1356005990
1.1588270704
1.1622344612
1.1602104041
1.1792038890
1.1797340386
1.2100834875
1.2304939135
1.2634631772
1.3042887510
1.3037184679
1.3189101274
1.3400090291
1.3841541519
1.4353529076
1.4831836291
1.5534543157
1.5593208368
1.5383437178
1.5221689483
1.5193951676
1.5015909883
1.5210217395
1.5496213569
1.5574208889
1.5712404689
1.5784448875
1.5824402873
1.5782362704
1.5698577998
1.5466244908
1.5030041083
1.4422235674
1.4182937139
1.3196577026
1.2972717869
1.2606029313
1.2233245118
1.1983008692
1.1357163442
1.1511029852
1.1615375572
1.1450709214
1.1635063599
1.1880922744
1.1995575329
1.1967751338
1.2024557894
1.2129560875
1.2267071628
1.2444427460
1.2897387767
1.3088053671
1.3557164476
1.3940648755
1.4197681122
1.4400050447
1.4520911532
1.4674939731
1.4877752258
1.4846750481
1.4783760814
1.4651495729
1.4530128671
1.4417880578
1.4320535996
1.4262987282
1.4156946217
1.3920525453
1.3749053955
1.3656053197
1.3523852971
1.3446865249
1.3425235449
1.3380938108
1.3286605243
1.3098357375
1.2853927027
1.2674005906
1.2366647113
1.2303584584
1.2022138885
1.1836504735
1.1674764437
1.1559287655
1.1432022960
1.1335653126
1.1226857647
1.1058332026
1.1008520203
1.0911626153
1.0924629451
1.0960471018
1.1017255292
1.1049583034
