1.429912453580626797e-01
1.420840735616875072e-01
1.421210231382002975e-01
1.425926117517833935e-01
1.430339534383227307e-01
1.451752575293194514e-01
1.444670632706664126e-01
1.438093756809993018e-01
1.445177308132789828e-01
1.439389100041251757e-01
1.463352967308060582e-01
1.445027974739602761e-01
1.439871406889934036e-01
1.421606589413013377e-01
1.434925774062554005e-01
1.386219175795821990e-01
1.379416745036715075e-01
1.339586746399394623e-01
1.322513813256393500e-01
1.303910115806992676e-01
1.282086298937057944e-01
1.221865843192205120e-01
1.192807580377965443e-01
1.209541537928326416e-01
1.180007949430495473e-01
1.165464014838107076e-01
1.158878352583501831e-01
1.140209415179539998e-01
1.115188616222836382e-01
1.102639033227328508e-01
1.103199205227933521e-01
1.098522067668235430e-01
1.083839526261313885e-01
1.179027932697072067e-01
1.163858743599746476e-01
1.174730589270118336e-01
1.172283584538986179e-01
1.303291781649251191e-01
1.302494933899467355e-01
1.323586625671852868e-01
1.338785649489269980e-01
1.445461110232679480e-01
1.472832513796070719e-01
1.517859877620313103e-01
1.561005659170522641e-01
1.615071157939850788e-01
1.560399888520307421e-01
1.557983280320648922e-01
1.552494056038910275e-01
1.563170368722091308e-01
1.529155046667242113e-01
1.535223269195206963e-01
1.545713055123589252e-01
1.551148394996331725e-01
1.595297035953667231e-01
1.664267051067831182e-01
1.749474553851671776e-01
1.824617140595737041e-01
1.880426429517467191e-01
1.937090977484436094e-01
1.983116669732332138e-01
2.042706552129084641e-01
2.076616641602839486e-01
2.105581075238094346e-01
2.108339679446846748e-01
2.127631576268845803e-01
2.141047275727629984e-01
2.152041923492873376e-01
2.229080109344894756e-01
2.252948931724821358e-01
2.261252339663246680e-01
2.274452800279174458e-01
2.297541007444611205e-01
2.324355416126538676e-01
2.354398936204447901e-01
2.380196151335696175e-01
2.408988846183773014e-01
2.434523391873242570e-01
2.448294656670644831e-01
2.449815284404726623e-01
2.449087919672776614e-01
2.429894348251712133e-01
2.406324690665756771e-01
2.370345342400085042e-01
2.346313728296773871e-01
2.321812433921069674e-01
2.288392427220960479e-01
2.268273906969031362e-01
2.239396132808097184e-01
2.214212589408374454e-01
2.187556941266454169e-01
2.161907682996813684e-01
2.133695833939108777e-01
2.105206382469103077e-01
2.093180080761080086e-01
2.063843612598438848e-01
2.036104368616035443e-01
2.019881890824890835e-01
1.996927970003072872e-01
1.978123100560719716e-01
1.953913044468563454e-01
1.930003524729264897e-01
1.907550591352514535e-01
1.894708638821677171e-01
1.872140086482231014e-01
1.853420785335180843e-01
1.836117253326164933e-01
1.818268157664319207e-01
1.813073400405401658e-01
1.800677671737354046e-01
1.799882405116310091e-01
1.796911305700795991e-01
1.786833035472224496e-01
1.782698589710020320e-01
1.772508185248913293e-01
1.764578030338986303e-01
1.760844594884692083e-01
1.756355259616177444e-01
1.757488325926518657e-01
1.756613326539863407e-01
1.755410785725362854e-01
1.752311663936672592e-01
1.746857262432402746e-01
1.745150039838217204e-01
1.746155112430844980e-01
1.748708702749469934e-01
1.747243768231251659e-01
1.745528956167639867e-01
1.744676125714320070e-01
1.746332737751689346e-01
1.747530863516259525e-01
1.747537986785296371e-01
1.749686518416816994e-01
1.748764231527548119e-01
1.749467488342875132e-01
1.749696751887832025e-01
1.785700801020214945e-01
1.787898673165058683e-01
1.788163352076531376e-01
1.788810361326782228e-01
1.790545523288300245e-01
1.795113459938051659e-01
1.797336402147808598e-01
1.797756873238935960e-01
1.798221723078549106e-01
1.798629552577432344e-01
1.796124825333133834e-01
1.797432968221989169e-01
1.797775130104876384e-01
1.796132608256612861e-01
1.793708729632196019e-01
1.800786937293576973e-01
1.802726213442895076e-01
1.799523038679312625e-01
1.795906069486422341e-01
1.794651137589269585e-01
1.793315142954126640e-01
1.795548124295620884e-01
1.791031399160249171e-01
1.794387714526969324e-01
1.800120090570594689e-01
1.801859080186497264e-01
1.799205174827400444e-01
1.791725466219107887e-01
1.780630671954475941e-01
1.789231167326546246e-01
1.783484225616179530e-01
1.776736025565973931e-01
1.766288420213995569e-01
1.749490412940995498e-01
1.742796477443700753e-01
1.803519457614537191e-01
1.795326452362879799e-01
1.790081540458492437e-01
1.833295882829981960e-01
1.817314538238732347e-01
1.797028612997665642e-01
1.829377125589977948e-01
1.809921373616630025e-01
1.853275554810148718e-01
1.821831719004418093e-01
1.800527576463341051e-01
1.837596434426545244e-01
1.834776015035999852e-01
1.882183226312801050e-01
1.891355014260738820e-01
1.925681607517164273e-01
1.935832841595245268e-01
1.970357581427681359e-01
1.964620606765081212e-01
1.947973808892753955e-01
1.941799089269431733e-01
1.944064716151585881e-01
1.934088457733519062e-01
1.896954349135259732e-01
1.885340277307857304e-01
1.788093022920062836e-01
1.761651945388133522e-01
1.641232613782325489e-01
1.603588093387431079e-01
1.468545856345055689e-01
1.423987820397503157e-01
1.301774554441876564e-01
1.275174028037006635e-01
1.164375452200053507e-01
1.121387998416673443e-01
1.076387848693714094e-01
9.741605199893148270e-02
9.005764037259191002e-02
8.112877110734763308e-02
7.398581383821606350e-02
7.116308577718841177e-02
6.717447561171123460e-02
6.351687013898184297e-02
6.202912550149535659e-02
6.137642119391991530e-02
5.910336627825862887e-02
5.801844610033201483e-02
5.718429115634640625e-02
5.816973816358692734e-02
6.349261854121965309e-02
7.421247663662203231e-02
8.434330875864123889e-02
9.565575859433368688e-02
9.664980023272917720e-02
1.059004338486502633e-01
1.180836741443972160e-01
1.265184342350106905e-01
1.324021459628952346e-01
1.283162286972944488e-01
1.211338779391344933e-01
1.190387603441021985e-01
1.100890680175082431e-01
1.047531933482249850e-01
9.532077420413989643e-02
9.152653164876740910e-02
8.182667137097274224e-02
8.086869619117639796e-02
7.176819073064824583e-02
6.897275289631485395e-02
7.671600394568457715e-02
8.361418783370452856e-02
9.414982395922999459e-02
9.595855225879952599e-02
1.060789525071281630e-01
1.138912753097105351e-01
1.254448264435413796e-01
1.332306616795491949e-01
1.441962088994592772e-01
1.534460872460498559e-01
1.672802689507487672e-01
1.747332648371437425e-01
1.831684185483505867e-01
1.899308268758176377e-01
1.888502215639129012e-01
1.876976129595583076e-01
1.902574261941046008e-01
1.927302637988217715e-01
1.957567524618654409e-01
2.022903018906725692e-01
2.059092892401922781e-01
2.091851999648610128e-01
2.193207299548247391e-01
2.190599211685421710e-01
2.209607318393324860e-01
2.286795866505050567e-01
2.239668064037193262e-01
2.271370615966044615e-01
2.234007937569509605e-01
2.186971173184223682e-01
2.166498699230691438e-01
2.180641675278353342e-01
2.188169239758166740e-01
2.190746714796579786e-01
2.206968456553753954e-01
2.208994598903408213e-01
2.197162041097797391e-01
2.201289338004358276e-01
2.236337030164953499e-01
2.294659078939171593e-01
2.311131908970526228e-01
2.338458274482137222e-01
2.358581410400738820e-01
2.394140132796372944e-01
2.417850027702055371e-01
2.482723609253583708e-01
2.525850865825013947e-01
2.589517856862614265e-01
2.633755971930298312e-01
2.647558635453960418e-01
2.654764271015520039e-01
2.650911490366645862e-01
2.645103843510868136e-01
2.630028300652934026e-01
2.586338372794519391e-01
2.461934205814517440e-01
2.386438531310764444e-01
2.332340605635486452e-01
2.252902568043994858e-01
2.212719652824875760e-01
2.161123236247955159e-01
2.115525822528497579e-01
2.078273910977918582e-01
2.053895723723913047e-01
2.028113861120538486e-01
1.982573808461695342e-01
1.917856163506272971e-01
1.887211227422694315e-01
1.806349403460624503e-01
1.800378950371583631e-01
1.681009733160510611e-01
1.609116448539144317e-01
1.506502157973289013e-01
1.399492784059763462e-01
1.348912097052485382e-01
1.277461553090176727e-01
1.252685262004036293e-01
1.238303744033933257e-01
1.204867800718558840e-01
1.172926406233016222e-01
1.196701400514749714e-01
1.064393088272159033e-01
9.450884851140173293e-02
8.287953784195385698e-02
6.977579973816282199e-02
6.336872554299977089e-02
6.030101776395421082e-02
5.889460792079418555e-02
5.781283526564075931e-02
5.677688211838152060e-02
5.340981684840903632e-02
5.337745714802887009e-02
5.228453934337507630e-02
5.519976924101243493e-02
5.319765362172947099e-02
5.124469806049158221e-02
5.829727765498370767e-02
5.732540857669565781e-02
5.420966758570416183e-02
5.207577100310677859e-02
4.994583322739996195e-02
4.725577965657268287e-02
4.345497122715352017e-02
4.096988634781053434e-02
3.675956393906248260e-02
3.426245995490475454e-02
3.259725460853691442e-02
3.426401292713757152e-02
3.557520514185328470e-02
3.960861291123549816e-02
4.450595764080519240e-02
5.245688792573439257e-02
5.765810852302220152e-02
6.432724587163418661e-02
6.955833229032659659e-02
7.728828376006695311e-02
8.289784385152113022e-02
9.121051224894147214e-02
9.898582195659130778e-02
1.024998437059199130e-01
1.086948061516971320e-01
1.106062201333683492e-01
1.061575474005911623e-01
1.089922197210859561e-01
1.137970876773623380e-01
1.164570379810868223e-01
9.907775885864232579e-02
9.570390313398649540e-02
9.343107406031610218e-02
8.920423457863671524e-02
8.960118514970007164e-02
8.362125217373789221e-02
8.734230042232980773e-02
8.168570612684195043e-02
8.355029953596489201e-02
7.383321671295485500e-02
7.269897473059624970e-02
7.238375480434572351e-02
6.521644246204422180e-02
6.707666341589339776e-02
6.618869552702280612e-02
6.887312527922100081e-02
6.958460690707046759e-02
6.858225917501009627e-02
6.996025123346126529e-02
7.308497589787904536e-02
7.256878099283783912e-02
7.034324871518905786e-02
7.494949332033579159e-02
7.367100684357745510e-02
7.425864416118120592e-02
7.867508142852759623e-02
8.059130942879397241e-02
8.264629336808487770e-02
8.630607651674164493e-02
8.541744505224374562e-02
8.324641643407096336e-02
8.221312139023918830e-02
8.007800186949438903e-02
7.538334620754510995e-02
6.658415217933409680e-02
5.815884758578391406e-02
4.782466549053589200e-02
4.008552607316518551e-02
3.548608349483420993e-02
3.334949926446951346e-02
3.423720826533049183e-02
3.429018386181693911e-02
3.594856260024316408e-02
3.974845977634380162e-02
4.740722065649709271e-02
5.113667914881792759e-02
5.975485716374148021e-02
6.796064085634148655e-02
7.103958505318459793e-02
6.528695455847098594e-02
8.646854959146778319e-02
8.792857140505565272e-02
9.498351788883578617e-02
9.641112920871919290e-02
1.001221889003850729e-01
1.065543374183009345e-01
1.135111173514604666e-01
1.234197135604278017e-01
1.358652088741215958e-01
1.486638037336669160e-01
1.608780474345900269e-01
1.676752453528739806e-01
1.756818837289404467e-01
1.806492661798039800e-01
1.720182703131748758e-01
1.734241637900577337e-01
1.726466713896992189e-01
1.723475545669626297e-01
1.741337254774718846e-01
1.742773552106906820e-01
1.723663639266381498e-01
1.674947715796827052e-01
1.603105288020694741e-01
1.534388912071768529e-01
1.507963939015860566e-01
1.504385960036413727e-01
1.487727208280028857e-01
1.487742893297145930e-01
1.472473589099051183e-01
1.517850969243916270e-01
1.604214718373668247e-01
1.615359997761924016e-01
1.597060910081541663e-01
1.600072480291674093e-01
1.559771082681071785e-01
1.509512035928192442e-01
1.469320549404760090e-01
1.440682718393763440e-01
1.405322008701443415e-01
1.377670688655731890e-01
1.335402681282414072e-01
1.261003113026828715e-01
1.233089370582776678e-01
1.198853507468656682e-01
1.201424560373546557e-01
1.222529833451463238e-01
1.219070696727131697e-01
1.248324378090431286e-01
1.236581764310772796e-01
1.220580692409658219e-01
1.241686108349202983e-01
1.242192569634616023e-01
1.220081821836742492e-01
1.182372363710615520e-01
1.147359209246794493e-01
1.117006698068529896e-01
1.085751160578386082e-01
1.066492039349505594e-01
1.067566537479302663e-01
1.079961114564579189e-01
1.106439981355979846e-01
1.119639960930127048e-01
1.125553164616404922e-01
1.134514618828160737e-01
1.132805791810476970e-01
1.111183795939558183e-01
1.108064364103064636e-01
1.104172150728895269e-01
1.102387781812661227e-01
1.091530641988052025e-01
1.077573950272645437e-01
1.065966387613130617e-01
1.074685148233073539e-01
1.068837268111971633e-01
1.073821016638730336e-01
1.080892420281740901e-01
1.075476077179650519e-01
1.043854810528539873e-01
1.027586235530405512e-01
1.010037496728637824e-01
9.983635881400931833e-02
9.930849350965147149e-02
1.020690609662708720e-01
1.010993288404895690e-01
9.611880107759315783e-02
9.796923179402408643e-02
9.690796242204383071e-02
1.019066504328641903e-01
1.034967170947339171e-01
1.154625180491685998e-01
1.191351364996485612e-01
1.327674796521186862e-01
1.391017740178372986e-01
1.464922019127864738e-01
1.544289737786677386e-01
1.609606007315164400e-01
1.664058961212852572e-01
1.728974024745552340e-01
1.752631601288281993e-01
1.845857742944247426e-01
1.915360624767994124e-01
2.069821846617827532e-01
2.302369532667919716e-01
2.407550480231459011e-01
2.485287520615521717e-01
2.128679640647223315e-01
1.753613466982425761e-01
1.563341624915427774e-01
1.722383079130845873e-01
1.938187152145202097e-01
2.129319424142675776e-01
2.325825929245118051e-01
2.545397755172853493e-01
2.904065949563026106e-01
3.157276708489342720e-01
3.277351497939568481e-01
3.170593744111463441e-01
2.989708606557831549e-01
2.831117132322941710e-01
2.505675011785425954e-01
2.282922153576472102e-01
1.967826449537409539e-01
1.799668661927511237e-01
1.829835210656862998e-01
1.864819367628108016e-01
1.918093957428274043e-01
1.936461636693292965e-01
1.909294533414789274e-01
1.887366875222524776e-01
1.880069949883184932e-01
1.939097772247564411e-01
1.977900666089943138e-01
2.047712085037970420e-01
2.141683440581289843e-01
2.244091480150780527e-01
2.358577068855592651e-01
2.394007286672844292e-01
2.451804045489850148e-01
2.534554472403480752e-01
2.676489428144347982e-01
2.707888061541944280e-01
2.841076251274313735e-01
2.865656804857556472e-01
3.022660810036023049e-01
3.052372183480345780e-01
3.237512115784669242e-01
3.288810996479001325e-01
3.528470070752178778e-01
3.606467829435208161e-01
3.641862000007136113e-01
3.778012783895375870e-01
3.907779443904538241e-01
3.907782291735023006e-01
4.025475031603200082e-01
4.091814131669991861e-01
4.160475235111724679e-01
4.223735771785621651e-01
4.329767049247824073e-01
4.418916338097653718e-01
4.572298667875480671e-01
4.660697569836179666e-01
4.822826417825067380e-01
5.008757425341079372e-01
5.060945970877802624e-01
5.240858574919616819e-01
5.348893385337676332e-01
5.264752586470903273e-01
5.320114191894240729e-01
5.173227914163840424e-01
5.147536689748136718e-01
4.888509639631080650e-01
4.751065684159572200e-01
4.729125547802346952e-01
4.631236731916072435e-01
4.544629933729789073e-01
4.421435644555848921e-01
4.395776005404703479e-01
4.230343094232097978e-01
4.113163255103313709e-01
4.125198176929721905e-01
4.045439608430637102e-01
3.982873476444500627e-01
3.919043004020287269e-01
3.853840791527838316e-01
3.812815852876572098e-01
3.773718750602337302e-01
3.783540799363478979e-01
3.748222177127529808e-01
3.743719491703097479e-01
3.742271884848871744e-01
3.751318518809633185e-01
3.614933012374778598e-01
3.614420416948766479e-01
3.604945527205314360e-01
3.593686056572961141e-01
3.571897045330097442e-01
3.516783600181795366e-01
3.391447385074456422e-01
3.319667654899768894e-01
3.274853721065312251e-01
3.151184348944845448e-01
3.111197759365420534e-01
2.989303011470461624e-01
2.851846401665754094e-01
2.808593443849048410e-01
2.778875498640380748e-01
2.819396145085644734e-01
2.862202970639437516e-01
2.946255501276758282e-01
2.991852632000765455e-01
2.992718965398628583e-01
3.009480027698330784e-01
3.020343671565060006e-01
3.022065152803060095e-01
2.976973928828147709e-01
2.954350141424225695e-01
2.899304781122611918e-01
2.793152976118980502e-01
2.729577544490245922e-01
2.616225881152666743e-01
2.560462675033666202e-01
2.496432352297220936e-01
2.448002590168917858e-01
2.401905418074293530e-01
2.343435323072219634e-01
2.305346356265929597e-01
2.258213935414630502e-01
2.200866269501262351e-01
2.137329121759035111e-01
2.068918627261861765e-01
2.022626142588556386e-01
1.969208536158312539e-01
1.892507422201546441e-01
1.915382798637274009e-01
1.863554299172911211e-01
1.897866185143816109e-01
1.830579213404086303e-01
1.799551010166207110e-01
1.759604340916709475e-01
1.736928039386261002e-01
1.662808852266427773e-01
1.682524177038655644e-01
1.620767343322234433e-01
1.638676134046087862e-01
1.550596434793817535e-01
1.516912961848754793e-01
1.469018961210382113e-01
1.417719699159770974e-01
1.325369388680716076e-01
1.330643336102513008e-01
1.260052705297391995e-01
1.233386517553044376e-01
1.214913865325418368e-01
1.196296428362898928e-01
1.120559021982191900e-01
1.196513860045841926e-01
1.132880557550795669e-01
1.115371687136815781e-01
1.128023587318492810e-01
1.110178071808121530e-01
1.109748680436956902e-01
1.095185908473539360e-01
1.031630494980024376e-01
8.736936643921014434e-02
8.067980227335450061e-02
8.005443548571916645e-02
8.192476017379883568e-02
8.305125385647331437e-02
8.369079584466659893e-02
8.456697079444397414e-02
8.478694607828572705e-02
7.993120843620613036e-02
7.603613384562082911e-02
7.593841932814512918e-02
7.495400904288189448e-02
7.893307941735219768e-02
8.076063612964465288e-02
8.165934946709253739e-02
8.277253506962231611e-02
8.422311460190262666e-02
8.434954639098354856e-02
8.734896206106844418e-02
8.819863933143073931e-02
8.781295522678897458e-02
8.707692571687121463e-02
8.420217200828479520e-02
8.317455964259252987e-02
8.244105960343386941e-02
8.089134990037313844e-02
7.586934013218726847e-02
7.319614158827689177e-02
7.241753600957791248e-02
7.075774179619850890e-02
6.828056428130067912e-02
6.844228970541942070e-02
6.916425465010085649e-02
6.893477835512230867e-02
7.186118157583941402e-02
7.048103636692228113e-02
7.373163710427509121e-02
7.465409723179587675e-02
8.078724257615248205e-02
8.037877727483677681e-02
7.928880150917647085e-02
7.788329259650833558e-02
7.556420410165121115e-02
7.503424963334588693e-02
7.415854624175331755e-02
7.213453387498228175e-02
7.096908293722045680e-02
6.796897225290475519e-02
6.330345683111220090e-02
5.942532519649158795e-02
5.711384468994493840e-02
5.437002607329063236e-02
4.981743879584914908e-02
4.671320232781142612e-02
4.554448486140438151e-02
4.254808588169362027e-02
4.281774884353770766e-02
4.220556268314280129e-02
3.735306839501970760e-02
3.866658262579924371e-02
3.670665882219218551e-02
3.798760172308287414e-02
3.972388238449621467e-02
4.369299864034296293e-02
4.650361200985360377e-02
5.138577263750016000e-02
6.033770893619878201e-02
6.808690807897282982e-02
8.184662023331290559e-02
9.819272333134432262e-02
1.078504774391995380e-01
1.209306480244743826e-01
1.343604624859260355e-01
1.421932117616684643e-01
1.530080461266108138e-01
1.640381732590569519e-01
1.676223371100091786e-01
1.761521497066010078e-01
1.350529755063223647e-01
1.505789833168224290e-01
1.659038755789901676e-01
1.464783966598920961e-01
1.358915284997734840e-01
1.292093628462728516e-01
1.217578367158207164e-01
1.261963011640797883e-01
1.251329507540210884e-01
1.175806928224270159e-01
1.108278111002035937e-01
1.066400367150617950e-01
1.034357315022987750e-01
1.004774491735237474e-01
9.650399675877693872e-02
9.330861196250607448e-02
9.322053808910001071e-02
9.278393031760588661e-02
9.664175629169187431e-02
9.574579520227713414e-02
9.408485369528513109e-02
9.349380018439107376e-02
9.392951162437972179e-02
9.848416323428293984e-02
9.879619589682768488e-02
9.995992007774737176e-02
1.034540934850818605e-01
1.052415883463516527e-01
1.064303683807493045e-01
1.101025528675988879e-01
1.142237058276624612e-01
1.174175567696311151e-01
1.174482016207686053e-01
1.206791547638136064e-01
1.348832178928158487e-01
1.407456105638334454e-01
1.479054456194743572e-01
1.507173473373288886e-01
1.525538636011330995e-01
1.546014074423856521e-01
1.612472182335066562e-01
1.683276218796914969e-01
1.719129066524215099e-01
1.718615048128821488e-01
1.696529027024576974e-01
1.692976850979400483e-01
1.692231582255650513e-01
1.627401268569780568e-01
1.588283504407220492e-01
1.412590225619181628e-01
1.368684367623447251e-01
1.301826933410773490e-01
1.250019323234851654e-01
1.188971540391050435e-01
1.200565484002299316e-01
1.202203154597422941e-01
1.220846636652629102e-01
1.248604017816503098e-01
1.275711082985340195e-01
1.260744929129603287e-01
1.271582516099054871e-01
1.271822341098517994e-01
1.288926373615747190e-01
1.303543288009313961e-01
1.271364748738887662e-01
1.230757712275617616e-01
1.218213752909507036e-01
1.188580035614786867e-01
1.148532313136735733e-01
1.141720057631283730e-01
1.187953604761005089e-01
1.190975987237667955e-01
1.221523819917354758e-01
1.196542729186788334e-01
1.224712625797577809e-01
1.224420556179968145e-01
1.253342093243054733e-01
1.276102741203616053e-01
1.246375697180535091e-01
1.265718083023588680e-01
1.291012566297055630e-01
1.350244071890515374e-01
1.420588007180976775e-01
1.492070454028386894e-01
1.553504323243747598e-01
1.589660936822223369e-01
1.663472765003154996e-01
1.700761050553631082e-01
1.745016051946248203e-01
1.797795104357982898e-01
1.824453152422663427e-01
1.865029632738593734e-01
1.878918162731818553e-01
1.892033150963516319e-01
1.931739541375883107e-01
1.946047085379613850e-01
1.966890976646712419e-01
1.991068496749578698e-01
1.989192674746328438e-01
2.004540300786439022e-01
2.046495670858438642e-01
2.064729459148941515e-01
2.102723704582730446e-01
2.110705518548343651e-01
2.125558455448020301e-01
2.113251341042713671e-01
2.105532856010113862e-01
2.103576370109979943e-01
2.051982703967190069e-01
2.057725469380002337e-01
2.034144854538074421e-01
2.015003711088537985e-01
2.044848931603574504e-01
2.051498276739449622e-01
2.065019639099168747e-01
2.069529090382900838e-01
2.125142183064669121e-01
2.118254876573865686e-01
2.147157035373439549e-01
2.135361724945788742e-01
2.168562610307073757e-01
2.138488796471688935e-01
2.166326425319203275e-01
2.220755304662610508e-01
2.207254236385096935e-01
2.241003075116936305e-01
2.201708094244530789e-01
2.162778198270812469e-01
2.118940571270270523e-01
2.109408395966350103e-01
2.140268437179906613e-01
2.160550413619460597e-01
2.128252477686968236e-01
2.170090988344288152e-01
2.200732459081315429e-01
2.256598054632470429e-01
2.292898374780738824e-01
2.277530822734347149e-01
2.284786454284449542e-01
2.260822677823613736e-01
2.213972962305627290e-01
2.168995945728096064e-01
2.118329177057261536e-01
2.084549386912404323e-01
2.072161380296676791e-01
2.048515510159309716e-01
2.087293538993323372e-01
2.079795303460731937e-01
2.104475312876182835e-01
2.127394421784418732e-01
2.133559469568059586e-01
2.234195921740708690e-01
2.264587376148310682e-01
2.340391873243544418e-01
2.374890775031557599e-01
2.416650532739553492e-01
2.398199664930085462e-01
2.480429501438274065e-01
2.527680265874446275e-01
2.649453002355147690e-01
2.800990492378785390e-01
2.846561144949917299e-01
2.913871477501337459e-01
2.853150067977127113e-01
2.855785213202816641e-01
2.822355080326334198e-01
2.776004169463613391e-01
2.787013005192488513e-01
2.785240014432707190e-01
2.777730286368383927e-01
2.759331786707612255e-01
2.824244019805223216e-01
2.798759753489283297e-01
2.840334579424578232e-01
2.880779310350964351e-01
2.884231513835487370e-01
2.946454488385764070e-01
2.917491922503732127e-01
2.956756578221429455e-01
2.880355425673398195e-01
2.897787999045598473e-01
2.845360703624948417e-01
2.837922882142002723e-01
2.813803602359002953e-01
2.841159551705166875e-01
2.878484860628915953e-01
2.890867593104071709e-01
2.919353136626566814e-01
2.999864553856911864e-01
3.059974744778516387e-01
3.045576829457281587e-01
3.094337614916311541e-01
3.140792914989696816e-01
3.112882690400294305e-01
3.086920396278106105e-01
2.965741972866231535e-01
2.860810075904426930e-01
2.622297382867972981e-01
2.525471053443082425e-01
2.582203528920998248e-01
2.541512834510921692e-01
2.487262499960661843e-01
2.440401866701852884e-01
2.389063157018422312e-01
2.331974373166661174e-01
2.281978759030485471e-01
2.254649163863347572e-01
