0.6888092026
0.6782842639
0.6712533694
0.6665878526
0.6771851568
0.6857209642
0.6775696327
0.6593211876
0.6302041455
0.5873648085
0.5470317172
0.5125597546
0.4925580909
0.4868308874
0.4869973427
0.4872869956
0.4868614097
0.4797379130
0.4761933559
0.4720042992
0.4672853898
0.4642510499
0.4628672301
0.4616899717
0.4578065581
0.4522868074
0.4507437210
0.4458630300
0.4453434591
0.4452718176
0.4458022289
0.4462777066
0.4500584515
0.4507718158
0.4512039398
0.4528043820
0.4448694630
0.4410828512
0.4369798340
0.4359500179
0.4350562620
0.4348588247
0.4346660903
0.4353931914
0.4313406805
0.4298185977
0.4286008862
0.4288290847
0.4305236451
0.4318612131
0.4330039086
0.4341753242
0.4341498483
0.4332952390
0.4325571193
0.4310492172
0.4282855050
0.4233282756
0.4170743731
0.4099174585
0.4020200249
0.3947989791
0.3883723252
0.3835365621
0.3796110256
0.3769645950
0.3751812809
0.3736380760
0.3726558379
0.3715178808
0.3703590730
0.3691671710
0.3682328851
0.3665020127
0.3654853152
0.3649776666
0.3645611494
0.3633259942
0.3638818973
0.3646418820
0.3629514410
0.3639384332
0.3624774034
0.3633276636
0.3620080896
0.3629629567
0.3656627878
0.3688884659
0.3701613900
0.3761793520
0.3780221930
0.3793700463
0.3812305417
0.3857299674
0.3900184417
0.3950359546
0.4017206783
0.4055588603
0.4112014391
0.4162084997
0.4211600509
0.4271477626
0.4300846542
0.4362968493
0.4397879344
0.4432285958
0.4505297356
0.4541928744
0.4580080230
0.4621583119
0.4693347415
0.4730466441
0.4756275085
0.4816018802
0.4856141911
0.4851626230
0.4862520624
0.4861226197
0.4837722011
0.4834412072
0.4875896385
0.4878537292
0.4863369574
0.4884528319
0.4867719684
0.4862240351
0.4869951343
0.4854404828
0.4858015290
0.4848125627
0.4886540338
0.4926311430
0.4914107911
0.4943136663
0.4918383903
0.4930443622
0.4890728731
0.4878888437
0.4852018469
0.4842976478
0.4795888610
0.4801659337
0.4811954233
0.4790821379
0.4784754765
0.4829380164
0.4859329588
0.4840971865
0.4869673841
0.4865102607
0.4926524965
0.4944520014
0.5032611972
0.5119831964
0.5170583200
0.5264740949
0.5310056448
0.5350703292
0.5379975367
0.5470384335
0.5542361644
0.5557373380
0.5582818081
0.5569871879
0.5583231035
0.5585078985
0.5558318361
0.5568802029
0.5556414635
0.5579269758
0.5606120172
0.5641464573
0.5645458949
0.5693468789
0.5741117895
0.5762533149
0.5809716475
0.5854269350
0.5898907659
0.5943728624
0.5956512737
0.6015739998
0.6034347035
0.6043403881
0.6078153415
0.6080535091
0.6092862640
0.6099364091
0.6095123152
0.6086747176
0.6067281796
0.6061673806
0.6045672330
0.6018866836
0.6008908593
0.5988142867
0.5971709939
0.5960683577
0.5943256691
0.5934588557
0.5921471207
0.5909367077
0.5902238443
0.5892617332
0.5882986444
0.5879319686
0.5873885484
0.5862021087
0.5852460850
0.5846496189
0.5841554711
0.5833857880
0.5826369007
0.5820790537
0.5815746483
0.5810138255
0.5809756302
0.5806291010
0.5803023481
0.5803546853
0.5800021710
0.5791549829
0.5785685480
0.5785748856
0.5784720543
0.5776531222
0.5773200228
0.5766842011
0.5761962572
0.5756261527
0.5750582346
0.5746608459
0.5741179347
0.5737141232
0.5740495470
0.5737711529
0.5733302505
0.5724607066
0.5720434302
0.5714020415
0.5707575383
0.5711184230
0.5708815699
0.5707867275
0.5704796588
0.5703295416
0.5706132506
0.5704741919
0.5705680739
0.5702410227
0.5707024019
0.5712093359
0.5709367937
0.5706964868
0.5709020970
0.5708414010
0.5701713314
0.5697141828
0.5696547804
0.5689652068
0.5684642224
0.5683231584
0.5676767876
0.5669451472
0.5665192799
0.5664491708
0.5663803449
0.5665135110
0.5670044391
0.5675596425
0.5677241165
0.5675066139
0.5673650104
0.5671092008
0.5666467804
0.5666026122
0.5665782657
0.5659991369
0.5660978687
0.5656281547
0.5649820823
0.5648875885
0.5649414306
0.5647142919
0.5648293533
0.5646923409
0.5642670786
0.5636877804
0.5634142606
0.5631629392
0.5630548977
0.5965161235
0.6159013345
0.6264193702
0.6331724062
0.6374076851
0.6391906102
0.6393927172
0.6394091249
0.6393187292
0.6386387459
0.6390171982
0.6385555176
0.6385114654
0.6376347649
0.6360657590
0.6367596481
0.6373421915
0.6370651035
0.6370836308
0.6377691788
0.6375515853
0.6364321577
0.6356211417
0.6358778450
0.6368478493
0.6369286927
0.6373990398
0.6392259823
0.6399372606
0.6403836335
0.6409196361
0.6390895830
0.6381302400
0.6383486421
0.6393671221
0.6402252011
0.6399425942
0.6347178757
0.6294594125
0.6297911395
0.6315172076
0.6322216930
0.6313538731
0.6308340832
0.6312993167
0.6318299479
0.6316580344
0.6319897537
0.6317300725
0.6311765108
0.6307657726
0.6310795553
0.6317275439
0.6321344882
0.6325568029
0.6329359831
0.6333732654
0.6341015241
0.6345705466
0.6352097250
0.6355651829
0.6354872542
0.6360512935
0.6366396401
0.6370553467
0.6375581602
0.6375321656
0.6378077794
0.6378282620
0.6380784482
0.6377623299
0.6388875546
0.6390293529
0.6392223641
0.6388412488
0.6393435972
0.6407027335
0.6422797243
0.6427102348
0.6427923263
0.6432464267
0.6437860682
0.6428796810
0.6418949090
0.6442136764
0.6457832000
0.6439621172
0.6438900605
0.6443472720
0.6458850609
0.6485645383
0.6478090267
0.6483031473
0.6504871014
0.6508655380
0.6513258167
0.6518431560
0.6521128469
0.6517704418
0.6516060084
0.6519753178
0.6516578348
0.6516239007
0.6526425410
0.6525641213
0.6524792930
0.6522515028
0.6532865472
0.6534182878
0.6520104418
0.6510311344
0.6513003745
0.6512369356
0.6516508089
0.6521030142
0.6528903887
0.6530283177
0.6542648739
0.6554273120
0.6553468558
0.6555564669
0.6564292887
0.6568093379
0.6575883213
0.6583125138
0.6589768493
0.6593235328
0.6601693702
0.6612148949
0.6624290036
0.6627592447
0.6635338440
0.6644593991
0.6663743693
0.6623962792
0.6550248208
0.6544307927
0.6559135169
0.6541555943
0.6558984022
0.6535922871
0.6540132329
0.6525595155
0.6685251181
0.6792749392
0.6778689875
0.6788747894
0.6787986652
0.6748153726
0.6613228727
0.6526015906
0.6451071266
0.6367609124
0.6347615107
0.6315279897
0.6258087515
0.6162735718
0.6101825704
0.6073883401
0.6062950193
0.6048942569
0.6034511151
0.5961461477
0.5918772782
0.5871837585
0.5843009750
0.5809310805
0.5751212992
0.5716103416
0.5672114307
0.5629305984
0.5560306143
0.5504109368
0.5476163370
0.5384936082
0.5355149905
0.5352820159
0.5357205734
0.5318580140
0.5327992248
0.5331207953
0.5283872433
0.5268844213
0.5260871013
0.5214954686
0.5194194130
0.5158483417
0.5090445220
0.5028780587
0.4969809931
0.4930378455
0.4914415040
0.4896537055
0.4931028336
0.4991839912
0.5042614945
0.5072907673
0.5118250754
0.5114033640
0.5102281056
0.5163345069
0.5248047347
0.5342793810
0.5452339407
0.5493545712
0.5623130954
0.5701923352
0.5714814803
0.5667504518
0.5666350203
0.5659007155
0.5591862675
0.5515785052
0.5492226533
0.5439833165
0.5368987384
0.5323338835
0.5190780027
0.5060491954
0.4997689753
0.4845126404
0.4727778145
0.4685943532
0.4499761432
0.4455199224
0.4277942714
0.4168281370
0.3988556738
0.3899862788
0.3757620046
0.3631746343
0.3562262430
0.3478141366
0.3366009718
0.3348743423
0.3249296593
0.3171515899
0.3109658395
0.3037193646
0.3024330411
0.2984344673
0.2973471197
0.2934029356
0.2916760125
0.2867754949
0.2829501800
0.2834403075
0.2806877201
0.2813499888
0.2804110252
0.2780945787
0.2792373518
0.2762262381
0.2749102461
0.2744624442
0.2750123826
0.2751955555
0.2754917708
0.2781237924
0.2811595725
0.2833623256
0.2870831869
0.2895489297
0.2903053744
0.2931935696
0.2931521113
0.3006849032
0.3078397586
0.3193181044
0.3336518394
0.3436157607
0.3512767535
0.3520574373
0.3515336947
0.3559814328
0.3591530736
0.3660898239
0.3656280205
0.3763910208
0.3790154271
0.3874002004
0.3875092840
0.3934668458
0.3856982785
0.3852828351
0.3890555284
0.3895328197
0.3896856060
0.3877028801
0.3888646279
0.3904945863
0.3904647520
0.3891864856
0.3825706332
0.3802616336
0.3806721180
0.3806843323
0.3818504005
0.3777261144
0.3768359366
0.3758212326
0.3758126808
0.3774282772
0.3780634702
0.3808703589
0.3785717612
0.3799452217
0.3771610467
0.3704389932
0.3686862813
0.3676639485
0.3648897812
0.3557038404
0.3552699282
0.3557849460
0.3573975804
0.3570873806
0.3549454237
0.3539101721
0.3519318157
0.3491983791
0.3467717155
0.3473807884
0.3452194935
0.3459501161
0.3432900037
0.3432374583
0.3428378822
0.3418910442
0.3403379308
0.3426719893
0.3443731701
0.3457331059
0.3479024827
0.3482660532
0.3553950657
0.3573149117
0.3643040255
0.3715447406
0.3775173414
0.3841700453
0.3878212691
0.3846571247
0.3810401074
0.3723126306
0.3664276589
0.3579361594
0.3534446281
0.3480494005
0.3404883899
0.3377638562
0.3356484648
0.3269170155
0.3169116061
0.3184474435
0.3198092432
0.3231419603
0.3293817164
0.3343461210
0.3382676867
0.3367671650
0.3391245208
0.3393409337
0.3423938993
0.3410575760
0.3331986352
0.3325108326
0.3318450709
0.3274818876
0.3261315850
0.3196541893
0.3151773031
0.3123728458
0.3184769353
0.3188079432
0.3174487869
0.3116038272
0.3033699313
0.2943879870
0.2915858067
0.2904503210
0.2913953358
0.2919073080
0.2907512606
0.2902393104
0.2900212650
0.2920646137
0.2953879509
0.3017690042
0.3006289122
0.3033326939
0.3054553182
0.3060974010
0.3032335755
0.3006431920
0.2938741640
0.2876399704
0.2816984304
0.2777673645
0.2776184641
0.2799452697
0.2851732522
0.2901439242
0.2946912031
0.2985862805
0.3027172345
0.3032257556
0.3029428325
0.3021309342
0.3005072743
0.2998184310
0.2983099805
0.2969965649
0.2954435966
0.2905690023
0.2874227269
0.2824614066
0.2799064549
0.2748786756
0.2707294949
0.2646513085
0.2573451548
0.2511806583
0.2455899047
0.2434447789
0.2427652114
0.2430183843
0.2469109785
0.2458559692
0.2489289598
0.2468500782
0.2500333342
0.2497248910
0.2503636590
0.2493445747
0.2443155248
0.2439889226
0.2389983968
0.2383770982
0.2361481594
0.2353731993
0.2343884629
0.2343764416
0.2300818602
0.2299679307
0.2289516788
0.2247763015
0.2230576552
0.2196696222
0.2108229238
0.2087960571
0.2083088735
0.2049353474
0.2040535660
0.2010825557
0.1996871030
0.1972826005
0.1949258264
0.1963743830
0.1945307977
0.1943471571
0.1926882320
0.1999294322
0.2008076656
0.2011715794
0.2066148007
0.2071373462
0.2029870273
0.2029504249
0.2051639080
0.2032004702
0.2052894391
0.2059176735
0.2064443688
0.2090058397
0.2108821906
0.2143166605
0.2166947670
0.2177903325
0.2191998413
0.2221735282
0.2245689431
0.2288195222
0.2322911067
0.2356417634
0.2378435921
0.2396635330
0.2413350367
0.2435718378
0.2470394074
0.2507828746
0.2553670956
0.2588859911
0.2612868836
0.2633512379
0.2650380620
0.2666612285
0.2665669369
0.2684285231
0.2716533496
0.2751518444
0.2782925764
0.2834522936
0.2868232473
0.2904269906
0.2929520204
0.2952582249
0.3005397530
0.3058064166
0.3095603652
0.3099386234
0.3122666475
0.3107275081
0.3128814190
0.3108291513
0.3130002710
0.3111618095
0.3083738154
0.3029461208
0.2984823339
0.2928316954
0.2888182379
0.2841789539
0.2842582763
0.2765183664
0.2763385983
0.2704629123
0.2708932002
0.2700270098
0.2638267320
0.2642327502
0.2645456112
0.2658700214
0.2634012190
0.2653847132
0.2675165579
0.2650022057
0.2639621080
0.2666204695
0.2640940206
0.2598935825
0.2566872803
0.2508322943
0.2462869973
0.2460662239
0.2454385534
0.2461915630
0.2480201425
0.2487351032
0.2509132539
0.2497919883
0.2400609826
0.2316888708
0.2247595113
0.2209962460
0.2157791163
0.2095726731
0.2080425963
0.2114961600
0.2169726286
0.2221149297
0.2266956880
0.2281385454
0.2320917612
0.2338360189
0.2353250528
0.2386100804
0.2400616266
0.2407687212
0.2402807988
0.2397477339
0.2380422337
0.2377392330
0.2357134324
0.2363920640
0.2380025958
0.2379636211
0.2375955992
0.2354261204
0.2352366205
0.2345876686
0.2363222184
0.2408186097
0.2421566333
0.2443729758
0.2435762278
0.2421190244
0.2414933913
0.2416192779
0.2416569977
0.2413852446
0.2396663748
0.2415997083
0.2447994377
0.2516842117
0.2533078249
0.2560512859
0.2605449485
0.2648538276
0.2651086889
0.2642920131
0.2628445030
0.2637590926
0.2611006347
0.2668391488
0.2731820773
0.2795063084
0.2860531702
0.2859547708
0.2872341279
0.2819560219
0.2714470020
0.2610666559
0.2429139779
0.2431395438
0.2531561167
0.2543485749
0.2583194725
0.2564362605
0.2562887282
0.2669096730
0.2682340672
0.2714074904
0.2702590138
0.2693685721
0.2684121171
0.2659898246
0.2671451126
0.2669747112
0.2673792085
0.2684649341
0.2716644322
0.2700539485
0.2685226502
0.2685577656
0.2700842427
0.2702086858
0.2686939771
0.2688477712
0.2679272634
0.2632569465
0.2661295458
0.2655337237
0.2740241424
0.2823233589
0.2777869890
0.2758646931
0.2742044531
0.2760469537
0.2826621624
0.2850125643
0.2944808522
0.3028908206
0.3117619568
0.3180928757
0.3245367877
0.3312691526
0.3414584129
0.3513225278
0.3621994103
0.3667145470
0.3722573134
0.3757208825
0.3801949794
0.3783978353
0.3781280163
0.3775150272
0.3836346805
0.3862935886
0.3978759688
0.4001040970
0.4077549604
0.4183522251
0.4290764776
0.4382111736
0.4472186871
0.4615355831
0.4673892749
0.4759773090
0.4758945634
0.4787504510
0.4790603902
0.4801444653
0.4827770259
0.4530589596
0.4540240580
0.4320306338
0.4285462032
0.4266904265
0.4245464932
0.4218419639
0.4196116255
0.4165257354
0.4141513119
0.4103005860
0.4047558364
0.3972285126
0.3927386383
0.3877333604
0.3841854388
0.3823469972
0.3786855488
0.3724004949
0.3741576723
0.3709034189
0.3750567619
0.3708929200
0.3743443479
0.3768748907
0.3761676347
0.3762396654
0.3714798536
0.3663832859
0.3633682205
0.3576609531
0.3564383571
0.3555097510
0.3538320790
0.3523382751
0.3544946720
0.3546895819
0.3480340986
0.3494639885
0.3453167251
0.3429295999
0.3392666406
0.3378057453
0.3360909366
0.3355265280
0.3377626149
0.3412407880
0.3441198196
0.3462558780
0.3433796270
0.3325709081
0.3222261358
0.3129924740
0.3103694295
0.3041742702
0.2934213098
0.2866573236
0.2959876186
0.2887457120
0.2874181278
0.2883469560
0.2863812304
0.2905268827
0.2906471020
0.2898154462
0.2767800505
0.2704874185
0.2644968402
0.2648999236
0.2594015017
0.2585922524
0.2576120367
0.2540465365
0.2674527515
0.2771987310
0.2840053290
0.2958770813
0.2921647466
0.2822487501
0.2674849170
0.2565912313
0.2566471119
0.2542601041
0.2518262646
0.2451556445
0.2389684946
0.2304970406
0.2252648363
0.2173346350
0.2123589944
0.2076636244
0.2070623317
0.2079407863
0.2060364436
0.2074892767
0.2011293951
0.2041392386
0.1991786641
0.1951104488
0.1907820328
0.1891670831
0.1850785607
0.1802312165
0.1802305993
0.1773464253
0.1800449646
0.1769663798
0.1752929802
0.1714897787
0.1717283608
0.1739771786
0.1736231787
0.1753339197
0.1800871936
0.1814258889
0.1790643784
0.1810446542
0.1869791287
0.1890075268
0.1891884628
0.1917459087
0.2008349431
0.2026934032
0.2049734816
0.2137869636
0.2148616921
0.2225596835
0.2271241123
0.2339335200
0.2354273614
0.2446211083
0.2625845281
0.2755481303
0.2864145639
0.2887013591
0.2957744034
0.3065815937
0.3055837921
0.3020616280
0.2983381221
0.2993295222
0.2942059112
0.2911108776
0.2881903064
0.2899821346
0.2920875458
0.2948625586
0.2936276075
0.2942026630
0.2934957401
0.2942496479
0.2958223239
0.2969855046
0.2970845357
0.2957370093
0.2963840473
0.2969224566
0.2985619635
0.2995401038
0.2999086137
0.3002542376
0.2992049227
0.3004074662
0.3023021601
0.3027402029
0.3029350145
0.3028735589
0.3029803261
0.3026967869
0.3025222368
0.3017724037
0.3019628806
0.3022983290
0.3034459747
0.3050704884
0.3083559311
0.3081253508
0.3113049730
0.3112943798
0.3136192304
0.3143136236
0.3156012122
0.3163054467
0.3166430137
0.3155593843
0.3136358877
0.3151662224
0.3128453012
0.3113756422
0.3112984489
0.3109536822
0.3104620471
0.3096879021
0.3084870134
0.3074247276
0.3062263970
0.3057456506
0.3052429786
0.3053463290
0.3043686485
0.3031764312
0.3020886347
0.3010660410
0.2992804617
0.2971106993
0.2952614026
0.2943217047
0.2947738858
0.2964575079
0.2984680131
0.2988976311
0.2977378925
0.2958910854
0.2937924590
0.2913347503
0.2899138649
0.2896747103
0.2872326537
0.2847922129
0.2855432015
0.2865130554
0.2888711914
0.2932314446
0.2987088915
0.3034134498
0.3075147370
0.3106980481
0.3095130397
0.3071290163
0.3048706004
0.3024657584
0.3029298823
0.3028427839
0.3026996487
0.3032654899
0.3050182915
0.3058687965
0.3067930582
0.3078210537
0.3093962549
0.3114553899
0.3141972284
0.3147667767
0.3173608524
0.3189561419
0.3191972912
0.3177900946
0.3172335867
