0.1318638016
0.1323178210
0.1317367315
0.1321377629
0.1315745663
0.1329624043
0.1329283355
0.1350216007
0.1345199057
0.1367851912
0.1362574508
0.1378553152
0.1409903658
0.1429056913
0.1432876494
0.1431825478
0.1395328203
0.1332888705
0.1243182624
0.1220351511
0.1201956932
0.1215872994
0.1200718071
0.1202465388
0.1212223113
0.1223555484
0.1263761155
0.1264105210
0.1234011113
0.1216733434
0.1234664872
0.1216696495
0.1243576966
0.1226189143
0.1212706633
0.1199538225
0.1194549150
0.1198376675
0.1201700484
0.1214568019
0.1217627626
0.1186658966
0.1198344842
0.1191684328
0.1169541048
0.1138453548
0.1143554308
0.1109513975
0.1080675086
0.1058444264
0.1031030887
0.1037046209
0.1029059564
0.1047749334
0.1065121141
0.1087633170
0.1089012464
0.1102908803
0.1100052919
0.1094563872
0.1075657452
0.1071085248
0.1064776038
0.1079053704
0.1095542797
0.1090946206
0.1122940294
0.1152937182
0.1150762528
0.1159654879
0.1158754984
0.1183688965
0.1132237326
0.1114436296
0.1083191018
0.1001353531
0.0939351203
0.0882114049
0.0851234838
0.0831333863
0.0819785675
0.0796850460
0.0747234227
0.0717635103
0.0706727676
0.0675045389
0.0678770172
0.0676160928
0.0541781652
0.0514258213
0.0516963483
0.0558947738
0.0633047034
0.0753956402
0.0759488351
0.0697563420
0.0724936739
0.0699817277
0.0654953644
0.0609947947
0.0530463228
0.0440299684
0.0439243851
0.0424427636
0.0399197964
0.0542013417
0.0469922565
0.0525769643
0.0597330495
0.0610246586
0.0666438943
0.0614977097
0.0700979077
0.0664120043
0.0594041530
0.0483917254
0.0523384605
0.0688127402
0.0692285550
0.0775878340
0.0634017275
0.0667254744
0.0622069596
0.0504177045
0.0443423664
0.0453261694
0.0467998267
0.0413194193
0.0294192051
0.0258605157
0.0309514751
0.0283463329
0.0238937077
0.0257630764
0.0232319290
0.0216332026
0.0204355206
0.0211350457
0.0247164459
0.0231838263
0.0221667778
0.0226842760
0.0203359431
0.0186966221
0.0192444535
0.0271311919
0.0292107530
0.0340154307
0.0280280668
0.0291527208
0.0362586689
0.0372017055
0.0331942574
0.0334388138
0.0264785460
0.0195005443
0.0162799173
0.0178079714
0.0107235790
0.0065078320
0.0037882887
0.0028670718
0.0101495767
0.0100971389
0.0130921011
0.0114741247
0.0148293418
0.0147080162
0.0150774763
0.0152336369
0.0130007225
0.0148403894
0.0155143467
0.0148833389
0.0150474393
0.0123157470
0.0120771509
0.0107998464
0.0115833192
0.0100345407
0.0087304348
0.0085215727
0.0075752626
0.0062598862
0.0021147155
0.0055201788
0.0078071579
0.0076787618
0.0079612426
0.0095165187
0.0100973111
0.0119205920
0.0131303627
0.0137609614
0.0116465539
0.0114186756
0.0141706615
0.0133881240
0.0144763826
0.0152008315
0.0191984519
0.0214774202
0.0230259252
0.0269796749
0.0300414180
0.0339747959
0.0349979476
0.0429450770
0.0463831467
0.0554504950
0.0574654086
0.0595244144
0.0607015384
0.0672155077
0.0630165363
0.0566239894
0.0606847464
0.0611335582
0.0581024014
0.0615948454
0.0574018899
0.0641819395
0.0646774863
0.0711273371
0.0650182835
0.0654143518
0.0608819577
0.0575242061
0.0522134305
0.0377770744
0.0392117451
0.0357694444
0.0367359053
0.0354233046
0.0354167066
0.0379313084
0.0372716944
0.0334851264
0.0334549035
0.0361824709
0.0384354439
0.0367364359
0.0386563064
0.0435930839
0.0436927918
0.0421607498
0.0498008124
0.0467281179
0.0484772424
0.0505113440
0.0498482274
0.0515509849
0.0528819056
0.0533023036
0.0529823064
0.0510419929
0.0495146729
0.0490697053
0.0490634482
0.0493493547
0.0472938993
0.0476713572
0.0481960228
0.0480225149
0.0477801051
0.0481520874
0.0477946929
0.0471124475
0.0443147113
0.0425303902
0.0416427646
0.0447916553
0.0447439051
0.0433955059
0.0418134968
0.0420024938
0.0424334722
0.0442935463
0.0423375642
0.0428108797
0.0491271905
0.0461734901
0.0450693027
0.0434130813
0.0434042469
0.0426194958
0.0404022400
0.0402619591
0.0400253405
0.0396900085
0.0397000143
0.0397013096
0.0398028415
0.0398425040
0.0380740575
0.0335288063
0.0309210753
0.0349826726
0.0339217784
0.0305698058
0.0255415413
0.0280292000
0.0246939264
0.0251311093
0.0256308555
0.0244520135
0.0299208718
0.0306494158
0.0313981242
0.0334971567
0.0401089946
0.0395535187
0.0392917175
0.0397029929
0.0397368761
0.0403838980
0.0386819943
0.0380758437
0.0371488514
0.0364180333
0.0357138552
0.0365704989
0.0355586384
0.0339879585
0.0340590022
0.0314223377
0.0295176583
0.0265377029
0.0219656314
0.0189442549
0.0160182459
0.0133030900
0.0141815531
0.0127288928
0.0116956853
0.0117169235
0.0094764551
0.0090656611
0.0097369342
0.0112369203
0.0118406316
0.0096591347
0.0113172117
0.0100053385
0.0117802437
0.0127128115
0.0118581222
0.0102612347
0.0132608514
0.0109270340
0.0080983476
0.0085821783
0.0089135511
0.0097500213
0.0084194794
0.0064832015
0.0067215743
0.0071869490
0.0063033588
0.0071789759
0.0067492666
0.0078990002
0.0062850574
0.0047923085
0.0048091168
0.0058732224
0.0080914207
0.0066867943
0.0083267401
0.0094813453
0.0135413898
0.0170263044
0.0227664182
0.0337919504
0.0364336401
0.0409939272
0.0405439840
0.0448911502
0.0442067263
0.0323818289
0.0333051963
0.0329631273
0.0413858664
0.0404923107
0.0364695003
0.0411633694
0.0409137129
0.0379507798
0.0833899133
0.0425542227
0.0893228735
0.0942023601
0.0426940605
0.0459163599
0.0496995201
0.0508916023
0.0465430519
0.0456131807
0.0429194876
0.0437796987
0.0443989364
0.0431667540
0.0405773704
0.0389474799
0.0443441149
0.0529677951
0.0511508370
0.0481689976
0.0461613958
0.0477240310
0.0441163577
0.0264859857
0.0263172090
0.0617087633
0.0215781002
0.0384235283
0.0359145535
0.0351508186
0.0177411030
0.0160283096
0.0171369843
0.0201641014
0.0324325420
0.0412743074
0.0423238909
0.0345765892
0.0242324115
0.0251751025
0.0223551130
0.0222516852
0.0179419798
0.0198115391
0.0218720617
0.0192277087
0.0188015878
0.0183596979
0.0188734432
0.0190987473
0.0178431579
0.0181352623
0.0191312661
0.0227787896
0.0230440113
0.0191416408
0.0173259386
0.0167239111
0.0134067299
0.0190758808
0.0212225835
0.0206852814
0.0171943192
0.0145428141
0.0180251294
0.0176070167
0.0186419635
0.0213552664
0.0209769181
0.0235334638
0.0221691779
0.0214767574
0.0213663738
0.0239793381
0.0230036405
0.0166355404
0.0166717137
0.0142956064
0.0111817121
0.0115890199
0.0130537450
0.0122588507
0.0132261581
0.0121912564
0.0137923615
0.0134879358
0.0128957755
0.0124144000
0.0137078170
0.0132748989
0.0142220750
0.0152253175
0.0168422446
0.0181071941
0.0200252624
0.0238346495
0.0237061480
0.0268738630
0.0338576337
0.0417931745
0.0512367272
0.0623144693
0.0664863235
0.0766900005
0.0882799318
0.0925069988
0.0967414939
0.1009513552
0.1075086331
0.1102981531
0.1137125875
0.1169464934
0.1207284632
0.1212359913
0.1244734672
0.1252591957
0.1244807390
0.1212041804
0.1227446716
0.1262894565
0.1257110421
0.1212504222
0.1223015728
0.1240412202
0.1273573476
0.1265201098
0.1263212137
0.1271944917
0.1273877624
0.1251723828
0.1252602680
0.1263253524
0.1278644366
0.1305222739
0.1324610175
0.1352582208
0.1357063004
0.1345938920
0.1400999487
0.1390292027
0.1367731340
0.1374187722
0.1367830937
0.1384542945
0.1390689573
0.1401464343
0.1415546051
0.1407230674
0.1398520581
0.1388019494
0.1382536757
0.1389326476
0.1389560656
0.1367396441
0.1332792350
0.1302466567
0.1253980785
0.1235580676
0.1179368932
0.1189965959
0.1228656962
0.1242311115
0.1266052052
0.1256969889
0.1273167963
0.1257600859
0.1290292962
0.1311911860
0.1342073456
0.1371419023
0.1370151886
0.1398670756
0.1422771784
0.1435697107
0.1448875508
0.1456333589
0.1465741516
0.1477866229
0.1482320467
0.1484660725
0.1491947695
0.1498379530
0.1510091376
0.1522153480
0.1530802065
0.1512085460
0.1490688920
0.1444164540
0.1435773901
0.1455458818
0.1466269580
0.1465926422
0.1480454837
0.1466427759
0.1470254140
0.1462530019
0.1469823204
0.1436539015
0.1417498275
0.1362367880
0.1332430658
0.1298664552
0.1289635966
0.1311863122
0.1322327515
0.1355363539
0.1369353981
0.1388732638
0.1416826307
0.1421693931
0.1435979722
0.1463207977
0.1469276138
0.1468816879
0.1484301403
0.1503839974
0.1468720143
0.1484259688
0.1486392988
0.1508133510
0.1516441534
0.1518125711
0.1529632289
0.1544576134
0.1548205632
0.1509574987
0.1495529141
0.1490379707
0.1475005663
0.1474804519
0.1473980597
0.1435814886
0.1421194101
0.1400262986
0.1397695668
0.1404180785
0.1350376397
0.1395086277
0.1382487245
0.1367953762
0.1362198576
0.1378813771
0.1409505569
0.1426004779
0.1453579409
0.1445802870
0.1407650751
0.1488015903
0.1441930772
0.1499169393
0.1485944278
0.1518805852
0.1534612733
0.1534197566
0.1576335603
0.1552824199
0.1544198824
0.1527612111
0.1520951722
0.1503208873
0.1554443153
0.1558922103
0.1604174325
0.1676904719
0.1608644460
0.1678892868
0.1562658503
0.1577624839
0.1595978564
0.1615927619
0.1611642992
0.1574231161
0.1578036058
0.1556157525
0.1546679367
0.1529623492
0.1490675234
0.1556685154
0.1506089535
0.1504623086
0.1488296486
0.1473993990
0.1456515513
0.1444515114
0.1424206515
0.1416884018
0.1409129983
0.1404984084
0.1401210100
0.1382415168
0.1360090424
0.1355367652
0.1279592063
0.1299609596
0.1299015782
0.1278514565
0.1290837043
0.1288832584
0.1274243730
0.1247076630
0.1255276213
0.1373673127
0.1392427404
0.1413769239
0.1437785272
0.1449649007
0.1414817899
0.1386362401
0.1356532122
0.1336445120
0.1322496268
0.1298788340
0.1300774742
0.1281439267
0.1279401200
0.1272693476
0.1258826369
0.1239873929
0.1225428634
0.1215327912
0.1207571948
0.1205799469
0.1211134257
0.1207706885
0.1214938795
0.1212210955
0.1218320969
0.1223169474
0.1223058109
0.1242966802
0.1246452316
0.1245479516
0.1247598637
0.1253374315
0.1268843214
0.1282628128
0.1313424886
0.1341851192
0.1365186532
0.1374000400
0.1410994495
0.1428244769
0.1520885239
0.1559595929
0.1498215874
0.1485681255
0.1477192610
0.1479366061
0.1497147852
0.1497960113
0.1469801714
0.1499578768
0.1510902689
0.1515282400
0.1534257715
0.1550606529
0.1527876779
0.1522455664
0.1539152695
0.1552780177
0.1561167473
0.1565632674
0.1577856795
0.1551807423
0.1559593129
0.1574205180
0.1562993805
0.1609972419
0.1679753942
0.1736500346
0.1671306448
0.1590242256
0.1568413478
0.1486821720
0.1489319167
0.1368430903
0.1369022190
0.1346247778
0.1241373248
0.1193114172
0.1140625907
0.1165089344
0.1094240617
0.1116388535
0.1057723117
0.1056786378
0.0975157862
0.1019591482
0.1040134042
0.1014375026
0.0966879935
0.0978106008
0.0931583343
0.0861171472
0.0915133064
0.0883561592
0.0891794546
0.0880017463
0.0831238782
0.0858749633
0.0852977306
0.0859198328
0.0863207306
0.0845490546
0.0741873873
0.0727715255
0.0806104588
0.0772092956
0.0739890466
0.0733763841
0.0818034632
0.0863780767
0.0952597013
0.0896745854
0.0934254964
0.1028314726
0.0801284290
0.0714286643
0.0436165950
0.0679184631
0.0927062415
0.0982276764
0.0903128436
0.0789855063
0.1044098130
0.1107410112
0.1072113324
0.0991856273
0.1122835787
0.0987387838
0.1001851102
0.1085789917
0.1054188581
0.0961673859
0.0958826372
0.0982808256
0.0982891541
0.1000859747
0.0966130122
0.0969167700
0.0986966518
0.0995303224
0.0983007683
0.0986031939
0.0976251424
0.0960053838
0.0973234414
0.0987061789
0.0999736462
0.0983375310
0.0970119840
0.0963784451
0.0957534917
0.0950769294
0.0946319527
0.0937050218
0.0931486219
0.0932317732
0.0925439344
0.0932705686
0.0937390218
0.0956544397
0.0946975270
0.0974692395
0.0977032290
0.0980641796
0.0977896029
0.0971718471
0.0961874736
0.0969144384
0.0992234884
0.1000242060
0.0968606913
0.0980276247
