8.7877558479
8.9011064386
8.8079035293
8.8161960850
8.7917018196
9.0128848038
8.7042829713
8.8783104214
8.9161286284
8.8453780718
8.8282901197
8.8223947023
8.6807922631
8.8375076114
9.0633466644
8.8299627690
8.8910698580
8.9726305760
8.9127851865
8.9056835514
8.8977829571
8.7559879945
8.8453143342
8.8747427699
8.8368365159
9.9609391661
10.0034030920
9.8305675234
9.7326994573
9.6139285779
9.7814173298
9.8742983512
10.4233993037
10.2885550614
9.9468100275
9.9000457027
9.6656595414
9.4102105708
9.4360455044
9.1515071854
9.1482020220
9.6647343230
9.5104407143
9.4148253277
9.3581564603
9.2479063863
9.3646240178
9.0134337020
8.9248349110
8.9051958770
9.0249395812
9.3395771431
9.2810658292
9.5782493756
9.5635696512
9.7894025872
9.7880963885
9.8610265298
9.7104466356
9.5900197424
10.1685154226
9.9968947026
9.9829871202
9.8510071010
9.7628959529
9.9648045580
10.0457553409
9.7498511780
9.6019331542
9.8511924773
9.5857771387
9.5809187857
10.1294413149
10.2063557800
9.9449241663
9.9694743852
10.2069989444
10.1184716446
10.2666473506
10.4429246969
10.4328084175
10.2621704928
9.6636976493
8.9715321006
8.8021125705
9.2660299237
9.8057326079
10.0229602473
9.9480408255
9.8218032986
9.7307461462
9.7726181600
9.8341133456
9.5115685170
10.0270402511
9.6161756639
8.9239662134
9.0380825251
8.9513241538
8.9117035418
8.9417602494
9.7912002771
10.2784560691
10.1345015632
9.8116424268
9.7621604406
9.6626545082
9.6163617862
9.0332149812
8.7685176778
9.1287932046
9.0599216421
9.4930748899
9.9203828431
10.0588110869
9.8941300262
9.8609897581
9.3826452141
8.9487523342
9.0669948872
9.2722779269
9.5447007638
10.0919034871
10.1153494374
10.0451622450
10.2625508662
9.7525543755
9.8252664739
9.8240149900
9.6286328216
9.2473916992
8.8960629112
8.5749514785
8.7221151595
9.2043625255
9.4413492772
9.8404504873
10.5509215618
10.9797048329
10.5055541268
10.4201901556
10.3268703448
9.4713531487
8.8677538881
9.1054193946
8.8555786910
8.9369173756
10.0238167028
10.6495534475
10.2012872452
10.1576695397
9.7733675513
9.6753175068
9.8017191913
10.0094001048
10.0214661148
9.8912335814
10.3660510738
10.2017562978
9.9504865276
10.0615142377
10.0550462887
9.9918672886
9.7950646906
9.7945881201
9.9272444614
9.7606686514
9.8315532965
9.4479959684
8.8061420680
9.4726328697
9.4619319091
9.4273224033
9.3855719965
9.5338610047
9.5394876852
9.6762829149
9.5694119971
9.4744989920
9.3367670891
9.2499300257
9.2977301523
9.2546049980
9.5746527484
9.8024598566
9.9181994693
9.9902344073
9.8072760954
9.6096484469
9.5260663429
9.6022389020
9.5992307143
9.5477965642
9.5678904256
9.4818523214
9.4149383551
9.2082410804
9.0948988351
9.0298500348
8.8589349858
8.6357510254
8.7881839336
8.8432402517
9.1592626520
9.4012072607
9.3335431348
9.0493524727
9.1956966554
9.5592308126
9.5633312271
9.5943948438
9.5166064839
9.4304721453
9.6375813405
9.1335976310
9.1319748008
