5.529075542846814684e-02
5.331934884971413491e-02
5.024613619173434048e-02
2.944102686147424819e-02
1.879726262324237299e-02
1.408970697740311202e-02
1.715026126272964010e-02
2.050711141004991564e-02
3.212636979119085773e-02
3.355112671497560706e-02
3.446332355361109157e-02
3.528550468327572298e-02
4.823271993673304558e-02
4.812998090335116053e-02
4.794469475071080206e-02
4.767631638235192426e-02
4.721993436484710899e-02
4.703567533252822619e-02
4.671811747379769203e-02
4.626447200812335014e-02
4.694481763122151929e-02
4.759602766089251341e-02
7.566970102025138978e-02
8.702659758208047824e-02
8.496067828534564770e-02
9.386121875655875635e-02
9.217019840673473796e-02
1.267509898363052279e-01
1.565219079582900741e-01
1.549297196336415772e-01
1.516460034912678057e-01
1.574585337389463047e-01
1.590762322686289920e-01
1.796920698159083785e-01
1.790377732481815698e-01
1.864540217507058839e-01
1.888492558992505010e-01
1.830758282029763817e-01
2.004775649198328735e-01
1.989684761269606694e-01
1.990797273755856578e-01
2.047782877360597442e-01
2.075371036363030663e-01
2.048175664182268485e-01
2.094443386744105906e-01
2.154298669730305704e-01
2.226590365151964457e-01
2.194644904256633777e-01
2.228769384708815249e-01
2.209176912266271886e-01
1.993414276464633150e-01
1.996723899822973880e-01
1.974676590841228097e-01
1.952913383303845340e-01
2.060650591154537248e-01
2.027488724730962533e-01
2.235303719719427262e-01
2.580837488331848006e-01
2.580867378348842833e-01
2.600502202318369371e-01
2.481339571039581360e-01
2.508108591505741058e-01
2.501120706387555681e-01
2.475871094686682428e-01
2.679389808575854959e-01
2.660702784140567823e-01
2.672785029556045133e-01
2.831101101213132631e-01
2.935437963873851475e-01
2.920646149443897333e-01
2.933764409515947080e-01
2.861837877079071446e-01
2.888210423512410641e-01
2.974625552310877219e-01
2.884292406654845320e-01
2.889379814325095941e-01
2.868033724785022387e-01
2.944955036451932795e-01
2.946175718257559306e-01
2.944685196486807599e-01
2.940434437217728236e-01
2.900938009424948727e-01
2.910726060670943971e-01
2.825714810431756430e-01
2.802490790764560202e-01
2.804317574458693452e-01
2.760053574354536798e-01
2.312140048289271776e-01
2.288990720030824044e-01
2.268471488669043523e-01
2.541360627408673079e-01
2.787947118892487031e-01
2.806242390257764341e-01
2.720054611798133348e-01
2.737785877845665405e-01
2.674856546534307711e-01
2.686456861652793959e-01
2.583927625088449642e-01
2.614033811888591408e-01
2.654947533795947168e-01
2.668701102225589095e-01
2.786732873890907514e-01
2.698612112917331829e-01
2.599706645128147531e-01
2.589008987015061769e-01
2.638794985670421256e-01
2.647925559560297404e-01
2.673623025433615741e-01
2.596799674915749589e-01
2.728987713988197394e-01
2.629234211074811811e-01
2.635390226660211388e-01
2.514920737489658165e-01
2.409961112331973632e-01
2.404941930788074000e-01
2.186391786161430151e-01
2.187186679270660128e-01
2.167556385297659816e-01
1.965457085761679323e-01
1.955383478669788511e-01
1.906657786177386738e-01
1.891297286379538256e-01
1.890492018631564075e-01
1.874974201923413908e-01
1.863517889070542555e-01
1.849378349847077274e-01
1.846544143490257139e-01
1.868189936597412226e-01
1.836077092713997994e-01
1.818458512179965403e-01
1.777981776063887742e-01
1.806670336359649798e-01
1.814812412314126544e-01
1.787771898777296697e-01
1.714732453854874716e-01
1.713314475375713186e-01
1.709962847816800247e-01
1.906380687034754107e-01
1.895481253330970617e-01
1.892590905809007074e-01
1.884704370368571469e-01
1.871694239012822170e-01
1.885243129012006413e-01
1.863596057851018284e-01
1.955329054679929568e-01
2.148782049999809207e-01
2.151720989065838974e-01
2.232235746906245655e-01
2.240751920630459915e-01
2.292436479364608481e-01
2.462149059092354764e-01
2.449195352615445020e-01
2.444403444663214853e-01
2.439257966993957361e-01
2.475915821093720715e-01
2.517926803679006453e-01
2.298605760715612678e-01
2.260389908810931936e-01
2.294851986501442731e-01
2.313264106442365631e-01
2.345452794823224274e-01
2.337056748526188110e-01
2.358137500488230454e-01
2.295265441091278724e-01
2.305597718299133847e-01
2.096645967496345853e-01
2.093108827275919070e-01
2.284451582923059942e-01
2.306509694010578371e-01
2.294178839141935156e-01
2.230532157539139582e-01
2.210339422471851167e-01
2.185744769916239671e-01
2.180045895006991197e-01
2.123999891744543789e-01
2.142152826291835732e-01
2.141429165641113019e-01
2.137407742789907972e-01
2.134730325605694312e-01
2.136296945810931269e-01
2.137716879899275724e-01
2.213868304452692726e-01
2.215365383728521431e-01
2.219437251846686499e-01
2.224212852802415485e-01
2.229670297504901533e-01
2.235374613690266632e-01
2.241435630608317187e-01
2.248463298803155819e-01
2.253763999502093052e-01
2.259296271431816827e-01
2.265582824147796825e-01
2.271330434025276290e-01
2.276990165863269355e-01
2.281444631185973737e-01
2.283270306239899849e-01
2.284493120629822738e-01
2.287791511252137422e-01
2.281474492446276259e-01
2.276133943928127790e-01
2.279257686604466981e-01
2.281674146231482403e-01
2.275436017514963216e-01
2.260857489557785704e-01
2.255718619115761880e-01
2.255728267832711187e-01
2.255230979267153490e-01
2.255979844236971066e-01
2.255389766314136457e-01
2.254627578609582350e-01
2.256859196049133265e-01
2.253696831706082093e-01
2.248021303375038749e-01
2.246283491815049271e-01
2.245047922480243319e-01
2.243188540932199715e-01
2.239933044488725267e-01
2.236831325052001940e-01
2.236139807501199006e-01
2.234135249178626215e-01
2.228574853945737844e-01
2.227361121492746066e-01
2.225934815680619683e-01
2.224343761676465525e-01
2.222826771803729229e-01
2.221424290754704656e-01
2.218489047325896413e-01
2.217050241213099071e-01
2.215946809883209412e-01
2.215158468800312863e-01
2.214586763993000584e-01
2.213998233408437655e-01
2.212559519139955522e-01
2.211834113642690003e-01
2.210701337834306002e-01
2.209268979287185575e-01
2.207833525843679590e-01
2.206766531111350182e-01
2.206340524925565483e-01
2.205860302283786101e-01
2.205086516021107501e-01
2.204322720937352542e-01
2.203605937111905999e-01
2.203457081617646307e-01
2.202942319795464232e-01
2.203723862255594912e-01
2.203269499393204489e-01
2.201943785378945306e-01
2.201512106301462546e-01
2.200556669926067577e-01
2.200134063215921643e-01
2.198871776351245810e-01
2.199325497643078442e-01
2.198514996860350401e-01
2.197586067076113814e-01
2.196510643212740976e-01
2.196586551263563780e-01
2.196010618935514969e-01
2.195844530705881315e-01
2.195647711616985631e-01
2.196411577530878456e-01
2.195783982184338068e-01
2.196827696708172628e-01
2.195930168263121873e-01
2.194010650681634256e-01
2.191707624032687429e-01
2.188831384400213020e-01
2.185898299910380704e-01
2.184299763567812969e-01
2.181726865835159068e-01
2.191898771365094756e-01
2.193399572002382170e-01
2.192927453841025942e-01
2.190648931234829566e-01
2.192990163862382491e-01
2.192301821821707741e-01
2.195838060031208017e-01
2.193197373928904292e-01
2.190811707612119741e-01
2.192147398988995022e-01
2.190611209358393763e-01
2.189371655433427488e-01
2.189123307765055149e-01
2.187032688197646790e-01
2.186438254986618757e-01
2.184686099905149281e-01
2.187804121106960153e-01
2.186729318623601981e-01
2.193400744584865225e-01
2.193901848109951758e-01
2.197691403616098549e-01
2.197396232613986478e-01
2.197083751663449214e-01
2.196604404902729735e-01
2.196203543015708692e-01
2.195801821362856343e-01
2.195389365861115105e-01
2.194900285393319717e-01
2.194232411884838863e-01
2.193468248652316321e-01
2.192397202053388283e-01
2.191749870090646535e-01
2.191056685020776607e-01
2.189634612609915598e-01
2.189337973056685316e-01
2.188755628625136951e-01
2.196917891668382916e-01
2.196258694898532982e-01
2.195415655694384627e-01
2.194170010152747541e-01
2.193353360771735650e-01
2.191838310617629515e-01
2.190837004553375933e-01
2.189885551889626802e-01
2.189876363368460921e-01
2.189101496808146252e-01
2.188860103999329398e-01
2.188401639118523756e-01
2.188014895040691632e-01
2.189817942613753454e-01
2.190711293481886479e-01
2.189816331842776853e-01
2.188809185496061460e-01
2.188273439395211073e-01
2.187286771393014417e-01
2.187309061229547880e-01
2.185755832425673173e-01
2.184801403917631113e-01
2.185228379664725384e-01
2.110270899512778353e-01
2.109708488127072790e-01
2.110552933266897357e-01
2.115847276429275448e-01
2.114937899628338835e-01
2.114359940833277773e-01
2.113208431926297259e-01
2.112938145448516603e-01
2.114000102163817174e-01
2.112246828006564825e-01
2.110224344252229212e-01
2.109554052036753946e-01
2.109818443671961641e-01
2.113847568589568571e-01
2.115951284915443542e-01
2.116675894073616615e-01
2.115870271170356420e-01
2.115651624247446849e-01
2.123086141368592528e-01
2.122678283658553655e-01
2.122719852655517159e-01
2.123448145180301394e-01
2.123081672051583269e-01
2.123787978874825955e-01
2.123842471889202388e-01
2.124095317282059248e-01
2.124047259714669234e-01
2.124350196273924740e-01
2.124401754422035882e-01
2.123676711410199536e-01
2.126212964808542327e-01
2.125610736606425022e-01
2.124962002276767903e-01
2.124996435540462691e-01
2.123683555457822614e-01
2.122642689053829967e-01
2.122280314764804499e-01
2.122063458036690942e-01
2.122459922967389612e-01
2.123813001686747914e-01
2.126150930821845697e-01
2.129049052620263227e-01
2.130563470301829743e-01
2.132967617493321533e-01
2.133722156464498143e-01
2.134691547365093478e-01
2.134454845905275067e-01
2.132804546004809787e-01
2.133667397662379617e-01
2.134776740779890658e-01
2.135541543405267417e-01
2.135807952117806940e-01
2.132136965764189207e-01
2.130208315694391286e-01
2.130551192762978607e-01
2.078571919283256075e-01
2.080100464124960136e-01
2.081822063965128866e-01
2.080166400705174556e-01
1.991587531401848854e-01
1.981285290870784810e-01
1.921232768020849080e-01
1.910698223140608054e-01
1.913334992949557722e-01
1.908631364843266232e-01
1.910291436032315326e-01
2.179276099553475732e-01
2.156361229063694929e-01
2.157357241361250455e-01
2.161691018992633606e-01
2.166767994916815598e-01
2.151841610800754589e-01
2.101379224019491176e-01
2.099564301967155877e-01
2.104324863112557731e-01
2.098485784995395564e-01
2.145234504182415847e-01
2.145562817990672444e-01
2.163755721378285979e-01
2.048299973476470914e-01
2.043790058673821963e-01
2.039453294498278779e-01
2.056413224051159006e-01
2.040433674849983781e-01
2.020408045454606116e-01
2.013078033793341826e-01
2.047837496827245307e-01
2.036639486520603892e-01
2.024346862351646403e-01
2.023847334535051889e-01
2.036672418294095399e-01
1.846027965311840824e-01
1.812582889524475271e-01
1.821584632728087128e-01
1.827830272453258020e-01
1.838236093350165135e-01
1.761456198607833368e-01
1.752337219945659941e-01
1.728802155191104251e-01
1.634269244297607837e-01
1.636155853286249684e-01
1.653493446295750402e-01
1.758833433694138582e-01
1.744348020392180731e-01
1.798790440333310203e-01
1.787612336893437959e-01
1.660464974107200009e-01
1.660664757159207305e-01
1.655426376768139030e-01
1.710404379089888460e-01
1.680877346842150344e-01
1.658075347779714437e-01
1.597179341416248566e-01
1.552047871948285807e-01
1.471761778699920420e-01
1.373897881702117463e-01
1.437173142244000112e-01
1.488212713381027452e-01
1.522177631700227796e-01
1.484771888729278511e-01
1.418040547561851827e-01
1.480681744423389401e-01
1.534192551905462221e-01
1.565557135254885823e-01
1.646234280317422638e-01
1.705095059935750335e-01
1.711206632399730199e-01
1.684744324615773670e-01
1.675282319932315800e-01
1.723309253611293446e-01
1.731300351053751685e-01
1.813365639076947589e-01
1.631085739963595016e-01
1.540759885375624638e-01
1.563263504219337963e-01
1.643164581514672540e-01
1.965640520890419018e-01
1.930203972250362776e-01
1.936854701940383672e-01
2.109589946363273905e-01
2.312597860054063370e-01
3.113411250931603647e-01
3.051020530056748337e-01
2.800043231655904852e-01
3.066859393067118411e-01
3.010708316844082910e-01
3.236789276010001992e-01
3.402583056556655605e-01
3.339390061383813446e-01
3.056315505328217608e-01
3.191304132730099496e-01
3.065100471898910550e-01
3.091337691290637624e-01
2.881380208915993446e-01
2.671813622422772871e-01
2.567970215277985413e-01
2.394624251660434355e-01
2.351869873569993885e-01
2.187874311799188065e-01
2.110250370270305431e-01
2.063580267079029307e-01
2.047996573189543590e-01
2.180557425755768608e-01
2.173160717984042589e-01
1.953765506369700145e-01
1.757539771321213196e-01
1.550853529658503538e-01
1.514855651760459720e-01
1.540844146246851121e-01
1.622264101338857789e-01
1.658053762379786966e-01
1.732266711450161922e-01
1.770925038536309837e-01
1.676725612872482507e-01
1.678065418111271134e-01
1.746565748373976878e-01
1.797879494960768487e-01
1.837855033611168198e-01
2.056247963652547694e-01
2.061919983206246532e-01
2.066611251147212336e-01
2.000853967272346878e-01
2.118883447251832253e-01
2.505664567275043830e-01
2.480130707600554929e-01
2.298952530366009384e-01
2.355220173380115911e-01
2.396107994702516564e-01
2.459861019270926097e-01
2.456980969527979841e-01
2.367689086631111772e-01
2.253278940778513650e-01
2.165054718592023253e-01
2.150864131410454017e-01
2.094787733742030367e-01
2.074665264345589566e-01
1.997227116214587428e-01
1.927127816641152624e-01
1.855806594487564021e-01
1.849003550205444990e-01
1.880365385827705293e-01
1.902777440928444252e-01
1.965763990248365067e-01
2.039954189936953877e-01
2.180222994158454441e-01
2.221099948832248594e-01
2.193125762054169980e-01
2.098037703573374380e-01
2.149825568390598685e-01
2.216857191234272162e-01
2.570661372479029483e-01
2.492749699569186406e-01
2.624530107283293279e-01
2.689935710443215333e-01
2.711288521058540790e-01
2.637266067496206179e-01
2.491641356851885536e-01
2.538757858646005783e-01
2.391149274054841511e-01
2.393200668719937252e-01
2.419190365431779510e-01
2.409737558555470338e-01
2.542831588304648727e-01
2.705530462741785880e-01
2.673542581067639978e-01
2.721210382882259804e-01
2.696402684855414011e-01
2.667043768139500393e-01
3.112078919076209926e-01
3.126561052005838448e-01
3.125523825536740685e-01
3.111251318981015368e-01
3.064904918439161907e-01
3.183616494193729496e-01
3.280746835228230407e-01
3.308487808389752316e-01
3.422071594244337489e-01
3.482608587701328529e-01
3.384642557540180063e-01
3.482831583663941744e-01
3.538262235864256811e-01
3.557197022057118074e-01
3.524009753369251041e-01
3.757058217352245988e-01
3.759992154964810762e-01
3.925686589191174636e-01
3.957704700341400095e-01
3.914186082226402408e-01
4.221910871419075062e-01
4.126223386420741490e-01
3.972997681695119576e-01
3.713932107361114787e-01
3.495804248114090518e-01
3.492458559192861411e-01
3.305686970833871530e-01
3.234598134921882751e-01
3.019903976427624204e-01
2.850115924604746387e-01
2.825680542144159979e-01
2.765309674054429179e-01
2.690335982542239601e-01
2.465612295713001945e-01
2.515586516273051743e-01
2.564563189466441684e-01
2.690901583755456739e-01
2.942807905635070886e-01
2.883996592812781423e-01
2.859482319188516586e-01
2.834674396746001412e-01
2.655146963517382996e-01
2.634180245558371269e-01
2.586687051184085040e-01
2.755591803980341203e-01
2.654651918943610744e-01
2.466880238771564926e-01
2.420934124679636479e-01
2.209301194551317182e-01
2.011235440921671780e-01
1.942607567056942597e-01
1.788351434057846023e-01
1.788952555024508617e-01
1.830897227870602884e-01
1.817521442056851400e-01
1.840211865006665670e-01
1.940235238180489652e-01
1.894324942517782440e-01
1.815952680717785317e-01
1.858182699918430603e-01
1.831468144636543283e-01
1.893045150347751893e-01
2.079934207952552627e-01
2.041783949887591987e-01
2.159091770212614725e-01
2.082437480896387194e-01
2.211175228578974861e-01
2.148384421893590746e-01
2.233436168758678453e-01
2.112108760046661482e-01
2.172839385362450582e-01
2.139287465474446204e-01
2.044964368722010095e-01
1.950430456662881618e-01
1.961054942912291155e-01
1.925334985112651942e-01
1.895657751924357814e-01
1.890060457815462003e-01
1.865074380286874944e-01
1.824907726477379144e-01
1.801575274461452159e-01
1.818368238685545979e-01
1.772358872850411660e-01
1.848765331239345389e-01
1.879665353713129428e-01
2.141962657905506218e-01
2.136053394444886733e-01
2.101271817319337321e-01
2.098310827589034422e-01
2.048295849459829954e-01
2.034380262084442004e-01
2.056271747054619903e-01
2.002618779190781517e-01
2.001207348635935801e-01
2.205922824306568719e-01
2.174665786910674747e-01
2.157774939486820920e-01
2.106836322387647398e-01
2.121170332655041013e-01
2.112363665184367745e-01
2.140257709752990956e-01
2.118346232140408958e-01
2.156873010199192586e-01
2.140891450351940506e-01
2.178134989092096185e-01
2.191158429271584662e-01
2.163136439363801677e-01
2.186781656892676229e-01
2.157732661406451813e-01
2.275793833740900052e-01
2.266799908271056319e-01
2.276571791224245578e-01
2.338759899009015819e-01
2.316393316469868291e-01
2.291017466772346800e-01
2.261212506469314487e-01
2.244521511272750958e-01
2.214296461125562498e-01
2.194797505252799874e-01
2.335609634729069184e-01
2.314075742004103320e-01
2.366965827624495922e-01
2.246598664726690564e-01
2.138530674485017435e-01
2.036996569713480087e-01
2.034479612449610342e-01
2.181251096432672565e-01
2.169262196757485439e-01
2.069153662047666098e-01
2.068415875953796557e-01
2.089294540775628595e-01
2.028291237632534327e-01
2.011582263489742062e-01
2.077063232614244637e-01
1.982388471109125527e-01
1.882590493058689807e-01
1.862307607333705539e-01
1.853649781320027279e-01
1.898765341222025949e-01
1.925562193832724700e-01
1.907421317554786333e-01
1.930853978017113559e-01
1.905191729891020369e-01
1.953563664006614520e-01
1.968930132222512508e-01
1.935658128160173963e-01
1.955660154906700143e-01
1.946109203566271373e-01
1.949467830300550264e-01
1.906552163276532819e-01
1.895196461588809222e-01
1.807946302636513070e-01
1.776415799410729357e-01
1.785901948004570139e-01
1.782032150302776952e-01
1.669423547308658273e-01
1.560642741195805705e-01
1.580860364516851468e-01
1.613833659927390585e-01
1.530494375983327271e-01
1.469806349112753874e-01
1.576298273684365592e-01
1.529824233873655626e-01
1.558726433294429226e-01
1.524058106024400172e-01
1.508747179421227880e-01
1.623779481188852569e-01
1.577020044338853511e-01
1.482851955090679630e-01
1.398872064677534888e-01
1.371506531533953077e-01
1.444216702931122864e-01
1.445143813705299929e-01
1.397935338707112785e-01
1.372539809470036676e-01
1.365266218298689660e-01
1.295538907164201503e-01
1.257035650207851685e-01
1.297220744812217219e-01
1.432071360272583749e-01
1.372982045365434001e-01
1.435746772231739909e-01
1.422916919657532253e-01
1.426704313571530991e-01
1.559654621534740104e-01
1.531662050930615859e-01
1.555280613513815857e-01
1.560221337069537806e-01
1.587502086835011206e-01
1.600688860336005326e-01
1.683891088833623650e-01
1.614507696190981001e-01
1.718882920372753753e-01
1.807254753369474387e-01
1.962104794020451959e-01
2.166860413280428665e-01
2.228674326892628732e-01
2.355151188128745132e-01
2.458401382747503194e-01
2.477922065670862262e-01
2.411361750434844187e-01
2.460400387065772576e-01
2.399773451677607861e-01
2.556575559419556054e-01
2.470945643912925704e-01
2.642214219455087387e-01
2.606392326191318554e-01
2.692547587792071262e-01
2.624784445612458605e-01
2.626629344337345073e-01
2.615857848562424537e-01
2.483216389652805611e-01
2.477902910177377238e-01
2.488126529896568240e-01
2.492292273497108135e-01
2.588721560717668346e-01
2.589263426138402324e-01
2.627857701068894158e-01
2.582075656795719820e-01
2.524253734162620333e-01
2.508975766305827082e-01
2.468045027098434707e-01
2.391872025579039329e-01
2.461463015446892222e-01
2.426049515873063556e-01
2.373074874039341475e-01
2.342621723350623575e-01
2.237626922708086108e-01
2.237523904094914085e-01
2.304529648342102666e-01
2.298089041982178948e-01
2.339286831326232441e-01
2.349011362381284163e-01
2.436317955734339791e-01
2.512490512438574353e-01
2.505848279228599651e-01
2.569607457042840104e-01
2.506001834278199780e-01
2.608646152434758170e-01
2.588049621888279250e-01
2.658771855849381693e-01
2.664715941752385242e-01
2.736550342651529188e-01
2.724184348204439221e-01
2.748239804410912979e-01
2.785412239241380483e-01
2.810725781055501415e-01
2.885831490662008059e-01
3.119059992902262213e-01
3.045661285586230282e-01
3.056484860101876255e-01
3.014463997885751811e-01
2.353371619091215450e-01
2.350963253035924794e-01
2.372675505115647565e-01
2.348488550839958333e-01
2.441468727045791598e-01
2.485712776390423262e-01
2.392143340982308131e-01
2.384015194043232477e-01
2.413820975410679026e-01
2.415124137239834656e-01
2.463204815865625008e-01
2.452136798866380862e-01
2.465259740731044202e-01
2.445687204719272645e-01
2.607990100019181856e-01
2.669971152182584184e-01
2.823753801900453775e-01
2.835233079292849290e-01
2.898821492588169457e-01
2.848845809153494613e-01
2.920613172635522226e-01
2.863003444387990926e-01
2.895951312361081387e-01
2.982660478021528783e-01
2.966400218437774683e-01
3.035252425858092629e-01
2.919051125757889387e-01
2.981313877298167880e-01
3.081033782286337619e-01
3.048279135525314154e-01
2.887394439375612354e-01
2.788411899855792742e-01
2.703407445986226731e-01
2.795941321581413841e-01
2.815172203335423173e-01
2.909960684533047237e-01
2.893819257631088937e-01
2.981306909495116675e-01
2.996409760824582658e-01
2.962728498674607747e-01
2.989334701808805672e-01
2.861186119433854480e-01
2.831726821187825482e-01
2.835320629644575985e-01
2.804963976253250224e-01
2.893527895600108701e-01
2.820834620655358060e-01
2.879365170550997055e-01
2.845204491744297570e-01
2.842100001425582056e-01
2.865142232143995105e-01
2.838298369340307992e-01
2.834431721381344138e-01
2.817072122081642482e-01
2.818294048744491853e-01
2.862238915783145154e-01
2.793557351516866016e-01
2.759394263945380010e-01
2.674227043490227662e-01
2.700202809850177355e-01
2.644211653842630239e-01
2.551301353743133937e-01
2.414602830167697778e-01
2.380622432214076489e-01
2.264663405113243322e-01
2.202357412320787577e-01
2.032618055819806757e-01
1.614746873556850426e-01
1.523959529659626166e-01
1.314511828887779954e-01
1.117637813551602410e-01
1.039801294771285634e-01
1.020015074953347506e-01
1.024877841527719047e-01
9.802979454782220770e-02
9.849699491921110051e-02
9.152495303685773131e-02
9.868340104110537303e-02
1.008970716731536904e-01
1.070885632679892396e-01
1.022356025031735116e-01
1.027663515920244769e-01
9.494441471777614883e-02
9.145009042523360998e-02
9.361160775975396753e-02
1.121449441397157631e-01
1.232688905443241889e-01
1.332537779121183708e-01
1.429048680485237866e-01
1.607539056004088918e-01
1.893450781960872020e-01
1.362957952233700698e-01
1.336236009824695870e-01
1.435493624563486392e-01
1.568321812212959965e-01
1.294595456637871733e-01
1.225399093411836393e-01
1.368327925786800014e-01
1.297295054005105641e-01
1.369595227338919197e-01
1.383932264634112896e-01
1.472506207904129838e-01
1.525675619898962665e-01
1.850717885706280319e-01
1.991642657972819141e-01
2.192806798782946653e-01
2.192013642167428555e-01
2.292315573381080718e-01
2.318277810928728311e-01
2.175721386042009653e-01
2.129316203116808359e-01
1.573182050599100101e-01
1.521697704371810789e-01
1.503409478055874049e-01
1.719993854121107113e-01
1.837746099122256616e-01
1.973490384455708624e-01
2.008880850301465459e-01
2.294096417398554244e-01
2.219780469414574242e-01
2.209350151129089446e-01
2.192465657009013136e-01
2.226872918788604661e-01
2.114182108981421948e-01
2.043186251293959421e-01
1.868212948763349757e-01
1.953001122536967005e-01
2.153740844739167881e-01
2.013765454252533504e-01
1.858644909811846824e-01
1.866468933110723150e-01
1.836021349411064707e-01
1.846256445388097800e-01
1.623536995242005065e-01
1.528256655565921607e-01
1.457228626374762470e-01
1.333048714781905064e-01
1.557943979770482212e-01
1.819169503670042265e-01
1.851142466677364873e-01
1.963548478578164003e-01
1.910925586042225288e-01
1.870703584303864686e-01
1.905660022584553526e-01
1.899695146278135571e-01
2.030095889329768533e-01
1.973959639304735669e-01
1.969379566028756912e-01
1.963327061649330352e-01
2.076811241259680640e-01
2.099145608553695808e-01
2.148023191284033628e-01
2.176568047649266036e-01
2.308251996934745087e-01
2.309465239394906388e-01
2.168108098105576420e-01
2.135134993191639963e-01
2.319010476230052298e-01
2.328601449090808850e-01
2.419815370420117240e-01
2.409544932873986800e-01
2.368253704782895541e-01
2.359342040123944273e-01
2.376139236882193750e-01
2.442122362559653592e-01
2.442459202840772114e-01
2.673118687471938149e-01
2.635666925692808915e-01
2.571765387968937833e-01
2.600889698073678979e-01
2.606563713698591966e-01
2.619488507175245506e-01
2.634652353129798841e-01
2.646076971795521815e-01
2.624307297439347764e-01
2.613080072455766789e-01
2.663647333164702591e-01
2.701486755101654702e-01
2.788841331268831492e-01
2.805028483508049120e-01
2.799786788572320995e-01
2.812436237801060335e-01
2.754428776063260198e-01
2.780381794343875779e-01
2.808990239868187078e-01
2.779617125507422015e-01
2.812004790324417747e-01
2.927538858444098113e-01
2.959234132512617022e-01
2.923174408061192109e-01
2.910509061738159597e-01
3.043658960881022724e-01
3.044537897338644439e-01
3.020190814880892582e-01
3.043894206657821178e-01
3.047203132984616092e-01
3.053798517769554799e-01
3.083740683563170881e-01
3.154994029717202997e-01
3.182652982331062308e-01
3.286834627154742172e-01
3.352518231211171762e-01
3.339144430641719508e-01
3.395918648877676027e-01
3.360798689090988556e-01
3.416903851910899070e-01
3.346323244202044078e-01
3.333470796176767892e-01
3.396870781560870078e-01
3.496998485089535258e-01
3.569764764381064825e-01
3.578710627352793550e-01
3.822418526113656734e-01
3.923214216235446083e-01
3.950702456895890391e-01
4.002305148478891295e-01
3.952797939935794869e-01
4.035991763532240650e-01
4.330878486992643106e-01
4.330728582612659583e-01
4.348862113769607074e-01
4.367711768487549384e-01
4.496364253112331566e-01
4.623389416111334804e-01
4.688278390067553425e-01
4.739191878761903065e-01
4.819889246239714153e-01
4.891176450681807841e-01
5.203523193889385556e-01
5.123459608319114178e-01
5.077867802963169641e-01
5.111395162947524051e-01
5.165906911222584164e-01
5.175438408599307705e-01
5.239429814908116434e-01
5.457499473652722699e-01
5.611788713920897731e-01
5.570960154309004819e-01
5.609703286232674557e-01
5.746652275699096757e-01
5.871339951240680533e-01
6.344859378635737679e-01
6.544016769436955538e-01
6.585281472832730243e-01
6.696928167617897110e-01
6.767565076105813704e-01
6.562371097625651073e-01
6.595006377597512071e-01
6.257055689912974783e-01
6.168265437334279344e-01
6.136253300042979753e-01
6.272056644120022062e-01
6.507396099088614827e-01
6.567953973097359066e-01
6.580528885094832914e-01
6.630355608538550660e-01
6.597102066787783325e-01
6.555542747526089675e-01
6.624937309967128263e-01
6.561819102272898885e-01
6.477301470962701924e-01
6.830652316140010116e-01
6.888336483430290702e-01
7.009637007034477119e-01
6.762446410396376617e-01
6.309513990165354080e-01
6.137106047637961304e-01
6.018667163406642429e-01
6.012025870424788643e-01
5.847109958138272390e-01
5.684912615026296301e-01
5.698281904689564970e-01
5.423930397555297711e-01
5.416255358391611763e-01
5.539852746314386511e-01
5.515032881501460427e-01
5.508221558921951866e-01
5.312281217649500453e-01
5.227202195631180937e-01
5.290722223895468757e-01
5.109982456446419130e-01
4.988819484948078808e-01
4.943743207157532682e-01
4.867391402429430136e-01
4.829157934262273688e-01
4.934228169326370650e-01
4.726377939438209386e-01
4.685631818519835901e-01
4.682400068037346763e-01
4.682762364208343242e-01
4.630607963517507364e-01
4.649278235080317456e-01
4.634635773562679195e-01
4.633838967657850638e-01
4.671128045349892122e-01
4.578868613983577696e-01
4.687552542388582766e-01
4.627658984251276642e-01
4.638817818864821585e-01
4.559120137612625023e-01
4.503067308237524990e-01
4.404233369906634388e-01
4.356531775922599103e-01
4.288063657309957311e-01
4.332030221346264698e-01
4.288903328667930670e-01
4.293870816776459431e-01
4.306340387967027561e-01
4.338084307606214218e-01
4.333563937702925584e-01
4.255333845270241611e-01
4.238424342108312315e-01
4.187134889475557786e-01
4.173690577601288920e-01
4.120266780408208818e-01
4.092083407490932356e-01
4.076678540559326991e-01
4.050834958411660414e-01
4.028273790395201504e-01
3.867496482777328382e-01
3.925732701646256206e-01
3.942769752518876514e-01
3.952866640974193602e-01
3.899864892625105051e-01
3.900771368075463541e-01
4.001787453807960637e-01
4.031874312165293350e-01
3.985234471451613025e-01
3.989380795698305726e-01
3.823399247201257900e-01
3.755534180235889363e-01
3.718704280689490438e-01
3.717662189709370901e-01
3.687966334477691954e-01
3.699966241731463823e-01
3.698956505877583623e-01
3.686398961529470664e-01
3.724759618735271061e-01
3.683972720821787616e-01
3.682536073958239675e-01
3.645224846256067686e-01
3.565731031858850320e-01
3.513913578286447237e-01
3.442189724574309939e-01
3.409078201214386095e-01
3.315693321644492819e-01
3.270252274977856199e-01
3.297532610801086062e-01
3.193360813720422797e-01
3.139973899171118465e-01
3.033614806516040097e-01
3.045284371555814218e-01
2.968301842169452365e-01
2.897385370209832889e-01
2.883281102480964586e-01
2.847536557920266609e-01
2.771617563219070934e-01
2.627217982821311026e-01
2.556127241279776974e-01
2.486520942067070306e-01
2.372680548995618477e-01
2.349928595463720016e-01
2.296750269778731202e-01
2.224678017827217691e-01
2.213712896780562212e-01
2.162437582130638525e-01
2.120097747237726649e-01
2.062869576492418755e-01
1.984383709754167502e-01
1.888596879288386710e-01
1.833473663271631415e-01
1.848166879122446482e-01
1.710229753441623035e-01
1.806753532986047350e-01
1.853752588161217685e-01
1.759708747462054856e-01
1.794237827809497809e-01
1.748376647807374507e-01
1.801010485182749088e-01
1.882438128038671499e-01
1.889427643432830817e-01
1.822203787334634728e-01
1.831079978160931598e-01
1.676460508913664715e-01
1.665828605351165059e-01
1.532800389962802601e-01
1.457026904249209831e-01
1.396241080384406641e-01
1.348650703791276495e-01
1.279868261824416709e-01
1.281391437594729676e-01
1.180058022815859975e-01
1.160280602205900485e-01
1.163077006045639961e-01
9.690772430022843997e-02
8.071845821656402353e-02
6.732198038349951341e-02
6.369003635602292490e-02
5.240942919180523185e-02
5.113611847729416376e-02
5.048036186034150774e-02
5.430037997323038795e-02
5.476258112423738889e-02
6.762937386162636011e-02
9.803719606406842424e-02
1.015872445491552978e-01
1.099094908566229656e-01
1.154082482050980407e-01
1.149533499422770999e-01
1.140701499777586059e-01
1.146176052625306335e-01
7.449823156237872501e-02
6.669022385232323269e-02
6.834993816203943640e-02
5.563741368016155570e-02
5.541039719008231806e-02
5.637187840998835603e-02
5.945671796283532456e-02
6.004450423843698398e-02
6.282205448570493678e-02
6.921720100674397247e-02
7.340213622738123167e-02
7.911062676250818493e-02
7.951622621591415696e-02
8.416145129047394868e-02
8.429735431751379793e-02
8.511003720469186018e-02
9.096220591924322751e-02
7.842362487346077327e-02
7.314733435680660645e-02
6.807936332303905769e-02
5.650686419159352963e-02
4.751823089490917612e-02
3.508997279622931564e-02
3.887141632317449996e-02
3.616824871591401563e-02
4.270114004206757019e-02
3.693137222549366244e-02
3.568364612494311777e-02
5.404474859233809880e-02
5.329570643002332769e-02
5.157028215484969064e-02
5.909961204193929507e-02
6.111799917125466247e-02
5.260766074115296592e-02
9.055597667944297047e-02
8.751046945776623509e-02
8.723614127604753521e-02
8.674026419329901316e-02
7.859251549698123562e-02
9.118682189407353866e-02
8.812094169937470522e-02
8.417357416127647929e-02
7.028642830378191431e-02
7.156466376339173929e-02
7.510174972311212116e-02
7.641995167663620525e-02
8.319774039910556029e-02
8.071098286765596153e-02
9.900608852682095395e-02
1.026258720771113658e-01
9.606356841791427459e-02
8.816285810314683502e-02
8.206296558281210574e-02
7.338542707004765131e-02
7.547473832603868171e-02
9.485673266302059592e-02
9.403326685203927671e-02
9.561447364778993818e-02
9.712399613113914532e-02
9.918804966130416456e-02
1.048775913357674339e-01
1.066860942199181067e-01
1.062988829659415463e-01
1.066369965647742668e-01
8.238630464911289586e-02
8.793222595748101389e-02
8.875477838849585299e-02
9.526922597046301455e-02
8.399692830706677327e-02
8.227246395075284158e-02
7.443605173758310878e-02
8.366692698141826867e-02
9.344011361760277967e-02
9.492621360538577857e-02
8.272893674703107880e-02
8.237342547514368840e-02
7.984762995719096867e-02
8.522489569509733576e-02
8.806079065221124325e-02
8.658911401853285061e-02
8.908544014297956060e-02
8.603773664894145967e-02
8.879829024530247472e-02
7.952147652663230093e-02
8.071387688220367507e-02
7.954620807997885013e-02
7.531246970433695676e-02
7.667780970871172774e-02
7.264396260960272189e-02
7.038725653231484025e-02
7.021114533240294109e-02
7.423268346209320467e-02
7.621724491783632427e-02
7.848475629966215894e-02
7.659176441119600054e-02
7.872268495341207262e-02
7.550602882946830241e-02
7.544170108955854104e-02
7.489525897708264324e-02
7.590259775029485623e-02
7.537670967368344244e-02
7.837441490711266612e-02
7.992546567094835352e-02
7.583179643975523909e-02
7.731062755322680446e-02
7.479563701070503223e-02
7.274432327808448562e-02
7.395947450926947109e-02
7.410535030475923213e-02
7.912805365919772793e-02
8.010731534520389163e-02
8.349541566455349895e-02
8.387584102811611320e-02
7.764673638504401842e-02
7.787485407191681308e-02
8.176150819500813127e-02
7.956534595833120171e-02
8.256214500128446210e-02
7.013093870874644031e-02
7.675070118471204184e-02
8.706602464994919743e-02
8.428543316526869444e-02
7.801104638691792881e-02
8.061393884272875787e-02
6.786836086662963174e-02
6.641741899423740658e-02
6.642376728460007429e-02
6.882564261558427043e-02
7.396328368930427111e-02
7.673452156003798819e-02
7.940021865790333755e-02
7.632545037620400152e-02
7.936183866241226792e-02
7.896752364947073888e-02
7.708300979522959839e-02
7.815045579137641640e-02
8.238323800821452381e-02
8.055876808659792609e-02
8.030730719759908431e-02
7.767217125442053838e-02
7.983008890270129609e-02
7.862587021116226871e-02
7.450375278616512553e-02
7.559664634723536891e-02
8.012317684817134300e-02
8.184368977446554450e-02
8.170304459229447980e-02
7.794444302313237316e-02
8.093854225827272486e-02
7.504282248147851886e-02
7.512660417015883108e-02
7.973016117380285483e-02
8.417550346311745979e-02
8.756612459333205922e-02
9.119021141940057695e-02
9.228749581960704607e-02
9.628439761401670627e-02
1.057574286319571677e-01
1.123791244457443966e-01
1.137044815842328110e-01
1.143052473641101852e-01
1.169183020139254459e-01
1.147778068235891513e-01
1.224509492632783469e-01
1.205863994461188887e-01
1.151434209540469905e-01
1.157635093118573183e-01
1.087474815615003948e-01
1.103333094205683901e-01
9.300415742570244948e-02
8.223340660925824996e-02
7.051129602789181494e-02
6.315128701829432478e-02
5.317991685711840472e-02
6.042154722545937245e-02
7.002453955508831929e-02
7.487749538828930573e-02
8.924452287723133592e-02
1.203373747397148974e-01
1.283810138987883376e-01
1.345492738382916276e-01
1.271126770541240181e-01
1.310800456260615698e-01
1.243573494545003738e-01
1.217529431479165841e-01
1.146034457999467321e-01
1.200190058630145745e-01
1.321320575764735883e-01
1.426570957162067166e-01
1.490181302106055317e-01
1.461613799865491836e-01
1.634032390416479963e-01
1.669509623512142604e-01
1.703768761910419149e-01
1.806717966627612026e-01
1.717741721294584190e-01
1.704349251469304549e-01
1.713525607863195521e-01
1.644404690392908819e-01
1.649500035003312881e-01
1.619180453172825440e-01
1.487639857280268763e-01
1.718590062449098232e-01
1.605560836991909712e-01
1.712699544651514472e-01
1.715375209235861786e-01
1.850475821898150963e-01
1.846518903640446685e-01
1.695601836178834421e-01
1.551706765314306014e-01
1.595908709029613959e-01
1.576931937085004620e-01
1.686115824680869124e-01
1.607867925011623456e-01
1.603406975428927905e-01
1.596806535864156995e-01
1.378973129814430598e-01
1.298427468615272751e-01
1.173136705983220257e-01
1.157194936204767322e-01
1.123249983075251118e-01
1.200025996925909028e-01
1.204727106297528022e-01
1.158441736807725303e-01
1.172202048572978939e-01
1.122581748265076979e-01
1.083417155411807997e-01
1.079671425177584770e-01
1.172864853342935748e-01
1.121890643969465640e-01
1.121301770633522099e-01
1.102699064031078952e-01
1.091451282659109678e-01
1.221194250342955562e-01
1.360994400256998194e-01
1.387789202470152139e-01
1.405292411560911947e-01
1.413042535222634732e-01
1.331991392461181478e-01
1.139133642671936036e-01
1.128233119087957842e-01
1.018089631402483569e-01
9.964192049862094502e-02
9.866452450353181691e-02
9.822174296965367757e-02
1.049058375500859092e-01
1.019890298117734906e-01
1.021309105071831203e-01
1.040736223834357321e-01
1.051180352774493537e-01
1.006715402734615211e-01
1.003678600736489096e-01
9.874523119988949660e-02
9.541743704080624111e-02
9.686387657814202190e-02
1.025531101603862627e-01
1.041947554822606203e-01
1.153695735248653348e-01
1.217945910342484728e-01
1.282713537584366237e-01
1.240090910818597708e-01
1.331064963582373195e-01
1.388876514919187566e-01
1.488972211699122195e-01
1.531126190858659031e-01
1.569216792220145540e-01
1.516467226203254692e-01
1.603734710649928064e-01
1.608960958658095519e-01
1.695411282134869912e-01
1.689622139201821249e-01
1.656677194922870355e-01
1.699520978550840555e-01
1.664053587108116627e-01
1.608691380432245022e-01
1.474251478634922841e-01
1.371048492289613785e-01
1.124965387095707148e-01
1.077098808714725270e-01
1.057110928792778515e-01
1.130019553837120772e-01
9.100588217176350248e-02
8.929221068295645214e-02
7.616692207727597530e-02
6.941618860260957702e-02
6.312789008918129330e-02
4.706631358116736968e-02
4.432685220788984415e-02
4.342683445068869913e-02
3.617639164548364095e-02
3.638170752955773718e-02
3.545156270765869450e-02
4.366154006547189742e-02
4.444577336850102922e-02
4.180436150736718814e-02
4.311471281326421934e-02
4.858898957349423037e-02
5.243978296552220114e-02
5.236089879285792809e-02
4.932941938586454106e-02
5.502215530867780174e-02
6.018923072380991113e-02
5.567162712746905051e-02
4.816276190167888271e-02
4.859559267539537153e-02
4.646833645679076391e-02
5.608565708345325529e-02
4.437059294958352329e-02
5.201459309136803599e-02
4.991605660327124577e-02
5.531952080966685836e-02
6.280362052540260087e-02
6.324692612520030344e-02
7.423295069904786714e-02
7.860647882828500355e-02
8.483307680610419066e-02
9.210470623633917886e-02
9.656225391364728350e-02
9.080146731041183195e-02
9.125101929139689538e-02
9.108561921882726842e-02
9.333194090666788179e-02
1.048677307229503308e-01
1.043931061711214497e-01
1.028860082119019137e-01
1.068481763411855273e-01
1.014496489893566417e-01
9.783200053147629582e-02
8.177251089344357571e-02
7.516001924230074349e-02
7.879810873288879691e-02
7.556014933244713239e-02
7.475334051658072410e-02
8.001241628118531402e-02
7.873485403509020153e-02
7.722020069083739002e-02
7.556530358634526434e-02
7.802195039297292467e-02
7.830392701935189048e-02
7.731103640728839710e-02
7.591384040376467079e-02
7.535493686075571407e-02
7.040193339764759528e-02
7.201174447195060613e-02
7.624360313540418099e-02
8.020834749333627389e-02
8.386536049335881204e-02
7.792839236047725826e-02
7.439568510862361317e-02
7.705808845836149834e-02
7.730832429846749843e-02
7.112813752916109789e-02
7.589513730255244284e-02
8.099999663916118697e-02
8.143256979953107655e-02
8.837691971586358886e-02
9.577065217517785611e-02
9.860173216253213802e-02
1.010010568959612415e-01
1.022791530459747217e-01
1.091117795353169218e-01
1.153515859595417442e-01
1.229657322063680974e-01
1.263070863476614958e-01
1.339497744914614763e-01
1.357084994990504223e-01
1.382833124958076088e-01
1.455247530070702677e-01
1.536465577045328379e-01
1.607546589060148967e-01
1.652965717976956905e-01
1.666699748881705634e-01
1.725899505924478050e-01
1.746291960689803358e-01
1.750141336344393506e-01
1.747669497443904152e-01
1.745906860286030315e-01
1.801405252830741710e-01
1.622610418750246863e-01
1.666372580502550327e-01
1.657330803058752189e-01
1.689196507375390899e-01
1.758051954787158699e-01
1.821820201142512197e-01
1.813137738460577630e-01
1.825780485416762244e-01
1.781559275970057143e-01
1.798104585345941253e-01
1.801021947912162524e-01
1.730045481534297214e-01
1.621045893614175837e-01
1.637160109004126285e-01
1.625453123152328927e-01
1.652393046164843948e-01
1.624753472376685159e-01
1.552406371958091891e-01
1.553162384851702604e-01
1.549292871392895787e-01
1.458766407577446744e-01
1.358031764738986957e-01
1.362535519919239047e-01
1.291617888925385704e-01
1.293136145183267638e-01
1.163602219287570849e-01
1.199184107317432801e-01
1.226260126958461094e-01
1.196715403016908319e-01
1.170346114109442476e-01
1.209193414118644588e-01
1.196684160734369368e-01
1.168418417864273556e-01
1.119688601828150165e-01
1.104458388158837540e-01
1.158380941391186775e-01
1.174108504043493983e-01
1.161249639381464055e-01
1.137422059666651913e-01
1.191736748472142920e-01
1.199659797581196785e-01
1.123154778462378406e-01
1.062214976437664410e-01
1.063546821028562017e-01
1.101025547817376937e-01
1.127258795954266118e-01
1.151706564756529161e-01
1.138235536749271359e-01
1.223801485592691113e-01
1.243810232068067040e-01
1.263438184779229478e-01
1.372190199500672725e-01
1.354097050884619236e-01
1.319028671186860957e-01
1.334069580570847180e-01
1.291298074370973437e-01
1.281427978778490462e-01
1.309771983213688928e-01
1.278046137122978987e-01
1.229146777448087147e-01
1.145739052003021535e-01
1.194506516296382770e-01
1.310452010324920924e-01
1.314255430784516399e-01
1.246140589657950132e-01
1.281346702104922408e-01
1.331846512656324477e-01
1.292048198986205654e-01
1.312723674938900131e-01
1.357942092541236101e-01
1.302959104764725984e-01
1.277483201104877286e-01
1.397268535252870481e-01
1.439536321270667718e-01
1.273410608304870184e-01
1.300625185939366102e-01
1.261227539345805282e-01
1.500760113066786361e-01
1.226172701170926416e-01
1.184558911607578729e-01
1.162753759915183677e-01
1.180591093654612955e-01
1.362500193297898343e-01
1.295226446530696740e-01
1.243543398489500990e-01
1.109881354585407209e-01
1.238108516377936924e-01
1.425664970282209953e-01
1.308663571650943713e-01
1.290786643318080906e-01
1.218269979911034140e-01
1.249366322553549791e-01
1.354401424256241326e-01
1.444984977736256393e-01
1.427209657515662589e-01
1.423449706444537555e-01
1.326309019859911453e-01
1.266321660860035003e-01
1.301265595878326742e-01
1.454682606315812199e-01
1.503692308488669416e-01
1.329333260146237650e-01
1.622054100298131463e-01
1.801795244377050742e-01
1.727653272411812657e-01
1.572012049445203619e-01
1.242033857179873080e-01
1.299678112337013247e-01
1.246093054846639375e-01
1.546985718573844204e-01
1.804609369008504383e-01
1.811198666032303450e-01
1.796753899014893185e-01
1.801163931292091569e-01
1.825338958240153853e-01
1.813987521552438975e-01
1.751138558349071839e-01
1.753518248467076379e-01
