0.3345092329
0.3314465914
0.3320637469
0.3304870885
0.3299055634
0.3296434866
0.3401366618
0.3460847554
0.3395140898
0.3400293551
0.3432189339
0.3452510089
0.3495746243
0.3522321006
0.3488185825
0.3472327403
0.3522593008
0.3525707871
0.3525569477
0.3531463756
0.3540271277
0.3572321804
0.3554683840
0.3545318364
0.3556454440
0.3535780885
0.3523668982
0.3571825312
0.3550678540
0.3539268736
0.3522938341
0.3554480694
0.3505103018
0.3432205081
0.3479909008
0.3446529522
0.3413104874
0.3352100585
0.3308414971
0.3287792111
0.3045630604
0.2996762500
0.3056326383
0.2916576151
0.2779135140
0.2582051259
0.2398664191
0.2240441758
0.1942343087
0.1730673416
0.1506479674
0.1281894895
0.1050885164
0.0823560241
0.0601727102
0.0427481015
0.0341261627
0.0443422601
0.0651027638
0.0907023550
0.1023752433
0.0858022281
0.1089725431
0.1308042953
0.1508688743
0.1715870932
0.1876206913
0.2064531373
0.2251333219
0.2494596547
0.2648535739
0.2730465624
0.2821507766
0.2752435881
0.2483387166
0.2323497325
0.2315535474
0.2344105026
0.2465268180
0.2491129600
0.2390945804
0.2309852513
0.2455312716
0.2472044934
0.2606184933
0.2537730416
0.2753552512
0.2884010651
0.3221486262
0.3183072932
0.3208699914
0.3004881629
0.2991936965
0.3021657859
0.2990675615
0.2928723142
0.2420922940
0.2335319380
0.2294930741
0.2351175963
0.2205856661
0.2233795378
0.2331062897
0.2443505750
0.2476578608
0.2344314287
0.2215040105
0.2273751802
0.2321129267
0.2381165412
0.2384511042
0.2207339469
0.2119748456
0.2018338929
0.1974644925
0.1893805190
0.1783759036
0.1710380492
0.1634827024
0.1552616458
0.1488045938
0.1477377642
0.1394510825
0.1370122201
0.1300202793
0.1238737587
0.1076000155
0.1049419259
0.1006108953
0.0921781235
0.0870697476
0.0785955168
0.0825710250
0.0732798359
0.0703354573
0.0668008954
0.0630291983
0.0649348442
0.0560772525
0.0515305926
0.0514329609
0.0536650855
0.0529734767
0.0578546921
0.0568196393
0.0513488401
0.0530010707
0.0561495590
0.0568730431
0.0598996048
0.0579935471
0.0590395109
0.0672204784
0.0754489291
0.0710479668
0.0726426681
0.0593190172
0.0567943493
0.0585020363
0.0564988937
0.0619834671
0.0570274889
0.0441611545
0.0510726377
0.0527047190
0.0543660282
0.0644394655
0.0671501155
0.0627789724
0.0708413483
0.0768652581
0.0651242722
0.0661601185
0.0659133649
0.0747632338
0.0752035928
0.0769588561
0.0806601156
0.0756204503
0.0612628550
0.0621720681
0.0630683701
0.0613603769
0.0634251101
0.0721512998
0.0437751987
0.0397259320
0.0409591380
0.0385128806
0.0573976282
0.0511828771
0.0580772898
0.0540045631
0.0468176800
0.0571691332
0.0569326446
0.0654535220
0.0683025407
0.0760293092
0.0744700515
0.0909120366
0.0950802283
0.0872901633
0.0870282380
0.1005175399
0.0975860221
0.1040317009
0.1058578656
0.1187224626
0.1245333862
0.1265537304
0.1273686661
0.1310389650
0.1212559272
0.1143591084
0.1144374697
0.1118362534
0.1166471855
0.1229156346
0.1304502101
0.1336769420
0.1223632612
0.1229017158
0.1267641211
0.1270891162
0.1295601793
0.1308824669
0.1397232413
0.1323480157
0.1369938335
0.1383381129
0.1360840567
0.1391291289
0.1382730567
0.1386454639
0.1389846228
0.1446839453
0.1405828642
0.1590407994
0.1582541364
0.1586043322
0.1623515500
0.1379732820
0.1495044302
0.1500010638
0.1474603004
0.1294248271
0.1399381602
0.1155877862
0.1099466582
0.1045276169
0.1021406623
0.0972382105
0.0991215688
0.1016322691
0.0995454053
0.0986915303
0.0953476495
0.0963368372
0.0944742598
0.0962883649
0.0973786396
0.1045751728
0.1055437085
0.1082384303
0.1114125600
0.1095239800
0.1098626276
0.1086025577
0.1049788157
0.1061429791
0.1089226029
0.1095965752
0.1125835090
0.1045692473
0.1092842825
0.1074233673
0.1051815212
0.0958120231
0.0945143800
0.0971945124
0.0885832527
0.0798603793
0.0765128142
0.0813495294
0.0863139358
0.0811562140
0.0821475610
0.0899760807
0.0867856549
0.0965130824
0.1016110120
0.0988347328
0.0989044043
0.0990553961
0.0992344628
0.1024473635
0.1036419399
0.1041118556
0.1059427612
0.1047912280
0.1083356252
0.1109258979
0.1089834253
0.1099178026
0.1076374703
0.1154845124
0.1134536910
0.1146399067
0.1086210713
0.1123511705
0.1169230579
0.1198195720
0.1172444444
0.1151203284
0.1133721251
0.1119661326
0.1134105816
0.1062710378
0.1069790134
0.1008302030
0.0950714692
0.0945262604
0.0948775124
0.1001591020
0.0986047925
0.0953515137
0.0947811648
0.0938425842
0.0952435975
0.0920886345
0.0876317176
0.0913555645
0.0920563353
0.0885002916
0.0797375448
0.0810655323
0.0809061889
0.0831837042
0.0869728543
0.0914911715
0.0917138783
0.0871503899
0.0884410371
0.0805961778
0.0823101246
0.0868673946
0.0968967042
0.1033103055
0.1070487452
0.1029876267
0.0999948751
0.0991549726
0.1029812621
0.1021004484
0.1040457331
0.1120373857
0.1025381108
0.1001785421
0.1058805268
0.1004611660
0.1055868688
0.0893444086
0.0968122407
0.1021815999
0.1115461184
0.1140194777
0.1124006872
0.1094794886
0.1175246092
0.1211611965
0.1284037796
0.1265360986
0.1296295195
0.1300812254
0.1358260118
0.1389397164
0.1336207513
0.1274499822
0.1315621385
0.1276087250
0.1292670762
0.1289599680
0.1309201701
0.1347454843
0.1301740869
0.1251120151
0.1334659665
0.1378197600
0.1427245044
0.1390705984
0.1430629096
0.1435136969
0.1404834517
0.1364357035
0.1353625344
0.1356995051
0.1365857121
0.1392277244
0.1394852387
0.1372491465
0.1318087117
0.1300570184
0.1298349653
0.1289797179
0.1282453423
0.1312257189
0.1287586551
0.1244391561
0.1240259185
0.1245829913
0.1241143274
0.1236463425
0.1114235108
0.1132066162
0.1161480914
0.1125371349
0.1124827489
0.1110226177
0.1089060723
0.1067456316
0.1072542154
0.1063693290
0.1010177069
0.1034324694
0.1059911948
0.1010703148
0.1027029764
0.1016801573
0.1020299150
0.1017104285
0.1020134425
0.1014828873
0.1013638574
0.1066936899
0.1053886052
0.1054431892
0.1056938638
0.1050715191
0.1058867570
0.1026864491
0.1001774349
0.0994223188
0.1004429884
0.1026311057
0.1033286223
0.1032748717
0.1039276773
0.0997279975
0.0982348619
0.0971966309
0.0987917114
0.1014476488
0.1048075400
0.1050024977
0.1026852943
0.1039364650
0.1096001708
0.1130563957
0.1198396960
0.1230534657
0.1208332107
0.1257771769
0.1274457229
0.1317310940
0.1325482890
0.1397944246
0.1368492037
0.1420308858
0.1424980898
0.1431534293
0.1465363622
0.1450899100
0.1457472221
0.1417743349
0.1390024347
0.1366515414
0.1343781280
0.1366448027
0.1321861435
0.1323431923
0.1284250029
0.1254467693
0.1231246526
0.1275236054
0.1241266211
0.1225528595
0.1251862857
0.1240014406
0.1193918198
0.1194887470
0.1097028759
0.1085362396
0.1086562255
0.1082949333
0.1067821447
0.1033365141
0.1009419566
0.1012541562
0.1053018200
0.1049824166
0.1096818844
0.1135264567
0.1148810992
0.1151711434
0.1059656187
0.1058430341
0.1030204618
0.1037942372
0.1051736689
0.1055495064
0.1022006486
0.1043722850
0.1037487179
0.1024513807
0.1077417858
0.1051956027
0.1002435843
0.0971984303
0.1033437962
0.0887174035
0.0804106313
0.0808519085
0.0715026692
0.0648644843
0.0725518345
0.0746766098
0.0873326340
0.0867460825
0.0831697734
0.0801347754
0.0728905928
0.0766529278
0.0757346504
0.0816881911
0.0750350291
0.0899751750
0.0898505095
0.0966994486
0.1011536623
0.1011224567
0.1003480264
0.1032586183
0.1028446586
0.1011799496
0.0965901419
0.0966820009
0.0968484995
0.0973949339
0.0919598111
0.0793911017
0.0669847199
0.0693448625
0.0612867561
0.0710915500
0.0677217819
0.0620099390
0.0715881668
0.0740944400
0.0719672522
0.0661298126
0.0691120413
0.0713265383
0.0718460928
0.0731318275
0.0724317220
0.0617266834
0.0592978633
0.0634673214
0.0714519936
0.0717710328
0.0715260490
0.0661648004
0.0755131258
0.0752827854
0.0840528571
0.0846260918
0.0820626083
0.0863979503
0.0817755396
0.0880393928
0.0905360011
0.0868026473
0.0821521613
0.0864479736
0.0795660848
0.0784715773
0.0811742591
0.0843964765
0.0857280812
0.0846680731
0.0870660830
0.0809370565
0.0789793350
0.0815005011
0.0813188502
0.0781186589
0.0777153730
0.0762904592
0.0672286821
0.0780533053
0.0813905662
0.0929354692
0.0916638369
0.0984039901
0.0955866609
0.0939990180
0.0962187228
0.0994860823
0.0957719889
0.1023633584
0.0918085737
0.0905658205
0.0822225288
0.0795853048
0.0780665927
0.0801219267
0.0830960151
0.0791304766
0.0780609161
0.0765586540
0.0726454282
0.0663785527
0.0639564363
0.0633411806
0.0596618742
0.0610752111
0.0580917767
0.0683264888
0.0714627279
0.0641885675
0.0640948128
0.0572292214
0.0585560128
0.0561734491
0.0587417403
0.0658987765
0.0636371491
0.0659087086
0.0511410594
0.0465246192
0.0463723292
0.0547076037
0.0522130613
0.0531655308
0.0444250894
0.0426494441
0.0485001320
0.0335655196
0.0299025055
0.0192083772
0.0256207056
0.0090388550
0.0266086802
0.0196879774
0.0388489198
0.0534299743
0.0545365738
0.0570080433
0.0674026644
0.0729342065
0.0973480093
0.1083741363
0.1103892848
0.1044891083
0.0876506720
0.0708788185
0.0612667837
0.0527114994
0.0429790826
0.0522686865
0.0357737533
0.0276061517
0.0373888212
0.0287766873
0.0301387200
0.0266738253
0.0159941095
0.0230784409
0.0249076221
0.0337628894
0.0223227768
0.0266811336
0.0325498351
0.0457741547
0.0649057940
0.0691231491
0.0821100103
0.0977610771
0.1119758919
0.1152961786
0.1201169505
0.1101649875
0.0926378717
0.1020798393
0.1008182434
0.0961087578
0.0891945090
0.0899903093
0.0868787842
0.0880551467
0.0956209065
0.0967056891
0.0986376703
0.0983794827
0.1004577147
0.0998825924
0.1085128277
0.1035378166
0.0993116711
0.0991970375
0.0899734933
0.0866860494
0.0913230392
0.0944770240
0.1204161049
0.1394491555
0.1285639141
0.0963849078
0.1017152582
0.0888302213
0.0843665914
0.0905217832
0.0856259003
0.0904985321
0.0965178397
0.2257553881
0.1336866690
0.1527536413
0.1491599254
0.1038932963
0.0740326432
0.1047629335
0.1083730872
0.1154155557
0.1246668701
0.1092014855
0.1106376640
0.1121425464
0.1163946971
0.1160972664
0.1201999448
0.1182629037
0.1093433199
0.1185234299
0.1157366690
0.1025036474
0.1043681030
0.1152636844
0.1141148499
0.1342730566
0.1468733603
0.1270736922
0.1317338427
0.1257589140
0.1283082708
0.1377233214
0.1324189803
0.1277404875
0.1336238031
0.1330348664
0.1296592178
0.1305506758
0.1298795947
0.1252782940
0.1285267624
0.1355954153
0.1355609757
0.1422258045
0.1377223926
0.1354065704
0.1386051337
0.1356512489
0.1340940440
0.1328788040
0.1320851357
0.1328631587
0.1430277367
0.1473881305
0.1340984008
0.1429065082
0.1476277110
0.1473014522
0.1389147471
0.1471296396
0.1531134832
0.1544721639
0.1684991627
0.1744620078
0.1716238691
0.1607556024
0.1576871926
0.1585548206
0.1680912324
0.1656047574
0.1632392582
0.1584569486
0.1526255979
0.1463002715
0.1413998364
0.1396121535
0.1358409872
0.1403778897
0.1397469993
0.1295853318
0.1457170424
0.1553867230
0.1558186920
0.1549490637
0.1657997250
0.1630250623
0.1683540876
0.1706254556
0.1630332023
0.1660676259
0.1616209299
0.1644179740
0.1686313354
0.1773816540
0.1766249763
0.1802599950
0.1835883233
0.1807081379
0.1850343803
0.1808466557
0.1822483055
0.1840642249
0.1714111497
0.1738282361
0.1687335101
0.1684309671
0.1685042861
0.1698729044
0.1701372591
0.1688849205
0.1689021578
0.1657962404
0.1693072667
0.1690368054
0.1693664379
0.1711254431
0.1804773785
0.1869069257
0.1788805732
0.1885490655
0.1934973134
0.1960985485
0.2079405172
0.2098453735
0.2137787833
0.2068232995
0.2031992843
0.2026984685
0.2167394756
0.2015882115
0.2019445264
0.2011256033
0.2006782420
0.2017197244
0.1944822867
0.1860985918
0.1885979718
0.1815615016
0.1767170855
0.1519567608
0.1469702785
0.1463764580
0.1471831221
0.1450105481
0.1471709764
0.1489736209
0.1516147704
0.1713371300
0.1795809160
0.1828883553
0.1964200360
0.1953751090
0.2014431680
0.2093758618
0.2202941016
0.2297575050
0.2295159881
0.2276531038
0.2299377689
0.2268876851
0.2245875858
0.2237135847
0.2205821181
0.2223721530
0.2205426280
0.2212268761
0.2163212226
0.2247128007
0.2306954441
0.2349346709
0.2363206918
0.2281057819
0.2248210546
0.2212151921
0.2203152108
0.2173327445
0.2137972813
0.2090024683
0.2089784685
0.2092332992
0.2011038633
0.2047989572
0.2059871535
0.2052358656
0.2009470610
0.1709953470
0.1738812946
0.1791293947
0.1891673244
0.2010040248
0.2171776291
0.2207865158
0.2223614680
0.2288078466
0.2324620099
0.2387314855
0.2427333884
0.2497958732
0.2583676038
0.2605199494
0.2569211429
0.2567455057
0.2621769911
0.2594052895
0.2592548652
0.2577262430
0.2555174616
0.2540062599
0.2502099328
0.2511325815
0.2519258399
0.2511343276
0.2571784434
0.2617758356
0.2314907759
0.2333424067
0.2317950317
0.2345175365
0.2354919240
0.2364861721
0.2374344829
0.2356549264
0.2339491031
0.2333613931
0.2319250187
0.2315235648
0.2322668644
0.2305968672
0.2266683383
0.2244769660
0.2201080370
0.2217527047
0.2142466944
0.2049305192
0.2102700114
0.2132782588
0.2113633652
0.2111631552
0.2082071820
0.2124531776
0.2115924515
0.2109105225
0.2112882939
0.2107566338
0.2118270038
0.2103144240
0.2161084821
0.2177236818
0.2188003071
0.2171203965
0.2220871960
0.2233142011
0.2208505619
0.2231174158
0.2242850974
0.2238059631
0.2232728561
0.2227435439
0.2205299315
0.2214193546
0.2173618832
0.2141561817
0.2104573474
0.2146377525
0.2186225888
0.2163978354
0.2162278236
0.2183248612
0.2185908732
0.2172331855
0.2140844314
0.2134988288
0.2116386032
