1.8169181173
1.8169181173
1.4614776838
1.4614776838
1.3904920585
1.3904920585
0.8978329102
0.8978329102
2.2461727897
2.2461727897
2.2803490912
2.2803490912
1.1122713263
1.1122713263
1.6045401530
1.6045401530
1.6237358805
1.6237358805
1.1703364079
1.1703364079
1.0173875930
1.0173875930
0.7432117787
0.7432117787
1.1460341242
1.1460341242
1.0711461462
1.0711461462
1.2049459498
1.2049459498
0.4379992306
0.4379992306
0.4151924256
0.4151924256
1.4883010439
1.4883010439
1.0782970977
1.0782970977
1.0491839605
1.0491839605
1.1005635066
1.1005635066
1.5283930700
1.5283930700
2.0491451281
2.0491451281
1.3810104640
1.3810104640
1.2680984277
1.2680984277
1.0432023308
1.0432023308
1.1030008080
1.1030008080
1.0690170852
1.0690170852
1.2719672516
1.2719672516
1.2715608257
1.2715608257
1.0371710742
1.0371710742
0.9571155038
0.9571155038
1.0490008690
1.0490008690
1.2322368432
1.2322368432
1.0105229294
1.0105229294
1.0620044039
1.0620044039
0.7975008498
0.7975008498
0.7348125653
0.7348125653
0.5595431740
0.5595431740
0.5975164968
0.5975164968
0.8095288207
0.8095288207
0.8645334354
0.8645334354
1.0318124266
1.0318124266
1.1138250637
1.1138250637
0.9661492869
0.9661492869
1.0887606193
1.0887606193
1.0571660891
1.0571660891
1.1226564352
1.1226564352
1.3451641418
1.3451641418
1.3317047945
1.3317047945
1.3308499182
1.3308499182
1.4562770287
1.4562770287
1.4736062161
1.4736062161
1.4718710802
1.4718710802
1.3245527497
1.3245527497
1.3208132431
1.3208132431
1.1879617746
1.1879617746
1.1478881764
1.1478881764
0.9999908256
0.9999908256
1.2410097134
1.2410097134
1.0634889144
1.0634889144
0.9578007031
0.9578007031
1.1186704131
1.1186704131
1.2739697250
1.2739697250
1.3113902773
1.3113902773
1.3127358604
1.3127358604
1.0015238651
1.0015238651
0.9806319385
0.9806319385
1.7234082070
1.7234082070
1.4544519955
1.4544519955
1.4427394525
1.4427394525
1.3647834571
1.3647834571
2.5919797486
2.5919797486
2.6121165438
2.6121165438
0.7670987522
0.7670987522
1.1893713663
1.1893713663
1.3745291186
1.3745291186
1.1775219898
1.1775219898
1.2629284079
1.2629284079
2.8274387692
2.8274387692
2.9751381553
2.9751381553
3.0126634555
3.0126634555
2.7523347083
2.7523347083
1.9853607332
1.9853607332
1.9583399056
1.9583399056
1.8333467678
1.8333467678
2.1322501469
2.1322501469
1.9824671026
1.9824671026
1.9134182767
1.9134182767
1.6163471930
1.6163471930
1.3755534756
1.3755534756
0.8850438175
0.8850438175
0.9003127106
0.9003127106
1.2778344142
1.2778344142
1.3136810193
1.3136810193
0.7361937148
0.7361937148
0.4458217487
0.4458217487
1.0400121059
1.0400121059
1.1252348425
1.1252348425
0.8541110493
0.8541110493
0.8253971693
0.8253971693
1.1523483711
1.1523483711
0.9204341775
0.9204341775
1.0790958217
1.0790958217
0.5868201521
0.5868201521
0.4848229188
0.4848229188
0.4136095025
0.4136095025
0.6910790806
0.6910790806
0.7168961529
0.7168961529
0.6466602924
0.6466602924
0.9661026803
0.9661026803
1.0220252556
1.0220252556
0.9416735289
0.9416735289
1.3192231263
1.3192231263
1.3259836298
1.3259836298
2.0159802229
2.0159802229
2.0749755102
2.0749755102
2.1221133842
2.1221133842
2.1199256052
2.1199256052
1.9489433131
1.9489433131
2.0143076307
2.0143076307
1.9888861443
1.9888861443
1.8926618163
1.8926618163
1.7063867810
1.7063867810
1.8851172895
1.8851172895
1.9498684804
1.9498684804
2.0119063630
2.0119063630
1.8672235363
1.8672235363
1.4353448996
1.4353448996
1.4250661660
1.4250661660
1.2971417205
1.2971417205
1.2366636885
1.2366636885
1.3416974542
1.3416974542
1.3170916952
1.3170916952
1.4201355519
1.4201355519
1.3049815621
1.3049815621
1.3623566614
1.3623566614
1.4594932421
1.4594932421
1.6127509598
1.6127509598
1.6044505637
1.6044505637
1.8589478248
1.8589478248
1.4875413163
1.4875413163
1.1557966932
1.1557966932
1.5631659784
1.5631659784
1.5267902724
1.5267902724
1.4179750513
1.4179750513
1.4175589425
1.4175589425
1.3295614269
1.3295614269
1.0171848549
1.0171848549
1.1289449242
1.1289449242
1.1937738613
1.1937738613
1.0824796578
1.0824796578
0.9613931764
0.9613931764
0.9142999551
0.9142999551
0.8608167630
0.8608167630
0.9099032240
0.9099032240
0.9973655586
0.9973655586
1.0997595242
1.0997595242
1.0329422505
1.0329422505
0.7846398791
0.7846398791
0.6604290915
0.6604290915
0.5664131034
0.5664131034
0.6245471862
0.6245471862
0.6501152846
0.6501152846
0.6735872441
0.6735872441
0.6810062969
0.6810062969
0.7126423777
0.7126423777
0.6257735439
0.6257735439
0.6326852044
0.6326852044
0.5826694712
0.5826694712
0.6452586698
0.6452586698
0.6955090558
0.6955090558
0.7035220153
0.7035220153
0.8164423535
0.8164423535
0.5732179056
0.5732179056
0.4466424164
0.4466424164
0.5075167842
0.5075167842
0.6349472045
0.6349472045
0.7441530444
0.7441530444
0.7682387411
0.7682387411
0.8479685520
0.8479685520
0.5624375247
0.5624375247
0.5824541554
0.5824541554
0.3967809734
0.3967809734
0.5949489116
0.5949489116
0.5411139117
0.5411139117
0.3015475090
0.3015475090
0.0917993359
0.0917993359
0.5133904195
0.5133904195
0.1873039655
0.1873039655
0.3028276320
0.3028276320
0.2297985403
0.2297985403
0.3815731920
0.3815731920
0.4461583661
0.4461583661
0.5480008340
0.5480008340
0.6456570905
0.6456570905
0.6481149736
0.6481149736
0.6809002475
0.6809002475
0.4788289527
0.4788289527
0.6253421357
0.6253421357
0.6929861456
0.6929861456
0.9338203024
0.9338203024
1.1590575435
1.1590575435
1.7437751085
1.7437751085
1.4570811250
1.4570811250
1.2088731717
1.2088731717
0.8392985374
0.8392985374
1.8160586391
1.8160586391
2.6205202111
2.6205202111
2.6961647489
2.6961647489
2.3574623968
2.3574623968
0.8884773365
0.8884773365
1.0154690959
1.0154690959
2.1083275938
2.1083275938
2.1337431701
2.1337431701
2.3600153238
2.3600153238
2.3244337355
2.3244337355
2.4311788605
2.4311788605
2.4283851605
1.8334166482
1.8334166482
1.8068050423
1.8068050423
1.3741379545
1.3741379545
0.9932314852
0.9932314852
0.8765165041
0.8765165041
0.9059097534
0.9059097534
1.3563205185
1.3563205185
2.0736748971
2.0736748971
2.3676110958
2.3676110958
1.8946846343
1.8946846343
1.6155130901
1.6155130901
1.0463728098
1.0463728098
0.8409228648
0.8409228648
1.4895180470
1.4895180470
1.9474866700
1.9474866700
1.7564822213
1.7564822213
1.8857753155
1.8857753155
1.4159207797
1.4159207797
0.9064583927
0.9064583927
1.4689357993
1.4689357993
2.5763332235
2.5763332235
2.2869400476
2.2869400476
1.5457392434
1.5457392434
1.9347085133
1.9347085133
1.1933509529
1.1933509529
0.8844645621
0.8844645621
0.8210839171
0.8210839171
1.4137251750
1.4137251750
1.9792592282
1.9792592282
1.6548548086
1.6548548086
1.6869226888
1.6869226888
1.2158174572
1.2158174572
1.0771082590
1.0771082590
1.2118656193
1.2118656193
2.3672962572
2.3672962572
2.1876887970
2.1876887970
0.6104975940
0.6104975940
0.6371989105
0.6371989105
0.9980767576
0.9980767576
1.0074246525
1.0074246525
0.6122881726
0.6122881726
0.8968374296
0.8968374296
0.4707176221
0.4707176221
0.3985181937
0.3985181937
0.9034374285
0.9034374285
1.2615474685
1.2615474685
1.7090673459
1.7090673459
1.8706570688
1.8706570688
2.2385843279
2.2385843279
1.5902194566
1.5902194566
0.7699468777
0.7699468777
1.1887555351
1.1887555351
1.3917708252
1.3917708252
1.5097729617
1.5097729617
1.6619190626
1.6619190626
1.8531918727
1.8531918727
1.4192334420
1.4192334420
1.2134329434
1.2134329434
0.5329404965
0.5329404965
0.6375921729
0.6375921729
0.8885481030
0.8885481030
0.7883484633
0.7883484633
0.3879738762
0.3879738762
0.5189823379
0.5189823379
0.8678030470
0.8678030470
0.3053557847
0.3053557847
0.2131629786
0.2131629786
0.2673177429
0.2673177429
0.1224030793
0.1224030793
0.5070891256
0.5070891256
0.3502634700
0.3502634700
0.5553442689
0.5553442689
0.2817028648
0.2817028648
0.6742474680
0.6742474680
1.0793920795
1.0793920795
0.5987137257
0.5987137257
0.4096816697
0.4096816697
0.8062264689
0.8062264689
0.7755628390
0.7755628390
1.0891706798
1.0891706798
0.9684892066
0.9684892066
0.8002793016
0.8002793016
1.0660003968
1.0660003968
1.1768620121
1.1768620121
0.8101900999
0.8101900999
0.8372987211
0.8372987211
1.0392191581
1.0392191581
1.2492573034
1.2492573034
0.8727651842
0.8727651842
1.1716091934
1.1716091934
1.3509958011
1.3509958011
1.7800028645
1.7800028645
1.2286049044
1.2286049044
0.4074910885
0.4074910885
0.7380387593
0.7380387593
1.2162580550
1.2162580550
1.1686932219
1.1686932219
1.0057321259
1.0057321259
0.3375181323
0.3375181323
0.5616614731
0.5616614731
1.6405500082
1.6405500082
1.2685279802
1.2685279802
0.8157800210
0.8157800210
0.7064771650
0.7064771650
1.1704620204
1.1704620204
1.8861671380
1.8861671380
3.9388974794
3.9388974794
3.7566511829
3.7566511829
3.6019500190
4.0644162081
4.0644162081
3.4787028760
3.4787028760
3.4427285478
3.4427285478
3.3329755883
3.3329755883
4.2616765743
4.2616765743
3.9061545172
3.9061545172
3.0782500190
3.0782500190
3.4402983999
3.4402983999
3.4650621530
3.4650621530
3.7326374109
3.7326374109
3.4926540641
3.4926540641
3.6049210497
3.6049210497
3.4410305309
3.4410305309
3.2117172844
3.2117172844
2.9268669151
2.9268669151
3.4119270517
3.4119270517
3.6502843179
3.6502843179
3.5035657372
3.5035657372
3.3409065049
3.3409065049
3.3178243183
3.3178243183
3.4693162483
3.4693162483
3.1347932204
3.1347932204
3.1675389956
3.1675389956
2.9219395301
2.9219395301
3.3086847811
3.3086847811
4.2155515886
4.2155515886
3.3375967267
3.3375967267
3.3073054433
3.3073054433
3.3798796510
3.3798796510
3.3246198683
3.3246198683
2.6284924163
2.6284924163
2.8976042173
2.8976042173
2.5098412210
2.5098412210
3.3980793715
3.3980793715
2.8508502745
2.8508502745
2.9905301155
2.9905301155
2.6855010613
2.6855010613
2.7495625520
2.7495625520
2.8073207603
2.8073207603
2.7955748051
2.7955748051
2.8491454027
2.8491454027
2.9010260409
2.9010260409
3.0539581458
3.0539581458
3.0373233750
3.0373233750
3.0473913309
3.0473913309
2.9556601843
2.9556601843
2.9289236949
2.9289236949
7.2292700823
7.2292700823
7.2419705931
7.2419705931
7.0866970643
7.0866970643
7.2565914488
7.2565914488
7.1434874992
7.1434874992
6.9656332780
6.9656332780
6.8021630240
6.8021630240
7.1068711605
7.1068711605
6.6899247665
6.6899247665
7.0868260793
7.0868260793
7.0917311080
7.0917311080
6.9980644118
6.9980644118
7.0390514148
7.0390514148
6.7492923042
6.7492923042
6.9749907492
6.9749907492
7.0599320459
7.0599320459
7.3040021533
7.3040021533
7.1619883378
7.1619883378
7.0673527044
7.0673527044
7.0619302640
7.0619302640
7.0116661546
7.0116661546
7.1317976309
7.1317976309
7.1739119352
7.1739119352
7.1576139970
7.1576139970
7.1302287447
7.1302287447
7.0765737863
7.0765737863
6.9294918932
6.9294918932
6.8072116375
6.8072116375
6.8598228229
6.8598228229
6.8840774753
6.8840774753
7.0125286596
7.0125286596
7.1014152200
7.1014152200
7.0617556441
7.0617556441
7.0430189745
7.0430189745
6.9683593483
6.9683593483
6.8947639585
6.8947639585
6.8619776658
6.8619776658
7.0261006769
7.0261006769
7.0463316968
7.0463316968
7.0116125625
7.0116125625
7.0036912688
7.0036912688
7.0553734206
7.0553734206
6.9934218821
6.9934218821
7.0287622097
7.0287622097
7.9920768594
7.9920768594
7.3931526234
7.3931526234
7.4651611330
7.4651611330
7.0915123455
7.0915123455
6.8318602649
6.8318602649
6.7469915641
6.7469915641
6.6780887839
6.6780887839
6.5854232504
6.5854232504
6.9117158932
6.9117158932
6.4985171907
6.4985171907
6.2619842067
6.2619842067
5.9658427016
5.9658427016
6.4918438751
6.4918438751
6.7056951292
6.7056951292
6.9952898138
6.9952898138
5.9209337234
5.9209337234
7.3441440090
7.3441440090
7.2829048736
7.2829048736
7.0622671594
7.0622671594
7.2956170052
7.2956170052
6.9459100718
6.9459100718
6.9428286510
6.9428286510
6.8782891701
6.8782891701
6.8976607561
6.8976607561
7.1270055021
7.1270055021
6.6092977675
6.6092977675
6.6020340726
6.6020340726
6.6303765391
6.6303765391
6.9284256671
6.9284256671
7.1700980422
7.1700980422
7.2434317357
7.2434317357
7.2135487315
7.2135487315
7.2901012837
7.2901012837
7.1702628209
7.1702628209
7.3231760441
7.3231760441
7.2976300114
7.2976300114
7.2990925090
7.2990925090
7.4975899409
7.4975899409
7.5607301878
7.5607301878
7.5677096297
7.5677096297
7.1255377993
7.1255377993
7.1564042685
7.1564042685
7.2000775289
7.2000775289
6.8774371102
6.8774371102
7.3759162808
7.3759162808
7.3280043651
7.3280043651
7.1805435872
7.1805435872
8.3639435398
8.3639435398
8.4590667747
8.4590667747
6.8281090414
6.8281090414
7.0386060757
7.0386060757
6.9948220955
6.9948220955
7.2065358574
7.2065358574
7.0071514059
7.0071514059
6.8583635118
6.8583635118
6.7491664385
6.7491664385
8.4849452147
8.4849452147
8.3738526856
8.3738526856
8.3846818395
8.3846818395
7.8398701277
7.8398701277
7.5160870352
7.5160870352
7.6322373433
7.6322373433
7.4938785717
7.4938785717
7.4871216055
7.4871216055
7.1879325432
7.1879325432
6.7864710947
6.7864710947
6.9367915318
6.9367915318
7.5012837849
7.5012837849
6.5980207202
6.5980207202
6.3808509920
6.3808509920
6.7838912497
6.7838912497
6.9763445410
6.9763445410
7.1957921162
7.1957921162
7.0366853206
7.0366853206
7.0811186285
7.0811186285
6.9455550632
6.9455550632
6.8988277416
6.8988277416
6.7529424952
6.7529424952
6.6505167607
6.6505167607
6.8299680601
6.8299680601
6.7941287939
6.7941287939
6.8146440112
6.8146440112
6.7110663758
6.7110663758
6.8798540355
6.8798540355
6.8572912912
6.8572912912
6.8331564172
6.8331564172
7.2868375203
7.2868375203
7.3414642552
7.3414642552
7.3666267455
7.3666267455
7.4740466978
7.4740466978
7.1325145015
7.1325145015
6.9195766309
6.9195766309
7.2110187235
7.2110187235
7.1321204610
7.1321204610
7.1150996119
7.1150996119
7.1433177470
7.1433177470
7.0852719344
7.0852719344
7.1285644574
7.1285644574
7.2319472555
7.2319472555
7.1382697844
7.1382697844
7.2093667449
7.2093667449
7.2006416858
7.2006416858
7.1290664417
7.1290664417
6.9116723502
6.9116723502
6.9795588475
6.9795588475
7.0573955504
7.0573955504
6.9860306999
6.9860306999
7.3476214593
7.3476214593
7.6192153391
7.6192153391
7.3194078749
7.3194078749
7.3385868893
7.3385868893
7.2238437480
7.2238437480
7.4564199906
7.4564199906
7.4043195835
7.4043195835
7.3813367352
7.3813367352
7.8575511179
7.8575511179
7.8757351064
7.8757351064
7.8527230856
7.8527230856
7.8697537555
7.8697537555
7.5205874358
7.5205874358
7.5161206159
7.5161206159
7.4816375989
7.4816375989
7.3031302201
7.3031302201
7.1809550220
7.1809550220
7.3903804766
7.3903804766
7.2443278005
7.2443278005
6.5859086438
6.5859086438
6.4594934180
6.4594934180
6.7612314378
6.7612314378
6.8383633203
6.8383633203
6.8749509907
6.8749509907
6.7403879805
6.7403879805
8.0290864947
8.0290864947
8.0505571980
8.0505571980
8.1977247249
8.1977247249
8.0582211581
8.0582211581
8.0884453246
8.0884453246
7.2456120966
7.2456120966
7.3882850309
7.3882850309
7.5156720320
7.5156720320
7.4005360661
7.4005360661
7.4689037228
7.4689037228
7.3571246907
7.3571246907
7.5617193918
7.5617193918
7.2565616525
7.2565616525
7.2765776220
7.2765776220
7.3306143493
7.3306143493
6.7615794889
6.7615794889
6.7738363071
6.7738363071
6.7217623555
6.7217623555
6.8456476396
6.8456476396
6.9981385866
6.9981385866
7.1960221456
7.1960221456
6.9328839136
6.9328839136
8.1358554239
8.1358554239
7.6962114481
7.6962114481
7.2560273188
7.2560273188
7.2418109311
7.2418109311
7.0390919034
7.0390919034
6.9168115392
6.9168115392
6.7458096819
6.7458096819
6.7984831172
6.7984831172
6.7427949042
6.7427949042
6.7468486975
6.7468486975
6.7779781764
6.7779781764
6.9325015448
6.9325015448
7.0056773704
7.0056773704
7.2129125091
7.2129125091
7.3858237838
7.3858237838
7.3089180496
7.3089180496
7.3569133596
7.3569133596
7.1673503663
7.1673503663
7.0813093248
7.0813093248
7.1945078247
7.1945078247
6.9836434433
6.9836434433
7.0615373169
7.0615373169
6.9912122018
6.9912122018
7.0983951001
7.0983951001
7.1519305242
7.1519305242
7.2460103933
7.2460103933
7.4346974930
7.4346974930
7.5598023769
7.5598023769
7.5218453083
7.5218453083
7.6593383644
7.6593383644
7.6293438990
7.6293438990
7.4525117207
7.4525117207
7.3769687926
7.3769687926
7.1093460237
7.1093460237
7.0699039057
7.0699039057
6.9934782631
6.9934782631
6.9618212627
6.9618212627
6.7687140371
6.7687140371
6.9402762719
6.9402762719
7.0561932861
7.0561932861
6.6332415607
6.6332415607
6.7475017784
6.7475017784
6.7873135316
6.7873135316
6.7894837160
6.7894837160
6.8898638706
6.8898638706
7.0135423535
7.0135423535
7.1745424553
7.1745424553
7.0054575047
7.0054575047
6.8789745603
6.8789745603
6.8089244845
6.8089244845
6.9687796678
6.9687796678
6.8342613282
6.8342613282
6.7392332248
6.7392332248
6.9109291816
6.9109291816
7.5096988442
7.5096988442
7.9277005278
7.9277005278
8.0729569302
8.0729569302
6.9901677735
6.9901677735
6.9663992315
6.9663992315
6.9307078330
6.9307078330
7.0495477749
7.0495477749
6.8673087829
6.8673087829
7.3241466082
7.3241466082
7.0094633638
7.0094633638
7.1552847561
7.1552847561
7.2535109932
7.2535109932
7.2138108248
7.2138108248
6.6731811409
6.6731811409
6.3543442273
6.3543442273
6.1095650527
6.1095650527
6.1032391175
6.1032391175
6.5530052931
6.5530052931
6.4529663446
6.4529663446
6.4061093858
6.4061093858
6.6736824286
6.6736824286
6.8902014399
6.8902014399
7.1060607498
7.1060607498
7.0590851575
7.0590851575
7.0409410494
7.0409410494
6.8624435514
6.8624435514
6.9019717570
6.9019717570
6.9821132398
6.9821132398
7.0168923183
7.0168923183
7.1062378456
7.1062378456
7.0809987494
7.0809987494
7.4282045467
7.4282045467
7.4463270865
7.4463270865
7.4887296396
7.4887296396
7.2453830343
7.2453830343
7.2877396480
7.2877396480
6.9451080176
6.9451080176
7.0274107770
7.0274107770
7.0980246026
7.0980246026
7.0485485469
7.0485485469
7.1304424167
7.1304424167
7.0573704827
7.0573704827
7.1139734710
7.1139734710
7.1314076942
7.1314076942
7.2351191736
7.2351191736
7.5441611572
7.5441611572
7.5511924927
7.5511924927
7.0589766064
7.0589766064
6.8006324644
6.8006324644
6.7031198682
6.7031198682
5.7949751231
5.7949751231
5.6477771441
5.6477771441
5.1149593226
5.1149593226
5.1553877200
5.1553877200
5.3326333896
5.3326333896
5.4375558195
5.4375558195
5.2558518359
5.2558518359
5.6974977731
5.6974977731
6.5068648448
6.5068648448
6.5858426772
6.5858426772
7.0058720597
7.0058720597
7.4587570828
7.4587570828
7.6886728898
7.6886728898
7.9858231433
7.9858231433
8.2767573587
8.2767573587
8.4520514053
8.4520514053
8.3583187525
8.3583187525
8.2633573067
8.2633573067
8.2782711425
8.2782711425
8.0005471845
8.0005471845
8.0650263753
8.0650263753
7.6131221983
7.6131221983
7.3119716503
7.3119716503
6.9671000515
6.9671000515
6.6545372440
6.6545372440
6.4253696562
6.4253696562
5.9447745776
5.9447745776
5.8703349616
5.8703349616
5.3860237798
5.3860237798
5.1884411222
5.1884411222
5.1659570540
5.1659570540
5.3902566295
5.3902566295
5.6153577366
5.6153577366
5.4045371387
5.4045371387
5.7484019914
5.7484019914
5.8801794681
5.8801794681
6.2154881492
6.2154881492
6.8245850692
6.8245850692
7.4199568813
7.4199568813
7.7137117023
7.7137117023
8.0763311391
8.0763311391
8.4566898206
8.4566898206
8.6355126378
8.6355126378
8.7017231725
8.7017231725
8.6704211232
8.6704211232
8.4222215343
8.4222215343
8.3187370810
8.3187370810
8.2600312282
8.2600312282
8.1662689598
8.1662689598
7.7407104645
7.7407104645
7.2307108951
7.2307108951
6.8346749108
6.8346749108
6.5330704886
6.5330704886
6.3173126689
6.3173126689
5.9783795998
5.9783795998
5.7923250722
5.7923250722
5.7678352800
5.7678352800
5.6406534026
5.6406534026
5.5562841374
5.5562841374
5.5296417456
5.5296417456
5.7054764098
5.7054764098
5.7947883986
5.7947883986
6.1224032757
6.1224032757
6.3806566349
6.3806566349
6.5559308300
6.5559308300
6.8456305189
6.8456305189
6.9661059127
6.9661059127
7.2843253128
7.2843253128
7.3394945041
7.3394945041
7.3973886735
7.3973886735
7.4875172774
7.4875172774
7.4013401416
7.4013401416
7.3231350047
7.3231350047
7.2149885595
7.2149885595
7.0664937154
7.0664937154
7.1054229392
7.1054229392
7.1891780536
7.1891780536
7.2230239469
7.2230239469
7.1575435968
7.1575435968
6.9742566827
6.9742566827
6.8386786006
6.8386786006
6.8680829015
6.8680829015
6.7765395551
6.7765395551
6.8258659931
6.8258659931
6.8664008625
6.8664008625
6.9062192031
6.9062192031
6.9392878206
6.9392878206
6.8637144949
6.8637144949
6.8808485564
6.8808485564
6.9721520168
6.9721520168
6.8892597443
6.8892597443
6.8392943072
6.8392943072
6.8236427479
6.8236427479
7.0460924236
7.0460924236
6.9342328555
6.9342328555
6.8502291574
6.8502291574
6.8348059427
6.8348059427
6.8478785354
6.8478785354
6.9299774751
6.9299774751
7.0000537255
7.0000537255
7.0985633046
7.0985633046
7.3487651867
7.3487651867
7.2398508262
7.2398508262
7.3528641929
7.3528641929
7.4382642893
7.4382642893
7.4222281106
7.4222281106
7.4821732044
7.4821732044
7.5869130379
7.5869130379
7.3295099958
7.3295099958
7.8571479588
7.8571479588
7.4552520078
7.4552520078
7.3448536370
7.3448536370
7.3910893636
7.3910893636
7.3343965602
7.3343965602
7.1251160114
7.1251160114
7.2042144126
7.2042144126
6.9742815245
6.9742815245
7.0712025558
7.0712025558
7.2499967226
7.2499967226
6.9849843706
6.9849843706
7.0256580683
7.0256580683
6.6622924785
6.6622924785
6.8998691067
6.8998691067
6.7123738398
6.7123738398
6.6682353482
6.6682353482
6.9519803217
6.9519803217
6.9979165894
6.9979165894
7.5617731726
7.5617731726
9.1153122849
9.1153122849
1.0093234708
1.5334093361
1.5334093361
1.5334093361
0.6739778465
0.6739778465
0.6739778465
0.9612478665
0.9612478665
0.9612478665
0.6778498550
0.6778498550
0.6778498550
0.4220211781
0.4220211781
0.4220211781
0.4710889678
0.4710889678
0.4710889678
0.5803450491
0.5803450491
0.5803450491
0.5317646328
0.5317646328
0.5317646328
0.4055526305
0.4055526305
0.4055526305
0.3424623940
0.3424623940
0.3424623940
0.2371864779
0.2371864779
0.2371864779
0.2215875287
0.2215875287
0.2215875287
0.2719402622
0.2719402622
0.2719402622
0.2719418533
0.2719418533
0.2719418533
0.2602025984
0.2602025984
0.2602025984
0.3819993782
0.3819993782
0.3819993782
0.2608196925
0.2608196925
0.2608196925
0.3810050646
0.3810050646
0.3810050646
0.2580868250
0.2580868250
0.2580868250
0.2565492047
0.2565492047
0.2565492047
0.3156831854
0.3156831854
0.3156831854
0.2564257413
0.2564257413
0.2564257413
0.2720355469
0.2720355469
0.2720355469
0.3390250077
0.3390250077
0.3390250077
0.3243187428
0.3243187428
0.3243187428
0.5742064863
0.5742064863
0.5742064863
0.5765759997
0.5765759997
0.5765759997
0.7615616342
0.7615616342
0.7615616342
0.6834530409
0.6834530409
0.6834530409
0.9652043878
0.9652043878
0.9652043878
0.7170131243
0.7170131243
0.7170131243
0.3565643537
0.3565643537
0.3565643537
0.4746078291
0.4746078291
0.4746078291
0.3867342858
0.3867342858
0.3867342858
0.5218034057
0.5218034057
0.5218034057
0.2880554909
0.2880554909
0.2880554909
0.3163065739
0.3163065739
0.3163065739
0.4481224753
0.4481224753
0.4481224753
0.3906047753
0.3906047753
0.3906047753
0.2071062131
0.2071062131
0.2071062131
0.2418178914
0.2418178914
0.2418178914
0.0941668592
0.0941668592
0.0941668592
0.1422568983
0.1422568983
0.1422568983
0.2170053311
0.2170053311
0.2170053311
0.2716882063
0.2716882063
0.2716882063
0.3951047841
0.3951047841
0.3951047841
0.5106676350
0.5106676350
0.5106676350
0.4761719563
0.4761719563
0.4761719563
0.5798529239
0.5798529239
0.5798529239
0.5764000643
0.5764000643
0.5764000643
0.8004943876
0.8004943876
0.8004943876
0.8889428050
0.8889428050
0.8889428050
0.8361814494
0.8361814494
0.8361814494
1.1142328978
1.1142328978
1.1142328978
1.0856335559
1.0856335559
1.0856335559
1.1945590776
1.1945590776
1.1945590776
1.1298889093
1.1298889093
1.1298889093
1.0459018609
1.0459018609
1.0459018609
0.6360523259
0.6360523259
0.6360523259
0.4896893971
0.4896893971
0.4896893971
0.6805531385
0.6805531385
0.6805531385
0.6301337867
0.6301337867
0.6301337867
0.6005060048
0.6005060048
0.6005060048
0.4018684306
0.4018684306
0.4018684306
0.6303154067
0.6303154067
0.6303154067
0.6922971458
0.6922971458
0.6922971458
0.4596457356
0.4596457356
0.4596457356
0.9623371309
0.9623371309
0.9623371309
0.7055029741
0.7055029741
0.7055029741
0.5639347124
0.5639347124
0.5639347124
0.6723576381
0.6723576381
0.6723576381
0.6009158342
0.6009158342
0.6009158342
0.4504121660
0.4504121660
0.4504121660
0.7656148428
0.7656148428
0.7656148428
0.4671345877
0.4671345877
0.4671345877
0.4934501067
0.4934501067
0.4934501067
0.3865878420
0.3865878420
0.3865878420
0.4785477210
0.4785477210
0.4785477210
0.3183121677
0.3183121677
0.3183121677
0.2719486687
0.2719486687
0.2719486687
0.2766713777
0.2766713777
0.2766713777
0.1423504035
0.1423504035
0.1423504035
0.3886836520
0.3886836520
0.3886836520
0.7509460431
0.7509460431
0.7509460431
0.7394926925
0.7394926925
0.7394926925
0.7623097791
0.7623097791
0.7623097791
0.7490820228
0.7490820228
0.7490820228
0.8973972551
0.8973972551
0.8973972551
0.8906611567
0.8906611567
0.8906611567
0.8480041485
0.8480041485
0.8480041485
0.6755405043
0.6755405043
0.6755405043
0.6184524855
0.6184524855
0.6184524855
0.8299564628
0.8299564628
0.8299564628
0.7054502303
0.7054502303
0.7054502303
0.5391387879
0.5391387879
0.5391387879
0.3759668888
0.3759668888
0.3759668888
0.1820726679
0.1820726679
0.1820726679
0.1512525162
0.1512525162
0.1512525162
0.2150838787
0.2150838787
0.2150838787
0.1028835470
0.1028835470
0.1028835470
0.2362400921
0.2362400921
0.2362400921
0.6182133610
0.6182133610
0.6182133610
0.4776915578
0.4776915578
0.4776915578
0.5244900760
0.5244900760
0.5244900760
0.3749913352
0.3749913352
0.3749913352
0.5600038878
0.5600038878
0.5600038878
0.8002072036
0.8002072036
0.8002072036
1.0939924195
1.0939924195
1.0939924195
1.2856056854
1.2856056854
1.2856056854
0.8237039991
0.8237039991
0.8237039991
0.5496611522
0.5496611522
0.5496611522
0.8010740451
0.8010740451
0.8010740451
0.5011149884
0.5011149884
0.5011149884
1.1066936390
1.1066936390
1.2574722525
1.2574722525
1.2574722525
1.4050049123
1.4050049123
1.4050049123
1.1570895967
1.1570895967
1.1570895967
0.6287259838
0.6287259838
0.6287259838
0.6337819344
0.6337819344
0.6337819344
1.0706754362
1.0706754362
1.0706754362
0.9781860555
0.9781860555
0.9781860555
0.3568170867
0.3568170867
0.3568170867
0.4708701159
0.4708701159
0.4708701159
0.4107752229
0.4107752229
0.4107752229
0.2148385126
0.2148385126
0.2148385126
0.2335970549
0.2335970549
0.2335970549
0.0190735068
0.0190735068
0.0190735068
0.1156001254
0.1156001254
0.1156001254
0.3567477590
0.3567477590
0.3567477590
0.3734041714
0.3734041714
0.3734041714
1.9636358648
1.9636358648
1.9636358648
1.0814425861
0.7419631052
0.7419631052
0.7419631052
0.6935076435
0.6935076435
0.6935076435
0.1408144852
0.1408144852
0.1408144852
0.4044782192
0.4044782192
0.4044782192
0.6794623837
0.4402962032
0.4402962032
0.4402962032
1.0861058588
0.5675357649
0.5675357649
0.5675357649
1.6633732577
1.1546290660
1.1546290660
1.1546290660
1.1201064963
1.1201064963
1.1201064963
0.8116741876
0.8116741876
0.8116741876
0.4980510137
0.4980510137
0.4980510137
0.8575299902
0.8575299902
0.8575299902
0.5482926853
0.5482926853
0.5482926853
0.5166134584
0.5166134584
0.5166134584
0.5719670875
0.5719670875
0.5719670875
0.7962209653
0.7962209653
0.7962209653
0.7551429070
0.7551429070
0.7551429070
0.6514072537
0.6514072537
0.6514072537
0.4683446174
0.4683446174
0.4683446174
0.4030244141
0.4030244141
0.4030244141
0.4458663575
0.4458663575
0.4458663575
0.4902171613
0.4902171613
0.4902171613
0.4992908103
0.4992908103
0.4992908103
0.3594651977
0.3594651977
0.3594651977
0.6740674904
0.6740674904
0.6740674904
0.6152184007
0.6152184007
0.6152184007
0.5709549728
0.5709549728
0.5709549728
0.4706633566
0.4706633566
0.4706633566
0.4764149281
0.4764149281
0.4764149281
0.4769249343
0.4769249343
0.4769249343
0.3760760390
0.3760760390
0.3760760390
0.6181080427
0.6181080427
0.6181080427
0.4152734805
0.4152734805
0.4152734805
0.7949127082
0.7949127082
0.7949127082
0.2647363796
0.2647363796
0.2647363796
0.2129403426
0.2129403426
0.2129403426
0.9041651103
0.9041651103
0.9041651103
0.5407993164
0.5407993164
0.5407993164
1.0442190978
1.0442190978
1.0442190978
0.7087883313
0.7087883313
0.7087883313
0.8474893286
0.8474893286
0.8474893286
0.9256134944
0.9256134944
0.9256134944
0.7342300467
0.7342300467
0.7342300467
1.6406853946
1.6406853946
1.6406853946
1.3733476885
1.3733476885
1.3733476885
1.2609322923
1.2609322923
1.2609322923
1.3108298800
1.3108298800
1.3108298800
1.4264608688
1.4264608688
1.4264608688
1.7668490480
1.7668490480
1.7668490480
0.8868894918
0.8868894918
0.8868894918
0.6345978065
0.6345978065
0.6345978065
0.6356187134
0.6356187134
0.6356187134
0.6092730068
0.6092730068
0.6092730068
0.3631067183
0.3631067183
0.3631067183
0.6277593031
0.6277593031
0.6277593031
0.8005161847
0.8005161847
0.8005161847
0.5019033031
0.5019033031
0.5019033031
0.6995770007
0.6995770007
0.6995770007
0.7994087725
0.7994087725
0.7994087725
0.6588151521
0.6588151521
0.6588151521
0.7734053712
0.7734053712
0.7734053712
0.7046805232
0.7046805232
0.7046805232
0.7388012009
0.7388012009
0.7388012009
0.7036130578
0.7036130578
0.7036130578
1.1058784243
1.1058784243
1.1058784243
1.1585723474
1.1585723474
1.1585723474
0.9084114968
0.9084114968
0.9084114968
0.8932677208
0.8932677208
0.8932677208
1.0202320967
1.0202320967
1.0202320967
0.5059215959
0.5059215959
0.5059215959
0.4494905917
0.4494905917
0.4494905917
0.7433205721
0.7433205721
0.7433205721
0.6118480830
0.6118480830
0.6118480830
2.9543157063
2.9543157063
2.9543157063
2.6415753787
2.6415753787
2.6415753787
2.6288150234
2.6288150234
2.6288150234
3.0157967705
3.0157967705
3.0157967705
2.7859890590
2.7859890590
2.7859890590
0.5603033362
0.5603033362
0.5603033362
0.5800924017
0.5800924017
0.5800924017
0.4769491926
0.4769491926
0.4769491926
0.3676574321
0.3676574321
0.3676574321
0.4157261616
0.4157261616
0.4157261616
0.3357054263
0.3357054263
0.3357054263
0.2905436382
0.2905436382
0.2905436382
0.2458021212
0.2458021212
0.2458021212
0.3761123850
0.3761123850
0.3761123850
0.5352762591
0.5352762591
0.5352762591
0.5772249831
0.5772249831
0.5772249831
0.6440308522
0.6440308522
0.6440308522
0.4923955079
0.4923955079
0.4923955079
0.4024415470
0.4024415470
0.4024415470
0.5933778450
0.5933778450
0.5933778450
0.6145612861
0.6145612861
0.6145612861
0.3688057593
0.3688057593
0.3688057593
0.4257615353
0.4257615353
0.4257615353
0.2711908659
0.2711908659
0.2711908659
0.2256299896
0.2256299896
0.2256299896
0.1110239616
0.1110239616
0.1110239616
0.1137972397
0.1137972397
0.1137972397
0.2051156803
0.2051156803
0.2051156803
0.2298853954
0.2298853954
0.2298853954
0.2064494725
0.2064494725
0.2064494725
0.3051037503
0.3051037503
0.3051037503
0.3808281611
0.3808281611
0.3808281611
0.1966536449
0.1966536449
0.1966536449
0.6388493146
0.6388493146
0.6388493146
0.6113520899
0.6113520899
0.6113520899
0.9224400786
0.9224400786
0.9224400786
0.4481440448
0.4481440448
0.4481440448
0.4422185611
0.4422185611
0.4422185611
0.8446285785
0.8446285785
0.8446285785
0.6174758633
0.6174758633
0.6174758633
0.2732628274
0.2732628274
0.2732628274
0.4200090072
0.4200090072
0.4200090072
0.2644337263
0.2644337263
0.2644337263
0.2623683082
0.2623683082
0.2623683082
0.3481827216
0.3481827216
0.3481827216
0.6171226583
0.6171226583
0.6171226583
0.7134318189
0.7134318189
0.7134318189
0.8880941371
0.8880941371
0.8880941371
2.0352439810
2.0352439810
2.0352439810
2.2648214744
2.2648214744
2.2648214744
2.1436380055
2.1436380055
2.1436380055
1.1956033108
1.1956033108
1.1956033108
1.1307371721
1.1307371721
1.1307371721
1.7239370106
1.7239370106
1.7239370106
0.5823568278
0.5823568278
0.5823568278
1.5805561250
1.5805561250
1.5805561250
2.0495513290
2.0495513290
2.0495513290
0.3096671388
0.3096671388
0.3096671388
0.5930175846
0.5930175846
0.5930175846
0.3611252169
0.3611252169
0.3611252169
0.2872606854
0.2872606854
0.2872606854
0.4894657907
0.4894657907
0.4894657907
0.4142048114
0.4142048114
0.4142048114
0.1259957642
0.1259957642
0.1259957642
0.3011914294
0.3011914294
0.3011914294
0.5519561958
0.5519561958
0.5519561958
0.5270923322
0.5270923322
0.5270923322
0.1664256833
0.1664256833
0.1664256833
0.2997808129
0.2997808129
0.2997808129
0.6247515051
0.6247515051
0.6247515051
0.8603221005
0.8603221005
0.8603221005
0.8589656837
0.8589656837
0.8589656837
1.0106244690
1.0106244690
1.0106244690
1.1398686491
1.1398686491
1.1398686491
0.9187403892
0.9187403892
0.9187403892
0.8150968979
0.8150968979
0.8150968979
0.6774369753
0.6774369753
0.6774369753
1.5908925572
1.5908925572
1.5908925572
1.6746302824
1.6746302824
1.6746302824
1.5147584617
1.5147584617
1.5147584617
0.7416391508
0.7416391508
0.7416391508
0.8490676153
0.8490676153
0.8490676153
0.4374713844
0.4374713844
0.4374713844
1.2095062263
1.2095062263
1.2095062263
1.3447892672
1.3447892672
1.3447892672
1.5186434811
1.5186434811
1.5186434811
1.4085267649
1.4085267649
1.4085267649
1.1785855803
1.1785855803
1.1785855803
1.0524821215
1.0524821215
1.0524821215
0.7535575589
0.7535575589
0.7535575589
0.5149228065
0.5149228065
0.5149228065
0.7497808021
0.7497808021
0.7497808021
1.2325830439
1.2325830439
1.2325830439
1.3732584199
1.3732584199
1.3732584199
1.5668277880
1.5668277880
1.5668277880
1.3813412535
1.3813412535
1.3813412535
1.4637922370
1.4637922370
1.4637922370
1.2593644083
1.2593644083
1.2593644083
0.7754341323
0.7754341323
0.7754341323
0.9191065349
0.9191065349
0.9191065349
0.6875372255
0.6875372255
0.6875372255
0.7157140179
0.7157140179
0.7157140179
1.1515231879
1.1515231879
1.1515231879
1.5515453585
1.5515453585
1.5515453585
1.4385629036
1.4385629036
1.4385629036
1.5290020554
1.5290020554
1.5290020554
1.1428491081
1.1428491081
1.1428491081
0.7266901997
0.7266901997
0.7266901997
0.6237301979
0.6237301979
0.6237301979
0.3382640402
0.3382640402
0.3382640402
0.3540934696
0.3540934696
0.3540934696
0.3952740834
0.3952740834
0.3952740834
0.8099955265
0.8099955265
0.8099955265
1.5265968675
1.5265968675
1.5265968675
1.7284173617
1.7284173617
1.7284173617
1.8833082622
1.8833082622
1.8833082622
1.3365401315
1.3365401315
1.3365401315
1.5171716561
1.5171716561
1.5171716561
1.1812560741
1.1812560741
1.1812560741
0.6920359075
0.6920359075
0.6920359075
1.4849510442
1.4849510442
1.4849510442
1.3907684025
1.3907684025
1.3907684025
1.4802690130
1.4802690130
1.4802690130
0.8401989525
0.8401989525
0.8401989525
0.7684175854
0.7684175854
0.7684175854
1.5711715504
1.5711715504
1.5711715504
1.3215359346
1.3215359346
1.3215359346
1.3150539670
1.3150539670
1.3150539670
1.3895469715
1.3895469715
1.3895469715
1.4047768292
1.4047768292
1.4047768292
1.6036440512
1.6036440512
1.6036440512
1.6289046843
1.6289046843
1.6289046843
1.5406718708
1.5406718708
1.5406718708
1.3250124322
1.3250124322
1.3250124322
0.8343281665
0.8343281665
0.8343281665
0.8408473196
0.8408473196
0.8408473196
1.5433698883
1.5433698883
1.5433698883
2.0091344602
2.0091344602
2.0091344602
1.7261141992
1.7261141992
1.7261141992
0.8978334524
0.8978334524
0.8978334524
0.9116461446
0.9116461446
0.9116461446
1.1865259254
1.1865259254
1.1865259254
1.4306808892
1.4306808892
1.4306808892
1.3815579487
1.3815579487
1.3815579487
1.1764147385
1.1764147385
1.1764147385
0.8455198149
0.8455198149
0.8455198149
0.7380573578
0.7380573578
0.7380573578
0.8965610855
0.8965610855
0.8965610855
1.6512166476
1.6512166476
1.6512166476
1.4304588306
1.4304588306
1.4304588306
1.4760113718
1.4760113718
1.4760113718
1.6625631919
1.6625631919
1.6625631919
1.7484657543
1.7484657543
1.7484657543
1.5572225420
1.5572225420
1.5572225420
1.1818698751
1.1818698751
1.1818698751
0.9283688086
0.9283688086
0.9283688086
0.8159959918
0.8159959918
0.8159959918
1.1122757343
1.1122757343
1.1122757343
1.7754519419
1.7754519419
1.7754519419
2.0162771672
2.0162771672
2.0162771672
2.2085650283
2.2085650283
2.2085650283
1.8330316909
1.8330316909
1.8330316909
1.4378071503
1.4378071503
1.4378071503
1.3937219821
1.3937219821
1.3937219821
1.0599281413
1.0599281413
1.0599281413
0.8590570165
0.8590570165
0.8590570165
0.4494472381
0.4494472381
0.4494472381
0.7935795346
0.7935795346
0.7935795346
1.2945456368
1.2945456368
1.2945456368
2.2949632754
2.2949632754
2.2949632754
1.9536135334
1.9536135334
1.9536135334
2.2455665703
2.2455665703
2.2455665703
1.9289963797
1.9289963797
1.8587822916
1.8587822916
1.3322511234
1.3322511234
0.6273831410
0.6273831410
1.3496551543
1.3496551543
1.7352607284
1.7352607284
1.9970740082
1.9970740082
1.1758452672
1.1758452672
0.5164463591
0.5164463591
0.9479621616
0.9479621616
1.5149619200
1.5149619200
1.5014938585
1.5014938585
1.4957406902
1.4957406902
1.2241543928
1.2241543928
1.3729148710
1.3729148710
1.1057572250
1.1057572250
0.7634686774
0.7634686774
0.5105572775
0.5105572775
0.5105572775
0.3269141360
0.3269141360
0.3269141360
0.4014015053
0.4014015053
0.4014015053
0.5231046587
0.5231046587
0.5231046587
0.9034228369
0.9034228369
0.9034228369
1.3885068443
1.3885068443
1.3885068443
1.6076242803
1.6076242803
1.6076242803
1.7247297113
1.7247297113
1.7247297113
2.3256153833
2.3256153833
2.0725816873
2.0725816873
0.9645016287
0.9645016287
0.9645016287
0.5630393023
0.5630393023
0.5630393023
1.6184146747
1.6184146747
1.6184146747
1.9970302542
1.9970302542
1.9970302542
0.7345086966
0.5972297703
0.5972297703
0.8867510820
0.8867510820
1.4427159999
1.4427159999
2.4835378229
2.4835378229
1.9227517437
1.9227517437
1.9227517437
1.2162421786
1.2162421786
1.2162421786
0.6591862721
0.6591862721
0.6591862721
0.8860794124
0.8860794124
0.8860794124
0.8672294575
0.8672294575
0.8672294575
1.5123087437
1.5123087437
1.5123087437
1.4375798100
1.4375798100
1.4375798100
1.3846538590
1.3846538590
1.3846538590
1.4702647778
1.4702647778
1.4702647778
1.9823020350
1.9823020350
1.9823020350
1.2561670749
1.2561670749
1.2561670749
1.4748952523
1.4748952523
1.4748952523
1.8235519418
1.8235519418
1.8235519418
1.5733765785
1.5733765785
1.5733765785
1.5652745551
1.5652745551
1.5652745551
1.9527243417
1.9527243417
1.9527243417
2.2811350392
2.2811350392
2.2811350392
2.2777871115
2.2777871115
2.2777871115
2.1352648703
2.1352648703
2.1352648703
1.8349845658
1.8349845658
1.8349845658
1.4409004812
1.4409004812
1.4409004812
1.2236231093
1.2236231093
1.2236231093
1.9874384868
1.9874384868
1.9874384868
0.5562551720
0.5562551720
0.5562551720
1.0196492123
1.0196492123
1.0196492123
0.6839633969
0.6839633969
0.6839633969
0.7439202510
0.7439202510
0.7439202510
1.1426571842
1.1426571842
1.1426571842
1.0428590311
1.0428590311
1.0428590311
1.1856031391
1.1856031391
1.1856031391
0.7300548327
0.7300548327
0.7300548327
1.2753040768
1.2753040768
1.2753040768
0.8703120960
0.8703120960
0.8703120960
0.5775638875
0.5775638875
0.5775638875
0.5103303110
0.5103303110
0.5103303110
0.4541158857
0.4541158857
0.4541158857
0.6788906805
0.6788906805
0.6788906805
0.9736982265
0.9736982265
0.9736982265
0.5061214884
0.5061214884
0.5061214884
0.5527857059
0.5527857059
0.5527857059
0.4058683986
0.4058683986
0.4358205185
0.4358205185
0.5234024489
0.5234024489
0.5264033174
0.5264033174
0.4785161867
0.4785161867
0.6562673563
0.6562673563
0.5935159349
0.5935159349
0.6020679717
0.6020679717
0.4940096424
0.4940096424
0.5171943762
0.5171943762
0.5182636425
0.5182636425
0.8267419026
0.8267419026
0.8737227313
0.8737227313
0.6056218882
0.6056218882
0.6060127022
0.6060127022
0.5660813043
0.5660813043
0.5687853985
0.5687853985
0.6782781463
0.6782781463
0.6782781463
0.5333352312
0.5333352312
0.5333352312
0.5123866182
0.5123866182
0.5123866182
0.4992845754
0.4992845754
0.4992845754
0.6473609629
0.6473609629
0.6473609629
0.6784159346
0.6784159346
0.6784159346
0.5518913791
0.5518913791
0.5518913791
0.6087594233
0.6087594233
0.6087594233
0.5402070521
0.5402070521
0.5402070521
0.5700240885
0.5700240885
0.5700240885
0.7174809672
0.7174809672
0.7174809672
0.6300676073
0.6300676073
0.6300676073
0.6317259148
0.6317259148
0.6317259148
0.5766259149
0.5766259149
0.5766259149
0.4824269544
0.4824269544
0.4824269544
0.3807487293
0.3807487293
0.3807487293
0.3474226547
0.3474226547
0.3474226547
0.4449276785
0.4449276785
0.4449276785
0.4056462717
0.4056462717
0.4056462717
0.4083402131
0.4083402131
0.4083402131
0.4307722597
0.4307722597
0.4307722597
