0.4272931707
0.4394014318
0.2885813652
0.2832237872
0.3116867528
2.1156388071
2.0390231583
0.2582349366
0.4733731079
0.6901324413
1.2583148557
1.3469906853
0.9756327983
0.8884237134
0.8677526216
0.9927583838
0.9637512118
1.0027733272
0.7274046574
0.9171678122
0.9726632915
0.9220728903
0.8298787679
0.9872417005
0.6873689405
0.6295077465
0.5173366678
0.5830580859
0.3612852280
0.4765264190
0.4487702924
0.5626397840
0.4897727960
0.5151689097
0.6296360284
0.5610217692
0.4836263715
0.4793846328
0.2830579671
0.1385615164
0.5340986204
0.5225333255
0.4066881621
0.5711290564
0.6012427519
0.3458692037
0.3343582104
0.5079960999
0.5494654492
0.6035624681
0.6257645353
0.5226445073
1.1212554329
1.1214349877
0.1903652613
0.3798444960
0.6557707421
0.5483932449
0.3311641204
0.2503313182
0.3359350095
1.1028184964
1.1659076277
1.1843690050
1.1253577545
0.5700287500
0.5017135303
0.5555401672
0.4968572402
0.5773070574
0.5606684424
0.6403333437
0.5759464434
0.4975961644
0.4858611851
0.5038440077
0.4894345828
0.6020738942
0.5633344845
0.5481153656
0.4124535987
0.4308406085
0.4256781631
0.4358505077
0.3941688168
0.6266872855
0.4617156682
0.2996556736
0.4619204576
0.4363649758
0.4333494030
0.5853748528
0.6713639038
0.4123102535
0.6294646899
0.6500865623
0.5532349995
0.5254228047
0.6473063330
0.3943782074
0.4347106745
0.3992922666
0.2313007063
0.3654554060
0.4577278462
0.5021821152
0.5961545156
0.5519454351
0.5753685413
0.6074783044
0.6358047597
1.0409267669
1.0085522668
1.0130549947
1.0371264251
1.0696275913
1.0199632969
1.0708772222
1.0754304632
0.8826021814
0.9434728255
0.9847751245
0.6661307132
0.7731232303
0.6103074519
0.6824511352
0.5043739871
0.2363552105
0.3907179385
0.1840359819
0.1815318049
0.3408830528
0.2144050455
0.3029126084
0.3719992510
0.1489199466
0.3780598099
0.3303473543
0.1928996520
0.2169286321
0.3088304654
0.1931715538
0.2697925010
0.2887323571
0.5597755409
0.2707746651
0.1537221545
0.1615101069
0.2680986965
0.4794459905
0.6314545198
0.3292363277
0.6358921372
0.2715072019
0.4213010818
0.6588969982
0.6715497660
0.4839837071
0.5536736652
0.5488554748
0.6308899926
0.4217734395
0.3672186506
0.4759564133
0.4140911216
0.2598670957
0.1131107882
0.1017728034
0.0813502136
0.2225011191
0.1804131650
0.2537997816
0.2396583126
0.2007402682
0.2660866418
0.0657645002
0.1130917558
0.1977552388
0.1993513041
0.1555528394
0.1189774187
0.1610229142
0.3025731498
0.3261123025
0.3166519630
0.3960995315
0.3063630274
0.3529122339
0.3744643939
0.3397665466
0.3308683981
0.3240208329
0.2720619729
0.3561421434
0.2885590807
0.3499078712
0.3372122591
0.2554521266
0.1254029450
0.0895186805
0.1860457652
0.2093561392
0.2267744310
0.2706874623
0.1647578930
0.1831649771
0.3381385522
0.3784708320
0.1557417318
0.1720153395
0.2708312620
0.2245499011
0.3540687328
0.1944193015
0.2414947846
0.6038152219
0.4104924855
0.2939575935
0.5147198840
0.3827844464
0.5754456640
0.4705297121
0.2627962271
0.1794134590
0.3080705924
0.4054534186
0.2786237476
0.6135384301
0.5115391334
0.7578214585
0.6686303944
0.4774331813
0.7087387261
0.6336717314
0.7423225190
0.1723983514
0.2440468985
0.7189725948
0.4969358131
0.3432575159
0.1934685099
0.3507071427
0.2829606098
0.6911168869
0.6422126678
0.7941384987
0.5756263659
0.3791090807
0.3927792776
0.4802631539
0.3961118374
0.3813922249
0.1421375481
0.1880721269
0.3544076130
0.2468110348
0.1917766282
0.5270200711
0.1594382948
0.4100817507
0.5522837048
0.5432264626
0.6568989638
0.5574536384
0.7555928028
0.8732260114
0.8545980162
0.9155952098
0.9103518202
0.7754323260
0.7606220372
0.7278499639
0.8710835492
0.7746817687
1.0600941424
1.0400451837
0.8347151403
0.6731368738
0.6121458688
0.6580105568
0.6002287020
0.8221612072
0.6795926187
0.6277054203
0.6785246282
0.6730662878
0.7489282162
0.8437336059
0.6434014842
0.6251583526
0.6329135805
0.4707859865
0.7642817700
0.6933950810
0.6853192664
0.6586640002
0.5056693202
0.4557988148
0.4694117953
0.6637000611
0.6632402530
0.7510710751
0.6387220917
0.7051583780
0.4530483451
0.6331975094
0.5216882239
0.4554536200
0.3978912365
0.3368199246
0.5405456355
0.3881503855
0.4512659585
0.4522304847
0.3509921851
0.4391487732
0.4673338783
0.3803935437
0.3439214099
0.3392810837
0.4040872569
0.3679524422
0.4862216991
0.3329577472
0.3059626371
0.2627958756
0.2378417930
0.2400404727
0.0596515112
0.3028497108
0.2094402212
0.3813272081
0.3441546601
0.4595005996
0.4532170622
0.4080050261
0.4386101877
0.5039390619
0.4522368116
0.5351799801
0.6651876485
0.5387981722
0.4882201414
0.5193842917
0.4834690475
0.4077746017
0.3374837237
0.3663131415
0.4541108020
0.4136572868
0.4959757772
0.6286033326
0.5042181207
0.3182135421
0.3909240847
0.3431922362
0.4317070468
0.3838386000
0.4285921695
0.3208830992
0.4769369048
0.4923525759
0.7271800846
0.5838887403
0.6029906755
0.4745719621
0.6297330066
0.6221536786
0.6355443067
0.6342251411
0.5482615776
0.5929339014
0.6974227369
0.6760297947
0.7423842338
0.6833976524
0.5339420266
0.3959564651
0.4718530323
0.4619173552
0.5757710789
0.5188820285
0.5435091159
0.4826846627
0.4159221887
0.5040085389
0.4936743484
0.5562808745
0.6719314835
0.9027545845
0.9553399148
0.8999401225
0.7007979804
0.6417926875
0.5306056749
0.5108950050
0.3924394045
0.5200282787
0.3963353224
0.3473734820
0.3882079588
0.3118697426
0.1270853628
0.3981541051
0.3276463716
0.4434961499
0.4436790677
0.4071799054
0.3590325716
0.3780536974
0.3180230850
0.2880466757
0.4982998331
0.4622941110
0.4930773953
0.4284671822
6.1133184581
6.0978115665
6.0624177060
0.5558304862
0.3618030779
0.7177722287
0.5946691397
0.4732874723
0.4850121235
0.4488471955
0.5949861063
0.5407834365
0.6134610442
0.4402976186
0.3055771406
0.4447515202
0.3745863565
0.4184446214
0.9653173623
0.9425921629
0.8880056112
0.9261354030
0.8439249426
2.4368176699
2.0995053538
1.8304135504
1.8197533462
1.9653092077
1.8239022110
1.9366163838
1.8284037121
1.8258373552
1.7362501041
1.6988135794
1.0796396823
0.7689441709
0.6880428127
0.6822092471
0.7407098703
0.6752482425
0.5563809180
0.3638158644
0.6690601127
0.6526474083
0.5022454887
0.6427057945
0.6181590079
0.3412873310
1.2760875424
1.3367327065
1.3655416346
1.3195355781
1.4191047252
0.7614160860
0.3173602091
0.4653314313
0.2703543969
0.6105943286
0.6942636789
0.7385320223
0.6161788500
0.4433648141
0.6385911044
1.2625417893
1.2805840510
1.2996235984
0.6303025078
0.6262249047
0.4788122699
0.7203752085
1.3934631681
1.4366811288
0.9131898865
0.6882733580
0.7017625758
0.3621310280
0.6009209643
0.5912270581
0.9124675024
0.5988752025
0.7746503896
0.3632641124
0.5484604354
0.6513153266
0.5449373609
0.6962635045
0.5417145902
0.5028453632
0.5895797845
0.4176021818
0.3254852941
0.3913836390
0.4775186894
0.4547065691
0.6462682901
0.6988427516
0.3330962459
0.3410911655
0.5867402152
0.5493782062
0.5025821064
0.5853100524
0.5532666434
0.6038278581
0.7230431231
0.7202594943
0.6790291084
0.7524195048
0.5931543066
0.5341290589
0.4974299582
0.4286295421
0.4858433651
0.4364474163
0.5065042311
0.4495150334
0.4723461049
0.5381664334
0.4025789987
0.4449019954
0.4809096749
0.4121718920
0.4071263114
0.4113910215
0.7246923199
0.7387233848
0.8782691977
0.9049007411
0.7414286288
0.7133705134
0.7914856968
0.6867044782
0.6871277738
0.6411865703
0.6520859792
0.6942542071
0.8057008759
0.8608930598
0.8625989488
1.1406209759
1.1288855430
0.9183306111
0.8555710394
0.9742461493
0.8956207231
0.9695373911
0.9555789121
1.0981046962
1.3821769917
1.1934464823
1.0055643475
0.5638119509
0.6835162624
0.5508297477
0.5668639528
0.1465546337
0.3003439440
0.3305443013
0.3950617166
0.7203520182
0.6460804275
0.5549269916
0.7815034972
0.6251485947
0.8157686720
0.6737947412
0.6847363312
0.4416008615
0.5224577959
0.6495884507
0.4472512426
0.4286834168
0.3882286534
0.4068309187
0.6065111619
0.6072448482
0.7683696134
0.7005665989
0.8204888851
0.4620712818
0.6510962930
0.6447912675
0.5156853295
0.5247234284
0.7234720829
0.6698564779
0.6273838957
0.5347322575
0.7254855136
0.5687284677
0.6019406055
0.6314514028
0.5501673638
0.5832516898
0.5909580248
0.6569387957
0.6511519155
0.6032534465
0.8470982192
0.8418320001
0.9861809909
1.0674796924
1.0100074838
1.2110415919
1.1880055822
0.9992055234
1.0307386473
0.8606119040
1.1082677158
0.9300228878
0.6755566083
0.8955122859
0.7322935663
0.6444662363
0.5659641264
0.5709127010
0.6147036325
0.4325601672
0.6127011786
0.6376038871
0.5046762630
0.4347946228
0.6131268236
0.7768351290
0.7599070431
1.0358950178
0.8130366654
0.8564135647
0.8188414851
0.6705213493
1.3523580429
0.6995331452
0.3828445962
0.6011921530
0.5697283451
0.5030530197
0.5220150918
0.6608578842
0.5488861884
0.5974506626
0.6674381432
0.6528846050
0.9700335422
0.9484541064
0.9893503910
1.1435720109
1.1703309021
0.5273979207
0.5440823520
0.5669462810
0.3334625384
0.3874456419
0.3655361177
0.2100731998
0.6786519702
0.7633168296
0.7329674696
0.6862072086
0.6859425640
0.7339766573
0.7608028827
0.7723423757
0.8223229989
0.8934023856
0.9035975898
0.4275946240
0.3751607990
0.3805518747
0.4490339648
0.3299170887
0.4938493906
0.3846572583
0.3996372315
0.4419786249
0.2952499538
0.2422168567
0.6669710164
0.4224716909
0.3386952292
0.6730512497
0.7232326999
0.2726300140
0.3708567544
0.4992572627
1.3628141734
0.9232468877
0.3944056694
0.4299416311
0.4139745588
0.5584710892
0.6003008229
0.5395436445
0.6745706906
0.5861716082
0.2807554958
0.8645801648
1.0696392396
0.3755898729
0.6393653812
0.8466497444
1.3229497876
0.8118192724
0.6570317097
0.4899202648
0.4802913009
0.4589000710
0.3527090185
0.2706954899
0.1864554345
0.5316125393
0.4460422345
0.4409211056
0.5181018633
0.6015545798
0.5436664597
0.8321432539
1.1268931275
1.3206992120
1.3279713107
0.5945345713
0.2746883002
0.4006777448
0.4071446495
0.6438474228
0.6316609989
0.8440999816
0.7726244156
0.8663870627
1.1800799054
1.0383735032
0.8393450356
0.7732263657
0.9231954325
0.4570372160
0.5653417247
0.4882857214
0.4581930147
0.6662972792
0.7870520114
0.8698754276
0.5112474804
1.0905408348
0.6434394470
0.6285812678
0.6903712209
0.6727131809
0.6798735727
0.8711429383
1.0925329892
0.7762911208
0.6352030516
0.6097685419
0.6098127775
0.5234682270
0.5276386183
0.3561838078
0.4933255392
0.4515914338
0.3628270797
0.3806297086
0.4714215366
0.5553645129
0.6459536986
0.7259028969
0.6114841113
0.9156825743
0.5185518713
0.5926793768
0.6178439964
0.6859015496
0.6346541932
0.6375244786
0.5207182599
0.4792793579
0.5483959311
0.6469037707
0.3436164784
0.7547518621
0.7469572025
0.5880211672
0.7670590560
0.8080366913
0.8730294888
1.1897699734
0.8195279675
1.1074724286
0.9588459153
0.9596084952
5.2323567390
0.9224038641
1.0468829549
0.8190291471
0.4075269767
0.9601174177
0.5191955618
1.9307652736
2.1168949978
0.8861718722
1.0381882902
1.0198559226
1.2349257952
1.2430442844
1.8411818525
1.2001708966
1.1570180880
0.8567319067
0.6594531128
0.6845035538
0.3317679244
0.7127853600
0.9460261186
1.7130146559
0.5250430567
0.7711529278
1.4342702813
0.9242046058
0.3983426938
0.5365343377
0.6121500867
0.9736900620
0.9850828245
1.2014400994
1.4438862002
1.2086900108
1.9191144402
1.5097455984
1.3869262003
1.6319140069
1.5589555330
1.6648467603
1.8246896431
1.6125445038
2.8032552236
1.1870307914
0.5098474898
0.7384933177
0.9493176764
0.4902690951
0.3776361212
0.4260428648
0.4786229089
0.7202271301
0.8145981515
0.4947321435
1.4432653106
1.2006200248
1.1783352686
0.7706188709
0.7599284552
0.8713771330
0.7403703159
0.6455996835
0.6261563243
0.6150298658
0.4344307605
0.5829881694
0.3717250192
0.3972214310
0.7320886702
0.5798854152
0.4892168674
0.3920296556
0.5011754542
0.5764277759
0.8356712406
0.9602419901
0.7709055295
0.7624514889
0.8787800063
0.9073928977
0.6730428894
0.8919704285
0.9322211713
0.8045141997
0.9550985309
0.9231179845
0.8493902483
0.8685710219
0.9063764967
1.0719143755
1.1136751584
1.0884137560
1.0914356159
0.9988331708
1.0883641414
1.2539058632
0.9946818023
1.2693636941
0.9470131605
0.8360941649
0.9128819175
0.3010035617
0.3981535684
0.5353226244
0.7371264469
0.6980716792
0.5200350228
0.4022927407
0.3305134972
0.2726092511
0.5223785185
0.3751039015
0.5721457785
0.6642969561
0.6606313880
0.3452302425
0.4443807797
0.4341087910
0.6829259732
0.8090760969
1.0755879001
0.7697047896
1.2870590640
0.9734621931
1.0984226538
0.8569441301
0.6521257683
0.6542525316
0.5678065848
0.5430526696
0.6865551816
0.7713560434
1.1322706410
0.9519095572
1.4065295039
1.0069949651
0.8945048682
0.9146956496
0.8759771196
0.6640106250
0.6162806273
0.5064341662
0.4914625063
0.8153957587
1.3454247493
1.4027225064
1.2157996193
0.8329439786
0.8020708939
0.7860364586
0.8909652313
0.7254683720
0.9776050916
1.1694189464
0.4913760477
0.9240143500
0.3253485283
0.2944948793
0.5765314136
0.7787590079
0.6164399319
0.6018094245
0.5616303712
0.6577176121
0.8390886640
0.5497030871
0.7007963430
0.8538915946
0.3750845306
0.7336633024
0.6163474324
0.9928883152
0.8565151012
0.9289815352
0.3836797894
0.3479558489
0.5145327833
0.9343916218
0.7522283238
0.7779975382
0.9054637649
0.9883850338
1.0324570271
0.3799633982
0.6855904282
0.5972299894
0.4009304942
0.2998671629
0.6780793980
1.0856738993
1.3876105283
1.2447761800
1.0476913678
0.8494847919
0.8122005126
1.1860481885
0.7854214711
0.8053222169
0.9489403147
0.6814298038
0.6377050150
0.6132711672
0.4359095028
0.6047023562
0.9011744222
0.8814570656
1.0750402868
0.7117891459
1.2037362848
0.6304887652
0.5087694130
0.4580931516
0.1320503559
0.2935754872
0.4616952329
0.7144261798
0.5367449140
0.5075764512
0.4463973073
0.3931295372
0.3883288418
0.4547716860
0.3505087867
0.3303848790
0.3629291693
0.1644442110
0.1871043694
0.1744467633
0.2097002704
0.4508117981
0.6419686642
0.5978213144
0.7903341213
0.8563834243
1.0273200957
0.9438595909
0.8852285262
0.6071702514
0.3608955596
0.4819853058
0.5063414814
0.3790164945
0.4994238146
0.4913241974
0.4515133469
0.7285775151
0.8538715056
0.7939445300
0.6798533653
0.6824820648
0.5152137554
0.4132259514
0.3955885247
0.4023079371
0.3198283109
0.2628099244
0.8473489020
0.8319398644
0.6761293703
0.6152105817
0.4924689725
0.5703958251
0.5131952021
0.5691761588
0.5517292788
0.5383782647
0.1131239418
0.2211563519
0.5482904004
0.5527923235
0.6287517740
0.4174738681
0.2258338273
0.2706488447
0.5397385244
0.5523992171
0.7993002539
0.8202822351
0.8689489461
0.6635774112
0.7121555853
0.4335545297
0.3570031343
0.5967678289
0.5550815795
0.6716944788
0.6388672412
0.5919977134
0.4305508734
0.3227969052
0.5351972438
0.7225155989
1.7921737139
0.9265204646
1.3507583517
0.9072212796
1.0871280774
1.1590628665
1.0022227365
0.8982602474
2.1597984394
0.8628239087
0.5419368725
0.7639429792
0.5093421464
0.3363765788
0.4693906223
0.2174390013
0.2786866729
0.4584718661
0.4100748684
0.8709482864
0.8657917688
1.3589417641
0.8991745396
1.2440237889
1.0733726122
0.6480266754
0.8104524601
0.6899137832
0.6695447489
0.9348685534
0.6767571416
1.3203187263
0.9734236794
1.0788948976
1.0795774039
0.9847036883
0.9121361249
0.9090489555
1.2304003173
0.7411441901
0.7612395022
0.8213405951
0.5972588542
0.4990262896
0.3377024522
0.2245847035
0.7140750048
0.6790416496
0.0798069310
0.1273797817
0.5532976062
0.2901696504
0.3133742362
0.8269688242
0.4334105205
0.6202194655
0.5952730258
0.5312890470
0.4932669811
0.4661555015
0.3043483429
0.6027750841
0.7557979164
0.2365401538
0.5758209942
0.3142106072
0.2856743279
0.4937398414
0.3664199353
0.5040514635
0.3474749642
0.2481441410
0.3707872730
0.5748043846
0.4224588627
0.3808846483
0.4245981681
0.3891210992
0.2254484439
0.3151746369
0.3453203017
0.3798470205
0.4490436551
0.6533104576
0.9153979077
0.9330892791
1.0906456921
1.1160195324
1.0834720134
0.8267756973
0.7402100763
0.8055464755
0.5782291960
0.4633849622
0.2668971031
0.2071476567
0.2300796474
0.2752119457
0.5279264847
0.4354958756
0.5160058561
0.4469971923
0.1112970664
0.3552127575
0.4114539342
0.6664669735
0.4279908673
0.5537271034
0.7629751246
0.4841381786
0.5897270377
1.0430652393
1.4964209625
1.3747846847
0.9859697471
0.6795316509
0.6767520696
0.6417051164
0.7282281885
0.9131569023
1.1257727635
1.1538418951
0.8477076439
1.0692692004
1.0071795652
1.0750129749
1.1657013213
0.9543285750
0.8668014050
0.8931531699
0.9182936236
0.8513762642
0.8665834780
1.1283659675
1.2100956343
1.1853022644
1.0357422751
0.7803973934
0.7943762968
0.7401970158
0.6922387934
0.8090385169
0.6706259520
0.6239656668
0.5282185335
0.5874540445
0.5816678468
0.4496299019
0.3127769405
0.3996245659
0.4182225600
0.4161913402
0.6445829408
0.8288636609
0.8393549209
0.9024635932
0.8234589300
0.6317565580
0.5090222909
0.4429990979
0.4295985251
0.3008798182
0.3772544253
0.1930200127
0.3113904276
0.7080461410
1.0782592383
1.1756998355
1.1898321425
1.1753949911
1.1409776005
1.4962135515
1.0516140785
1.0918804080
1.0381415032
1.1515585281
0.6773278094
1.3197190411
1.5853810979
0.7375081218
0.8101614541
0.4463491525
0.8208839590
0.6763548804
1.0895992474
0.6536780905
0.9218609856
0.2447793556
1.1052848395
1.4668032118
0.6221349748
0.7380842956
1.3695045182
0.5173704352
0.7968895050
0.9485022464
1.1639937858
1.0753885922
1.4618035221
1.5728123305
1.3262875365
1.2530186508
1.4228155952
1.3174850368
1.4789208457
1.3561440282
1.4515951425
1.2686999548
1.2017281935
1.0459769639
0.9787449190
1.2651138570
1.2171417646
1.2776279119
1.4928198617
1.5093201250
1.5113666269
1.5313281673
1.5199894044
1.6804949545
1.7472850396
1.6852700043
1.5606636842
1.4718584727
1.4568244420
1.4536544276
1.4411375257
1.2267752993
1.4094994147
1.5172257070
1.3841565102
0.9272096329
1.0379949757
1.0348326060
0.9406521143
1.0472900602
0.8590131475
0.9009715278
0.9810119670
1.5446957659
1.6054777969
1.7333449354
1.8510348704
1.7028328312
1.6820467944
1.5084689668
1.4377201388
1.2599601796
1.1330758547
1.0935908660
1.2411917635
1.1005727237
0.9562348416
0.9799609739
0.9887309890
1.3008333519
1.5103524118
1.3614175779
1.4937768992
1.4555057710
1.6797519471
1.5043755277
1.5613565888
1.4266009639
1.4200075596
1.4348011108
1.1913708795
1.0244163546
0.8453094505
0.8779985330
0.8333273138
1.5087386523
1.4366744279
1.0150773110
0.8705112326
0.9541307481
0.7740253982
1.0073300207
1.0347523452
1.0403645236
1.8080048046
1.8072785419
1.8310402913
1.8290889760
1.8033141968
1.6355445699
1.5028375038
1.5046539462
1.5524131836
1.4190274506
1.4444185793
1.4309619582
1.3157317734
1.3973293096
1.4500033113
1.6075048375
1.5963208911
1.5024343326
1.4911920658
1.5228657395
1.1878848420
1.3856071885
1.6273461004
1.4222862674
1.4878264522
1.4465823061
1.3321108273
1.2135551529
0.9864260488
1.1907864035
1.0544179203
0.8838398340
0.8636442685
1.8926578201
1.8335479428
1.1558229492
1.3431489476
1.0793186917
1.4421497426
0.8274102229
1.0224823960
0.9769699961
0.9193900637
0.9007503049
1.0657476016
0.8479992118
0.6890559689
0.6347072361
0.6403592334
0.2275307177
0.7363642480
0.7355429759
0.7887945458
0.9810051108
0.7956567277
0.8993922681
1.2015675424
1.0671997253
0.8105426323
0.8216378178
0.8492744961
1.0931195952
0.9877214825
0.8357819180
0.6691163161
0.6596989876
0.9496340847
1.0902729866
1.0059037413
1.0652429734
0.8879553857
0.7682642439
1.0295635897
0.9210961440
0.8083766847
0.8382139662
1.0686432918
1.0352475641
1.3067714513
1.2831555700
0.8921596138
0.8048396341
0.8253464620
0.8260398341
0.9851139457
1.1611142572
1.3148146472
1.0525978796
1.4916846555
1.4160144276
1.5604488343
1.4761927054
1.6487368883
1.6071015597
1.8313240523
1.7112493259
1.6258184573
1.7827313100
1.7406003271
1.6064765277
1.7257525234
1.5507849207
1.5529350677
1.3863277404
1.2648751246
1.4031090234
1.4687148619
1.3449130863
1.2814458747
1.1999164150
1.2717293443
1.0333261306
1.0222324867
0.9821162562
1.0822320143
1.2695927390
1.4113697223
1.3814452369
1.5434457553
1.6031824492
1.2721236046
1.4811547095
1.6409188471
1.5289284846
1.7142737900
1.5600659827
1.5986289962
1.1264238107
1.1176418484
0.9602049948
0.8768253113
0.6190568078
0.4373280297
0.9972608064
0.6287450672
0.3752883720
0.7498698852
0.6272089557
0.5672768490
0.5854365064
0.8270609005
0.5989089963
0.6627380168
0.8739939108
0.8942498063
0.2342137398
0.2578580293
0.3577581154
0.4509657426
0.6303354614
0.8710639350
0.9687820221
0.7763798607
0.7128566073
0.9653041637
1.0849772592
0.6471728933
0.3012822695
0.3514391766
0.2830278266
0.3184344501
0.4063311677
0.3836617177
0.4244607545
0.3430902762
0.4469926708
0.5711058203
0.4241504847
0.4750682619
0.5301758960
0.7717917928
0.9240683346
0.9285960573
0.9058606123
0.9332619117
0.6842445300
0.8273842393
0.9719350536
0.5745483107
0.4530198140
0.4369948415
1.0054595235
0.8993832389
1.1191591694
0.9745926454
0.3882701399
0.7807776737
0.6569272045
0.8491467805
0.7858800878
0.7554380308
0.9482817665
0.7684005993
0.9103535867
0.9844319801
1.0657711768
1.2601567746
1.1100560374
1.2109775669
1.1392180487
1.3829391175
1.3617745524
1.5832180445
2.2171475893
1.4441133849
0.9670519213
1.4949693808
0.8171477162
1.1610235992
1.2913407025
1.9017920461
1.4292990088
1.4746390817
1.2043919808
1.9050567671
1.4855506559
0.9259916299
1.0965104201
1.0747746030
1.0059141123
1.0407240273
0.9082990311
0.9416387697
0.9114643981
0.8126141548
0.8553283864
0.7981451092
1.0265617324
0.8134418663
1.0771870610
1.0098822382
1.0955802973
1.1149708087
1.2566032216
1.2502610240
1.1795967259
1.2759207629
1.2629239812
1.3452162086
1.3284619728
1.2687037535
1.1769552739
1.3189324276
1.3135706744
1.1583559079
1.1585967621
1.1839234012
1.1842050264
1.0662435092
1.1717849707
1.0293966054
0.9711517576
1.0093922957
1.0294910764
0.8601085057
0.7883878615
0.7677226939
0.8929403992
0.9142217984
0.9351149766
0.8041199250
0.7682797430
0.8146140577
0.8438364985
0.8103863496
0.9201899590
1.0191779082
1.1084145667
1.0267887611
0.9048820529
0.8037226028
0.7362434033
0.9030412004
0.7793006931
0.8230854599
0.7662292990
0.7710983768
0.7849624524
0.7423199995
0.7216449484
0.7873874434
1.0385849698
1.0925384431
0.9873619548
0.8107829586
0.3626003959
0.2926759205
0.3536213221
0.4326962948
0.4521569258
0.4979616311
0.5767214578
0.4952022344
0.4740200452
0.4218978396
0.5927233150
0.7991636014
0.9475843700
0.8235913908
0.8075297570
0.9348076153
0.5915764285
1.0683988736
0.7011239343
0.6147593552
0.7315922678
1.1530771125
1.0281726577
1.0458873038
1.2955888732
1.2148222705
0.9121608995
1.3406722328
1.2414034800
1.2971564886
1.3985735726
1.2099943531
0.5826941738
0.7262808783
0.6495327657
1.0253145693
0.9722058974
0.9562811229
1.1380484795
1.2024427605
1.2557450908
1.0954227254
1.2582046357
1.2554993764
1.2150027682
1.3711844506
0.9739868459
0.9321480744
0.5608050278
0.7948569183
0.8308653493
0.8315839523
0.8641937510
1.0522537753
1.1405071482
1.1609445874
1.0997363409
0.9648627289
0.9473130364
0.8843262954
0.8643461651
0.9461888293
1.2217163205
1.1478794184
1.2024300316
1.3680060359
1.6457198407
1.3176264043
1.2237377352
1.2844786231
1.3431610786
1.2832201818
1.3665663322
1.4315168427
0.6213972082
0.6293171140
0.6521979481
0.6451998480
0.4372318846
0.3236791463
0.4387908337
0.5186110172
0.4776082059
0.4139921144
0.5943352331
0.5120138740
0.3419661969
0.3416703455
0.1892494412
0.4316132333
0.3087397223
0.3765479151
0.5864514500
0.4293081007
0.6642615169
0.4240466880
0.5532102556
0.9070110517
0.5210434629
0.8882848143
0.6445518022
0.5541596467
0.4877139958
0.3041992310
0.5038354403
0.5837826780
0.6621312877
0.8654006604
0.6108908970
0.7022785786
0.8130963342
0.9479164430
0.8383244839
0.9663140334
1.0746547188
1.1558754675
1.0359184451
1.0961111913
1.0780027726
1.2953030383
1.4117219033
1.3563186697
1.3624052121
1.2941061897
1.4779166812
1.4079438171
1.5704044003
1.2429611781
1.7253678596
1.5486198176
1.6265564781
1.3738890093
1.2310247871
1.2116299239
1.2290868129
1.2693637576
1.0914372825
1.1157362156
1.0236473098
0.8731003772
0.8247869200
0.7486755523
0.7675347209
0.8083640037
0.6843371652
0.6565043588
0.6228980855
0.5694939558
0.5138290964
0.7609008577
0.7833900340
0.4349912139
0.5311228909
0.4901280361
0.4975517884
0.4839980103
0.3371521840
0.4149234399
0.2594246406
0.4329227811
0.3988637328
0.3774538101
0.2202574933
0.3066371949
0.3830017087
0.5352734188
0.6176370265
0.5942140505
0.6260027911
0.6295454271
0.7309608545
0.7235365590
0.6911695933
0.4611354002
0.4486206651
0.3213003089
0.5182247898
0.5067071245
0.5394824469
0.4144018493
0.3823945138
0.3232811827
0.3518237032
0.5141893343
0.2995901577
0.2108674553
0.2189908189
0.2602457997
0.1503713731
0.1773903006
0.4210363049
0.3368654044
0.3963471902
0.3096719845
0.5168419091
0.5674647647
0.5742693950
0.6156102901
0.4679108336
0.4222694328
0.2454931476
0.6245595961
0.5379163226
0.4972522722
0.5181782216
0.4930882794
0.4583485775
0.6560476264
0.6939193865
0.6647362409
0.7349989508
0.6904966994
0.5628038526
0.5469766595
0.5411783566
0.3861888297
0.4904854042
0.5607837017
0.5862420923
0.7838642777
0.6337346820
0.5190703334
0.5766784609
0.6974277391
0.8038879044
1.0081229742
0.9647238256
0.7418633419
0.9834743533
0.4619196331
0.7066386573
0.4634144696
0.1860834088
0.2722524910
0.2881577328
0.1397828534
1.2383890384
0.5395854289
0.3453559884
0.2546629915
0.3542988636
1.6049650074
0.4912137204
0.4525246253
0.6719782822
0.5886770114
0.5704208320
0.7631190520
0.4058554319
0.4464186814
0.4782116683
0.5885136107
0.3934174704
0.1650384794
0.3705073930
0.4509731712
1.2042754448
1.5241627697
1.4273375395
0.6637902134
0.7748559040
0.6486547158
0.9445265641
1.3784056263
1.0097347075
0.4571895164
0.8090422070
0.9587936568
0.8014916917
0.6492589324
0.7125746430
0.9942026949
1.0866205384
0.8055463441
0.5941944255
0.9160246358
0.8835048245
1.0090932774
1.0409428766
0.9193034064
0.9276055025
0.9217613584
0.8542385974
0.8121123569
0.6860649941
0.5830096454
0.7538128158
0.6764092611
0.6626931311
0.6309259774
0.5984205209
0.4762825937
0.4513670276
0.4447898370
0.4848597669
0.3656470672
0.3325962851
0.2089289485
0.3058866393
0.3128556827
0.3855526880
0.2982667194
0.2606884087
0.3015277807
0.3281025689
0.3143775288
0.3336294753
0.4089263690
0.5611514874
0.5037473098
0.3850966231
0.3952671683
0.4621983081
0.5109439901
0.7088443801
0.6127662211
0.4335129321
0.2282518101
0.9969893401
0.3538477583
0.7149126463
0.7566228460
0.8335863982
0.7337619195
0.6735813665
0.6475138865
0.5932293953
0.6087702404
0.5214367583
0.4399138900
0.5931459218
0.4651732767
0.4251157384
0.3960842440
0.4825371224
0.3049172200
0.3962344341
0.3983057502
0.2993788948
0.3528855691
0.2444650313
0.4457537576
0.3860142092
0.4679352576
0.5941679072
0.6259280924
0.7841730583
0.7420966205
0.6990702584
0.7330828036
0.9457418842
0.7805688605
1.1731864649
1.1776251775
1.1397502235
1.0471625059
1.0223007183
0.9285675260
0.9076053232
1.1587661546
1.0558904531
1.0560378358
1.2051922891
1.1751363916
1.1698861804
1.0514612619
0.9792820948
0.9785281552
0.9653977188
0.8930520927
1.0753373737
1.2551292853
1.1289888954
0.9585343636
0.7442004963
0.4100034833
0.2911292225
0.4276794802
0.4499482060
0.8781266305
1.0683652611
0.8303517130
0.5897653269
0.5607139663
0.8389153926
0.7986019310
0.8873438945
0.6001386591
0.4742565975
0.7623756845
0.9249539897
1.2035208304
1.1303749410
0.4120585851
0.6551695525
0.4241612748
0.6302936683
0.6884618508
0.4717671245
0.4624783913
0.5321135903
0.5081200520
0.4016050570
0.4174462608
0.2417983781
0.2013855460
0.5170995261
0.5133186414
0.6840549049
0.8459379189
1.2017955237
1.6108678952
1.6678724260
0.9219184704
1.0211733706
0.6821302897
0.5795842370
0.4476185677
0.7248153967
0.6270061260
0.6407772714
0.6817061286
0.5284226171
0.4679914100
0.2734544206
1.2907464237
0.6327152832
0.5959966636
0.5409158278
0.5935184537
0.7229920443
0.9732631828
0.6422038514
0.6473133076
0.7264986577
0.7608327363
0.5291683232
1.2566982812
0.2042250352
0.2491978475
0.4418927613
0.3688180284
0.4868568596
0.6412901470
0.6584010714
0.4273612597
0.4798315611
0.6299784119
0.3776943889
1.5419476952
0.3459395275
0.2234651227
0.6997733067
0.4875312712
0.3524925438
0.3578619002
0.3258983471
0.4183066735
0.2624174840
0.2631022071
0.5782201501
0.3892240450
0.9002072518
1.0684618432
1.2077350705
1.1555171489
0.7980422546
0.7565283394
0.7980966755
0.7419765557
1.0903260109
1.1078893624
0.6730246055
0.1656959107
0.4275864792
0.3231500220
0.2196511658
0.1335373325
0.3765006724
0.3877388009
0.5972623091
0.5557899353
0.5942827539
0.4547099473
0.8188702955
0.4335478798
0.5509872181
0.8119897693
0.6341003952
1.0904776392
0.8205463877
0.6714520543
0.8150024502
0.4385008738
0.6769714920
0.6628519126
0.7595606305
0.8857387030
0.8144770029
0.7032526174
0.7917176057
0.7706041847
0.6020395658
0.9398405887
0.9701740601
0.9108793846
0.8876262863
0.7071528992
0.7149614982
0.6715519857
0.6880894805
0.6449595683
0.6559254936
0.6334937205
0.5327936341
0.6017273869
0.6614934272
0.5227678391
0.6794502395
0.6862774703
0.6712847505
0.5674757682
0.6712495993
0.6873139414
0.8479313468
0.8743984590
0.9112485820
0.7488016869
0.7272298182
0.7074039486
0.7557112569
0.7736667244
0.8295798149
0.7982411319
0.7557556811
0.7927376418
1.1451012988
1.2620321829
0.5903704706
1.3005007232
0.8756808883
1.0637193995
1.1154143059
1.0223619815
1.1468197359
1.6693372002
1.5351195450
1.4494597972
1.4051944412
1.3229603892
1.5130856677
1.4468775188
1.3037394839
1.4022882057
1.3616953842
1.3175353131
1.1400196004
1.2208644848
1.2413835133
1.2308873362
1.2367052454
1.1523466191
1.0945233494
0.9073533873
0.9527865296
0.8770821974
0.8390779754
0.8594949049
0.7954588581
0.6377673502
0.6110302520
0.4415669490
0.6512049552
0.6109368113
0.7534765686
0.8651461492
0.8910895314
1.0181820686
1.0533697751
1.1146056872
1.2797844695
1.2205274533
1.2986852539
1.3325072175
1.3104569568
1.4234334548
1.3136520930
1.0985022796
1.2122317064
1.1332345474
1.2865909902
1.3073796506
1.1910972061
1.1944183027
0.9984902472
1.0833740832
1.1164143150
1.1173100049
1.1378843025
1.2149001270
1.2191035913
1.2139371614
1.1446870794
1.1341805469
1.3336633725
1.4298535621
1.3178415255
1.3461589788
1.4102390452
1.4856326053
1.4420539884
1.4698840769
1.5741757881
1.6318298117
1.6176488508
1.6659019284
1.6431782971
1.6041264604
1.6054349303
1.5438260553
1.5740641196
1.5353527201
1.4426537100
1.4904948279
1.4897338050
1.6358473936
1.5924478163
1.5445107070
1.7442280657
1.7983889032
1.8531530549
1.8339292445
1.9678925520
2.0451991030
1.9050575906
1.7841337048
1.8562986028
1.6618837999
1.4821361867
1.3232888608
1.1495930697
1.1948357138
1.2870202039
1.3861968296
1.2582533029
1.3241062729
1.5108015135
1.3758134143
1.3123285584
1.2633719780
1.5127909263
1.4272921221
1.3047488064
1.9639077986
1.7681044474
1.7903845540
1.3002778510
1.7046244608
1.4269359826
1.6828455351
1.5693606843
1.7115058193
1.8063875415
1.7716849014
1.5851123481
1.6072370794
1.6311881868
1.6501182406
1.5385770724
1.6729319020
1.4376681809
1.5176791215
1.3906636977
1.6838994974
1.3559664934
1.2429825649
1.3308589758
1.4344538119
1.4984226355
1.1293238795
0.9946166753
0.8588145728
0.6325818568
0.8894195496
0.9395164048
1.0059143401
1.0311011164
0.7861617810
1.0430907151
0.9872160564
0.9121389175
1.3020355552
0.9967650026
1.2404261780
1.0563461802
1.2720526819
1.9149665015
0.9547686055
0.8951253655
0.6424830222
0.6404430555
0.6366590207
0.8434329139
0.9577495424
1.0266573764
0.9910113783
0.8570429478
0.9365537515
1.3413095734
0.8951560871
0.5755804612
0.6750989003
0.6384703892
0.9683787527
0.7418795918
0.9228299512
0.7022770280
0.9808681390
0.6222077147
0.6402944343
0.6279893098
0.2598460063
0.5783052872
1.1135981338
0.4547135021
0.5032895771
0.5502091254
0.5849362930
0.5296393389
0.3748451461
0.8195926850
0.0793291532
0.3986265797
0.5738753755
0.4684483431
0.5184079853
0.4342929610
0.2728488114
0.5178247558
0.4927452576
0.5250293496
0.6089604233
0.5675598380
0.3820780032
0.3382914696
0.3633717370
0.4757619449
0.3934243876
0.6084959421
0.5661481511
0.7836076901
0.6060432972
0.6015161423
0.5455470308
0.4715170766
0.3661202158
0.4891503229
0.2236502095
0.3900254377
0.1959240654
0.2976316769
0.2362150897
0.2326489124
0.1799896105
0.0615421364
0.3433020591
0.1815059383
0.1098221228
0.1847537356
0.1587176676
0.1805072602
0.1636112704
0.2200946977
0.1900306151
0.2392203669
0.2889588421
0.2293501113
0.2304044817
0.2804960016
0.2131567579
0.1697189177
0.1905044051
0.2306702760
0.3009444323
0.2114334996
0.2027502356
0.1297976067
