1.683530740486542943e+00
1.678892867845970693e+00
1.678041427135677610e+00
1.674717293123482165e+00
1.653925962921166004e+00
1.649784649343267962e+00
1.647514785063961540e+00
1.653692924359446481e+00
1.653207720364019639e+00
1.654628236499000371e+00
1.666285809382736183e+00
1.677237128484821538e+00
1.677464079068712755e+00
1.680830698394717881e+00
1.673910360089577276e+00
1.669533646526400572e+00
1.671606045761400816e+00
1.661636061930947150e+00
1.662801046378367120e+00
1.663060208998941469e+00
1.664997556940956747e+00
1.666382793068273749e+00
1.667988636870170405e+00
1.661299097980439399e+00
1.674539200930949656e+00
1.665974385011749881e+00
1.678623682979457410e+00
1.673088341840930360e+00
1.675195076029676766e+00
1.686758383540412076e+00
1.682224671069386224e+00
1.734327607676316330e+00
1.737256340404592647e+00
1.739117646170672993e+00
1.715893929546616015e+00
1.763365589015194246e+00
1.766523708670733495e+00
1.719147496968091327e+00
1.738864687198233616e+00
1.743985920780638299e+00
1.747122804337652990e+00
1.754748113058955283e+00
1.718262028398823471e+00
1.703618722503073002e+00
1.598092624387942529e+00
1.638280152365583886e+00
1.652386182550733107e+00
1.639777354028282730e+00
1.766763413056391618e+00
1.719115352705172128e+00
1.700374283043823764e+00
1.702925390214850676e+00
1.708271060912216921e+00
1.713707333308387204e+00
1.710441060308130368e+00
1.677102629792849742e+00
1.676188001333956956e+00
1.664867634151137477e+00
1.661475648377585879e+00
1.692659756107476543e+00
1.691291820791053224e+00
1.686587367988464203e+00
1.682065858645608314e+00
1.681577312886453957e+00
1.654385208367096904e+00
1.660404982559366971e+00
1.705468771066021461e+00
1.713116834894299556e+00
1.715399693748514753e+00
1.715539968918410763e+00
1.679406894828897157e+00
1.642532221953205029e+00
1.618033093102678732e+00
1.628963102008274211e+00
1.641099178609721543e+00
1.654493988113750369e+00
1.646589890149219970e+00
1.602966088308758197e+00
1.599377864904682367e+00
1.601189156912547817e+00
1.544863652141932997e+00
1.545451341930856426e+00
1.542904938320216690e+00
1.677854096198440281e+00
1.636503411473668734e+00
1.633826903320049206e+00
1.634576411932590734e+00
1.633480255308284779e+00
1.633432778413435704e+00
1.633274252935234871e+00
1.620665132526298624e+00
1.801721409780004945e+00
1.806361219690694186e+00
1.812824002516146393e+00
1.821824007445412397e+00
1.824894333939304891e+00
1.825010755475769519e+00
1.788795415695691338e+00
1.787325768727509256e+00
1.787112800624118814e+00
1.784472456707969501e+00
1.781841530770660320e+00
1.650810493623681152e+00
1.592707657072018224e+00
1.647957290258610152e+00
1.542245415407069942e+00
1.568324719532266931e+00
1.971538209540074416e+00
1.979183512054769389e+00
1.990888910771971609e+00
2.006306914239474715e+00
2.014459024012314803e+00
2.066612763649336770e+00
2.107290163117839565e+00
2.084843764731459714e+00
2.002283972574266713e+00
1.987139141358674532e+00
1.927703482838887261e+00
1.906079758221760567e+00
1.981853630092861751e+00
1.962047247283501772e+00
1.806773201272016571e+00
1.777229930177607331e+00
1.647253982087073965e+00
1.678259476774879078e+00
1.686035482154315313e+00
1.712051825194505161e+00
1.788226094199482974e+00
1.854915903471042071e+00
1.920639200724043594e+00
1.850433044585611642e+00
1.845548534623259185e+00
1.820787560650369397e+00
1.806369499351083263e+00
1.797855263556853433e+00
1.777125135429461933e+00
1.758728583982906546e+00
1.745705068082015865e+00
1.571988424196508527e+00
1.584241517728418369e+00
1.581353724735745425e+00
1.590991261240495280e+00
1.606249489730204871e+00
1.585590846890227112e+00
1.630457839515260687e+00
1.621995793266190145e+00
1.613636735374332165e+00
1.542273572003797000e+00
1.526334005975666486e+00
1.499593759979629848e+00
1.501783786289794254e+00
1.481327717368982277e+00
1.518504964318734718e+00
1.530633790043203435e+00
1.555918172085144713e+00
1.578994239820322054e+00
1.580386906447070139e+00
1.577337966452789786e+00
1.590644844132257374e+00
1.588910980745710910e+00
1.580297760246663685e+00
1.583488167776963218e+00
1.531374899997288264e+00
1.531383444365598923e+00
1.521769903071288121e+00
1.526989032902775989e+00
1.525259921530940810e+00
1.512188307036280044e+00
1.505344870427789417e+00
1.486194127424050437e+00
1.478313986966816707e+00
1.468705721062179892e+00
1.494093291705904658e+00
1.490818311420970099e+00
1.498831137827782323e+00
1.498578504023953206e+00
1.468144019733498284e+00
1.434829718787767661e+00
1.445429588626496953e+00
1.506071542308039080e+00
1.538067586266000486e+00
1.566616190542613252e+00
1.548611699977926026e+00
1.555442682605792992e+00
1.533477853336223884e+00
1.624515794285678272e+00
1.615945715665659588e+00
1.677107290141726548e+00
1.766914257868279936e+00
1.793899105511158831e+00
1.797587510886039075e+00
1.768513909660340166e+00
1.847272934149966517e+00
1.930176207653622189e+00
1.962379337686417369e+00
2.045882507591495258e+00
2.092729968039236166e+00
2.140369406163440402e+00
2.170101447741362932e+00
2.212020193953859959e+00
2.282590190692014520e+00
2.318113662457996771e+00
2.279718945583784961e+00
2.262129469838156215e+00
2.193463594457633281e+00
2.210911551558798482e+00
2.170600743684859335e+00
2.176928406905193292e+00
2.125116496934464472e+00
2.211923099553734673e+00
2.211087841390659836e+00
2.182069796160191810e+00
2.146689340945651114e+00
2.134739333792913918e+00
2.114340940028947013e+00
2.088081219957155010e+00
2.063179908009549202e+00
2.040562165319213861e+00
2.018893919254037606e+00
1.980891568829790117e+00
1.875582701425600574e+00
1.818158798736915882e+00
1.768824931566469916e+00
1.735736413010912749e+00
1.713461929485734281e+00
1.712799972853298769e+00
1.646935774193776458e+00
1.628829320392637614e+00
1.662987238657218425e+00
1.752877859836408314e+00
1.844063428084512957e+00
1.876608816380110456e+00
1.923920637664370936e+00
1.956680410678991011e+00
1.952764569826503704e+00
1.980972014216364707e+00
1.944418003357504254e+00
1.944687867046790641e+00
1.929298811090103483e+00
1.873571684976758522e+00
1.861316018384357340e+00
1.859712676714923907e+00
1.859578096322913598e+00
1.848320945343097099e+00
1.867271353401959599e+00
1.840410668325421772e+00
1.816483858539290397e+00
1.765571927063314561e+00
1.762017220031244946e+00
1.817745030780981264e+00
1.799731010267604514e+00
1.785638164798632355e+00
1.782192785802560353e+00
1.782771230434888832e+00
1.782990545278388073e+00
1.817885734051989610e+00
1.843289214938730103e+00
1.860868937753266561e+00
1.858770398829942661e+00
1.898592136920809859e+00
1.877887691953684879e+00
1.856745827633230483e+00
1.863869078652088396e+00
1.855177934583957633e+00
1.841726678591345090e+00
1.816263602123855403e+00
1.814788093153192561e+00
1.825302373782355270e+00
1.799390990503963783e+00
1.784917416599316686e+00
1.784816218707051316e+00
1.783406613261549589e+00
1.826309979126050864e+00
1.832351914369098278e+00
1.769692507804182746e+00
1.788160236278460102e+00
1.817018398368926313e+00
1.832702675034202811e+00
1.814142302260426165e+00
1.894539968863083956e+00
1.906390455386209215e+00
1.823977070251306731e+00
1.800820838875295760e+00
1.762259192316874667e+00
1.747810230662347752e+00
1.775779008287114547e+00
1.780376695360073924e+00
1.736164994122354033e+00
1.718061577041734456e+00
1.703157805407908176e+00
1.652534899264932688e+00
1.702748623838429065e+00
1.729989512624283465e+00
1.740343322340223819e+00
1.755816910608985149e+00
1.762831954660390332e+00
1.761219401985178790e+00
1.795801818205992939e+00
1.795915826321702990e+00
1.801542992881485894e+00
1.788159869823671810e+00
1.801425393762720040e+00
1.815642222127790806e+00
1.811201099866522446e+00
1.809367549277790088e+00
1.853493563713873193e+00
1.882047157717354091e+00
1.865704003928952748e+00
1.875420290977343418e+00
1.884230281922901540e+00
1.872876287443571819e+00
1.833670169987290821e+00
1.837303735506317537e+00
1.865867629839278452e+00
1.876098280284598241e+00
1.864900491987792730e+00
1.840121651881304832e+00
1.801065808303887072e+00
1.792391875507074017e+00
1.788000824797247201e+00
1.788446678330213535e+00
1.813512174471170413e+00
1.798922156368193415e+00
1.781779522253643444e+00
1.774855119495633238e+00
1.763250409719884892e+00
1.750303606484544527e+00
1.755508776728217146e+00
1.740127843669100560e+00
1.735404805015450469e+00
1.720430478468609525e+00
1.729388438261910688e+00
1.709885367682926649e+00
1.706436292483186623e+00
1.696401435981357730e+00
1.699224885942022034e+00
1.689015060179671623e+00
1.669483945056565499e+00
1.653441297549775202e+00
1.623846893779633316e+00
1.606406225478742789e+00
1.595781531190357372e+00
1.568028491587392548e+00
1.614557855680303966e+00
1.548526482387197589e+00
1.530051284404621459e+00
1.485868852656646366e+00
1.471373231155065131e+00
1.475547939132664244e+00
1.457462706270983288e+00
1.437340786166852791e+00
1.426350813010379470e+00
1.436274781071052997e+00
1.439743059085947685e+00
1.423401725458544931e+00
1.396239800678284793e+00
1.383702245606001080e+00
1.365450194599830969e+00
1.339821446164762841e+00
1.319728468045199277e+00
1.322883526595247883e+00
1.325055470478272213e+00
1.297328036971330256e+00
1.296074567883193973e+00
1.271412866393558883e+00
1.278637466572116299e+00
1.229403071782518619e+00
1.224405740647945162e+00
1.245120364738696139e+00
1.236282709553561343e+00
1.222187979263230195e+00
1.206266876646446162e+00
1.223440056541124310e+00
1.167553490506848091e+00
1.139556628427986107e+00
1.138480088238034815e+00
1.110949104253581510e+00
1.092952838026891804e+00
1.074912408252367113e+00
1.101506590820367837e+00
1.086646627451985703e+00
1.082249240969878290e+00
1.073300767003622758e+00
1.030034906332131239e+00
1.044407414801083789e+00
9.982779145062121717e-01
1.043450263346411777e+00
1.057895842624846150e+00
1.064071940445390663e+00
1.067158840965619415e+00
1.109482533403398419e+00
1.110114555036680883e+00
1.109055476903388682e+00
1.119666431143439222e+00
1.073163407410524073e+00
1.058816957344943743e+00
1.087242366190762644e+00
1.076254027629662380e+00
1.068167530454157799e+00
1.071854485307480953e+00
1.048514701100241142e+00
1.047065273010246322e+00
1.045429799061611709e+00
1.033646306818049032e+00
1.020845070462313986e+00
1.004029568285090601e+00
9.892863444440427312e-01
1.004737920245724281e+00
1.030864227992539295e+00
1.052411761898819131e+00
1.025327450984414135e+00
9.997797524092771893e-01
9.938239966658719560e-01
9.644194341902061485e-01
9.505483592332878429e-01
9.408545927008966636e-01
9.266784015914408812e-01
9.164327252794671752e-01
8.936232802976099565e-01
8.708098441756252361e-01
8.665247907557954710e-01
8.222825683064621805e-01
8.552467084572511480e-01
8.528675645018385376e-01
8.211700732730183860e-01
8.474052488301510033e-01
8.240752739975458763e-01
8.156318271295099898e-01
8.195494251137880326e-01
8.530033237715650696e-01
8.700293040438673575e-01
8.651004933979373757e-01
8.712054051032421809e-01
8.570605198773564304e-01
8.238377896971015302e-01
8.155055385488204633e-01
8.307693580750318274e-01
8.352971601999451545e-01
8.879177590827849187e-01
8.619312313101443745e-01
8.282986936447358506e-01
8.285902845881064627e-01
8.182389396941773807e-01
7.877925252390133304e-01
7.693597547299133588e-01
7.825565102787070959e-01
8.316890765534763474e-01
8.393124727998059198e-01
8.384324436247941881e-01
8.299585386825081290e-01
8.145192914954140218e-01
7.693168496927428324e-01
7.566974865227181768e-01
7.383786021357935381e-01
7.137462570445174403e-01
6.875822426946952559e-01
6.708542598182617445e-01
6.449132244912449963e-01
6.439386415484571469e-01
6.370331022137247778e-01
6.270468869137908463e-01
6.280541690548576694e-01
6.179702525364515475e-01
6.145151234803116758e-01
6.082025600365011941e-01
6.036239999347142726e-01
6.153752532934182451e-01
6.146655572502046638e-01
6.105865728455218688e-01
6.058730567057649674e-01
6.015994076657499301e-01
6.294828250408220915e-01
5.970081315993850390e-01
5.780266671800550204e-01
5.287936992548772919e-01
5.123445554078358555e-01
4.958351924496267604e-01
4.772722750003461356e-01
4.714165780413061002e-01
4.715080677696478761e-01
4.471593984646912712e-01
4.438805373642938368e-01
4.459228915067451893e-01
4.269903184120671935e-01
4.368127522077257519e-01
4.286154251090357747e-01
3.759786304106109145e-01
3.993451580718503369e-01
3.721715280907037515e-01
3.506723885376188399e-01
3.350129815714823489e-01
3.247237087698430780e-01
3.221313140516476881e-01
3.063327319794026948e-01
3.189713201984559210e-01
2.926480942348728131e-01
2.771236028504089344e-01
2.801971315438037680e-01
2.720335797149641133e-01
2.672713379501293618e-01
2.640440799587498999e-01
2.514378538759105552e-01
2.495495667600432232e-01
2.451201477988392829e-01
2.491949413970409866e-01
2.430984531086564926e-01
2.377381830725247835e-01
2.357618159418735926e-01
2.391652275615150369e-01
2.506838260537736507e-01
2.250520376282042212e-01
2.278480549852336945e-01
2.358020900813043164e-01
2.325312824172175163e-01
2.317012702520807876e-01
2.261495096264716231e-01
2.341646023363143925e-01
2.282752444126011082e-01
2.385678697842746332e-01
2.521826250656252211e-01
2.679233112957975504e-01
2.801077210475779178e-01
2.910291380461009769e-01
2.712246193420966844e-01
2.715797357822130609e-01
2.767800317970112722e-01
2.827098300824825716e-01
2.957407842970721235e-01
3.225938934739938646e-01
3.374544349293577827e-01
3.322827522546505374e-01
3.434511638792595023e-01
3.087691674571356737e-01
3.063115634396652021e-01
3.198343736514857039e-01
3.470429165847672692e-01
3.447536297668754579e-01
3.407529673158409822e-01
3.365107208377686732e-01
3.509062792677209441e-01
3.908886569708633907e-01
3.952800879183671623e-01
4.017975057225176005e-01
4.119208705683709559e-01
4.313660059186630868e-01
4.403498338563441306e-01
4.354204103588054653e-01
4.357410618335222363e-01
4.426727470428790667e-01
4.828417984384782424e-01
4.833566025844159841e-01
4.864588639957058147e-01
5.038543734335791946e-01
5.145101046236927322e-01
5.115114554401238856e-01
5.034864563006342664e-01
4.999640952240426706e-01
4.966876831960252425e-01
5.209085008333137479e-01
5.336162991658309762e-01
5.423827610674043509e-01
5.543534736003692398e-01
5.501616029740407088e-01
5.674755744928260404e-01
5.838972155143199450e-01
5.691279651400877881e-01
5.478405785745656953e-01
5.371217632556476440e-01
5.285592576033576462e-01
5.154673271256778877e-01
5.172157619849983012e-01
5.073569692057766645e-01
5.143778282698778792e-01
5.172259924160677036e-01
4.984686198304815186e-01
5.046090322609834145e-01
5.096056127491983556e-01
5.039644677916426119e-01
5.137633425794206898e-01
5.223813811771724769e-01
5.167986405138075279e-01
5.310209881557452771e-01
5.242018287013193723e-01
5.287221264501077433e-01
5.230717407342121428e-01
5.250739379536756291e-01
5.257753932677480257e-01
5.302998053749624630e-01
5.278978955893171010e-01
5.403073895146414118e-01
5.364600155034878748e-01
5.598513264893084651e-01
6.483080352840141503e-01
6.585564892327514519e-01
6.627801594413642583e-01
6.627761865300935140e-01
6.620442532874717401e-01
6.621558308680828286e-01
6.592088151888901848e-01
6.554257665810996336e-01
6.668182193418208392e-01
6.759844476587315576e-01
5.942898512900166574e-01
5.736511913450460520e-01
5.875159807781535903e-01
5.932552882038979458e-01
6.016082195557698187e-01
6.135500618876346124e-01
6.354403729947188939e-01
6.377054537399232670e-01
6.619361911222739758e-01
6.621152975351231040e-01
6.601597093107279823e-01
6.781053610869620663e-01
6.705762852160039866e-01
6.583565548367519282e-01
6.380468443149202029e-01
6.533375762468744963e-01
6.575349717474621158e-01
6.643743568348496886e-01
6.693533923599130908e-01
6.747941261721935868e-01
6.761440642416992608e-01
6.691499514354125600e-01
6.808825379157872337e-01
6.765699794227710839e-01
6.593506636279942157e-01
6.550908240738633204e-01
6.451243583680097426e-01
6.272819366084055881e-01
6.525519588999822984e-01
6.531102852505135115e-01
6.612633982817026634e-01
7.081392033773175054e-01
7.074327252777615760e-01
7.285895836352108690e-01
7.306134909058321636e-01
7.265539747326832387e-01
7.248473119421953159e-01
7.272429630212787766e-01
7.396099636549043899e-01
7.471910467695856983e-01
7.525599637207031067e-01
7.111434613341458544e-01
7.229095803897414019e-01
6.967100999751163481e-01
6.842533641259198607e-01
6.881352061766613515e-01
6.796837358698099019e-01
6.723570427404423899e-01
6.782145404460001581e-01
6.897837109044964166e-01
6.694573580548143221e-01
6.888104080753172376e-01
6.802512424500735122e-01
6.764802279328356871e-01
6.774092816941138517e-01
6.755728844052039106e-01
6.717354383482027069e-01
6.802671011452025018e-01
6.849646723997960818e-01
7.022203054919577969e-01
7.054954154088164398e-01
7.104559823549777553e-01
7.264278136398515384e-01
7.478786692120321655e-01
7.669889962014655449e-01
7.695273440244474461e-01
7.802700607440975489e-01
7.688926159134983340e-01
7.785698306911239541e-01
7.823148397743184823e-01
8.003238291808671967e-01
8.145130666410498321e-01
8.231202238978487795e-01
8.553986139670319844e-01
8.627969239628746623e-01
8.614706417401616356e-01
8.694594512225402028e-01
8.782953663221139129e-01
8.943603845851164635e-01
8.955165843331394093e-01
8.986779419817705339e-01
8.993951518881678764e-01
9.010275472601299018e-01
8.895525695395823940e-01
8.986932525533453120e-01
9.082784913338928234e-01
9.048484788969404224e-01
9.161676747376151786e-01
9.365148264306684123e-01
9.436589530343201249e-01
9.605287629385310666e-01
9.661416418252523064e-01
9.924981521098255044e-01
1.008298084664562611e+00
1.009341878804480341e+00
1.014973342661162237e+00
1.060003367075823544e+00
1.066684247288889997e+00
1.055073822532215599e+00
1.068509992310638701e+00
1.074525335521784974e+00
1.080217351134600268e+00
1.088744504759667553e+00
1.098927866071344406e+00
1.111577888631708921e+00
1.114372797203248222e+00
1.131707480023242063e+00
1.127499710127827459e+00
1.129757724779494543e+00
1.123772009881808032e+00
1.121074766863787930e+00
1.133550552532952560e+00
1.140728525962736661e+00
1.139896176408339956e+00
1.140647540935082249e+00
1.134463649527746254e+00
1.150917717692423903e+00
1.159531768268219576e+00
1.156660887545264860e+00
1.169117690762793371e+00
1.167389474790467840e+00
1.165361516820528687e+00
1.131978856647313014e+00
1.135195210110975461e+00
1.124235031391501050e+00
1.118954242196288140e+00
1.117026487735882423e+00
1.118547246638102122e+00
1.127218785284274771e+00
1.126379934344906797e+00
1.135014739348025214e+00
1.126310926800102807e+00
1.132349176618598241e+00
1.150430720541284701e+00
1.146763615828176430e+00
1.151650722559186990e+00
1.177074122221809294e+00
1.176660091769615946e+00
1.166295248378041771e+00
1.163634514760507832e+00
1.163782248469317882e+00
1.153411017945860317e+00
1.153053012285852219e+00
1.167024809627569937e+00
1.185733414341007874e+00
1.192769409360328270e+00
1.199459901933557449e+00
1.212949943606502545e+00
1.213854885860557342e+00
1.234615679751518202e+00
1.216907807522381368e+00
1.218729811079533709e+00
1.197375104540338242e+00
1.189283687766869990e+00
1.181137540609820347e+00
1.147484300865962092e+00
1.140691085715983322e+00
1.117375793835021280e+00
1.099530517809367280e+00
1.085129895351003793e+00
1.050763114991247971e+00
1.039759912685682908e+00
1.028034785045110588e+00
1.005049629503621977e+00
9.727207684382520592e-01
9.723136487521556459e-01
9.438218848501954694e-01
9.068045652500908993e-01
8.815173183853221017e-01
8.678332837104381081e-01
7.866330096354180457e-01
7.606114692774521568e-01
7.399262071451309097e-01
7.127948812023436886e-01
6.952958975751570847e-01
6.147339191339232789e-01
5.989418510949904295e-01
6.163273527828039278e-01
5.815439012909655592e-01
5.744371128845073837e-01
5.639416757745306930e-01
5.620678312277187505e-01
5.541555022608264380e-01
5.439632300731940262e-01
5.354657780231573128e-01
5.189127130310148273e-01
5.066655268019090164e-01
4.888092443795320485e-01
4.692869954757362128e-01
4.891051825892006599e-01
4.990881297023800900e-01
5.657319015422338504e-01
5.603374073267713973e-01
5.749748922322914790e-01
5.380956171231591201e-01
5.707408259931119332e-01
5.565881392703070363e-01
5.419728968705928018e-01
5.433395890562069397e-01
5.087504611371720387e-01
5.142901879783605690e-01
5.549057025555435008e-01
5.895483854271529323e-01
5.949687437761418396e-01
5.706034349899085090e-01
5.645918462301393603e-01
5.515625717728005473e-01
5.516642233868319645e-01
5.953575986845518475e-01
5.960825489890899664e-01
5.928649357664524944e-01
5.568780827329158356e-01
6.326725621537686584e-01
6.483741839181755839e-01
6.512507094229372795e-01
6.594282611849295872e-01
7.794895472783477386e-01
7.836367420553275176e-01
7.662801124474698522e-01
7.622957851438681987e-01
7.500880791276230974e-01
7.371016317651825078e-01
7.355599311233926851e-01
7.206139376855312806e-01
6.817893499733016505e-01
7.035581135822470689e-01
7.108971660843911300e-01
7.193681923391870292e-01
7.151655563672716376e-01
7.102968019970173907e-01
7.130721787973743897e-01
7.275604256331167363e-01
7.178696148879039063e-01
7.323113167215936636e-01
6.900457299972933001e-01
7.009587031256618861e-01
7.001846416407517815e-01
7.023412338869432503e-01
7.146536298995872505e-01
7.454075737918089972e-01
7.589685452930514664e-01
7.707345808832793965e-01
7.733355608418682747e-01
7.872646788900399262e-01
8.013321655700622603e-01
7.821221851966354555e-01
7.832922471065890679e-01
7.925998334143069535e-01
7.911493223554175724e-01
7.973384378740792089e-01
8.318326574285874742e-01
8.376523024630371239e-01
8.338041280915816644e-01
8.612629320942899458e-01
8.543279588362174826e-01
8.745045305792061852e-01
8.826692624824855615e-01
8.912824909974027543e-01
9.167360657518567324e-01
9.087939077523619069e-01
8.984899532162634594e-01
9.478183113997782350e-01
9.322241440925886913e-01
9.592545614136003262e-01
9.212333341676193221e-01
8.979044650240579628e-01
8.386610640838749742e-01
8.046477334143676829e-01
8.143970889122376100e-01
8.236416430480146822e-01
8.435420444794046180e-01
8.633056526457145718e-01
8.936122244086114330e-01
9.098657395807402404e-01
9.121609132673781373e-01
9.477153807373553951e-01
9.720322489199403337e-01
1.003873750993827585e+00
1.032816806366218421e+00
1.067623330899032830e+00
1.080911895030440828e+00
1.091576490235870001e+00
1.106946860732537452e+00
1.111649349638087925e+00
1.114870667846454833e+00
1.124796778749653114e+00
1.135106179493045486e+00
1.145586524951320184e+00
1.151531173090424964e+00
1.155659636850512317e+00
1.158978708065996566e+00
1.141728265796774000e+00
1.146855719646207916e+00
1.136088096525465385e+00
1.119665900206163078e+00
1.123353173046210296e+00
1.112247935271666766e+00
1.111655346547081535e+00
1.101598311732297608e+00
1.080620501211337681e+00
1.064416165468656805e+00
1.064075898558106026e+00
1.052907446620596765e+00
1.055788127775417751e+00
1.049725686260334800e+00
1.044768603140508567e+00
1.012329169255374639e+00
1.006922516314939120e+00
1.016659440070788234e+00
1.019666020953483798e+00
1.028178589835816004e+00
9.937849021923792492e-01
1.008038954568199586e+00
1.011276536876550614e+00
1.005205886273899507e+00
1.016031492268827607e+00
1.034134110755523306e+00
1.042396707407640566e+00
1.061130541967841401e+00
1.050454724343390822e+00
1.045182785228139899e+00
1.042192593303380876e+00
1.056850507203394685e+00
1.049374583758977852e+00
1.046645346232151441e+00
1.027651353762883302e+00
1.019356895054796652e+00
1.019132292535441353e+00
1.027698759391189265e+00
1.011370071662043957e+00
9.916083437927053490e-01
9.674705939706166324e-01
9.532806186010531757e-01
9.823296358032056474e-01
9.725876410168911024e-01
9.585078291296769137e-01
9.491347813034665126e-01
9.125779160523669331e-01
8.856247741976506216e-01
9.033814362696640510e-01
8.990944501563514768e-01
8.907828532222982210e-01
8.958678121681249440e-01
8.955207755652745405e-01
8.963161725859646323e-01
8.919295345928368590e-01
8.875008271527198289e-01
8.764079245303131316e-01
9.149939664352908508e-01
9.011173501085056881e-01
9.139856586802299621e-01
9.019704030222456259e-01
8.984367840647587977e-01
9.007604292263899914e-01
9.592331341107372955e-01
9.808112492289273732e-01
9.991162146905611108e-01
9.995255675156777819e-01
9.952806453650749896e-01
1.007611303044154472e+00
1.109488169183170170e+00
1.132682208459267370e+00
1.125573009580578931e+00
1.111187185575018166e+00
1.147463424549559852e+00
1.146997473706473647e+00
1.166744686778086848e+00
1.165237093153930648e+00
1.155262300511003204e+00
1.153548853749634562e+00
1.128085599145166817e+00
1.092146171170766067e+00
1.088175386700895197e+00
1.073598078234882847e+00
1.068563367123052332e+00
1.060435055436838470e+00
1.023702251701807509e+00
9.321173874951238503e-01
9.107551372614158813e-01
9.065979805995427743e-01
9.113911988557883426e-01
9.018066308286075694e-01
8.168616938747849110e-01
7.187500796116279567e-01
7.301591742434038190e-01
7.206349443841546520e-01
7.093241834726623507e-01
6.870373206606413818e-01
6.854085594386105651e-01
6.759239495121802666e-01
6.588314315370878971e-01
6.328741933672578091e-01
6.091167169169316997e-01
6.036572868440749362e-01
5.874965602662933772e-01
5.648359481120582837e-01
5.384826240909665884e-01
5.508018890270064416e-01
5.274666460794007472e-01
5.158410174225752653e-01
5.358091761486095672e-01
5.310181861414693394e-01
5.229207872834376047e-01
5.389096831644465402e-01
5.679527625890000708e-01
5.773037984008931867e-01
5.676728408477923482e-01
5.472516916965417533e-01
5.498333360867351249e-01
5.403859159795937339e-01
5.347935549923922283e-01
5.359241665210007222e-01
5.384168816028844784e-01
5.227740561299299982e-01
5.012315069103743248e-01
5.017431326394369284e-01
5.038759407705319937e-01
4.914913908489439431e-01
4.198419369891238651e-01
4.117532479752242236e-01
3.579508337034709164e-01
3.651245424365802128e-01
3.648524014483669475e-01
3.790629301622246428e-01
3.832397616967762044e-01
3.930347559710652972e-01
3.966596444930282628e-01
4.056807552455105048e-01
3.947744847302582794e-01
4.535434110767190830e-01
4.584741251287315911e-01
4.812973767490279497e-01
5.018025573432977060e-01
4.742626494923739000e-01
4.615679130953594389e-01
4.729288333439897740e-01
4.654691678574704450e-01
4.786958967273947652e-01
4.800237442854750070e-01
4.986427195797882295e-01
5.007163137696696298e-01
5.433376399239470134e-01
5.446107913698572389e-01
5.435272183738883989e-01
5.413750321819210676e-01
5.277835157876149541e-01
5.160037658520010284e-01
5.077400842734821618e-01
4.639753079850869599e-01
4.512423449835215039e-01
4.467800655763551343e-01
4.332872741701561115e-01
4.272780544828694294e-01
4.234962455489948430e-01
4.568444144838499921e-01
4.975634682434366685e-01
5.463867389971023281e-01
5.711330497584519161e-01
5.776216679013732591e-01
5.736893124310726844e-01
5.803777115009188803e-01
5.800065993645093787e-01
5.947346800314734505e-01
6.006318572079047957e-01
6.275655866650834414e-01
6.221843193090506041e-01
6.139646216016765301e-01
6.143625686298324062e-01
6.163651523431072921e-01
6.232720203224266786e-01
6.422113225498859990e-01
6.550723273667559132e-01
6.490512342083460950e-01
6.282969034076540948e-01
6.177881268833131934e-01
6.625545008288683535e-01
7.224106318799909943e-01
7.323716519350762510e-01
7.496773979015267653e-01
7.593559680143512347e-01
7.603826172985190812e-01
7.522651041258366922e-01
7.749907818193144671e-01
7.141686155279323156e-01
7.095191141028751591e-01
6.508402292507673437e-01
6.388967473353650561e-01
6.432797052686763939e-01
6.380135220676693697e-01
6.553295585282672420e-01
6.548559364994575027e-01
6.544419153961535951e-01
6.648613584658121800e-01
6.474145534780044731e-01
6.352794341474374828e-01
6.286251604545676219e-01
6.332172115735626994e-01
6.536862234247595715e-01
6.291239833037424178e-01
6.034709496973454934e-01
6.223389762383642054e-01
6.362794588092293147e-01
6.437164103181602925e-01
6.597037677668144973e-01
6.841355250616868444e-01
6.882968633549217952e-01
6.937454660762643055e-01
6.999983913660914325e-01
6.980360301028409875e-01
6.817630347478127462e-01
7.050150879698177109e-01
7.123266411586463009e-01
6.996981114211744401e-01
7.141224648325111835e-01
6.934269373593326957e-01
6.873591820437476851e-01
7.080101437258919939e-01
7.100074738280711673e-01
7.194496202450451072e-01
7.237579750050938676e-01
7.200646431046684448e-01
7.094512307428444409e-01
7.081138414685936855e-01
7.096926682890579707e-01
7.173712024733311932e-01
7.564939124646393731e-01
7.475768777887122907e-01
7.285934190836758084e-01
7.274525327134124808e-01
7.256930970392260205e-01
7.132358226579345040e-01
7.144669910766148213e-01
7.177369834679468985e-01
7.157713310872674262e-01
7.085760064504476041e-01
6.885659096747405172e-01
6.905985105135566959e-01
6.824029190120477484e-01
6.819003582046879730e-01
6.769767296621768127e-01
6.520067676650309618e-01
6.524873682954054344e-01
6.433609039764719428e-01
6.326379703631636042e-01
6.265651024915034339e-01
6.284782270402392568e-01
6.284780710291889561e-01
6.335323018799396966e-01
6.522035176208201834e-01
6.465448035829666207e-01
6.453544714766901169e-01
6.859970744111323349e-01
7.065685046476326558e-01
7.703168137437230722e-01
7.702975675519937448e-01
8.168858655489914522e-01
7.876442192987956892e-01
7.673724139598053773e-01
7.598511915803800587e-01
6.777934755606508377e-01
6.688968482748675060e-01
6.099600756565919379e-01
5.934177424748784402e-01
5.192978975569402245e-01
5.196038113014247450e-01
5.425226221509419355e-01
5.551207494914572882e-01
5.716058831420665065e-01
5.753816828812798878e-01
5.715469990385997345e-01
4.895505094983277905e-01
5.008002610100624752e-01
4.960411762301946692e-01
4.821703888452413267e-01
4.843396960697574638e-01
4.785306970940647053e-01
4.329308807705835593e-01
4.422245104040967156e-01
4.432516630490512810e-01
4.898013638048610563e-01
4.736058317405462681e-01
4.640727594667515832e-01
4.526165027041789135e-01
4.397463605601509840e-01
4.209392245224423679e-01
4.091008595588280228e-01
3.937757417818567029e-01
3.797848469710295993e-01
3.692594143661335204e-01
3.600060127553046940e-01
3.517506958849919152e-01
3.484367832878653704e-01
3.256611332107303136e-01
3.535582348663078855e-01
3.585278243705377621e-01
3.666776587604578808e-01
3.809907650305961457e-01
4.005731862577706637e-01
4.133044840366934536e-01
3.845120833760035661e-01
4.016338377725908737e-01
3.877320476366449276e-01
3.923754130058333955e-01
3.938825576930342076e-01
4.003713713736908320e-01
4.196466368049945883e-01
4.483833307077747521e-01
4.501197511547923580e-01
4.491025113878399644e-01
4.685931470232205243e-01
4.813624940506153749e-01
4.992746876368916453e-01
4.957888778822337472e-01
5.150717443703356491e-01
5.794973121377618996e-01
5.771289605943770162e-01
5.618515541138963121e-01
5.641183457696966608e-01
5.494070469804435142e-01
5.589343355532050417e-01
5.610636629330417735e-01
5.769587980845596320e-01
5.736765999405167848e-01
5.784624230341082196e-01
5.745528153878477484e-01
5.915452967054037892e-01
5.963303064010597732e-01
5.917157434046032005e-01
5.759493998961801031e-01
5.802747720624508165e-01
5.836108774187739323e-01
5.737346364371488372e-01
5.940685330856771973e-01
5.621437023408868416e-01
5.648293622699128713e-01
5.525023725298385813e-01
5.399757731481092948e-01
5.494580456000087709e-01
5.761794946514413596e-01
6.023029916748021684e-01
6.221153242799174476e-01
7.060741695265334572e-01
7.165036238885553743e-01
7.113382764213921350e-01
7.279430789049802231e-01
7.344691911717586841e-01
7.545476861436180016e-01
7.603387562457740723e-01
7.837521619033021025e-01
7.835579406898022237e-01
7.656965034923295388e-01
7.632576127022839829e-01
8.224001673686086589e-01
8.300392879955401648e-01
8.552372068542916095e-01
8.933958665996764026e-01
9.320228141823324597e-01
9.485849747111879671e-01
8.982051894088520783e-01
8.971571451358032467e-01
9.131725711029491377e-01
9.267859252548832361e-01
9.310230414325871839e-01
9.328946562828132061e-01
9.251307372156645226e-01
9.337659468139947183e-01
9.128609030525468571e-01
9.284315526078047442e-01
9.234950349556219074e-01
9.652725970457217697e-01
9.766883311671443746e-01
9.989545177023785305e-01
1.027618812037820684e+00
1.046326462408921465e+00
1.022341430740168144e+00
1.052136551807269838e+00
1.082368769046497592e+00
1.100329681527006054e+00
1.123189296862209474e+00
1.182398328509393304e+00
1.178362271127527228e+00
1.198415844676627984e+00
1.203774653527478034e+00
1.221551984081443942e+00
1.240735700861623547e+00
1.245364758382218495e+00
1.263974658160756048e+00
1.262609866606408060e+00
1.284972654039563400e+00
1.290668361481137394e+00
1.275991907039720763e+00
1.308292653025930230e+00
1.308225440780767856e+00
1.334604788734515823e+00
1.370589233263876938e+00
1.371881302325634655e+00
1.374809599533133753e+00
1.377541782613226573e+00
1.381856928039229659e+00
1.373735732140337396e+00
1.367669321267221294e+00
1.337563238158340662e+00
1.314179858193612604e+00
1.310076314719335056e+00
1.303909392945196366e+00
1.322170311666962750e+00
1.322302328179730369e+00
1.338337990113313669e+00
1.335757364204879893e+00
1.366432099153565005e+00
1.360396003820401489e+00
1.360787835611360519e+00
1.352029225069951268e+00
1.357948992144059286e+00
1.362921747411186546e+00
1.369164764124876754e+00
1.351873398159886275e+00
1.368454958759876661e+00
1.354161081529321464e+00
1.351180121476914575e+00
1.353940112875201551e+00
1.352007311674121803e+00
1.352539884840689099e+00
1.351403638645688465e+00
1.326167713068229892e+00
1.320303884704846276e+00
1.317706447855838015e+00
1.325332730441550311e+00
1.312686923908509939e+00
1.309014203244183827e+00
1.276789390490222553e+00
1.269636708221442811e+00
1.292232463836505252e+00
1.285392929021889286e+00
1.295351231664353842e+00
1.278813337013684936e+00
1.300857959131753283e+00
1.301906703163972834e+00
1.316460864780602646e+00
1.314362664672772407e+00
1.355302630713551837e+00
1.338172964317457359e+00
1.335673910659246122e+00
1.354946347421672748e+00
1.345871247774871993e+00
1.360252938600560624e+00
1.393729664903883503e+00
1.342229365620846382e+00
1.309962522549357633e+00
1.286437745000177602e+00
1.303106617292817848e+00
1.276919754521722572e+00
1.278632853095733823e+00
1.284681439927406243e+00
1.290655792071338626e+00
1.290891672222440389e+00
1.292347968975512185e+00
1.288918327414058540e+00
1.299245869402449793e+00
1.286118227935011626e+00
1.285050871499390013e+00
1.275941097118040712e+00
1.268958931460561157e+00
1.258554318436581054e+00
1.284178239582523195e+00
1.270903021982107362e+00
1.257705330304887292e+00
1.247442383451822012e+00
1.200778745854074625e+00
1.181482445332575848e+00
1.176109335188014304e+00
1.198931348643150985e+00
1.199251606083656663e+00
1.199046976218337779e+00
1.174714652330044240e+00
1.148664531718518456e+00
1.133959623879979173e+00
1.117818988679137426e+00
1.099513885575924999e+00
1.101286473955174872e+00
1.088670867213168636e+00
1.067203525066286796e+00
1.000419622485335669e+00
9.859738016248422721e-01
9.914749342716492331e-01
1.015052291227571457e+00
1.022335613042220315e+00
1.017462674659647570e+00
9.998168395263593577e-01
1.002991456633798517e+00
9.876433898394509914e-01
9.640555296190913559e-01
9.362481093890743233e-01
9.286164896395926460e-01
9.134371915569498013e-01
8.876615399472618240e-01
8.812061785518803259e-01
8.546800860109193820e-01
8.471199739604736711e-01
8.428031331206006227e-01
8.297162989536950306e-01
8.121652925134268397e-01
8.005267394729260744e-01
7.766293557407457637e-01
7.641927394050074263e-01
7.757932004969521067e-01
7.637828700829181194e-01
7.638410718887330697e-01
7.697138368879253845e-01
7.701800227310733327e-01
7.546422890730034583e-01
7.404629528207838929e-01
7.404104548964287602e-01
7.702532334840361816e-01
8.049706081721687001e-01
7.945007802346950587e-01
7.962302408392292197e-01
7.936198016889564055e-01
7.903886196019137556e-01
7.561345317143972622e-01
7.483392287017924804e-01
7.536334415248157059e-01
7.757176397370432186e-01
7.767620949695897004e-01
7.848900130653855278e-01
7.885817768922237514e-01
7.890770031873539647e-01
7.953481062803171575e-01
7.908156041558941363e-01
7.839098740111904995e-01
7.778525156497591020e-01
7.381683366634211874e-01
7.431202542949141288e-01
7.395074748900435369e-01
7.438933203947263317e-01
7.550621787343818614e-01
7.451224939715916928e-01
7.332812654907551186e-01
7.290958892698042870e-01
7.021450402148738945e-01
6.828857918282519313e-01
6.602704753059134291e-01
6.154549185704478731e-01
6.020316083280958797e-01
6.378969367882389996e-01
6.364045842939347608e-01
6.309047417453833573e-01
6.241201361882502407e-01
6.349305595021917936e-01
6.445999282406242870e-01
6.615037564893437860e-01
6.680366071697838581e-01
7.050377072633868814e-01
7.071037223083106449e-01
7.160973247566492228e-01
7.229199937369242823e-01
7.413291684503944268e-01
7.503093162325895626e-01
7.666757042304851444e-01
7.851147825794307922e-01
8.038172533233098882e-01
8.156743351297832678e-01
8.230583722864135421e-01
8.420460845889701229e-01
8.586374710195363580e-01
8.574403785747012341e-01
8.783910077200283162e-01
8.870149520232030182e-01
8.983177005064831855e-01
9.106766753400908909e-01
9.205557552101399921e-01
9.121620598506826605e-01
9.094665329661734132e-01
9.157148678722121238e-01
9.269804165177778499e-01
9.407267687816568413e-01
9.330340182963653417e-01
9.165410480717909314e-01
9.264539815989885074e-01
9.307863293310293384e-01
9.228796129991672093e-01
9.270457801616638349e-01
9.254272969767173285e-01
9.357091265206711750e-01
9.353888934544185574e-01
9.588772782620397228e-01
9.319108340085308084e-01
9.176615137925412391e-01
8.726057614563161868e-01
8.523561335270632977e-01
8.429323824224309591e-01
7.982241738082567206e-01
7.909674929494636686e-01
7.505926407198320049e-01
7.343826542398624868e-01
7.015925555075325226e-01
6.846543361845247588e-01
6.824931435545902314e-01
6.724123424737796784e-01
6.603590700446345663e-01
6.418854472933289701e-01
6.275328705001127494e-01
6.235406011302260243e-01
5.961677810173198200e-01
5.915027846424444347e-01
5.812005621359785934e-01
5.531871866078380551e-01
5.435161425660884893e-01
5.418755708546461047e-01
5.356711905839594001e-01
5.488711726822141923e-01
5.427342472976275367e-01
5.394356720272284189e-01
5.321116519286699376e-01
5.311813584025019130e-01
5.341177197489707096e-01
5.349333695789059151e-01
5.413463233485460435e-01
5.425679758517349960e-01
5.300554855722113823e-01
5.262082167863069149e-01
5.117443780661665720e-01
5.159543024082352547e-01
5.118596152822300072e-01
5.072014431931848311e-01
5.223229761308523234e-01
5.127059436163458050e-01
5.155801565096619354e-01
5.062560186398226136e-01
4.889563307141696624e-01
4.778603095067065487e-01
4.752714745835315280e-01
4.872121774930527338e-01
4.847899573752411650e-01
5.026784685104122019e-01
5.133121487023254437e-01
5.579873435046479591e-01
5.741457748345857315e-01
5.821128200817513587e-01
5.941189095864818359e-01
5.939821922473135229e-01
6.043209362793063866e-01
6.072198611459154183e-01
5.811501460336832015e-01
5.847168908321473957e-01
5.984310280686327976e-01
6.162402689112062015e-01
6.362004497536375425e-01
6.510973674031027558e-01
6.741261451353574019e-01
6.581386073389038360e-01
6.566003442522388989e-01
6.731683787530176044e-01
6.457319476505536393e-01
6.634532195221045647e-01
6.477860805347854800e-01
6.376028664443331717e-01
6.563695995362958113e-01
6.592662016497793376e-01
6.878499475498197624e-01
6.982791777239221176e-01
7.023987426937106093e-01
7.105129515085482073e-01
7.023087382870832895e-01
7.083971329448487397e-01
7.075078267858160297e-01
7.070015394095846561e-01
7.108416151382142001e-01
7.183583891366758234e-01
7.285565838235469327e-01
7.177418699770378163e-01
7.340762287506854555e-01
7.308406361202277601e-01
7.449427317540824323e-01
7.925749001853376052e-01
8.090821461666587444e-01
8.040579769602245186e-01
8.268809044335077019e-01
8.335766646382495315e-01
8.344289645560125646e-01
8.497118422416896077e-01
8.502085938966849055e-01
8.572869931858714265e-01
8.452306475885136283e-01
8.398729103057400724e-01
8.229136695949674785e-01
8.112784175837272072e-01
8.310905190312600777e-01
8.258796919254762781e-01
8.300587437701120175e-01
8.266023910664254126e-01
8.312869018644208907e-01
7.781598920647041506e-01
7.781881559700926099e-01
7.705684755386841278e-01
7.778492766323832353e-01
7.784479227698835047e-01
8.022593193116278609e-01
7.995768490898065295e-01
7.878557021638395996e-01
7.773685208563021476e-01
7.770750818291721762e-01
7.726945655067248842e-01
7.606269041587830904e-01
7.523913221698604881e-01
7.491657318012384659e-01
7.621390242460434061e-01
7.403409605217210476e-01
7.389422179784687073e-01
7.415325040040480209e-01
7.418316479800176610e-01
7.379199223468061453e-01
7.270661920099156239e-01
7.265601001914647750e-01
7.017935304987491518e-01
6.835032598740762300e-01
7.045523096047832112e-01
6.877004700531198500e-01
6.907657852342266036e-01
7.013553985244196376e-01
6.872116679854192167e-01
6.985807090841610334e-01
6.664563131370094817e-01
6.624739448530608810e-01
6.413688547724714084e-01
6.472516287126606205e-01
6.465275147062184979e-01
6.581164103830121626e-01
6.554889501797686036e-01
6.545196448032931658e-01
6.577753927568119607e-01
6.701506182889522822e-01
6.692070104615619464e-01
6.793975587143646910e-01
6.792920808907414454e-01
6.757055879587718916e-01
6.725058480286070228e-01
6.768049987452952054e-01
6.827813330981269413e-01
7.053843675948152647e-01
7.076929324021756784e-01
7.077454848719706426e-01
7.090796292552632440e-01
7.265511455467540403e-01
7.122001182811672493e-01
7.079609104803810116e-01
7.100369589770916257e-01
6.934843098633032277e-01
6.617345404357932726e-01
6.522550294803032278e-01
6.208477227751337812e-01
6.076584994491499581e-01
5.930617091492010884e-01
5.834907513156984971e-01
5.701813568894409379e-01
5.311145423556434819e-01
5.165291666385400937e-01
5.171557526959635886e-01
5.204405093405953808e-01
5.144089145149595144e-01
5.210888721181907712e-01
5.192003536833801336e-01
5.395409918081791600e-01
5.393928607267876041e-01
5.623661271139692719e-01
5.632598516062233829e-01
5.697386231712957549e-01
5.763276633842877583e-01
5.521132328759380536e-01
5.488146566902191159e-01
5.356195412809152678e-01
5.383441503779018422e-01
5.396681540173130509e-01
5.249076499562952414e-01
5.232899085409427054e-01
5.238944737410183849e-01
5.156929279340470851e-01
5.121391647067310426e-01
5.151990768959099354e-01
5.104634520986253143e-01
5.135284308732285252e-01
5.117044333050039251e-01
5.037739705329009610e-01
5.005681275577777978e-01
5.031063863376120660e-01
4.820315506803937167e-01
4.694300393040211627e-01
4.573570064300115923e-01
4.455575341537500456e-01
4.385761350159951277e-01
4.140187947841421079e-01
3.976178225800200416e-01
3.716621700223841640e-01
3.673657251805647617e-01
3.478973471041731935e-01
3.271891735652299182e-01
3.212710612735908411e-01
3.047227304797069936e-01
3.047553882874690645e-01
2.946142135577235477e-01
2.852768367762746893e-01
2.788419447737848778e-01
2.630238869608402807e-01
2.553224596229977106e-01
2.226406483200810693e-01
2.080585473416505515e-01
2.015219207942026969e-01
1.829719233503241671e-01
1.888824750671505293e-01
1.447078306777493661e-01
1.404836790225415799e-01
1.344251854916421185e-01
1.383951351121905926e-01
1.256549461590569516e-01
1.327012564010269791e-01
1.289316094810926405e-01
1.145887871224910842e-01
1.086916609016984198e-01
9.440941511907657846e-02
8.759477706939491903e-02
7.850754340367059603e-02
7.624068089243954405e-02
9.503392490179624064e-02
9.282486016196851708e-02
1.041756139300975131e-01
1.219319216650148474e-01
1.267916008112638382e-01
1.330202853384861161e-01
1.316163106812807404e-01
1.274949415494899818e-01
1.242202632505397808e-01
1.378126700225342782e-01
1.580657281407157888e-01
1.660988998556002516e-01
1.885689867174013268e-01
1.882545107684381880e-01
1.970961045893727115e-01
1.876199331086899347e-01
1.955190352125461550e-01
1.950612345112406887e-01
2.040814409862497236e-01
2.200366347233925213e-01
2.221913159011184025e-01
2.296080222926739078e-01
2.413852093052128722e-01
2.278464419111954353e-01
2.330269827479548306e-01
2.369391181790284351e-01
2.393263210148605380e-01
2.329152612549428569e-01
2.355810207146155077e-01
2.372179409124599569e-01
2.502063440249963633e-01
2.417884401647316939e-01
2.507203697636047335e-01
2.476057491428665935e-01
2.579651150201793253e-01
2.551343574049012020e-01
2.536640419841118543e-01
2.670780745993575622e-01
2.737068747992563722e-01
2.662890494637564776e-01
2.674808045151211844e-01
2.648582526970256756e-01
2.604076369033499483e-01
2.627932568061089880e-01
2.636385728626232106e-01
2.797946601741749806e-01
2.963601948699038369e-01
3.154861427771089022e-01
3.314861900522910743e-01
3.297991781190825478e-01
3.338965090316723949e-01
2.965883075872997043e-01
3.069168093888093862e-01
3.235398974339088740e-01
3.280310823682199284e-01
3.304253428338340126e-01
3.072908718463502331e-01
3.170240352525616201e-01
3.274458404275372159e-01
3.388290317805835450e-01
3.462783581385286413e-01
3.576341329326915841e-01
3.512006718671762950e-01
3.459088863698964178e-01
3.608274857269078151e-01
3.522304383608637623e-01
3.762293902188229566e-01
3.789230392388774349e-01
3.509565184539362170e-01
3.791087726860582485e-01
4.178270497706506603e-01
3.965098444005288880e-01
4.138255120997675340e-01
3.949140350678855271e-01
3.822939821448831932e-01
3.867688816854879530e-01
3.864692591761206275e-01
4.908168673565539430e-01
4.895892910983523083e-01
4.892149675998603842e-01
4.904868492458785423e-01
5.264929568176870411e-01
5.244152123074058425e-01
5.065717187299959567e-01
5.044639829735320102e-01
5.302738776815130173e-01
5.417746711345776678e-01
5.670527625612727940e-01
5.644984969681485776e-01
5.661801623341521372e-01
5.421101019658329800e-01
4.994114200250024949e-01
5.074481942422580660e-01
4.837019826528854982e-01
4.863649451421374059e-01
4.858302826962427878e-01
4.734924185581756428e-01
4.629460327979353362e-01
4.314553392604937310e-01
4.269485503457359221e-01
4.239467596463045718e-01
4.138670235744646986e-01
4.224320550078409231e-01
4.147755280326768657e-01
4.210386022966721153e-01
3.671055992882201191e-01
3.802249951676730522e-01
3.703197596382932777e-01
3.911162096064923488e-01
4.085170509277079587e-01
4.529545913862201290e-01
4.154337028855487057e-01
3.313346783988656008e-01
3.217869265698298786e-01
3.010568449030096017e-01
2.883890753357306047e-01
2.890740824593598379e-01
2.940104466902342395e-01
3.012720535524412990e-01
3.130817546428602549e-01
3.245119242494720613e-01
3.298903095955575959e-01
3.350422846413203537e-01
3.227023976039880560e-01
3.257696921436310511e-01
3.152408681882195585e-01
3.146243939014382041e-01
3.185050977455649024e-01
