1.9775964088
1.5464294487
0.7772887491
1.5354286115
2.3245337701
1.9093852334
1.9824766284
1.6708040632
1.8791116502
3.0142330766
1.7636761107
1.0778349667
0.8401740611
1.2121736744
2.3057116437
1.7170478030
1.7961315947
1.7308299806
2.1060772414
2.0505230393
1.7260791828
1.5386947040
1.3999077705
2.2376384594
0.9649823507
1.1612442859
1.7495115721
1.9433409233
1.6943390914
1.3716736867
0.9773864732
1.5526626317
0.4232349880
1.4321674998
1.4093655836
1.3880514193
0.6173256978
0.3531725454
0.7924308509
0.8197910551
0.4286532484
0.3133785143
0.4015755416
0.7967277431
0.5549093929
0.6980947728
0.8355510166
1.0058662673
0.6627975898
0.5735958074
0.6300502786
0.2452064943
0.4375046708
0.7686541727
0.5772328652
0.9241949191
0.9405596042
1.1256882750
0.8993539703
0.9921697632
1.1040143764
0.5459431166
0.6173835478
0.6953064561
0.2033353201
0.4299004616
0.3310632232
0.5263220096
0.3489572350
3.0607421206
2.9416011896
2.8814196326
2.9646088851
3.2952642289
3.1714610713
3.0950397952
3.0150090724
3.1152566590
3.1754693916
2.7919264709
2.5704594124
2.5442487680
2.5571354782
2.6416900941
2.6830308245
3.0024103411
3.0818414962
2.9655323244
3.0294978406
3.0500933990
3.0479507864
3.1711862551
3.0961738608
3.2434327394
3.1226587270
3.0936954504
3.1278660801
3.1856052167
3.1361861443
3.1874899485
2.8604918429
2.5997174972
2.8687592837
3.0164311182
3.1756092414
15.3372454585
15.2912260167
15.4484257946
15.3978595690
15.3767139906
15.3252518685
15.3947075857
15.1733193393
15.3908512725
15.4418496280
15.3619605691
15.4334343157
15.5393741986
15.7180461767
16.0368278443
15.9555883330
15.8865827237
15.8242034384
15.7804365343
15.8487239854
15.8386289417
15.8390288566
15.8387048101
15.5941514205
15.2183526089
15.0875660437
15.1664750979
14.9468315615
15.0585838850
15.3307570730
15.6307760745
15.4698369687
15.5529352965
15.4168626075
15.5757325614
15.9429115913
15.8164189949
15.7572931801
15.4880741730
15.2512608052
15.3534791433
15.0437333946
15.1694575115
15.2947029362
15.3455813258
15.4419740270
15.5453425830
15.4604019175
15.4196017837
15.2766661741
15.5630122656
15.5570971235
15.3032704831
15.4292753480
15.4734735038
14.3140036891
14.3673377549
14.6129943918
13.9448311743
12.7420196871
12.2947461641
12.3425771298
12.4394925987
13.5073639690
14.2722607222
15.0483529084
15.7382524909
15.8581007872
15.5498513014
15.3222542359
14.5612995887
13.8557029991
13.2784278785
12.5658816993
12.5199629743
12.7463441895
13.1225507805
13.8131466401
14.8114391322
15.3870137381
15.8249058843
16.0446878384
15.7592485654
15.5939592794
14.7491933296
14.0343092744
13.1119605404
12.8461663520
12.6628090884
12.7940692829
13.3276833054
13.6736722511
14.0778041551
14.4718941820
14.5008311162
14.3039997760
14.1025938467
14.1810217404
14.2833125458
14.0443474965
13.9216217363
14.0861595229
14.1771415706
14.0708431928
14.0170671761
14.0128423379
13.7896946147
13.7916996145
14.0151055426
14.2322877486
14.3145425481
14.3901397188
14.4494078998
14.2855458042
14.2344522810
14.2262797773
14.0040732009
13.9197649546
14.0812937352
13.8730211788
13.8856881102
13.5951981639
13.8865784338
15.9493939755
1.6515970222
0.3869455959
0.2485363049
0.3638583005
0.2630806417
0.1827556823
0.2115330722
0.4436494478
0.5820445555
0.5373784106
0.4765734465
0.4365267330
0.5931039773
0.6219828577
0.4144791144
0.6345700646
0.7044787672
0.1706676753
0.4858266560
0.6403411596
0.7143078221
0.5813464705
0.4812179712
0.9452450369
0.9621530252
0.9277069889
0.5983134500
0.9149271227
0.9493400969
0.6922118866
0.7193787370
0.4196192668
0.4176688373
0.3120791897
0.1269224443
0.1396015679
0.3252388173
0.9078538365
0.8222100416
0.8591623683
0.5450678558
0.5747133094
0.3374698327
0.3709947744
0.2378363105
0.1273494471
0.0953424552
0.5647503156
0.5359787470
0.7403482930
0.4548626080
0.4873546540
1.0128804953
2.0178859787
1.2170436397
0.2848835000
0.6074670420
1.2313534982
0.9763875962
0.4404097873
1.0326394158
0.4049317973
1.0813736464
1.1209717392
1.6187240971
2.3735852060
2.0112855159
2.2669324056
0.9367775553
0.4018901766
0.1521424714
1.7112055090
1.2954510963
0.6593636233
2.2600243999
1.7907139340
0.5783034653
1.2451427020
1.7713878078
1.3085168468
1.0990158144
0.9571092807
1.7330182352
1.5309586335
1.3466993424
0.5088917385
1.0876799151
1.8890535994
2.4580776543
0.7439400593
1.6580134734
0.8178688982
0.5684857164
1.8362831982
0.8001570066
1.1910522568
1.1979488695
0.8713222979
1.5868436376
2.3185600669
2.2480400689
2.2723680598
1.7167783897
1.2560457438
1.3608459143
1.8004044323
1.6154154549
1.3309221133
1.1353105171
1.0724573514
1.4127205022
2.5882319336
1.9153962222
0.9232799718
1.6560439433
2.4311396488
2.5154107820
1.5815274650
1.3387198991
1.5683747697
1.5015979790
1.8913412641
2.1999592266
2.0887345950
1.5977078554
0.8826960347
0.6541106163
0.5959162882
0.9648882210
0.8892674798
1.6833213248
1.4315088359
1.2855047253
0.9760597093
0.8695706184
1.0681108964
1.7770701026
0.8062485410
0.6824081276
0.9595693211
1.2362462941
0.9666401045
1.2480356197
0.7994914388
1.6574345058
1.9978854984
1.8211538381
1.3713135876
0.8364557942
1.2246232973
1.1997630476
0.8529559232
0.8710336215
0.3376631708
0.7956965088
1.5236172886
0.7404223862
0.9031997896
1.2101650542
1.1007365328
0.7325349382
0.7929728179
0.4211188354
1.0150010570
0.5509043245
0.4058906326
0.4012930176
0.3343075079
0.4908794330
0.4613696463
0.6587735110
0.7193497287
0.6972253751
0.9401889034
0.8976013022
0.9215354987
0.6604172990
0.4551962183
0.5346282817
0.4709932671
0.4986013345
0.5488822020
0.4544077127
0.4762784073
0.4213919253
0.5025681586
0.3433401553
0.3944605176
0.4648310638
0.7485635193
0.3920031610
0.4506601597
0.5010384427
0.7591215126
0.3881755178
0.6189066439
0.4152825767
0.3328821924
0.4312575403
0.4030183270
