5.3592064124
5.3821961331
5.4225338574
5.4760881485
5.5092688311
5.5585766347
5.5899256644
5.6123842398
5.5987498560
5.5878292323
5.5990802518
5.6443916876
5.6506559309
5.6438799240
5.6660753328
5.6813915936
5.6779857890
5.6715329041
5.6768752795
5.7364030227
5.8244169930
5.8685161964
5.9201321918
5.9455275415
5.9689530644
5.9680753407
5.9925762897
6.0104519923
5.9920157431
6.0274212994
6.0545726957
6.0723359358
6.1234651370
6.1570887429
6.1837281550
6.2068365827
6.2294566661
6.2252823774
6.2406464292
6.2539536088
6.2751664492
6.2953877016
6.3128514631
6.3210519205
6.3365409122
6.3494925096
6.3568716466
6.3586117697
6.3680725383
6.3648955088
6.3677472883
6.3663251656
6.3720316596
6.3861162145
6.4012602266
6.4109996840
6.3817313986
6.3865069882
6.4362964077
6.4644147538
6.4913283275
6.5693612207
6.6293049667
6.7053720210
6.7630336683
6.8438951027
6.9156702712
6.9913363671
7.0601368886
7.1073596558
7.1579358070
7.1848317222
7.1764999051
7.1305376703
7.0824190254
7.0412719628
6.9605729243
6.8655270577
6.7223744219
6.5608196400
6.3331063920
6.0797666127
5.7571700535
5.4075386845
5.0181929429
4.6236168333
4.2258267071
3.8615807594
3.5904163968
3.4093730761
3.3150490087
3.2361380848
3.2253789435
3.2351922868
3.2722468244
3.3112881553
3.3343052785
3.3528283524
3.3494134269
3.3307679001
3.3045835337
3.2579647736
3.2126258895
3.1567864144
3.0977906363
3.0636021888
3.0470002980
3.0281536810
3.0189923764
3.0112145492
3.0117802845
3.0062875429
3.0118156780
3.0013856632
2.9710063623
2.9307727689
2.8746024145
2.8479728445
2.8412200875
2.8425676859
2.8477884640
2.8485626033
2.8332421446
2.8470137356
2.8573263856
2.8524487783
2.8799513169
2.8654275705
2.9068237912
2.9536185894
2.9729006760
2.9822915742
3.0247598868
3.0589986644
3.0724291501
3.0673273020
3.0596609286
3.0621310099
3.0450510738
3.0286703589
3.0221595662
3.0397514069
3.0612616120
3.0602882224
3.0696139678
3.0883044012
3.1090843887
3.1144609273
3.1244488702
3.1200793463
3.1051142349
3.1107858378
3.1317731804
3.1609142339
3.1966113658
3.2257417781
3.2488845353
3.2669289670
3.3073923312
3.3498536316
3.3941761425
3.4181716566
3.4380481635
3.4471714454
3.4574753314
3.4614471187
3.4821764443
3.5066637911
3.5438533644
3.6131093993
3.6475997842
3.7136378479
3.7813034465
3.8323083790
3.8665137566
3.9151645600
3.9355735861
3.9249347950
3.9522828466
3.9584718012
3.9722403652
3.9823267498
3.9844742221
3.9868602608
3.9787109051
3.9729512528
3.9258037152
3.8806549020
3.8132198080
3.7466241262
3.6931467232
3.6552963230
3.6104331824
3.5749836974
3.5533451605
3.5451987496
3.5152638611
3.5070086421
3.4989875143
3.4961422482
3.5100023633
3.5160403014
3.5259120131
3.5364519083
3.5451422729
3.5484445243
3.5610557389
3.5849376723
3.5993146864
3.6111289135
3.6250564565
3.6224548078
3.6457118436
3.6649742066
3.6596501892
3.6564538069
3.6515279121
3.6431058727
3.6225710015
3.5966794822
3.5927448253
3.6049619346
3.5779014990
3.5068592791
3.4771742662
3.5053740870
3.5009755997
3.4892609765
3.4822025111
3.4500520182
3.4268918216
3.4244575266
3.4278373749
3.4326541870
3.4213272524
3.3911055751
3.3692104117
3.3584138536
3.3383273491
3.3325324958
3.3034983681
3.2865302189
3.2741451894
3.2597076939
3.2521009154
3.2510647772
3.2559208902
3.2507209271
3.2503726819
3.2341846154
3.2271378625
3.2215110215
3.2189145433
3.2005248173
3.2081041692
3.1910840287
3.1833785843
3.1585218438
3.1362804291
3.1217238471
3.1080509387
3.1022034006
3.1029066928
3.1131617707
3.1155942246
3.1175130758
3.1213906717
3.1332839726
3.1343185016
3.1461575903
3.1500389612
3.1479095710
3.1225446377
3.1290486498
3.1280052727
3.1143400150
3.1046591296
3.1020990630
3.0948000003
3.1017217639
3.0880363752
3.0745373569
3.0752321025
3.0527490485
3.0350326199
3.0061311232
2.9774063103
2.9731306271
2.9517952308
2.9302630698
2.9419391408
2.9291582306
2.9313370724
2.9355852977
2.9707719517
2.9825939564
2.9967910593
3.0098906683
3.0078541105
3.0193744639
3.0262812292
3.0278397599
3.0100679097
3.0136447549
3.0262258389
3.0255477743
3.0173962759
3.0271737132
3.0323727678
3.0534191176
3.1071622805
3.1788670177
3.3380612465
3.3365489911
3.2996692028
3.2526822059
3.2149007973
3.1545308735
3.1370385861
3.3034193509
3.2695913504
3.2497862367
3.2250146043
3.2096541895
3.2111458614
3.2179849261
3.2227752700
3.2346342070
3.2488116095
3.2685513491
3.3035066930
3.3425732063
3.3694791642
3.3911127804
3.4137137924
3.4294456518
3.4477598356
3.4706565301
3.4877938636
3.5026319061
3.5178112106
3.5282414464
3.5295689238
3.5383129512
3.5434838564
3.5443821396
3.5381603815
3.5368258189
3.5357605020
3.5358982074
3.5433116860
3.5509232067
3.5467891987
3.5423406022
3.5407264262
3.5374457413
3.5409690837
3.5527695422
3.5603747572
3.5690768080
3.5777027904
3.5877175241
3.5989258379
3.6092146241
3.6186442335
3.6300428788
3.6378501362
3.6508680602
3.6620708130
3.6718432868
3.6778782691
3.6824563223
3.6860078375
3.6907867677
3.6996494135
3.7129938014
3.7279508489
3.7501678522
3.7688603651
3.7857566102
3.8022842115
3.8186281668
3.8290733252
3.8306487807
3.8340364309
3.8305346548
3.8341506814
3.8352558208
3.8335925043
3.8353417900
3.8360690078
3.8394355191
3.8379448401
3.8419984314
3.8453081304
3.8404322097
3.8389436294
3.8319324122
