0.7029064237
0.7009264237
0.7012148717
0.6986077845
0.6974029943
0.6934394830
0.6893714977
0.6892646759
0.6865360139
0.6877221932
0.6868558987
0.6877165188
0.6834466625
0.6813747993
0.6797139462
0.6795280521
0.6778239522
0.6784593315
0.6760885862
0.6770386467
0.6744173606
0.6706577797
0.8702431946
0.8693336718
0.8717963802
0.8732869188
0.8693126866
0.8631943269
0.8513985678
0.8441802307
0.8326416248
0.8270804201
0.8208337705
0.8027006707
0.7777948331
0.7475977541
0.7115516537
0.6754794514
0.6309755592
0.6043977845
0.5822661166
0.5762678658
0.5770728181
0.5503789557
0.5306980628
0.4929440002
0.4662309290
0.4390547227
0.4050266184
0.3710782050
0.3532455737
0.3174715623
0.2821107617
0.2716118992
0.2621079232
0.2436074904
0.2357773254
0.2394389537
0.2447990003
0.2113276267
0.1995589555
0.1795110733
0.1842775390
0.1718639414
0.1645165417
0.1537403498
0.1348797440
0.1338695037
0.1215164036
0.1077525592
0.0967568454
0.0841776536
0.0843336361
0.0855925911
0.0901580415
0.0836938809
0.0890271397
0.0979053969
0.0877664788
0.0970591658
0.0858235217
0.0959305002
0.1085931539
0.1242130622
0.1408922694
0.1609756295
0.1799415808
0.1960980597
0.1982528768
0.2088797151
0.2032546706
0.2148824510
0.2058938299
0.1913695894
0.1941274703
0.1886653912
0.2002596544
0.2003636778
0.2143599992
0.2153377369
0.2136239643
0.2284458643
0.2402987378
0.2544206536
0.2653977482
0.2614359689
0.2706286563
0.2666694703
0.2768696129
0.2730209911
0.2729874028
0.2832180321
0.2835082758
0.2976944701
0.3116925187
0.3272428698
0.3439221465
0.3463284544
0.3614252827
0.3631436898
0.3628689982
0.3760085661
0.3710306409
0.3810317999
0.3758425707
0.3813681676
0.3914600853
0.3817576097
0.3752433882
0.3714168875
0.3694610898
0.3674170856
0.4004061726
0.4028948218
0.4057228931
0.4205193673
0.4329493706
0.4370015902
0.4662859022
0.4693696788
0.4718736519
0.4761740765
0.4740610321
0.4720786360
0.4709315826
0.4709527667
0.4693292857
0.4643769081
0.4586754344
0.4561463846
0.4529046243
0.4499959733
0.4452626087
0.4473531035
0.4473072874
0.4444265155
0.4445883389
0.4447859379
0.4470479278
0.4491570236
0.4531574179
0.4552861969
0.4537280399
0.4498703367
0.4466494407
0.4456441326
0.4446635933
0.4452618010
0.4466592091
0.4457337654
0.4473666591
0.4420606419
0.4417065206
0.4412548516
0.4331536052
0.4325492329
0.4225713652
0.4120548862
0.4107406187
0.3991623141
0.3983235542
0.3988106444
0.3995890604
0.4018025332
0.3921624097
0.3933348816
0.3927544583
0.3936601292
0.3803729793
0.3788015903
0.3763985372
0.3738709160
0.3597615247
0.3582573104
0.3548990161
0.3555662327
0.3547203984
0.3556636977
0.3576146162
0.3618593202
0.3515427158
0.3503869731
0.3471279226
0.3446569467
0.3424866888
0.3409685700
0.3396928015
0.3400186953
0.3408547847
0.3396761931
0.3403500464
0.3269269314
0.3295425869
0.3306111381
0.3344526707
0.3369258363
0.3380324610
0.3374648917
0.3370688976
0.3221333258
0.3238686834
0.3237250375
0.3233652420
0.3211482229
0.3214518996
0.3226368691
0.3070948447
0.3060427908
0.3049681203
0.3043162727
0.3038283415
0.3031423762
0.3021061494
0.3035202028
0.2916424382
0.2940183058
0.2979413930
0.2880391554
0.2893369190
0.2803255307
0.2811998944
0.2839178031
0.2755759920
0.2637165252
0.2683082159
0.2566422870
0.2413254248
0.2423151162
0.2272425030
0.2167931525
0.2109368127
0.2029945787
0.2006181173
0.2065134491
0.2079245008
0.2223595751
0.2377155374
0.2542662416
0.2666197944
0.2792128810
0.2919115491
0.3141913264
0.3232362023
0.3351380805
0.3472949852
0.3601169517
0.3709349889
0.3844167554
0.3973921226
0.4084536918
0.4138749446
0.4209308568
0.4244587821
0.4249129681
0.4246993628
0.4218435545
0.4187289979
0.4102695456
0.4047358613
0.3983625541
0.3939791998
0.3867858946
0.3683290889
0.3531822887
0.3361678776
0.3238151951
0.3045952879
0.2904026935
0.2688288056
0.2488137674
0.2109774500
0.1847855201
0.1551534520
0.1150905049
0.0817311735
0.0532281270
0.0386547050
0.0477233981
0.1032225688
0.1432728816
0.1867721761
0.2192687397
0.2369203938
0.3964023465
0.4316956310
0.4055601108
0.3873881302
0.3412689468
0.2981853538
0.3034117424
0.2918443642
0.2767025793
0.2705112344
0.2173027743
0.2238367021
0.2107565368
0.1915372708
0.1727723030
0.1561007643
0.1454865523
0.1293700308
0.1239741151
0.1304594118
0.1348954833
0.1452455895
0.1614402673
0.1783487966
0.1936053419
0.2101582580
0.2287257255
0.2430548624
0.2568345688
0.2685283485
0.2798730500
0.2915030948
0.2990621795
0.3086718467
0.3191031574
0.3150314427
0.3027545967
0.2782204016
0.2536843227
0.2395141518
0.2361502472
0.2192943092
0.2104141850
0.2003043106
0.1897202844
0.1730045219
0.1742728449
0.1534639491
0.1470301948
0.1279265869
0.1082443972
0.0972228922
0.0838375512
0.0832352795
0.0878706844
0.0961078969
0.1074726855
0.1161968248
0.1321027764
0.1609485157
0.1752571606
0.2038218154
0.2513519038
0.2388206054
0.2152090071
0.2398244030
0.2212985498
0.2026322481
0.2089221055
0.1992277386
0.1959189002
0.1783899661
0.1760479815
0.1809368345
0.1614468127
0.1311850842
0.1255591029
0.1086813368
0.1096453439
0.1029302148
0.1052730717
0.0993551973
0.1087326836
0.1121514709
0.1220139190
0.1348034856
0.1478535460
0.1602244594
0.1727470228
0.1851805635
0.1980200200
0.2080448921
0.2192697469
0.2305293970
0.2403910388
0.2457148406
0.2503720141
0.2497689580
0.2524990144
0.2536727940
0.2538541937
0.2479285257
0.2416037443
0.2387740193
0.2321351662
0.2317062701
0.2257840717
0.2294732308
0.2236951058
0.2210331046
0.2177744990
0.2153362863
0.2130235586
0.2080603528
0.2148018501
0.2046168399
0.2026706559
0.1754920962
0.1616525406
0.1581157422
0.1355698054
0.1442685739
0.1394795795
0.1315374765
0.1325313657
0.1421907317
0.1279027017
0.1378394326
0.1514234601
0.1619542776
0.1606627880
0.1596221865
0.1345560741
0.1231098743
0.1159785924
0.1139198228
0.1052172350
0.0824722605
0.0985444854
0.1160587001
0.0760916896
0.0713186589
0.0830037342
0.0985681601
0.1134950391
0.1235161777
0.1246147713
0.1386403730
0.1496580326
0.1600820290
0.1689651564
0.1766094238
0.1836982102
0.1943266086
0.2018575693
0.2099135516
0.2165652593
0.2188491341
0.2236946672
0.2208405314
0.2147891212
0.2169125262
0.2170076831
0.2116130734
0.2080972861
0.2033651071
0.2010022189
0.2126373237
0.2117660264
0.2099067643
0.2075544255
0.2063123673
0.2012150729
0.2089185149
0.2071565832
0.1992653712
0.2018842425
0.1942264159
0.1960247410
0.1932272665
0.1889749110
0.1823743004
0.1777256376
0.1699811475
0.1674680555
0.1682205463
0.1705407565
0.1683459085
0.1696871636
0.1719072805
0.1757177957
0.1740378086
0.1823988890
0.1905506156
0.1925212628
0.2015895683
0.2097755941
0.2129053477
0.2212533924
0.2257603788
0.2202126310
0.2073238598
0.1926884190
0.1955210588
0.2023942267
0.1922258030
0.1738411411
0.1651743807
0.1436956330
0.1371929885
0.1098414796
0.1159974360
0.1219299640
0.1076644842
0.1060860250
0.1089246687
0.1109513351
0.1136688130
0.1131814137
0.1222284849
0.1294251289
0.1408988460
0.1472478207
0.1539775445
0.1616591755
0.1738320617
0.1821351892
0.1935946310
0.2032923188
0.2148596126
0.2190722488
0.2149406369
0.2064959314
0.2098624711
0.2161873916
0.2161026813
0.2194901671
0.2287585617
0.2338554312
0.2381270053
0.2421454236
0.2510168615
0.2533352711
0.2581035837
0.2591426737
0.2626855659
0.2699132034
0.2658127366
0.2665890289
0.2666819158
0.2703214464
0.2708284622
0.2748798461
0.2828976968
0.2844755795
0.2825243452
0.2843614544
0.2830903538
0.2846420729
0.2837148979
0.2796489222
0.2774732056
0.2764605147
0.2743677876
0.2671687282
0.2559501706
0.2569714161
0.2579644562
0.2505975489
0.2454970043
0.2384561934
0.2580075686
0.2663158142
0.2597693706
0.2274797491
0.1980364111
0.1999269539
0.2241679981
0.1704502028
0.2190823068
0.2066434843
0.2037960768
0.1703129555
0.1748237737
0.1801554605
0.1779392603
0.1638322802
0.1833302500
0.1914287055
0.1912534106
0.1949277810
0.2013251268
0.2127110407
0.2083884221
0.2183608960
0.2127302709
0.2151467274
0.2184453917
0.2183803382
0.2203600679
0.2229739469
0.2302406602
0.2310898934
0.2321617896
0.2387980543
0.2381158917
0.2443346572
0.2473255098
0.2545079815
0.2528188454
0.2537950306
0.2542849478
0.2583161542
0.2542760477
0.2610984263
0.2613058452
0.2605705650
0.2671773810
0.2647122499
0.2724805220
0.2754719835
0.2763149297
0.2796458693
0.2802992542
0.2824539173
0.2819624444
0.2866460256
0.2909730724
0.2984606202
0.2939779623
0.2963299320
0.2942350176
0.2977216469
0.2927692260
0.2924440457
0.2880094976
0.2782821687
0.2710183007
0.2602334827
0.2711553836
0.2549181935
0.2498501255
0.2519200702
0.2090847423
0.2299684235
0.1996194081
0.2012830151
0.1954106019
0.1864624920
0.1771416849
0.1552079776
0.1665304123
0.1674007723
0.1805235628
0.0925810251
0.1017406305
0.1494262671
0.1579476196
0.1639731318
0.1576240384
0.1494908749
0.1489883531
0.1495179097
0.1525395208
0.1552716477
0.1604416912
0.1697542136
0.1729150742
0.1748739882
0.1799899525
0.1821003967
0.1852482700
0.1905109942
0.1918420664
0.1979438958
0.2005869866
0.2072790518
0.2126521724
0.2175362051
0.2223119616
0.2239619083
0.2296811272
0.2341787699
0.2376390520
0.2402492088
0.2419880952
0.2407681211
0.2486076254
0.2464465934
0.2515580754
0.2525250243
0.2593278443
0.2615031545
0.2638399779
0.2642136554
0.2623601648
0.2615540444
0.2569927662
0.2613315407
0.2617529432
0.2616141998
0.2593670815
0.2600319950
0.2569238607
0.2562221083
0.2532642784
0.2479808425
0.2507941588
0.2442703545
0.2532928997
0.2714774514
0.2439685116
0.2258133611
0.1857566205
0.1757024141
0.1916892866
0.2123498951
0.2025928659
0.1830379830
0.1582215245
0.1601803703
0.1541866659
0.1688283239
0.1512426925
0.1427195152
0.1378215435
0.1467793662
0.1518236254
0.1522119092
0.1562215408
0.1588828409
0.1633970538
0.1624520094
0.1656934545
0.1675749236
0.1707781148
0.1768234005
0.1800248866
0.1841015250
0.1889784455
0.1929481026
0.1958148172
0.2006455088
0.2031943670
0.2065988162
0.2103075779
0.2121545555
0.2211995631
0.2223622943
0.2284254352
0.2290759569
0.2312062075
0.2301093611
0.2330661958
0.2367121173
0.2393408619
0.2404087402
0.2442345632
0.2487865285
0.2546970338
0.2577640288
0.2600384225
0.2599377661
0.2590902830
0.2583848870
0.2625575053
0.2616394350
0.2584584799
0.2547875235
0.2522120980
0.2484492239
0.2414585695
0.2349125134
0.2242004190
0.2277278606
0.2166758902
0.2198581426
0.2248320542
0.2243614548
0.2139529662
0.1934685113
0.2044834289
0.1859714080
0.1687550507
0.1512608402
0.1960775229
0.1868536567
0.1919057923
0.1874898901
0.1895059180
0.1924218082
0.1976167134
0.2001187845
0.2007040847
0.2071759558
0.2086755240
0.2143607584
0.2149105662
0.2147390253
0.2144348124
0.2227407287
0.2251880808
0.2315254808
0.2353948114
0.2350970289
0.2414107522
0.2472536287
0.2510982325
0.2574334579
0.2629815240
0.2658588793
0.2675515627
0.2774353448
0.2763694735
0.2797732145
0.2805747520
0.2863574329
0.2900823527
0.3060101091
0.3160293401
0.3177166074
0.3165509757
0.3152574212
0.3172747583
0.3069014956
0.3042185428
0.3055503801
0.3124801925
0.3313637853
0.3452139361
0.3603328747
0.3737513513
0.3794199649
0.3912489953
0.3986039294
0.4045891338
0.4150708808
0.4008550691
0.3883539429
0.3813258391
0.3999526661
0.3984777865
0.4142094973
0.4311950173
0.4341534654
0.4357951798
0.4280591824
0.4127511991
0.3853210636
0.3900839116
0.3983351066
0.3870390193
0.3818672671
0.4288402685
0.3751264862
0.3690750115
0.3709288954
0.3624771453
0.3574739836
0.3495129835
0.3521432520
0.3553900528
0.3601216981
0.3610467240
0.3618488302
0.3615661662
0.3623143660
0.3623259744
