3.2621635203
3.2838651620
3.2538232074
3.2183988274
3.1455311427
3.0436846660
2.8894916324
2.8624458904
2.6885668155
2.6327034355
2.6265508098
2.6302528498
2.6220804464
2.6188094365
2.6157580259
2.6143861054
2.6127078712
2.6087527786
2.6043703421
2.5928582484
2.5819248534
2.5735921691
2.5703243216
2.5704515774
2.5761712041
2.5907603510
2.5733787587
2.5207080099
2.5093490819
2.5014698358
2.4982845227
2.5023765108
2.4974449223
2.4868502456
2.4824803667
2.4801473322
2.4729976586
2.4686629212
2.4569457416
2.4484865684
2.4358523682
2.4282577087
2.4372209774
2.3711883361
2.2616998244
2.1933414993
2.0981828208
1.8747188433
1.7404458439
1.6395987234
1.4546069279
1.3586758548
1.1898464632
1.1004887545
1.0159748239
0.9759712828
0.8578766552
0.8004312582
0.6941138608
0.6329926830
0.6129104699
0.5686530534
0.5445538321
0.5292271773
0.4871368716
0.4799180996
0.4712319215
0.4707813371
0.4754334467
0.4904388962
0.5037314064
0.5144890660
0.5229819147
0.5325500983
0.5484208657
0.5748439225
0.5797500896
0.5822399903
0.5764200933
0.5701185283
0.5524136442
0.5383123251
0.5296645494
0.5239573411
0.5099435362
0.5025510848
0.4917435150
0.4810789138
0.4759617194
0.4690052715
0.4613758721
0.4542457608
0.4480138241
0.4426472250
0.4400222573
0.4342163146
0.4286661893
0.4219857519
0.4184061042
0.4127618856
0.4099643440
0.4089379790
0.4039443796
0.3969103300
0.3923770003
0.3877391728
0.3844419505
0.3726892353
0.3684192059
0.3691088042
0.3704165197
0.3694712285
0.3672477351
0.3656756313
0.3673568377
0.3630448636
0.3574700832
0.3568551678
0.3580823411
0.3588677513
0.3555763522
0.3526411272
0.3528232646
0.3537979183
0.3517747797
0.3517179732
0.3475498496
0.3439047352
0.3424985750
0.3444630301
0.3482870951
0.3494816571
0.3507256337
0.3520517574
0.3492730897
0.3489559156
0.3456537136
0.3456153785
0.3494773266
0.3519377411
0.3570429074
0.3590896420
0.3573442157
0.3587515188
0.3617052367
0.3738033156
0.3759978908
0.3742166936
0.3772516998
0.3892707273
0.3888268696
0.3857201279
0.3779006056
0.3775095134
0.3745570578
0.3715048946
0.3563750426
0.3486754433
0.3420315229
0.3389668628
0.3340225087
0.3329903973
0.3381536904
0.3565420777
0.3593484628
0.3606566944
0.3626810044
0.3631814437
0.3659442645
0.3656345028
0.3646047168
0.3634951443
0.3668164198
0.3703165369
0.3669077291
0.3644339610
0.3663606325
0.3627122218
0.3497033248
0.3311689220
0.3089423738
0.3064220428
0.3084224856
0.3389049984
0.3990087222
0.4023216296
0.3890212919
0.3692733201
0.3565587939
0.3523828571
0.3442654514
0.3361816787
0.3215562992
0.3029192929
0.2906825028
0.3036870390
0.3605701910
0.4521474307
0.5019153688
0.6124951983
0.6609400914
0.6976841607
0.7981098235
0.8492370134
0.9052229366
0.9339845155
0.9410166508
0.9516303843
0.9514168729
0.9633374651
0.9740512428
0.9831921943
0.9933318276
1.0184325077
1.0114160889
1.0276423033
1.0318448185
1.0272133137
1.0167689934
1.0251029946
1.0312091010
1.0486851292
1.0531683925
1.0594876158
1.0564715300
1.0668948741
1.0754593547
1.0884738149
1.1081416394
1.1069164383
1.1058299873
1.1082188140
1.0954689634
1.0910423342
1.0610369490
1.0124059227
0.9936842728
0.9421869547
0.9388001638
0.9290953682
0.8596880143
0.8618216484
0.8637318015
0.7926212298
0.8097065212
0.7710084571
0.7836490517
0.8021393773
0.7811545430
0.7909242792
0.7799263481
0.7823664706
0.7981275405
0.7915759336
0.7989967610
0.8171754389
0.8368394994
0.8398876502
0.8525525164
0.8563485991
0.8758622314
0.8816591929
0.9106104668
0.9168072340
0.9477933956
0.9608247165
0.9705095347
0.9665329283
0.9604447690
0.9515275158
0.9282175290
0.9233867707
0.9069524247
0.8803622224
0.8697692913
0.8626601819
0.8548513784
0.8554679193
0.8632908126
0.8733373156
0.8826503307
0.9113243398
0.9141483724
0.9417109661
0.9635938006
0.9876021845
1.0036035754
1.0064660937
1.0161800889
1.0260998536
1.0308291348
1.0245482453
1.0211229065
1.0163614642
1.0057513887
1.0051397416
1.0049349073
1.0095280596
1.0166359994
1.0231790404
1.0324926224
1.0373257992
1.0258343446
0.9986082782
0.9774506458
0.9244902041
0.8848083373
0.8662771817
0.7780183344
0.7351111760
0.7120525190
0.7162560420
0.7208625177
0.7143256230
0.7163690875
0.7192079959
0.7152038843
0.7107167336
0.7185354026
0.7268647687
0.7261566862
0.7757240335
0.7907942254
0.8094394563
0.8046675745
0.8081870913
0.8115512913
0.8135078096
0.8298774047
0.8407348505
0.8560818488
0.8576262057
0.8518796263
0.8434616081
0.8278774181
0.8140960637
0.8109029480
0.8159020027
0.8146237660
0.8217263717
0.8338411081
0.8268134302
0.8245513451
0.8150095719
0.8068336893
0.7876564544
0.7883683215
0.7894183372
0.7903372295
0.7885922848
0.7858023213
0.7732264143
0.7618530222
0.7448728073
0.7454240170
0.7380801926
0.7334492771
0.7466645860
0.7563635375
0.7566868188
0.7670907837
0.7733701695
0.8067137070
0.8372923188
0.8343172307
0.8483665218
0.8429910021
0.8485725453
0.8401161549
0.8535007638
0.8636283215
0.8641455064
0.8760977140
0.8769362161
0.8723597539
0.8559993315
0.8368366416
0.8180508342
0.7971353861
0.7747005664
0.7725859334
0.7631417364
0.7648375944
0.7566787995
0.7597024282
0.7672304406
0.7524306892
0.7524125778
0.7395080812
0.7294172491
0.7214762444
0.7078790438
0.6995308895
0.7091720609
0.7246985435
0.7481990980
0.7906906605
0.8295456558
0.8636172694
0.9065216388
0.9356594709
0.9892742780
1.0089202217
1.0066916053
0.9780323605
0.9549234677
0.9161810214
0.8570038988
0.8213014943
0.7913799579
0.7677409176
0.7693179895
0.7623329183
0.7753074060
0.7775513997
0.7786274171
0.7983677201
0.7975763427
0.7990863197
0.8061989070
0.8122946666
0.8144873977
0.8138815784
0.8122271649
0.8144918119
0.8090376362
0.8038574021
0.7968359675
0.7893331355
0.7831052642
0.7839385081
0.7883790237
0.7937147866
0.8076409710
0.8242823382
0.8492373623
0.8583917804
0.8779156578
0.8987724249
0.9144705570
0.9191259149
0.9438062422
0.9692836951
0.9683246545
0.9789734635
0.9737289988
0.9575957769
0.9345102689
0.9111378152
0.8683807267
0.8666170127
0.8423936411
0.8244939567
0.8069687767
0.7762831580
0.7723121908
0.7689939538
0.7348863006
0.7316292281
0.7251643872
0.7188377439
0.7115613139
0.7083808485
0.6822225922
0.6804474589
0.6740943874
0.6697877549
0.6678612216
0.6664499850
0.6669496014
0.6686936853
0.6744168430
0.6752893348
0.6877760262
0.6962390291
0.6785374389
0.6841247461
0.6871913680
0.6841361543
0.6473723731
0.6363602487
0.6239896550
0.5904105415
0.5733261234
0.5459553531
0.5341791116
0.5176933535
0.5143882409
0.5068900888
0.5038954312
0.4937265157
0.4870079110
0.4810908866
0.4759618313
0.4668595549
0.4679435735
0.4684965977
0.4678348840
0.4620860739
0.4482852670
0.4482087669
0.4478494955
0.4539722396
0.4697048776
0.4831630210
0.4743842287
0.4822357724
0.4856764227
0.4882777866
0.4867587583
0.4898499762
0.4930064393
0.4973974686
0.5024323853
0.5044183846
0.4940952246
0.4722284775
0.4491685169
0.4039094339
0.3187682971
0.2566689734
0.2407706748
0.2506751854
0.2595528508
0.2766811167
0.3016566879
0.3156943098
0.3328161463
0.3325167964
0.3229259875
0.3151816975
0.2996437159
0.2973110600
0.2979796223
0.2996290116
0.2933545134
0.2900636441
0.2822254198
0.2831806707
0.2757884179
0.2762246807
0.2728515509
0.2686002801
0.2632232417
0.2614315020
0.2674445789
0.2655181699
0.2657659764
0.2550729673
0.2435630840
0.2449820733
0.2400985702
0.2388983875
0.2436574947
0.2491851488
0.2614092572
0.2652764316
0.2618464098
0.2628396167
0.2570365154
0.2513605900
0.2500723079
0.2442576832
0.2385893673
0.2370330204
0.2332317280
0.2348434081
0.2326449723
0.2244474877
0.2091725200
0.2009645630
0.1945945361
0.1973942974
0.1950403849
0.2032298467
0.2263963374
0.2531097524
0.2776572137
0.2716890526
0.2690720253
0.2768812222
0.2715024023
0.3005722097
0.3213296419
0.3319963064
0.3735108292
0.3818467705
0.4080768247
0.4124337567
0.4111538981
0.4147518662
0.4142523583
0.4177002879
0.4094869619
0.4139689285
0.4114325234
0.4093136179
0.3999971797
0.3991285000
0.3928731702
0.3953745846
0.3953415142
0.3948605228
0.3806644030
0.3907891787
0.3854400908
0.3609672479
0.3643675413
0.3582209940
0.3196576599
0.2989442144
0.2947922907
0.2918858473
0.2883207584
0.2815412576
0.2860413557
0.2810172260
0.2721307951
0.2663030055
0.2629851844
0.2557144724
0.2336092123
0.2446573768
0.2383333024
0.2481903675
0.2295497142
0.2434337025
0.2553298198
0.2663646861
0.2884405213
0.2964122621
0.2998431394
0.3083917603
0.3043467955
0.3069222914
0.2981929228
0.2901427219
0.2925684587
0.2895368372
0.2889423794
0.2855922674
0.2865179280
0.2882816125
0.2945909605
0.2995044136
0.2967524485
0.2993328179
0.3002067013
0.3050099829
0.2923150304
0.2933056489
0.2899741526
0.2928221148
0.2831618418
0.2855372515
0.2770780891
0.2797027497
0.2700602473
0.2764183574
0.2722086478
0.2759130533
0.2764917257
0.2835905454
0.2740782370
0.2822097033
0.2666935085
0.2796448057
0.2788774595
0.2843309655
0.2770189693
0.2810391880
0.2665664788
0.2659508453
0.2517692143
0.2455544047
0.2284319696
0.2250624349
0.2156280282
0.2132147061
0.2032192504
0.1958731231
0.1895318527
0.1841848218
0.1763720361
0.1607990471
0.1509996444
0.1419674365
0.1308974280
0.1242871702
0.1195772549
0.1263803168
0.1231665267
0.1282153128
0.1323566326
0.1385653027
0.1396664690
0.1480637052
0.1425146845
0.1467330950
0.1446713711
0.1495917294
0.1487567740
0.1475011506
0.1478635388
0.1452008774
0.1468389598
0.1539751767
0.1613918519
0.1714769174
0.1763402313
0.1727737135
0.1727096265
0.1724004924
0.1712623327
0.1685636762
0.1690827337
0.1636313195
0.1587311032
0.1546090452
0.1544920022
0.1537027351
0.1528105553
0.1542316548
0.1514427299
0.1524558368
0.1537322868
0.1562134389
0.1534079569
0.1481308883
0.1474295981
0.1405490951
0.1418620064
0.1364563231
0.1289456477
0.1204210380
0.1226611291
0.1147228576
0.1019375819
0.0739047368
0.0439315504
0.0382658295
0.0626320470
0.0664121524
0.0773847125
0.0900656383
0.1221545918
0.1580766485
0.1985720957
0.2460642483
0.2848885500
0.2946163056
0.2899457230
0.2863548881
0.2845143507
0.3008512774
0.3137031308
0.3136291296
0.3573761942
0.3444047580
0.3269452387
0.3075750653
0.2926102124
0.2854642449
0.2841420317
0.2922539220
0.3063294499
0.3233618989
0.3459424130
0.3689538808
0.3948262057
