0.5761204146
0.5818219370
0.5812036589
0.5805244977
0.5690139252
0.5594992763
0.5422056668
0.5401251913
0.5172145600
0.5115226749
0.5117011489
0.5163753467
0.5173985570
0.5238970235
0.5241878600
0.5240526602
0.5165571562
0.5159814927
0.5152558957
0.5128426688
0.5163864832
0.5150670318
0.5015667442
0.5026668924
0.5037729100
0.5064405630
0.5071147315
0.4950971707
0.4923946402
0.4898292803
0.4762124281
0.4746135417
0.4666588063
0.4656046916
0.4601053090
0.4589578795
0.4591831450
0.4550851943
0.4565976381
0.4570533898
0.4601550232
0.4645599165
0.4728730763
0.4756337632
0.4733048246
0.4672152503
0.4673145036
0.4669241254
0.4658163435
0.4612555399
0.4648857164
0.4675508263
0.4756471869
0.4811414983
0.4911268565
0.4979722639
0.5124236092
0.5189764956
0.5345867475
0.5417837924
0.5502959809
0.5560013227
0.5586772645
0.5633356681
0.5730110208
0.5772905858
0.5856942432
0.5926094351
0.5970218258
0.6020973284
0.6134947529
0.6173954237
0.6218415007
0.6263342986
0.6316726188
0.6381758232
0.6402802676
0.6411372714
0.6405573146
0.6391912813
0.6357140980
0.6329584165
0.6305882805
0.6293073026
0.6279070985
0.6263680673
0.6246954807
0.6224735931
0.6209728702
0.6194293788
0.6178489883
0.6160611394
0.6144872893
0.6139830141
0.6129713841
0.6112695211
0.6103438348
0.6089779437
0.6083960702
0.6069425513
0.6062641982
0.6055976487
0.6046456636
0.6034862787
0.6025246910
0.6010442484
0.6002387868
0.6003349705
0.6001154371
0.5989628694
0.5979066544
0.5971429359
0.5964218561
0.5952742089
0.5942005874
0.5941438712
0.5946653761
0.5944696802
0.5942066186
0.5935808943
0.5929348825
0.5932729720
0.5936375407
0.5940747755
0.5942888499
0.5941247335
0.5944200348
0.5951873948
0.5958942148
0.5961627268
0.5965281251
0.5968717919
0.5974371271
0.5980244294
0.5987416868
0.5996153312
0.6002465114
0.6007027908
0.6013259115
0.6024719381
0.6032949111
0.6039694565
0.6042814946
0.6042378217
0.6041510665
0.6048360330
0.6056783234
0.6057431938
0.6057887530
0.6073440551
0.6077599066
0.6079114163
0.6080071487
0.6083066325
0.6083596446
0.6082972387
0.6078700831
0.6080716982
0.6078936474
0.6099045816
0.6102668364
0.6102359040
0.6107203732
0.6162297905
0.6158265015
0.6152852229
0.6139359034
0.6112618958
0.6116728793
0.6125529687
0.6110319651
0.6107185350
0.6088665408
0.6075237439
0.6022486540
0.6001986709
0.6008464235
0.5986397611
0.5925683063
0.5930777892
0.5916784712
0.5898597994
0.5894161123
0.5890471453
0.5836941847
0.5817984839
0.5831638191
0.5853162175
0.5877228929
0.5910641918
0.5926495576
0.5924346251
0.5901671604
0.5838828048
0.5744556242
0.5598180150
0.5450525819
0.5276301786
0.5180010325
0.4984014718
0.4867759939
0.4763812667
0.4595305728
0.4480526724
0.4315543426
0.4213168669
0.4108677480
0.4013198369
0.3930643008
0.3858695546
0.3780137710
0.3717515034
0.3698108310
0.3668520445
0.3617195763
0.3582667512
0.3532678121
0.3491239492
0.3463408066
0.3442812766
0.3393587505
0.3367082659
0.3313041265
0.3247762213
0.3127878645
0.3091411384
0.3028728140
0.2952889806
0.2898666868
0.2865380992
0.2856535381
0.2815674240
0.2804490560
0.2787636921
0.2803260581
0.2836436264
0.2857937261
0.2918721112
0.2939577394
0.2958974788
0.3016624548
0.3003582095
0.2976780771
0.2976506327
0.2924379127
0.2931346124
0.2892867199
0.2898865958
0.2931818069
0.2921561354
0.2919272728
0.2829205958
0.2674740996
0.2552601222
0.2474426618
0.2431722444
0.2394934763
0.2324674395
0.2310661446
0.2233171921
0.2198063464
0.2101158667
0.2030259310
0.1965613622
0.1847044845
0.1794331212
0.1715030132
0.1673500759
0.1661591038
0.1672868131
0.1685011482
0.1714449322
0.1702668636
0.1667855253
0.1594945352
0.1548471958
0.1460440899
0.1403996307
0.1330751315
0.1315508650
0.1247478387
0.1286329421
0.1243536516
0.1312600660
0.1362078067
0.1453065505
0.1515819636
0.1509003779
0.1529617710
0.1542316348
0.1528219351
0.1519461070
0.1502569691
0.1443454254
0.1408060977
0.1374450687
0.1336923294
0.1312275026
0.1293192162
0.1264742564
0.1227885316
0.1248976190
0.1195991088
0.1209667558
0.1172034463
0.1214374379
0.1168259691
0.1168722653
0.1046971105
0.1025267474
0.0917145573
0.0854218903
0.0778034720
0.0714728404
0.0694961903
0.0645182993
0.0608450660
0.0563896910
0.0565983591
0.0517692721
0.0465371349
0.0470741524
0.0434641584
0.0463404429
0.0497067437
0.0567346472
0.0596413855
0.0662849003
0.0684640161
0.0688068657
0.0651342423
0.0660068252
0.0621560621
0.0608997498
0.0536541144
0.0569202844
0.0684512668
0.0686438628
0.0657976229
0.0646682052
0.0650031325
0.0640514162
0.0646380555
0.0644861818
0.0640999443
0.0653585437
0.0678413673
0.0714164474
0.0742416631
0.0758928805
0.0719495972
0.0748864799
0.0756203654
0.0765836554
0.0769485830
0.0768769560
0.0757421422
0.0737616882
0.0719689461
0.0717498841
0.0704850895
0.0716802353
0.0736987454
0.0758251370
0.0894794828
0.0950239162
0.0997350227
0.1075347922
0.1120130757
0.1168654685
0.1226895272
0.1206868705
0.1269036885
0.1352343499
0.1450110366
0.1555938363
0.1641924505
0.1663416760
0.1754748077
0.1859201819
0.1882186879
0.1962729007
0.2040585580
0.2051532271
0.2091722680
0.2126751038
0.2144334796
0.2202548580
0.2205739139
0.2202111924
0.2198928466
0.2227157371
0.2225767563
0.2263925939
0.2225618577
0.2180925513
0.2183242657
0.2127501823
0.2125789878
0.2109082489
0.2106838414
0.2133206313
0.2159453077
0.2207113704
0.2232960828
0.2241200079
0.2293292511
0.2322264222
0.2394302018
0.2446419524
0.2493457458
0.2539807547
0.2572008691
0.2681623602
0.2681340486
0.2727401694
0.2760789683
0.2814677440
0.2902924254
0.3004879251
0.3067110035
0.3139000427
0.3177859492
0.3223261278
0.3277027605
0.3345361225
0.3404972675
0.3502636283
0.3444267612
0.3496936106
0.3548083516
0.3563787811
0.3541334924
0.3456145270
0.3332042966
0.3174174357
0.3111192759
0.3000591756
0.2964435924
0.3096572554
0.3343751274
0.3550515096
0.3789987857
0.4196606967
0.4371425665
0.4283723897
0.3931573904
0.3822810142
0.3715058192
0.3536625008
0.3507149137
0.3401358224
0.3343642322
0.3343197098
0.3318727913
0.3337729693
0.3316739353
0.3355907851
0.3375879737
0.3412257435
0.3479268764
0.3566854374
0.3540640799
0.3513837922
0.3527272334
0.3513992466
0.3483437417
0.3442548931
0.3410964947
0.3387096321
0.3365655984
0.3384489032
0.3380572391
0.3376936712
0.3411879954
0.3424431803
0.3448787454
0.3486225202
0.3492825201
0.3471972724
0.3473405734
0.3477893009
0.3490415841
0.3490260980
0.3500777406
0.3530258157
0.3557693449
0.3593439335
0.3642667148
0.3622445577
0.3592762655
0.3560171290
0.3557086395
0.3532420691
0.3528512693
0.3552822422
0.3524728626
0.3542799691
0.3563415025
0.3670208271
0.3742517466
0.3790296633
0.3876631825
0.3893156685
0.3859274659
0.3879108366
0.3862861986
0.3784266055
0.3714418483
0.3651652591
0.3543386671
0.3504059400
0.3469469738
0.3452046367
0.3445784735
0.3513828345
0.3492601778
0.3467968787
0.3340108254
0.3171220745
0.3077469016
0.3033244423
0.2954427008
0.2913962395
0.2876531608
0.2824371873
0.2756194821
0.2743479434
0.2787425505
0.2802412985
0.2774515679
0.2733843858
0.2745129032
0.2829048544
0.2998939545
0.3105053640
0.3202507259
0.3276035937
0.3185886006
0.3229034896
0.3241842382
0.3277283047
0.3330678822
0.3322345802
0.3344394891
0.3385966735
0.3407943612
0.3427806187
0.3501692361
0.3515821069
0.3551491061
0.3563371134
0.3592559084
0.3667980750
0.3656104503
0.3721020056
0.3685423035
0.3715323555
0.3750196552
0.3808398626
0.3870490362
0.3923421979
0.3957083670
0.3979218753
0.4037392632
0.4047425919
0.4070732640
0.4129648642
0.4146299515
0.4205523957
0.4264062841
0.4332024914
0.4413496407
0.4126806828
0.4193845563
0.4239867151
0.4264289251
0.4218010232
0.4220125972
0.4207449118
0.4102345619
0.4051766229
0.3869329062
0.3754813909
0.3712054881
0.3640591063
0.3619955548
0.3591599872
0.3590331749
0.3508875440
0.3506816619
0.3493424638
0.3486711505
0.3514077718
0.3442081121
0.3445511397
0.3459086256
0.3480767571
0.3417988360
0.3418130022
0.3417796960
0.3409294681
0.3418054235
0.3315694874
0.3341206917
0.3342228573
0.3229044157
0.3210707320
0.3162038504
0.3075722090
0.3000928320
0.2948409200
0.2918564154
0.2858505883
0.2797287352
0.2750443990
0.2671000415
0.2635167845
0.2600488397
0.2577359138
0.2541057644
0.2562593835
0.2540159081
0.2564283785
0.2539951348
0.2535270972
0.2532626205
0.2499670244
0.2411048820
0.2329796105
0.2321700104
0.2224118769
0.2176891473
0.2168089225
0.2120332192
0.2081889246
0.2099812037
0.2058228812
0.2068051811
0.2036942450
0.2046466355
0.1991580430
0.1943097535
0.1908316499
0.1859561507
0.1834674934
0.1825821436
0.1787897069
0.1772265493
0.1771031453
0.1737732232
0.1723011110
0.1680781178
0.1685060462
0.1668972585
0.1671786359
0.1696485883
0.1700362311
0.1693479492
0.1722377338
0.1690564558
0.1713002302
0.1741439735
0.1762044166
0.1807823645
0.1837364055
0.1857658519
0.1928346737
0.1934606990
0.1814871056
0.1825404922
0.1832460321
0.1800205356
0.1798856974
0.1781606629
0.1788353643
0.1809581537
0.1878337712
0.1917651614
0.2009932041
0.2063406742
0.2103150655
0.2118624119
0.2106636283
0.2081777106
0.1998754925
0.1948886315
0.1859436016
0.2128233376
0.2118781334
0.2099655681
0.2077902097
0.2015172934
0.2003196456
0.2006005435
0.1957124065
0.1962331472
0.1891961942
0.1853846288
0.1810163708
0.1784762898
0.1808250967
0.1778274146
0.1784292091
0.1767115678
0.1784522048
0.1794176434
0.1862293088
0.1877753858
0.1921833950
0.1904912927
0.1941124700
0.1910455183
0.1950527826
0.1927349400
0.1980017124
0.1943533982
0.1895368926
0.1854071036
0.1810291158
0.1861405000
0.1823033371
0.1798622001
0.1788380990
0.1764443118
0.1720571900
0.1733995826
0.1725106435
0.1722555187
0.1701827915
0.1689198816
0.1689754756
0.1660503907
0.1653300907
0.1612037589
0.1589350094
0.1583322679
0.1560779938
0.1566089548
0.1578413301
0.1587746514
0.1620689952
0.1683199951
0.1721641333
0.1753008032
0.1807681804
0.1821283787
0.1859355025
0.1912297648
0.1934760045
0.1934694382
0.1947238915
0.1997349113
0.2028228968
0.2059107197
0.1624397750
0.1604879888
0.1574196735
0.1556119104
0.1517045614
0.1543334283
0.1561622154
0.1524109595
0.1476780149
0.1485807112
0.1547818359
0.1571022283
0.1608897755
0.1653001735
0.1627477698
0.1517382531
0.1423118684
0.1393854445
0.1307832030
0.1304582690
0.1297644299
0.1286144976
0.1289117308
0.1342030901
0.1383306177
0.1427336611
0.1475099085
0.1563180761
0.1620277196
0.1665423170
0.1696328139
0.1758341228
0.1836901233
0.1912292717
0.1710822392
0.1719546434
0.1714159275
0.1733596124
0.1780149765
0.1824507186
0.1882201435
0.1943245314
0.1993889383
0.1993855686
0.2022776396
0.1995350555
0.2014422580
0.1974545110
0.1979003200
0.2010787449
0.1977049240
0.1918474046
0.1936125142
0.1895141606
0.1966580368
0.2029088481
0.2130752209
0.2230769061
0.2314626100
0.2411139268
0.2478821985
0.2519855752
0.2537656784
0.2521291144
0.2485253322
0.2438861660
0.2415492754
0.2399501896
0.2439025321
0.2437799473
0.2509882884
0.2533312907
0.2604588858
0.2596656554
0.2618074206
0.2647905389
0.2707217888
0.2859553417
0.3003532128
0.3168706182
0.3251558806
0.3363311232
0.3408201795
0.3421367783
0.3473362698
0.3514857689
0.3529579837
0.3574405371
0.3617319108
0.3626619168
0.3659966049
0.3729020909
0.3687465626
0.3662678511
0.3634187970
0.3687089001
0.3650384413
0.3585622514
0.3563372928
0.3547011977
0.3565115179
0.3559753865
0.3547398587
0.3558329218
0.3559801615
0.3539679079
0.3545503065
0.3522256137
0.3512103394
0.3524314251
0.3596322696
0.3571701665
0.3617084443
0.3600124323
0.3595545948
0.3617332334
0.3611100595
0.3603544144
0.3652152388
0.3651499888
0.3684373539
0.3654009889
0.3615292185
0.3595224934
0.3576477840
0.3552157890
0.3310704170
0.3223959692
0.3199183625
0.3283692102
0.3277700952
0.3301413438
0.3313968097
0.3301905323
0.3297093998
0.3292668501
0.3291633818
0.3277300898
0.3256413446
0.3239211012
0.3206699149
0.3195198004
0.3189841706
0.3191113474
0.3192140121
0.3191431676
