3.9102326610
3.9486411797
3.9263871212
3.9641118543
3.9653831285
3.9983061580
3.9762963921
3.9729845028
3.9793392966
3.9829619656
3.9804071650
4.0192984451
4.0403611960
4.0610196326
4.0316456861
3.9934447131
3.9363076055
3.8590292056
3.8374440870
3.8626507308
3.8733415317
3.8654673806
3.8725802253
3.8925855609
3.9103883450
3.9594435619
4.0521223758
4.0558423879
4.0002541924
4.1464707658
4.2268382481
4.2889865215
4.3914739794
4.4783442623
4.5241748328
4.5977662263
4.6668677836
4.7758824572
4.8654211982
4.9633136610
5.0593319670
5.1860425573
5.3229218148
5.4580155711
5.5446718669
5.5788566783
5.6349247950
5.5942891829
5.5277652815
5.3944932365
5.2285928454
5.0605314072
4.7705222188
4.5372416076
4.1661300609
3.7373168820
3.2810372884
2.8452111084
2.4613086067
2.1191817316
1.8614475660
1.6681467976
1.5204778396
1.5555369391
1.5389254399
1.5600566299
1.5753205857
1.6107324731
1.6219897353
1.6818535228
1.6681458069
1.7033563441
1.7364349604
1.7361171651
1.8212446037
1.8124696390
1.8276359321
1.8638502012
1.8755828992
1.8182453126
1.7762836135
1.8030930669
1.7144341607
1.6745493589
1.5821567455
1.5209852193
1.5309024125
1.5161138876
1.5113299226
1.4891377014
1.4695008320
1.4421530027
1.4403302547
1.4348355733
1.4182143914
1.4497426375
1.4669561483
1.4758486022
1.4494607365
1.3177111170
1.2684251207
1.2180649221
1.2006231100
1.2175070619
1.2436894683
1.2655860141
1.2657415684
1.2477819423
1.2037525744
1.2085993743
1.1651603594
1.1671022853
1.1648514042
1.1681164865
1.1581144994
1.1708463566
1.1382067981
1.0870057396
1.0804261465
1.0963964598
1.0757664198
1.1618834193
1.1977715326
1.1781309108
1.1261281099
1.0852859145
1.0858173590
1.0399999462
1.0338590134
1.0686356613
1.0805604192
1.0103147754
0.9863078019
0.9261805881
0.8543904824
0.7482386136
0.6610095590
0.7615958269
0.8885640079
1.0751775097
1.2262032729
1.4455879365
1.5012017104
1.5544317866
1.5759941748
1.5954293304
1.5789979742
1.6499772241
1.7067617287
1.7041974202
1.6900309716
1.7427646233
1.7490970197
1.7681933520
1.7986923613
1.8096173884
1.8277627952
1.8079480571
1.7969846960
1.8162804509
1.8306656345
1.8828758285
1.9260513315
1.8822968392
1.9243525705
1.8806435567
1.8258111525
1.8020211362
1.7656090650
1.7635795058
1.7551934436
1.7582920098
1.7468463529
1.7618276850
1.7577134805
1.7420259538
1.8185354666
1.8706566121
1.9159492152
2.1811099387
2.2199839591
2.3370443388
2.4561141609
2.4764957840
2.4360781359
2.3993924965
2.4020609790
2.3857664657
2.3909036836
2.4021490649
2.4133868343
2.3489173232
2.3105811771
2.3213374501
2.2481086611
2.2658070916
2.3397718549
2.4665358512
2.4619435502
2.4160961466
2.3607581785
2.2332439608
2.1335136200
2.0601199724
2.0228859621
2.0936623579
2.0903370032
2.0098273240
1.6535417578
1.5751120928
1.5041451901
1.4871579675
1.4956884267
1.4621006800
1.4501890375
1.4383123455
1.4391798628
1.4617148929
1.5014766505
1.5390243880
1.6242047233
1.5795280227
1.5648593020
1.6384008033
1.6036608463
1.5776860629
1.6312800044
1.6041782272
1.6093209965
1.6028119283
1.5639527790
1.5417831735
1.5436814761
1.5526523502
1.5525551036
1.5975127137
1.6046057975
1.5997115516
1.6204482809
1.5509972078
1.5774318305
1.5963873824
1.5856274599
1.5806377808
1.5687432749
1.5630022511
1.5541891041
1.5914705643
1.5914560003
1.5787160941
1.6533173657
1.6483030704
1.6682824870
1.6421446706
1.6435985949
1.6402122326
1.6152867076
1.6166621557
1.5750134668
1.5890467133
1.5907899291
1.5979605223
1.6739481120
1.6672760833
1.8662081555
1.8610565768
1.8686888251
1.9112389503
1.9254346971
1.9417002883
1.9725513990
1.9969014339
2.0089768789
2.0316850975
2.1656016102
2.2254805575
2.2271433460
2.2973442042
2.3961017608
2.5014652056
2.4446157489
2.4198777835
2.4304382833
2.4120641927
2.4046572567
2.4413094294
2.5127110902
2.5934568079
2.7142514855
2.7777709749
2.8236907542
2.6828707042
2.5829020414
2.2838988381
1.9633472065
1.9102869836
1.8989070973
1.9103629712
1.8829627598
1.8555698282
1.8825216083
2.1413917351
2.1715514415
2.1042908456
1.9632807963
1.6210262728
1.6016624378
1.5818769735
1.4333759545
1.4456649616
1.4773497260
1.1596593273
1.2173749226
1.3157990234
1.1703005639
1.1445455544
1.2456056622
1.1771047785
1.1856562662
1.2001367588
1.1884246069
1.2723523151
1.2996386905
1.2972029463
1.2103598523
1.2279168879
1.2215719973
1.2688440384
1.2800312902
1.3699029133
1.3773706851
1.1045762257
1.2232056817
1.2009800942
1.4800394656
1.5245182917
1.1806313744
1.4233348617
1.5627451575
1.4049368528
1.4226906682
1.4463313156
1.4256786270
1.6689148740
1.5739657011
1.5572525031
1.7145031504
1.6740436612
1.8936879149
1.9926048308
2.0690985184
2.1741303530
2.1786091492
2.1543905967
2.1233087235
2.0808763539
2.1130829251
2.1866593132
2.1959567128
2.2017862561
2.2108319555
2.2146118932
2.2059247557
2.1875982365
2.1533025707
2.1178223666
2.1001204202
2.1115302928
2.0946260739
2.1057760900
2.1157668388
2.0834553199
2.0421080959
2.0626706152
2.0773545516
2.0460803591
2.0336926458
2.0899801372
2.1045475353
2.1187153255
2.1127034042
2.0929609863
2.1092659003
2.1758413759
2.1463124809
2.1066541297
2.0522150470
2.0351124824
2.0449493492
2.0576604781
2.1076156299
2.1881839145
2.3168618795
2.3917353691
2.4505235080
2.4876386260
2.4777665532
2.5071058508
2.5292048320
2.5182386127
2.5036692371
2.4890580359
2.4506084919
2.3865928933
2.3737339517
2.3006271154
2.2062041730
2.1488099972
2.1779120971
2.1697121041
2.1636031612
2.1799000686
2.1890940042
2.1783990491
2.2019000552
2.2186495456
2.2261716932
2.2482159866
2.3061715448
2.3490790506
2.3563938928
2.3621994537
2.3966764661
2.4240884488
2.5298609369
2.5903585819
2.5770629680
2.5758345870
2.5546120423
2.5609540550
2.6835238290
2.6075631974
2.8929094790
3.0052398139
3.0223791122
3.0574609125
3.0959479482
3.1393596035
3.1740141180
3.3014049089
3.2570153393
3.2008745386
3.4880271019
3.5586749634
3.6173887399
3.7681880430
3.7848791103
3.7596554014
3.8264738195
3.8299674827
3.8278309600
3.8616524522
3.8065998577
3.6499989391
3.5487114092
3.5936790614
3.3819418388
3.1676393969
3.1218798305
3.1952922235
3.2469280758
3.2841088426
3.2173293517
3.1872288953
3.1512522609
3.1493644388
3.1918298238
3.2048291105
3.2308879625
3.1616320846
3.0974891918
3.0540556733
3.1505727147
3.1659125347
3.1822378653
3.1473045117
3.0273194772
3.0245352403
3.0245239066
3.0016649830
2.9442711803
2.8954847967
2.7806528187
2.8574097426
2.9722532686
3.0470294044
3.1811290569
3.3522807941
3.4907519587
3.6132317251
3.6472135577
3.6036733418
3.6464850847
3.6372721518
3.6097168904
3.6276971552
3.6353574710
3.6365014939
3.6567832432
3.6978475129
3.7484873472
3.7767581989
3.8010508748
3.8308094716
3.8221368493
3.8291475059
3.8787553500
3.8718182932
3.8859089202
3.8887327017
3.7296483920
3.5828214742
3.5695165546
3.6047093472
3.9014557659
4.0903324133
4.1314107040
4.1954311493
4.2708349140
4.3453996979
4.3805222119
4.3706060336
4.3331992406
4.2130570806
4.2992024352
4.3977287860
4.4508716117
4.4764574246
4.3633539042
4.4330974141
4.5212372139
4.5315824298
4.5771963778
4.5455467003
4.4491211671
4.4067351743
4.4695346729
4.6197469449
4.4913860988
4.5283050959
4.6399488396
4.5625133743
4.5634096872
4.5702731416
4.6265497052
4.7509258207
4.8149887451
4.7546033233
4.7214159682
4.5250098610
4.4323610802
4.4928747135
4.5712352942
4.5191508527
4.3302147324
4.3242957260
4.3313011821
4.3802853778
4.4151614894
4.5219697568
4.5452654983
4.5281628027
4.6209114885
4.6245264808
4.5930614136
4.5155532742
4.4454643998
4.4321037508
4.4206097122
4.4002203873
4.3787962347
4.3694910063
4.3106646494
4.2910054460
4.2324324545
4.2088872716
4.2253935685
4.3262183421
4.3245460595
4.3016799652
4.2880036705
4.2983064781
4.2431611350
4.4984696175
4.4508418899
4.4501557971
4.4397515678
4.3659762412
4.2877536806
4.2487032488
4.3639134446
4.3061175829
4.2464014555
4.2732652315
4.2496073831
4.2330080888
4.2521911918
4.2202940926
4.1907578163
4.1464920477
4.0809153237
4.0438950330
4.0344940478
4.0270199599
4.0181247238
3.9548065689
3.9392453220
3.9760015076
3.9483856676
3.9298533850
3.8838359124
3.9300978238
3.9026614498
3.9004576059
3.9265288687
4.0082025946
4.0643256313
4.1270260886
4.0956100843
4.0659769438
4.1700264132
4.1981199018
4.2248729093
4.2669595819
4.2154001128
4.1380060211
4.2928144706
4.4304465927
4.3925762729
4.3818531559
4.4988119563
4.6995199999
4.8258749105
4.8189448370
4.8275739245
4.8578711486
4.9182217622
4.9295813269
4.9562010867
5.0090506276
5.0203137632
4.9735069063
4.9789771218
4.9614390590
4.9770115294
4.9801953128
4.9480295568
4.8812652597
4.8773284664
4.8735711597
4.8984712918
4.9055441451
4.8691307856
4.8549087689
4.8538562324
4.8628500239
4.8789231414
4.9094223821
4.8709823990
4.8048456337
4.7524243833
4.7322314559
4.7486714466
4.7809995772
4.7904292176
4.7305531851
4.6359319163
4.5855458479
4.5936590715
4.5717694304
4.4867395088
4.3605508172
4.3507025925
4.3634140711
4.3066592265
4.2079981621
4.1368148287
4.1371637289
4.1323346523
4.1259304477
4.0906989737
