2.9714556051
2.9498934978
2.8126454621
2.9670421966
2.9636141498
2.8862843280
2.9769381235
2.9679872722
2.9672237454
3.1905189272
3.1377625603
3.2741987018
3.4108513703
3.8365235665
3.8908857704
4.1430213600
3.6594095877
3.4504007186
3.4935561332
3.2522468751
3.1647519844
3.3376312993
3.1410146132
3.1259541550
3.0398196806
3.2199106002
3.1986826113
3.2125462615
3.6121655387
3.4706600737
3.5072991776
3.5608332230
3.5750799016
3.6181669103
3.4559820702
3.3991098797
3.4025670108
3.2858082917
3.0644416787
3.0669918901
2.7833691595
2.8012708981
2.9198818182
3.1536420318
3.2780935289
3.1948713671
3.3312917107
2.8798948237
2.9998822231
3.3651065250
3.3647378195
3.9529232839
4.1893722998
4.1773769420
3.9868628825
3.9085753265
3.5689662814
3.6820298084
3.8692517913
3.9439667819
3.9450294818
3.7993003554
3.2981274970
3.5511420891
3.6132982516
3.6551886509
4.2128352597
3.6238470627
3.8814797683
3.6281316144
3.7464185253
3.7439510120
3.1341444107
3.6445418715
3.8316289691
3.8569658649
3.5738345556
3.5482805486
3.2121524489
2.9614202806
3.1289893659
3.5831200772
3.5219439477
3.5605984103
3.8195119760
3.9934067161
4.0048408129
4.1093874319
3.9854940446
3.9464638528
4.0993780275
4.3962036143
4.3596492321
4.1859027707
4.0084871057
3.9641050293
4.0148364462
3.9350419887
3.8530156918
3.8171544003
3.5899751205
3.0576620346
3.2908462357
3.3857707469
3.6934847837
3.7653730124
3.7609572677
3.9706099855
3.9338399042
3.7484179458
3.7193080774
3.7132794117
3.6662758393
3.6361279638
3.6321438951
3.6731560754
3.7843932779
4.3106006072
4.3147783909
4.0940715813
4.4304703892
4.5426737852
4.6473208247
4.6791309968
4.6524073558
4.8783405509
4.9535274300
4.5424204433
4.4710003332
4.2778807927
4.2370412144
4.3517625091
4.2754606450
4.1206091993
4.3307721819
4.6122036693
4.1983853518
4.4489990276
4.1958265135
4.3146378612
4.1229622902
4.3059001760
4.1207665081
4.2652567640
4.2874831850
4.0125388932
4.2544604094
4.2580329370
4.1582119338
4.3100144234
4.4762065296
4.3165215591
4.0678079643
4.1442912559
4.1369502719
4.0869117864
4.0591260207
4.1934536311
4.2967532792
4.2337086005
4.3006930369
4.1794486257
4.1111341476
3.9956838394
3.9068550739
3.9388422730
3.9333070817
3.7888938614
3.8703959803
4.0100386084
4.0584195709
3.9695305583
3.9370489433
4.0169362820
3.9743700611
3.9000682568
3.9782097862
3.8195502640
3.8457095487
4.0900368074
3.9566503122
3.6842409742
3.7595125151
3.7526270102
3.6542997693
3.6801314332
3.6010582190
3.6634016311
3.8716677646
3.5013975689
3.6232552940
3.6391932310
3.4518197122
3.7472765190
3.8194840758
3.5518168470
3.3520751972
3.4011441508
3.9648072995
3.8607026295
3.8948177587
3.9636030495
3.6621228561
3.8164465331
3.6655666307
3.6697003038
3.7538749646
3.7215470397
3.6278058698
3.6136597184
3.7400170168
3.8612060753
3.7443370357
3.7059140408
3.8889009368
3.7863740098
3.7850028218
3.5988244409
3.5539937910
3.4992840540
3.6112976860
3.5650057406
3.5825387453
3.4231130625
3.4969212633
3.6166125577
3.7728847855
3.6401777175
3.7055257900
3.6947219231
3.7328986972
3.6871193299
3.5693978598
3.4998906606
3.5573953579
3.3712504903
3.4077156309
3.4502541752
3.3842831899
3.5449676736
3.4440804788
3.3658825880
3.4123911796
3.3931972012
3.3210532823
3.2892469277
3.2684704386
3.3935871452
3.4155989693
3.5683590022
3.7445156336
3.5726410658
3.4580022602
3.3413291512
3.3678688542
3.3637072235
3.2758182614
3.2050412988
3.3856356033
3.4229354114
3.2570643225
3.2341406843
3.3595933206
3.5078024029
3.4985219442
3.6451907681
3.3783141599
3.3892542386
3.3114873782
3.4181595445
3.3475188850
3.5263296906
3.6376493886
3.4850719641
3.8664421152
3.8642866733
4.0075158909
4.0415023353
4.1060231383
4.1245248219
4.3082973237
4.2466506441
4.3650849503
4.3823885388
4.3664098550
4.5022802696
4.4356190031
4.4284935456
4.4759214209
4.3225184570
4.4944314862
4.6637833367
4.5331407440
4.5042015065
4.6600108492
4.3006307522
4.2635178004
4.2799065538
4.3714813758
4.3918585535
3.9504338064
3.8467507714
3.7495934476
3.7704841365
3.9972480254
3.9588996112
3.7255993393
3.7160307214
3.7196065203
3.6751724741
3.8819799589
3.4098701863
3.5068113504
3.6355258045
3.7690234988
3.8705741726
3.7153392641
3.5694584161
3.6712353951
3.5522220791
3.3644138790
4.0587122226
3.9918215836
3.3280095881
3.2014577753
3.1547007547
3.4841280055
3.5074234742
3.6223101278
3.7620048746
4.1749972349
4.2088801519
4.2152011173
4.3622111905
4.5408823352
4.6398515483
4.6343432253
4.5589734617
4.4930610932
4.3637751704
3.0277014959
3.7696212889
4.1826156459
4.3564576512
4.9347183814
3.7854050184
3.6885565701
4.8278026165
4.7998548912
4.6981395766
4.1585039403
4.1432661925
4.1119836960
4.1805213126
4.2986321065
4.2753615072
4.1582272922
4.1497886272
3.9034925810
4.5327707556
4.8025467130
4.5245858324
4.5306454468
4.4370430783
4.4968126056
4.3693653546
4.7105003545
4.5606650083
4.6740259555
4.6153129309
4.7201855625
4.4996665121
4.4628558018
4.9336184667
4.9289329804
5.0553457983
4.7678491333
4.1844379451
4.2640767372
4.2395891372
4.7208610252
4.1603223024
4.1667902193
4.0641285897
3.9823587985
3.7982420042
3.6593293891
3.7247870118
3.6944568965
3.8582380961
3.8782044851
3.9550265180
3.8700994728
4.0423460902
4.2117560003
4.0971082007
3.9585706286
3.9551334660
3.8927477600
4.1678031225
4.1514070047
4.2181199072
4.3383034076
4.3325022116
4.2621258083
4.3214193664
4.4804358459
4.4634221319
4.4943536658
4.6800752339
4.6739617598
4.4846766655
4.5288369800
4.7481264972
4.7245638963
4.7013388285
4.7546220240
4.6500609097
4.6721578362
4.0023490293
4.0503823804
3.8494496651
3.9987467456
4.0539221136
4.2421483263
3.8500859806
3.8556393718
3.9397299555
3.7689567214
3.8526738775
3.8464754173
3.8525958075
3.7511159020
3.7834934519
3.8376426138
3.4245445419
3.4708316716
3.3855232160
3.6628155358
3.7509992793
3.8959876373
4.2005313110
4.1981747944
4.4923318768
4.7820562922
4.6184150476
4.2663991522
4.2606336595
4.1108305925
4.1368868939
4.1169374009
4.2012401543
4.1359577060
3.9865186202
3.9303255982
4.0554663338
4.2002501248
4.0919558724
4.1083493720
3.9422286516
3.7670047012
4.1361715048
3.9430476829
3.8229517550
3.4799067688
3.5499632554
3.6988670236
3.8665042047
3.8113140062
3.3317911423
3.5058468733
3.3497784397
3.3565690586
3.2273425002
3.3438770658
3.3645787994
3.8246103726
3.4848162817
3.9941864094
4.0442875442
3.9263380434
3.8922423472
4.7853262129
4.1676469435
5.4222033342
5.8317329459
3.7450780720
4.0896352925
3.7146033235
4.6217723168
4.0695399861
4.0628315577
3.7014358741
3.8816291389
3.8293693335
3.7894585629
3.6140584918
3.6830687017
3.6851869210
3.6816657275
3.7933501631
4.0619753021
3.0307231850
3.5803799248
3.4300601959
3.4642383629
3.7013570961
4.2515727299
4.6345304685
4.8037255448
4.6278070248
3.1390127786
3.2656192017
3.2670010533
3.1858279249
3.1148919028
3.1106668106
3.5774961304
3.5056227198
3.1602467856
3.4936881916
3.2318887441
3.3080724909
3.5851993500
3.5622368083
3.2260708268
3.2734657109
3.3841076361
4.5982418974
4.5602947820
4.8476896325
4.4724645599
4.2995353083
4.5386015729
4.5776715824
4.4386913820
4.4843798946
4.3330715194
4.2803878941
3.9181508587
3.8239938712
3.8769128766
2.5108774816
2.5465662050
2.5316232712
2.9155190570
3.1830468598
3.3092437967
3.5101712778
3.5703416738
3.8636544388
4.0309875519
4.1438180365
4.3030863184
4.0607132202
2.9847683602
2.8781162606
2.7998024985
2.6553742089
2.6327651022
2.3291577073
2.1782321504
2.1571051887
2.4019715824
2.3254016179
2.3734914702
2.5552753012
2.9338696407
3.1763956411
3.0127664127
3.9790977141
4.2286983370
4.5975214880
4.0734556673
3.9912947797
3.9970146289
3.9543101118
4.3873095308
4.2953265438
3.9658751133
3.7778989233
3.6895721106
3.3703837423
3.2497996539
3.3814847072
3.5605287769
3.6694719608
4.1148433550
4.1289258675
4.1693535109
4.4037002983
4.3012973515
7.2152460952
5.6280643930
3.6120266658
2.2992348199
3.1182191026
3.2721575782
3.2073960332
3.1187191689
2.7328202202
3.0553607885
2.9180954967
3.2319441421
2.3925528425
2.7085816908
2.5868914615
2.8016010269
3.4099150995
3.0852909180
3.6311914261
3.0339233648
3.4742269623
3.3954321519
3.2256200027
3.0887969091
3.0165960172
2.7385444040
2.8008211871
2.7268825728
2.8944344819
2.8012668536
2.6633323923
3.3418144226
3.4319381117
3.2804649118
3.1816867624
3.2347278007
2.9358870241
3.3738957462
3.4374288912
3.3085096485
3.2017702381
3.3743715352
2.9947592404
3.9374994103
3.8450522249
3.8569181869
3.7649228633
3.7444517065
3.6966345404
3.3766760445
3.4409442412
3.2773578091
3.4169418229
3.2095554253
3.0178428499
3.2271317150
3.2899780831
3.3899338547
2.4769522364
2.4121153765
2.7019827874
2.8356601569
2.8630408174
2.8967736400
3.0931095398
3.4667010972
3.4029680714
3.3732725143
3.5085528445
3.2782519513
3.0520430343
2.8547105979
3.0646814698
2.6265319028
2.7582185278
2.8953861906
2.9755061792
2.8342747624
2.5591269384
1.9445686987
1.6354307600
1.8903820128
2.3138351473
1.9095660365
1.5898240746
1.7155364361
2.3207447917
2.6654653573
2.9575787684
2.9201521411
2.9345583881
2.8225440644
2.5802805080
2.9409961971
3.0979651003
3.2580092848
3.3076461028
3.0495655793
3.4738614372
3.8151706151
3.5320409947
3.2253254779
3.0754280432
2.8294629737
2.8535906929
2.6856653081
2.5670263275
2.4897563952
2.3769198378
2.4378792491
1.9383428961
1.7924525477
1.6799390654
1.8103070697
2.0407946053
2.2993692222
2.2713328477
2.6384412768
2.4821111269
2.7566469587
2.9154339086
3.1596756143
3.2160303369
3.0247731767
3.2603333679
3.3640916805
3.3835638043
3.2615185897
1.8855453210
1.7166351287
1.9328994052
2.0644658967
1.7133909899
1.6401786208
1.4028741804
1.5662896507
1.0386072086
0.9072201677
0.4874721766
0.7058536166
1.4119275396
1.2504823867
1.2946996451
1.5533527965
1.6354772632
1.7911660084
2.2645662641
1.7887295904
1.7090168273
1.7535485671
1.6183961883
1.4753505607
1.5616915370
1.3934443370
2.3706908590
2.3946800896
1.8785373957
1.7632590928
1.5740302818
1.2798319966
1.3402144806
1.2252521025
1.2185892832
0.9996934024
0.6128287776
0.7191627959
0.8505642982
0.6822879818
1.3647558865
1.3275732477
1.0638760772
1.2332122710
1.4058470749
1.6442595363
1.8652589381
2.1642484830
1.6479433249
1.9240544848
1.4276344456
1.6289156900
1.5425589932
1.7554559318
1.4981800581
1.8093243508
1.6394578770
2.6411651785
2.0499787750
1.6810392996
1.4846771839
1.7064626352
1.6664183879
1.6614262136
1.7122116550
1.2743108541
1.6174032799
1.7423353842
1.4740648070
1.8794709667
3.1146368464
2.2203640226
1.7078691944
0.6869268962
2.0840350638
1.0216152163
0.1912051693
0.9669219843
1.0583787402
0.8032467885
1.2265123833
1.0452341208
0.9205566465
0.9163143476
0.8534270613
0.9918782659
0.9668435154
0.8225217455
0.6877228540
0.6056147756
0.6537551702
0.6327801836
0.4469271413
0.4088490932
0.5400602250
0.6531139236
1.1732471344
1.2852017386
1.0896695034
1.0816966396
1.1360962871
1.1037019654
1.0108650727
0.8598361288
0.8291782854
1.2730557494
1.3207828423
1.3885020216
1.1945320587
0.8709387155
0.7632118244
0.6178298842
0.6815667798
0.7640828863
0.7009079748
0.5065421730
0.6881207226
1.1682268071
0.7835754341
0.6875085784
0.8095123264
0.5200790571
1.1263514925
1.2517095101
1.5802506264
1.2884963507
1.2851409661
1.2755227306
0.8935093260
1.4714697740
1.1059170326
0.9840836784
1.1493346971
1.1046196222
1.0729149887
1.0824601055
1.0050624733
1.6500639194
1.6480332189
1.6699002776
0.8576178238
0.8377735298
0.3639865933
0.3557081304
0.5431224244
0.6357487413
0.6269478125
0.9724020250
1.0204016074
0.9623622905
0.8172148007
0.5976211111
0.4596083523
0.3878561598
0.4595155319
0.7322352110
0.6608479487
0.9524065977
1.0976726412
1.2985671524
1.3991149793
1.2123094264
1.1890892793
1.6091610036
0.8684278467
1.3889165409
1.2688866309
1.3773162215
1.5027524848
1.1986322579
1.3897970835
1.0757856210
1.2064202458
1.2883884055
1.3887165207
1.5863301639
1.5103346840
1.4495170765
1.3523866924
1.3005051323
1.2821776307
1.6497094222
1.2801319351
1.3560427326
1.2414096926
1.2840767406
1.2655213812
1.2993611887
1.3731164747
1.4487729366
1.5125601957
1.1586373189
1.3602083444
1.4959431571
1.4914696249
1.4426251113
1.3064686528
1.4749706916
1.3514322582
1.2389884049
2.0258858074
1.8978420718
1.6448171319
1.5783718761
1.6181956475
0.9749193243
0.7013087710
0.6880511942
1.9402916244
1.9528788358
2.1463018185
1.6245360951
1.7261640311
1.3693041140
1.5439805629
1.3967983939
1.5087274274
1.1694566841
1.6080614229
1.3984402841
0.3983828594
0.9472248635
0.9971365915
0.8802721629
0.6597779720
0.6920371417
0.8484383863
0.7078526658
1.8273435894
1.6706055015
1.4766177473
