1.107770480369263399e+00
1.037831462812863981e+00
1.107901986668437866e+00
1.102049308420342655e+00
1.329481837393521770e+00
1.288498264121447745e+00
1.266164563171916724e+00
1.274621852412013201e+00
1.281809303537107647e+00
1.288581832094558122e+00
1.297123178560561252e+00
1.305756951548687317e+00
1.314678011715864514e+00
1.323802204891177281e+00
1.331277044991286074e+00
1.338004422148763695e+00
1.343278892061967822e+00
1.348526333440030811e+00
1.366596030491041391e+00
1.378241526649788051e+00
1.381032997762849490e+00
1.382384992514937405e+00
1.384904310015249385e+00
1.395022733994380593e+00
1.326447485542612048e+00
1.308129182792816980e+00
1.307108846479897890e+00
1.294258417877868883e+00
1.289965437298599138e+00
1.296272720186826044e+00
1.313147960346988885e+00
1.297525130563920603e+00
1.330969115342546472e+00
1.345392478713154594e+00
1.333352404065145880e+00
1.326892238192061368e+00
1.320158954768531512e+00
1.316842775207483829e+00
1.343986815815442881e+00
1.330778094951412971e+00
1.350956323532346293e+00
1.360797771862340300e+00
1.321852043229102547e+00
1.231921134242388804e+00
1.251079203317134292e+00
1.228388299096348835e+00
1.320444979991293621e+00
1.339784706400146241e+00
1.354028955956587232e+00
1.342881721874847223e+00
1.368726851970074376e+00
1.365195426668749379e+00
1.348216877744549791e+00
1.329751565741039032e+00
1.346781211180372306e+00
1.353297474919671117e+00
1.330255319003716741e+00
1.323373461500034765e+00
1.323496811201855694e+00
1.311189529098668372e+00
1.287809436546372144e+00
1.312094552530732594e+00
1.337983987396138330e+00
1.346132586123634178e+00
1.347970361937429029e+00
1.349256374190102248e+00
1.336158397728357983e+00
1.321709097996102367e+00
1.320738174802362552e+00
1.325541405505470172e+00
1.298514328445425692e+00
1.290527990822598392e+00
1.299648628379745263e+00
1.273570903179684688e+00
1.284819908825167278e+00
1.307686340868898123e+00
1.318618516882797076e+00
1.313264711001345342e+00
1.307968741900125353e+00
1.300200963653745712e+00
1.283862416449794264e+00
1.320123349393002021e+00
1.313714256187332285e+00
1.312843823935603282e+00
1.285318155380076544e+00
1.287003446734326539e+00
1.294281201548275639e+00
1.299969235470160855e+00
1.316107342671197999e+00
1.339605480142472604e+00
1.352110578455971490e+00
1.368633817893018634e+00
1.381531636694178333e+00
1.368794956780807981e+00
1.355719769128480579e+00
1.319750697048428068e+00
1.316316958560413086e+00
1.307628032655705042e+00
1.294285210889860815e+00
1.327065225832265050e+00
1.324225286257511902e+00
1.355573254205753475e+00
1.351913083872162913e+00
1.317677036957084047e+00
1.292828195226378263e+00
1.276278463938992136e+00
1.288968441132894549e+00
1.300455886451452825e+00
1.306406147552689578e+00
1.326839155343779941e+00
1.361297617324731535e+00
1.380009736214633964e+00
1.384629024564533406e+00
1.359088595105579556e+00
1.288805670051392793e+00
1.305451673865736018e+00
1.323295352305416728e+00
1.319681138060348591e+00
1.323645729122748360e+00
1.318064757246286023e+00
1.337087633794009189e+00
1.333083789199088764e+00
1.343353982615530740e+00
1.355327858355644066e+00
1.363034266971063779e+00
1.373533037818275293e+00
1.365206319953446101e+00
1.365440076986375262e+00
1.369334325817884501e+00
1.369209224409081438e+00
1.371904942666346328e+00
1.379708744598460823e+00
1.364094892033379303e+00
1.345928694702285933e+00
1.330114999315882729e+00
1.359549337782307799e+00
1.362469745592794323e+00
1.341628103704188613e+00
1.325325531036781301e+00
1.334059595967279410e+00
1.337970230736363009e+00
1.352887602682810497e+00
1.393663110331631483e+00
1.378850487412930814e+00
1.369404711931300866e+00
1.380020583099267562e+00
1.375591258043956433e+00
1.382613320265777102e+00
1.393283508317394892e+00
1.398342401656469169e+00
1.404776427494526692e+00
1.395715373921247560e+00
1.384006705028357320e+00
1.384599598754664429e+00
1.365550702715080833e+00
1.328653702534670966e+00
1.349796125017898252e+00
1.350821720625847933e+00
1.345491841838862834e+00
1.330964577535229676e+00
1.327583344037389645e+00
1.345453875188830528e+00
1.317280287932508287e+00
1.324137925133200389e+00
1.314896279125014722e+00
1.319498366868499195e+00
1.355148353728011346e+00
1.370751152161103104e+00
1.369523734422044559e+00
1.312058052133292074e+00
1.313959226691883364e+00
1.327752322243812344e+00
1.320453346184674803e+00
1.304805252537686755e+00
1.312981759476526067e+00
1.328327054830549026e+00
1.329117122121685757e+00
1.326134201722761974e+00
1.326091676036289080e+00
1.324555517230141533e+00
1.321190362794205653e+00
1.316839958366207819e+00
1.314648340875984367e+00
1.316150890020879372e+00
1.317571559165999551e+00
1.320151521117908233e+00
1.322592849928296399e+00
1.326582693371774813e+00
1.329060313542200111e+00
1.334813796859121826e+00
1.342226521154822327e+00
1.349922360831418588e+00
1.360407814959313733e+00
1.371351256878629465e+00
1.379381542857951670e+00
1.385765118268060814e+00
1.390576749939453016e+00
1.404731002808694562e+00
1.413191119525187389e+00
1.417014205265495486e+00
1.417557247456450842e+00
1.405156864459186083e+00
1.400055879570520911e+00
1.399472772972505608e+00
1.397379941634071976e+00
1.397699596951499368e+00
1.396391023518658958e+00
1.396361480547314127e+00
1.393731223521966767e+00
1.392208364115117725e+00
1.385415524110513275e+00
1.381701229073939441e+00
1.375385411095907617e+00
1.370909879151511523e+00
1.369025656040316008e+00
1.363764180690956840e+00
1.354599811065785753e+00
1.350614391086323751e+00
1.343901925088616389e+00
1.339911006142327166e+00
1.332218144051936504e+00
1.329173728208537408e+00
1.319471342791302959e+00
1.312019225174128723e+00
1.307719213725822227e+00
1.306374109966836228e+00
1.304427723833717412e+00
1.303164465398982008e+00
1.299999558123335675e+00
1.296762050993969462e+00
1.299915163189718559e+00
1.297445453600461374e+00
1.297070085180583199e+00
1.297756409690528523e+00
1.294366598750815944e+00
1.292013094704978382e+00
1.290063787584138755e+00
1.285910547914238977e+00
1.283464589475542095e+00
1.279469577963363802e+00
1.278873683038064257e+00
1.276880036754484360e+00
1.281760867995510367e+00
1.281091428375065178e+00
1.281190365090844940e+00
1.281441777902235568e+00
1.279051910455122343e+00
1.277779437464937828e+00
1.273885610536904744e+00
1.271032501230275891e+00
1.270016009651012245e+00
1.268909660761423419e+00
1.265805727535690428e+00
1.263951488411706681e+00
1.262611553574464640e+00
1.259490552912256200e+00
1.256483905512540744e+00
1.253679019734271538e+00
1.255141898912223386e+00
1.262406410905826393e+00
1.265381731176177027e+00
1.266904191541394331e+00
1.269469088524903588e+00
1.268512007312019962e+00
1.263729338326212259e+00
1.262916415954867810e+00
1.257620474943206945e+00
1.257692878557635341e+00
1.255386062269925995e+00
1.252550519240415605e+00
1.252052238885033031e+00
1.238856217469634258e+00
1.235871944420736002e+00
1.233890791587232583e+00
1.241314534243024736e+00
1.257897604141110515e+00
1.253988062360799516e+00
1.254323214466274372e+00
1.249132703514961529e+00
1.248562473715878918e+00
1.250127244235646362e+00
1.251167164742193583e+00
1.255540278137735832e+00
1.276326242456675031e+00
1.277551132176895754e+00
1.276736409337217326e+00
1.281019237752450524e+00
1.285988582775056122e+00
1.296510000341702273e+00
1.299143031273813031e+00
1.295578282209717269e+00
1.293335665456814443e+00
1.290057806407014063e+00
1.288409011087891631e+00
1.288278526374471600e+00
1.287573953891893108e+00
1.286669471788901564e+00
1.285934715296175757e+00
1.285190504330977035e+00
1.283662967979501968e+00
1.282818046505370457e+00
1.280613740024858727e+00
1.280832860151296382e+00
1.284959188715911749e+00
1.282520676464103726e+00
1.283358436972537486e+00
1.285136825302650943e+00
1.284602386565544929e+00
1.284139174632397129e+00
1.284390423231316580e+00
1.283861788445651797e+00
1.285024315898699587e+00
1.283162305159401662e+00
1.281636906415203780e+00
1.280631795250219973e+00
1.277583464688963000e+00
1.275736335051089743e+00
1.277615348157207231e+00
1.276249743136321113e+00
1.275710977425031478e+00
1.276822034000363981e+00
1.276215405299355954e+00
1.282131873567872171e+00
1.283910784997598364e+00
1.282073504715469880e+00
1.283971265984817034e+00
1.283876154591134577e+00
1.283109263066888106e+00
1.284471235543937606e+00
1.284031588958173264e+00
1.289081335459692168e+00
1.285867744238833765e+00
1.284494403289982101e+00
1.283353380242204134e+00
1.288523537341554226e+00
1.288101708276709445e+00
1.287826288273601794e+00
1.289846816247504524e+00
1.290366735506611295e+00
1.290573577353767210e+00
1.293749295218826312e+00
1.293429057532742510e+00
1.294547947879976846e+00
1.295607042016998500e+00
1.295278292044564239e+00
1.295477664219645275e+00
1.295201155728275877e+00
1.305515378598749221e+00
1.314665624166152513e+00
1.311924250638955680e+00
1.311060247758887520e+00
1.311422435243811080e+00
1.308389687072585073e+00
1.307891830782301090e+00
1.307817630868356895e+00
1.308951090392038719e+00
1.312698067058026830e+00
1.312846744817089073e+00
1.318172866341819738e+00
1.308831925926230433e+00
1.310273190292937207e+00
1.310677397376526887e+00
1.309600067469790963e+00
1.301874912590593514e+00
1.300384888535965455e+00
1.298886013982011312e+00
1.296187519126227095e+00
1.292458687171151643e+00
1.277931619809267838e+00
1.270299674665591017e+00
1.272331197853385110e+00
1.277469508101844120e+00
1.277151890226634556e+00
1.279724310291384226e+00
1.280386373965401781e+00
1.279140608828408743e+00
1.281446718368647764e+00
1.286850996457202134e+00
1.285360216827096336e+00
1.283600810320004504e+00
1.278787292096782879e+00
1.272819397063937652e+00
1.261678632960159252e+00
1.250845386881608956e+00
1.214222375751187633e+00
1.198132819174914765e+00
1.158699628310664975e+00
1.164576522821268778e+00
1.175597207235813402e+00
1.156508010355126181e+00
1.131702880626866303e+00
1.125457758615346027e+00
1.125994309623657763e+00
1.118956676521800420e+00
1.119370143035847143e+00
1.117466405511087890e+00
1.123803414401520762e+00
1.126369333310625942e+00
1.135706780697413043e+00
1.145967247077533724e+00
1.135512637156518956e+00
1.122854951410678703e+00
1.113217784582546610e+00
1.128560789077750703e+00
1.129134007523857619e+00
1.146100210338084846e+00
1.146055082719529494e+00
1.134516220123988894e+00
1.117842782979473037e+00
1.106863389248574192e+00
1.098146014847558583e+00
1.122247929329802218e+00
1.120629055729448265e+00
1.120395444286396813e+00
1.118423973593601017e+00
1.122273831792966581e+00
1.130537618312385417e+00
1.121432997170976886e+00
1.125744626025795725e+00
1.135668801996338351e+00
1.129077169727872532e+00
1.129790760654798332e+00
1.130925634260845358e+00
1.129896247440383528e+00
1.142778664747972517e+00
1.134092754975701833e+00
1.123655944978533272e+00
1.112445913352155147e+00
1.117001756100664212e+00
1.115419572260536896e+00
1.106092116308630580e+00
1.099412610560152270e+00
1.110785554022949206e+00
1.102167965674979433e+00
1.101819434656053032e+00
1.089362488012076913e+00
1.102184283660014419e+00
1.110378208312683412e+00
1.098376458293809810e+00
1.097895739962700068e+00
1.100755465502627040e+00
1.078950926096672536e+00
1.072802151927568115e+00
1.093260298440513978e+00
1.080675704003836168e+00
1.091732503509884378e+00
1.100943373089380506e+00
1.111007735888141168e+00
1.124004620817146805e+00
1.114693440880179187e+00
1.101164150638707095e+00
1.063977029945295527e+00
1.065419113660944772e+00
1.073390843038976472e+00
1.073443039291972489e+00
1.187257024960566731e+00
1.201912894986116420e+00
1.200008721473942552e+00
1.201315596112098261e+00
1.213089317688161195e+00
1.207400741405729727e+00
1.187225499375173188e+00
1.182023654315953243e+00
1.176558438776249993e+00
1.173367436078746939e+00
1.176036247954741931e+00
1.187914267794456080e+00
1.185478295305923080e+00
1.183847875219582235e+00
1.195083723635474104e+00
1.192887274458882096e+00
1.208531287497129458e+00
1.209959162148692258e+00
1.214830419974351372e+00
1.211268756360982968e+00
1.223663254457248772e+00
1.216489395611051849e+00
1.222281685377035299e+00
1.235511473953474271e+00
1.236229157192774819e+00
1.238682929487656903e+00
1.257454167676380186e+00
1.247233501722562865e+00
1.236158269972222445e+00
1.249183744744020386e+00
1.247386931967735757e+00
1.250922515269327517e+00
1.236016559850181329e+00
1.236560252603638554e+00
1.230970429248158915e+00
1.231108510484854923e+00
1.229210927693240585e+00
1.216886642649140926e+00
1.203759975475743538e+00
1.228204185964453021e+00
1.231207417402367499e+00
1.247691704858688855e+00
1.261322954277753539e+00
1.256996349303635574e+00
1.246805344263169912e+00
1.240279118890504684e+00
1.259846377210297907e+00
1.266767947002327421e+00
1.292121269287265006e+00
1.266896923786512641e+00
1.270193953179932445e+00
1.264571579122536926e+00
1.261767470491386600e+00
1.262599029066312939e+00
1.247760815143822644e+00
1.261208303384486751e+00
1.257443236218630300e+00
1.244694827889016864e+00
1.244227269067335939e+00
1.247153228722340357e+00
1.240977905629770284e+00
1.240782512769443180e+00
1.242861411471805289e+00
1.228821597957411749e+00
1.269829352661630217e+00
1.277157546629516194e+00
1.274374312734124715e+00
1.288671402594107729e+00
1.286354894252876635e+00
1.279042153698457085e+00
1.267649655722426827e+00
1.258321775134474407e+00
1.260990576284618303e+00
1.253626124970882438e+00
1.249641844756850251e+00
1.251029858180056298e+00
1.241269369097886877e+00
1.134893762874980894e+00
1.139807504875444799e+00
1.142355810689248186e+00
1.142781944080502265e+00
1.142661516814396538e+00
1.128491806158086197e+00
1.116567528447550472e+00
1.103442137876902596e+00
1.095586488001944803e+00
1.116315650809115434e+00
1.057798091580113953e+00
1.057973668116519717e+00
1.060088769756716731e+00
1.045472490516331510e+00
1.044814862349327633e+00
1.034189400396004599e+00
1.024841010779997230e+00
1.028608070518201023e+00
1.049968044216962770e+00
1.045955834068592161e+00
1.042787565144892348e+00
1.037768468145631173e+00
1.044007781165445126e+00
1.058201451324807474e+00
1.053390535615014612e+00
1.042276540663950701e+00
1.032880970412936694e+00
1.048934575783965206e+00
1.055537918795193875e+00
1.089018949458597341e+00
1.091328749210514371e+00
1.090631815627568280e+00
1.088578274543501978e+00
1.095349176622613330e+00
1.188877850806180358e+00
1.165683274974888661e+00
1.165864038551232662e+00
1.200658406435035630e+00
1.199619647928467092e+00
1.204671652153365580e+00
1.170522138262133804e+00
1.154028489355779952e+00
1.154389475133509535e+00
1.151271428293016763e+00
1.155463034087574004e+00
1.167307140902390517e+00
1.152508611868608757e+00
1.164165493662062456e+00
1.154935138852668741e+00
1.157178081793869051e+00
1.139420914885553193e+00
1.147503394005011446e+00
1.088970635034822054e+00
1.095351245457099720e+00
1.106577431296839276e+00
1.128236908240629166e+00
1.131836400719728131e+00
1.133982856172544684e+00
1.134295722234270887e+00
1.124591506418297637e+00
1.111684340393657822e+00
1.113522473966231274e+00
1.131048051972874502e+00
1.123665936220879846e+00
1.126820840402599666e+00
1.113795665106040778e+00
1.119995518908245113e+00
1.115649685136707703e+00
1.104623044707642610e+00
1.101503263239115737e+00
1.053797437601193376e+00
1.056981193053136758e+00
1.075608842167122825e+00
1.079816708867814112e+00
1.089203833446156899e+00
1.099479377468205232e+00
1.069153208844023650e+00
1.076267329341386469e+00
1.081140221693973835e+00
1.098178547380046055e+00
1.129287377089690292e+00
1.127379073702326373e+00
1.123529026158127220e+00
1.111706029124023942e+00
1.071514521527872077e+00
1.078717236406002256e+00
1.095028804839708991e+00
1.106386039101314278e+00
1.107127540720779235e+00
1.111002807548916227e+00
1.097672972766283506e+00
1.104732528222672094e+00
1.103986036336412235e+00
1.116574803026304075e+00
1.118152198775305362e+00
1.118006172400020315e+00
1.105225312767449619e+00
1.086274053406514728e+00
1.082377479742829163e+00
1.052941493035861376e+00
1.060380472153745979e+00
1.075102237811759398e+00
1.056304858641794020e+00
1.053489481814256168e+00
1.053290934312127058e+00
1.034609434221543278e+00
1.041951062562551211e+00
1.031120442186825858e+00
1.034411778821575423e+00
1.021472005929378479e+00
1.003204041164650340e+00
9.772394208008380323e-01
9.763055874678883139e-01
9.717466800006584471e-01
9.804714976255983760e-01
9.769991614265824964e-01
9.684003706307390269e-01
9.647621629667856302e-01
9.693988324471938256e-01
9.644470623399866716e-01
9.606034869456615555e-01
9.620781219335694523e-01
9.531057527183383060e-01
9.572666190457643776e-01
9.588502321105701887e-01
9.618327772280189647e-01
9.666924224963936441e-01
9.677696163291598097e-01
9.476718310732422657e-01
9.480266274554114414e-01
9.332669563088865639e-01
9.340094919740793422e-01
9.380555777930871253e-01
9.348368858474814802e-01
9.373887039990143055e-01
9.633241957161706726e-01
9.723470486557983516e-01
9.716324537960432384e-01
9.946016790041322109e-01
9.874518895179726918e-01
9.927833066370600479e-01
1.007312267561243146e+00
9.664549819507122219e-01
9.687404688380529816e-01
9.470310654216770319e-01
9.489934812872031777e-01
9.562989398961919685e-01
9.457696639795306615e-01
9.616132505480704529e-01
9.474523010671596079e-01
9.503235144277614177e-01
9.536750348988674020e-01
9.446691578481667406e-01
9.430232141236799537e-01
9.385376316146675224e-01
9.340337387825140558e-01
9.264593949369909209e-01
9.361289977768064707e-01
9.371296859221273090e-01
9.297407026963582233e-01
9.281311350643267621e-01
9.381365605033439303e-01
9.310022645515557693e-01
9.264414611077541606e-01
8.959058052627577595e-01
8.940702313919913768e-01
8.988344541041970448e-01
9.041143997310689961e-01
9.176489328406142176e-01
9.232388702519624957e-01
9.339576858052650588e-01
9.362303852511664193e-01
9.404959236309394788e-01
9.199826673457180970e-01
9.545036972859135549e-01
9.852628534253259351e-01
9.771362660115995302e-01
9.130763012516958099e-01
9.337157229587539353e-01
9.114342969407088768e-01
9.129260822665854480e-01
9.204831891712780267e-01
9.080489169905314739e-01
9.172910561598249801e-01
9.068986478705650667e-01
9.282869333201525519e-01
9.559022832199963737e-01
9.785515397293128581e-01
1.005176227243119280e+00
1.003661984181710487e+00
1.004692080840901225e+00
1.008050685313266914e+00
1.008834178656774272e+00
1.015470467229029561e+00
1.029474176009824715e+00
1.042412817700436145e+00
1.057805901002250248e+00
1.067606322176135603e+00
1.068847445050735923e+00
1.054903732990133625e+00
1.086349324889170687e+00
1.079903988047462349e+00
1.074960476494253969e+00
1.074914786262662680e+00
1.084465280151198918e+00
1.082256268850476877e+00
1.077324128395958258e+00
1.072949030452442054e+00
1.061181576867445076e+00
1.037996758788562568e+00
1.032095726796933732e+00
1.033620189577711068e+00
1.037496557752698223e+00
1.027887756796813878e+00
1.031134963113697456e+00
1.024256426188262292e+00
1.026454897238770148e+00
1.027306742839322995e+00
1.016723466268877774e+00
1.016362366814869578e+00
9.870564139908746260e-01
9.651170471077047397e-01
9.643479755507473605e-01
9.481704913902890830e-01
9.550625258813286722e-01
9.552751157182104436e-01
9.629393227682756518e-01
9.603486026342741289e-01
9.591855115210290439e-01
9.583154558328175199e-01
9.587333706056561100e-01
9.725633564176433543e-01
9.805869615312839960e-01
9.639402650282549168e-01
9.581336744870477817e-01
9.554253080437604684e-01
9.526753420402912509e-01
9.509534546580850067e-01
9.306120235553562159e-01
9.343807392318274063e-01
9.142304982718141293e-01
9.039838282723379193e-01
8.998335299927671116e-01
8.944014795092986025e-01
8.920317880464420091e-01
8.856562140154083940e-01
8.792964228140341953e-01
8.724213055495277924e-01
8.697649041035252493e-01
8.745991861425932434e-01
8.750056326758580694e-01
8.518819821495217104e-01
8.445485808815503814e-01
8.522132373636454039e-01
8.557175707140074472e-01
8.444319716578436719e-01
8.088516102661222895e-01
8.051637238250559658e-01
8.048230138391364585e-01
8.046923255877584946e-01
8.028362968240195796e-01
7.989731201842297237e-01
7.988305671591553470e-01
7.952861317352394321e-01
7.941021985096075042e-01
7.930181040462150888e-01
7.747742851191993241e-01
7.713179430093464184e-01
7.700930886998615943e-01
7.575890203569590753e-01
7.524841400071201614e-01
7.565608565348090897e-01
7.540766135330361220e-01
7.442446365055599422e-01
7.411152211723339711e-01
7.348091223267809724e-01
7.258623804469586105e-01
7.293374314809535353e-01
7.212509572229400812e-01
7.349990472091935123e-01
7.348985946765770327e-01
7.327865112196387809e-01
7.389357513761203311e-01
7.320885369626982664e-01
7.374499707050530262e-01
7.342217736380627358e-01
7.440973791071231469e-01
7.449216140987756640e-01
7.478815829321099340e-01
7.452079885850428909e-01
7.368030633368007898e-01
7.394675943529214202e-01
7.375769991669256509e-01
7.356133154070186864e-01
7.248740638169105521e-01
7.170919927618364387e-01
7.072466239289667556e-01
7.103532336574825967e-01
7.104293123621314709e-01
7.115721229946991855e-01
7.305136582474364149e-01
7.228616811007881893e-01
7.198628323247361349e-01
7.199069282104052503e-01
7.201362120211066697e-01
7.311854658210558133e-01
7.297666097191207735e-01
7.342256674651820303e-01
7.402098757667390228e-01
7.414164496049984177e-01
7.438646208947310434e-01
7.471202953222348953e-01
7.407557263292630090e-01
7.438440492757649736e-01
7.467306740559437328e-01
7.659510496644211797e-01
7.685252022534631022e-01
7.661681833971124567e-01
7.597126149528636851e-01
7.672368670084138698e-01
7.682543254818801071e-01
7.592049675279693988e-01
7.573014891740545984e-01
7.480815826901734411e-01
7.518855319231667611e-01
7.529757435940328536e-01
7.550838852017258684e-01
7.604954063633734274e-01
7.698173002707944246e-01
7.844108703105858726e-01
7.824942425611393082e-01
7.743699479979138101e-01
7.807654113969808574e-01
7.899508482240708007e-01
7.840827902971888586e-01
7.817958158847284622e-01
7.743367066953377176e-01
7.701029369654717183e-01
7.742512467318308778e-01
7.789190453318045604e-01
7.837074113273383436e-01
7.825750710889490813e-01
7.858767915121608327e-01
7.816929807050595480e-01
7.783697866099084095e-01
7.703605286600830881e-01
7.703269415378636298e-01
7.696505638575121822e-01
7.735695923071155278e-01
7.688144655900726043e-01
7.755025499645729070e-01
7.834458572023614842e-01
7.669405209978449323e-01
7.695933386280948696e-01
7.755214693689385097e-01
7.684550321825968089e-01
7.498362308306458779e-01
7.480372002388574471e-01
7.585278492419815777e-01
7.570224101569886788e-01
7.534003819081570574e-01
7.333801969905228146e-01
7.480542696035672456e-01
7.536112245867589987e-01
7.408573464878548398e-01
7.614718849243276022e-01
7.523971637404655022e-01
7.505645378551646374e-01
7.540638519511848603e-01
7.544380107276168479e-01
7.647147328270018640e-01
7.606856144343091541e-01
7.678724822535384353e-01
7.790353857581104879e-01
7.757909215091768340e-01
7.762234903594379398e-01
7.709760560282988839e-01
7.620406686289264986e-01
7.636896339697468727e-01
7.814711370873159701e-01
7.747240789362775937e-01
7.733789446493269937e-01
7.624349814665953851e-01
7.564002600682904198e-01
7.542479428062235369e-01
7.527818128460314062e-01
7.517674508558253033e-01
7.593604414544368186e-01
7.578453624391982002e-01
7.626168585934647304e-01
7.591304867129535783e-01
7.531751154106672841e-01
7.456920816345395941e-01
7.485480001179225518e-01
7.516238971612773101e-01
7.555106473229444841e-01
7.443307559066593138e-01
7.487995202511417148e-01
7.404029992370219082e-01
7.431928298323424720e-01
7.383305629058865005e-01
7.460183475660481234e-01
7.487935066586035582e-01
7.636823579773454052e-01
7.717852760575832916e-01
7.646300954192657429e-01
7.640591060356591857e-01
7.793232630508115655e-01
7.772118196138643187e-01
8.015261432288596222e-01
7.784498115347192604e-01
7.703083364574547787e-01
8.012465197194105215e-01
8.028283753276312940e-01
8.040551304896631502e-01
8.058713661650878102e-01
8.109413060493037007e-01
8.103569657520838243e-01
8.107313228941923633e-01
8.215481567504555604e-01
8.188275940120796070e-01
8.111826940830388910e-01
7.913652236340713575e-01
7.850278146280483815e-01
7.756294458163640604e-01
7.717184636597493874e-01
7.718407293736793129e-01
7.711403902118233455e-01
7.728740917151979417e-01
7.701380717159637124e-01
7.724171000896019601e-01
7.658496536027527002e-01
7.558285369575766799e-01
7.564776642577262233e-01
7.551821677952894607e-01
7.578405119203917018e-01
7.616567614680114229e-01
7.680697018267343967e-01
7.688782273475911477e-01
7.596606169785080631e-01
7.652703318821535428e-01
7.530368787625382199e-01
7.557122489319838543e-01
7.389483276957762303e-01
7.406215358155704420e-01
7.414210021324098010e-01
7.414564059690330611e-01
7.385725266780357456e-01
7.335614713502455198e-01
7.150447482247065389e-01
7.143793880540827423e-01
7.217659131462741406e-01
7.056639807071501957e-01
6.940004745448349333e-01
6.854694217526322575e-01
6.809692123998309921e-01
7.013297127321110880e-01
7.093323798918689249e-01
7.116998744496716434e-01
7.030801696279255220e-01
6.925837070385059135e-01
6.848036631418523701e-01
6.833366265205089718e-01
6.975206857305201735e-01
6.888052172346810220e-01
6.847178464999230663e-01
6.965913971738155741e-01
6.999764662777092639e-01
7.002972876805478863e-01
7.180879361876603140e-01
7.011397345586998231e-01
7.093158608472961424e-01
7.041287481725896358e-01
6.995990885981701046e-01
6.897438074640952488e-01
6.910309229654159058e-01
6.861105834867391451e-01
6.725154631337492139e-01
6.770087104211593987e-01
6.741114980640640075e-01
6.805128535778744991e-01
6.794512661758818073e-01
6.806689295880279378e-01
6.876554524205978902e-01
6.829790315192971750e-01
6.801305514900515270e-01
6.705198849569390385e-01
6.674103562530205869e-01
6.682677479592527003e-01
6.712758459355654406e-01
6.592967166739653884e-01
6.725263693967202805e-01
6.766716849517746546e-01
6.771976691854961761e-01
6.825142769507086538e-01
6.804937449235544111e-01
6.836215330756758579e-01
6.900895163852003300e-01
6.925256480485024735e-01
6.872676524792210584e-01
6.909366524157807277e-01
6.978704025527229238e-01
7.207396227520983523e-01
7.106975331922656958e-01
7.235502588316243822e-01
7.216051516183915604e-01
7.218456470325407270e-01
7.108874086902977618e-01
7.152181381498066148e-01
7.115614044358956614e-01
7.186783363125771595e-01
7.086514557677403570e-01
6.992120956340940330e-01
6.966411590648913243e-01
6.981647098051942946e-01
6.941835652272230206e-01
6.989256079261739751e-01
7.022580655980078523e-01
6.962597704729386328e-01
6.970510454546696710e-01
7.068018849740517195e-01
7.117987708833595217e-01
7.233907010830350481e-01
7.043825863072775695e-01
7.118121616550364683e-01
7.104928417462934576e-01
7.145366562633971297e-01
7.202599569123432355e-01
7.230138890037421939e-01
7.206776925265032663e-01
7.260300948251948716e-01
7.273404038477644384e-01
7.244478988239309025e-01
7.285925830592872021e-01
7.198759487529354795e-01
7.092856289633154843e-01
6.946692278585516744e-01
6.955125690601132726e-01
6.887843334390431060e-01
6.845542468348007059e-01
6.891458711425642036e-01
7.071055557183967277e-01
7.141060789919687624e-01
7.239501818666463917e-01
7.213702450402480482e-01
7.121655765034378138e-01
7.065716314776506746e-01
7.072444112000099148e-01
7.022729645932132003e-01
7.087323531385236741e-01
7.285506075881766908e-01
7.501782807308394752e-01
7.485703896018529591e-01
7.436951835825587054e-01
7.501973743955274720e-01
7.472723487097456818e-01
7.445721440274217784e-01
7.529667042517501629e-01
7.380121778010806377e-01
7.418727817838571825e-01
7.426261916587257872e-01
7.526135154537317851e-01
7.607140719609151169e-01
7.614208080017895730e-01
7.615016490475988720e-01
7.642928146269001299e-01
7.546356236061206868e-01
7.529361659914693972e-01
7.599014667579297999e-01
7.529825016852171871e-01
7.584856424560758592e-01
7.520716131845237573e-01
7.528584126223959450e-01
7.519865119337123538e-01
7.321782334283198912e-01
7.324677758490095725e-01
7.288426419888882624e-01
7.311894354882624292e-01
7.350591423761025922e-01
7.411581293925152414e-01
7.506015346004870636e-01
7.568719335398105263e-01
7.543414232600611502e-01
7.484853939659138478e-01
7.498785286903784097e-01
7.436213239562654564e-01
7.346794296371143007e-01
7.342272443546431493e-01
7.145625414449744417e-01
7.183853269996165469e-01
7.142915609405022792e-01
7.073445623728282783e-01
7.026367751165801812e-01
7.046766244711305527e-01
7.026545871580297531e-01
6.998520995069759110e-01
6.889268704101669805e-01
7.098551589123488492e-01
7.137566725703078374e-01
7.081850418557227300e-01
7.134465135617417131e-01
6.876430625311364953e-01
6.860100054397597624e-01
6.842829823869071015e-01
6.675999802570912189e-01
6.710159437703439034e-01
6.791482639272534705e-01
6.868359295882550120e-01
6.867093491274534056e-01
6.880453863112908630e-01
6.786337168598162162e-01
6.848476679616667395e-01
6.840326571213207751e-01
6.947965627925145604e-01
6.888119391291465110e-01
6.791122184610113299e-01
6.819532840176493194e-01
6.793666787184686751e-01
6.648060263828023952e-01
6.779691261830883553e-01
6.703453836951678291e-01
6.759690901141257591e-01
6.823174019488716935e-01
6.808087733676629894e-01
6.816211405156374914e-01
6.749546058001277826e-01
6.743403545535509025e-01
6.737599103431212155e-01
6.730282486835169609e-01
6.755817548177809329e-01
6.803185914075823293e-01
6.781511510729332226e-01
6.783029507652197365e-01
6.784189261889610467e-01
6.867188254719246432e-01
6.935251237052529882e-01
6.827130562722226736e-01
6.772446971970268459e-01
6.817742804898204723e-01
6.792217221362782942e-01
6.861439695469944144e-01
6.815721687272172646e-01
6.867517536822556057e-01
6.838125957790028853e-01
6.738350127423383684e-01
6.633480838964633808e-01
6.583092367228047248e-01
6.767220558044032552e-01
6.625076082786720555e-01
6.273255773796373447e-01
6.217315623058033980e-01
6.462623219112417772e-01
6.604297279393367415e-01
6.598011931214101677e-01
6.503037336402097690e-01
6.468682679029795768e-01
6.334769082525149031e-01
6.279655255746319220e-01
6.190985992678610383e-01
6.054917712956287001e-01
6.131301676609516305e-01
6.273801556840414850e-01
6.322942169111135380e-01
6.450854902048885897e-01
6.510748599244339241e-01
6.506384299133916027e-01
6.449863569759480830e-01
6.398800317673595250e-01
6.362651092563621491e-01
6.451517739319122535e-01
6.373898062345215720e-01
6.333539635393816702e-01
6.278677939641662542e-01
6.178334780693387485e-01
6.184123706475058713e-01
6.302912642172117108e-01
6.496173882807536604e-01
6.291067084478331184e-01
6.392252022828536218e-01
6.397861110157356812e-01
6.378294392148092795e-01
6.519251648035239155e-01
6.429273875098231450e-01
6.329291093670218471e-01
6.336666525611724943e-01
6.065932669775452313e-01
6.322845622890955752e-01
6.515263817163057247e-01
6.359037850456675800e-01
6.077630195415288927e-01
5.973565919415171344e-01
6.102859717763067238e-01
6.319234614773924230e-01
6.287999153223131632e-01
6.393226599535861698e-01
6.325486103949790051e-01
6.074803178854050190e-01
6.179236593639561015e-01
6.350026899867640129e-01
6.191976809549899485e-01
6.303095429707913366e-01
6.298569943044803887e-01
6.298338326073575910e-01
6.215043530768770141e-01
5.722389046308015148e-01
6.281964543848145288e-01
5.995508671194819117e-01
6.689477535889347681e-01
6.613727908556186197e-01
6.721221135937036628e-01
6.484317021223274802e-01
6.704857456527651971e-01
6.571952578034171433e-01
6.484863237778802914e-01
6.673655434660095143e-01
6.601133159669584360e-01
6.367077266400883451e-01
6.365590274075662025e-01
6.256446957871022452e-01
6.654530951336276035e-01
6.627529137919190294e-01
7.079302488677680083e-01
7.129589526809093636e-01
7.215599448779991265e-01
7.223505662721836362e-01
7.257045586762285172e-01
7.486704896648992413e-01
7.450105239245682354e-01
7.456307631802258085e-01
7.459127453494344140e-01
7.387248766587619642e-01
7.419373057538917182e-01
7.415694935737633386e-01
7.406472724720766232e-01
7.393633319238032131e-01
7.394338217776531552e-01
7.372894556942597433e-01
7.380778170693180762e-01
7.395905698333734568e-01
7.407475951495002819e-01
7.365454546238072719e-01
7.380091953410700123e-01
7.369352391545180847e-01
7.394180239759970963e-01
7.375966530598389026e-01
7.310797218677134168e-01
7.292501113911031840e-01
7.265520133106894152e-01
7.275496957243287044e-01
7.224357073074060276e-01
7.222745008345758944e-01
7.233434738167854317e-01
7.195524322405558726e-01
7.182790756576444835e-01
7.166214364673485493e-01
7.153295400350184741e-01
7.179295396754790115e-01
7.155071699759466552e-01
7.057018310753659929e-01
7.056760965076089853e-01
7.048513099932394166e-01
6.913863625039549099e-01
6.946440616862651352e-01
6.980093704805772070e-01
6.989769816721835838e-01
6.977624486530017434e-01
6.948211601540877913e-01
6.962802536573620138e-01
6.912950464348971424e-01
6.934448585054895364e-01
6.944226056392552859e-01
6.937316593334504899e-01
7.090893705548353410e-01
7.206628320465868764e-01
7.097596965671896241e-01
7.100414364424542102e-01
7.041845361857941299e-01
6.887875465321837698e-01
6.847936119408428723e-01
6.828163776577272914e-01
6.780302190028472120e-01
6.838527240468884605e-01
6.746172186265363413e-01
6.728584365554537428e-01
6.801789287397438377e-01
6.771488196890028677e-01
6.785248298229492603e-01
6.863813370353278875e-01
6.848852353965287909e-01
6.884677803645868899e-01
6.906522951829178192e-01
