0.0471387823
0.0460568161
0.0468040633
0.0474046683
0.0477094875
0.0479013201
0.0484468688
0.0483142931
0.0478322684
0.0473859531
0.0472396534
0.0469850315
0.0466405458
0.0481507433
0.0479233233
0.0479179116
0.0469645208
0.0469174053
0.0457293215
0.0445741004
0.0432912636
0.0428090789
0.0407316227
0.0381629808
0.0387047926
0.0366144761
0.0359172335
0.0331593920
0.0273414614
0.0253414697
0.0235736606
0.0212594557
0.0177884841
0.0177568241
0.0152008194
0.0146499770
0.0146095812
0.0138227707
0.0132851645
0.0141178891
0.0143822509
0.0149844381
0.0170942644
0.0188352602
0.0230574645
0.0237723660
0.0286913630
0.0295832999
0.0323454041
0.0337284201
0.0339553518
0.0361702799
0.0350566108
0.0331373923
0.0307082572
0.0325252718
0.0309587781
0.0275354494
0.0290749325
0.0296425925
0.0305667573
0.0304175585
0.0307339971
0.0323059378
0.0312642930
0.0304717829
0.0339008234
0.0333636489
0.0336920072
0.0337482568
0.0324567152
0.0325330976
0.0324364901
0.0320105763
0.0325435313
0.0310204237
0.0333520522
0.0322800504
0.0300314547
0.0307407240
0.0271918553
0.0255394038
0.0232290881
0.0236174924
0.0207184834
0.0198086706
0.0199683509
0.0212663109
0.0171756224
0.0142515252
0.0152068375
0.0194173316
0.0221485976
0.0236087552
0.0254365780
0.0314630241
0.0355860481
0.0427183514
0.0461781551
0.0480709074
0.0522908176
0.0582359062
0.0603945487
0.0646628265
0.0676560961
0.0692339877
0.0754045103
0.0728342377
0.0743093591
0.0765078565
0.0769804923
0.0790070597
0.0863981044
0.0887572462
0.0916991991
0.0981129932
0.1000977423
0.0998169714
0.0990812677
0.0965084092
0.0964545173
0.0968535155
0.0962584163
0.0973520631
0.0989849157
0.1016997268
0.0999758235
0.1023195169
0.1016732533
0.0992485765
0.1023466821
0.1011530143
0.1052346502
0.1103508689
0.1124847009
0.1106093856
0.1131417878
0.1161373242
0.1221164763
0.1242854454
0.1252791176
0.1291221958
0.1403683965
0.1491690204
0.1574727217
0.1619845899
0.1668688800
0.1751101743
0.1812199020
0.1838420473
0.1916340743
0.2089150594
0.2239146577
0.2317082354
0.2343028166
0.2362795440
0.2395259216
0.2480075198
0.2552892396
0.2611059478
0.2630972405
0.2691273922
0.2775063937
0.2834929346
0.2881062267
0.3009128828
0.3024163378
0.3117990472
0.3186451707
0.3312923471
0.3386187115
0.3483085457
0.3542336397
0.3697106630
0.3754768241
0.3822905230
0.3901696630
0.3927898363
0.4021794814
0.4127151942
0.4208633511
0.4201549984
0.4120298958
0.4105120746
0.4131690547
0.4246794809
0.4320519330
0.4072081466
0.4118962751
0.4089151916
0.4094721880
0.4078585153
0.4067614257
0.4019967566
0.4020044343
0.4011779502
0.4009583509
0.4033920355
0.4046374847
0.4115971637
0.4121591038
0.4166403099
0.4188332467
0.4217987439
0.4277748321
0.4314860835
0.4323288267
0.4360824717
0.4394288619
0.4445536801
0.4509822177
0.4496118571
0.4504641314
0.4559373822
0.4556429185
0.4514469724
0.4493388498
0.4500851494
0.4541077105
0.4525172138
0.4502479236
0.4515379571
0.4536489881
0.4537406838
0.4515744366
0.4488378572
0.4459683618
0.4408313030
0.4387134144
0.4416343923
0.4412648083
0.4408752050
0.4419616272
0.4430816845
0.4428193106
0.4451663332
0.4458456554
0.4444076629
0.4393257639
0.4422199479
0.4387866167
0.4354989622
0.4356149153
0.4322702989
0.4282194962
0.4277791500
0.4239995281
0.4210706857
0.4236954856
0.4249786542
0.4243827809
0.4259132401
0.4248661422
0.4267791601
0.4263953092
0.4180017894
0.4195387899
0.4135612580
0.4214233933
0.4154932003
0.4191433941
0.4232135019
0.4288616271
0.4315598208
0.4292234549
0.4321289238
0.4353418578
0.4326007986
0.4349974328
0.4232374142
0.4264840674
0.4267217957
0.4275574167
0.4304507074
0.4318476216
0.4281343379
0.4238611602
0.4234014954
0.4256791956
0.4317612183
0.4416970039
0.4519600967
0.4917414899
0.6303844838
0.4480821560
0.3435314455
0.4667404414
0.5080606754
0.4821995438
0.4575704516
0.4387997236
0.4220889370
0.4180247412
0.4212899642
0.4325738300
0.4416228795
0.4417064555
0.4501602065
0.4452991787
0.4177464906
0.3991092918
0.3845422833
0.3753623076
0.3789070396
0.3832895108
0.3912604038
0.3996522747
0.4021008562
0.4329542191
0.4292770462
0.4253094379
0.4028394006
0.4157945310
0.4094183208
0.3925124565
0.3922378735
0.3937309119
0.4031553733
0.4026765483
0.3921506077
0.3849888370
0.3755519142
0.3754482245
0.3903015062
0.3901744608
0.3924517580
0.3927768372
0.3709457184
0.3497317563
0.3266631586
0.3181676936
0.3132465526
0.2858649973
0.2649653453
0.2347723766
0.2028595923
0.1618321325
0.1570319642
0.1553048013
0.1576484371
0.1649446904
0.1867451725
0.1922833665
0.2035611569
0.1914343929
0.1670959882
0.1423061397
0.1499796769
0.1457982386
0.1568726059
0.1544208441
0.1134381485
0.1250839295
0.0932353883
0.1455183025
0.1389082371
0.1096142009
0.1199397974
0.1002740492
0.1176000800
0.1361681552
0.1310434796
0.1333045510
0.1147127697
0.1007120786
0.0972778915
0.1166980350
0.0943941266
0.0110695539
0.0518637894
0.1313505104
0.1383255343
0.1470328012
0.1192021887
0.1362634811
0.1085290367
0.1175500424
