1.400594115811293061e-01
1.394300157642525684e-01
1.402135252876280380e-01
1.398153884361291455e-01
1.375326101248074417e-01
1.328599756365723694e-01
1.326946498088355797e-01
1.324460458551457720e-01
1.322004980006340757e-01
1.319306835858539417e-01
1.316884182585474072e-01
1.315214488592729158e-01
1.311414505886275284e-01
1.308859471221776316e-01
1.301665571588081771e-01
1.295474430183066461e-01
1.289494834514042787e-01
1.283077910452214143e-01
1.273042265890966807e-01
1.266523307634338513e-01
1.260628962718594870e-01
1.303211288005249879e-01
1.315189161473591939e-01
1.292897318767484982e-01
1.303405993909693694e-01
1.228097061253013433e-01
1.224951799123985274e-01
1.174644003625643501e-01
1.164201027428160701e-01
1.172946724414637848e-01
1.127100810308269419e-01
1.126107186424493978e-01
1.122873046269336483e-01
1.133887535398754864e-01
1.118348843557344791e-01
1.073730840869675240e-01
1.066034274776700291e-01
1.054521174272272377e-01
9.826263521676328883e-02
9.576851033246830402e-02
9.142261941390381064e-02
9.055468371724549603e-02
8.439440191411204384e-02
8.277302867644521778e-02
8.152179395806792572e-02
8.079279498794367242e-02
8.165859656644446074e-02
8.220276221846638254e-02
8.464073978735349446e-02
8.514173765111616998e-02
8.204159370339507429e-02
8.251019699184650169e-02
7.451516015810438764e-02
7.409121061029208533e-02
6.725613024430718290e-02
6.761399815276790404e-02
6.111714876167555904e-02
6.045694325958659437e-02
5.956391407940640065e-02
5.552132209147343095e-02
5.497029093603728739e-02
5.893036324015069743e-02
5.798210292530310561e-02
5.830611322744962133e-02
5.746623430717035658e-02
5.766309130759664919e-02
5.786073985351110338e-02
5.177430624582952251e-02
5.085279661850643923e-02
4.568081467274617835e-02
4.415637924390445473e-02
3.743775683605500559e-02
4.122923017818288377e-02
4.319701348687136205e-02
4.320126280972962779e-02
4.346578934959874352e-02
4.381344375916874923e-02
4.620207691837385777e-02
4.680626679758832787e-02
4.731447097524675571e-02
4.477024290319535360e-02
4.473053428989108571e-02
3.810703581399670775e-02
3.867089289708121325e-02
3.440890313422011182e-02
3.491611717542422028e-02
3.669916984060112020e-02
3.466145057175917810e-02
3.513937945362551052e-02
3.602522289125913157e-02
3.460416806009072171e-02
3.472224749285909157e-02
2.983836779191446908e-02
2.869483084904489792e-02
2.595762339684302283e-02
2.408805558293251881e-02
1.897408407115764445e-02
2.000757410446582160e-02
1.966278795587299635e-02
2.006139339445042399e-02
2.165771675620060607e-02
2.122874936627824893e-02
2.146766796305185285e-02
2.241219144312874695e-02
2.351343991313117887e-02
2.463007887315510347e-02
2.535680288821141534e-02
2.580214849465831128e-02
2.610998538716283873e-02
3.654455449334855638e-02
3.563759214253661017e-02
3.869510327875177319e-02
3.586547684405887171e-02
3.870755429480197268e-02
3.955646675709542648e-02
3.663113715900378348e-02
3.653732665782850192e-02
3.674493905266367627e-02
3.551292713679271573e-02
3.641109006945135451e-02
3.663995736772774486e-02
4.173264153818069533e-02
4.084490649450995409e-02
3.941764674223412201e-02
3.920266339926988669e-02
3.667588369180924818e-02
3.931217371895873863e-02
4.256509357040270253e-02
4.392673327051780513e-02
4.448591671965995697e-02
4.499741095106389588e-02
4.944012555637545409e-02
4.990024567408618550e-02
5.023197212017417590e-02
5.067173635284827338e-02
5.096584410011816002e-02
5.119423852304438860e-02
5.171243634926582511e-02
5.215299741397051020e-02
5.253687573147487050e-02
5.289888585902584317e-02
5.326369713612312540e-02
5.367424458871597470e-02
5.399390298016869261e-02
5.449502896544447528e-02
5.490474991272138727e-02
5.554411162482336684e-02
5.616561108829005305e-02
5.674277325292851476e-02
5.732514078634549232e-02
5.809956986091699416e-02
5.896178543091246116e-02
5.985867296083333816e-02
6.057668555715971237e-02
5.924509008454142273e-02
5.765078297131399215e-02
5.764377082270397828e-02
5.754301805866030017e-02
5.761086899578267417e-02
5.747811503355682028e-02
5.747640297156357547e-02
5.767240807213266929e-02
5.778307319845598505e-02
5.792462759463424399e-02
5.822840505727128885e-02
5.824280522620022688e-02
5.806367736378310190e-02
5.764244027214285998e-02
5.757776020145453227e-02
5.764088396171870160e-02
5.776980629588617661e-02
5.793171056005336911e-02
5.786367581723519948e-02
5.775295692165792472e-02
5.761331886197827712e-02
5.760434817533497537e-02
5.746034601431655037e-02
5.738838924272648967e-02
5.734283247853682458e-02
5.711642630910231805e-02
5.703129924134504869e-02
5.683993389067659718e-02
5.680245860907774669e-02
5.677914676637076108e-02
5.648401085548217238e-02
5.651193902848940936e-02
5.639289996561363399e-02
5.614258588954438439e-02
5.616648703481607469e-02
5.622571257734084588e-02
5.604625025470872518e-02
5.596891115131946010e-02
5.603108381833659529e-02
5.609001462950594097e-02
5.599507741266512156e-02
5.605237386187950782e-02
5.615398684450766120e-02
5.622046609046153776e-02
5.617609547257509939e-02
5.597424241888797336e-02
5.570381064210756794e-02
5.564017984407591821e-02
5.569509992403196691e-02
5.598188594894398101e-02
5.618675958179150665e-02
5.619884324136965176e-02
5.636312658147251548e-02
5.619005702310272271e-02
5.628660990399430436e-02
5.631501430726237878e-02
5.633131954510550016e-02
5.619808904967353580e-02
5.614272254049632038e-02
5.609879419681936680e-02
5.607316339860044657e-02
5.609206744764198144e-02
5.625980502453186566e-02
5.627059465916301600e-02
5.640371774657891579e-02
5.640151877838325833e-02
5.657352267684492841e-02
5.659094284034767858e-02
5.657149889248817842e-02
5.653229553845493666e-02
5.648494383302808675e-02
5.646613785006983355e-02
5.662153151137831741e-02
5.678526177003807851e-02
5.688740827310827253e-02
5.681124278122174492e-02
5.677901753002535107e-02
5.655202013244526454e-02
5.663161220252579259e-02
5.671094825625230818e-02
5.665545019192455567e-02
5.681233984030024942e-02
5.705483372528828007e-02
5.726799912816248755e-02
5.715657217705966825e-02
5.682809042748573902e-02
5.602353661375897298e-02
5.594955053615435075e-02
5.583079363282472674e-02
5.600721364482251496e-02
5.609934271970679759e-02
5.578009991374088816e-02
5.576269567902718272e-02
5.576740776637860442e-02
5.584603778716257239e-02
5.570494800728396229e-02
5.582786001498311196e-02
5.593960008314072252e-02
5.573518850405981273e-02
5.577978744507058190e-02
5.588051983719311694e-02
5.581567138083184942e-02
5.579009757344033371e-02
5.555900636938705672e-02
5.558571990266248514e-02
5.543334235476793381e-02
5.528833330604797369e-02
5.536358790377000905e-02
5.525176425982482320e-02
5.519641877436509692e-02
5.519053326851063035e-02
5.516377977276254452e-02
5.526645572447065613e-02
5.541165552355979684e-02
5.544543571144447403e-02
5.554131693491352190e-02
5.567111405456528356e-02
5.557947026088706083e-02
5.546937283789902390e-02
5.520729227238350967e-02
5.483189095116234452e-02
5.480126340013306840e-02
5.473337424472782958e-02
5.470700645246714261e-02
5.453823981585127767e-02
5.447324932418786542e-02
5.413883393379667619e-02
5.401691196567333375e-02
5.398380953699332546e-02
5.387142265033816740e-02
5.376856837208290191e-02
5.371519181498232015e-02
5.362213239060200504e-02
5.370158656032768957e-02
5.362655511816772497e-02
5.356003713019140411e-02
5.338851055782909555e-02
5.332391338366571781e-02
5.321152642956412937e-02
5.305458672534778958e-02
5.303250492396311550e-02
5.284013352019878429e-02
5.267402852137437891e-02
5.247724400386368643e-02
5.252344703633463063e-02
5.251448073387566390e-02
5.246390066927312384e-02
5.249908174825119317e-02
5.317411886429276174e-02
5.318026041368721646e-02
5.315479441554266105e-02
5.318388517964751927e-02
5.333482903374225231e-02
5.359003509390704301e-02
5.395413019157546675e-02
5.417170255252437561e-02
5.419200349968973651e-02
5.414521516956898040e-02
5.413644712790330327e-02
5.420781976605585500e-02
5.426411211684582792e-02
5.418260783563428468e-02
5.403844669025333058e-02
5.382063051252315017e-02
5.347918018692040393e-02
5.302879262819777673e-02
5.261727020293968660e-02
5.213802618562091845e-02
5.163948136109051956e-02
5.091855641964652956e-02
5.092515010106504758e-02
5.330367773171917900e-02
5.333660800621169845e-02
5.346241891744911434e-02
5.350252763659201632e-02
5.332621089989247887e-02
5.328015141649779934e-02
5.311889371522377640e-02
5.305309854037282280e-02
5.297017679774686238e-02
5.289347603327821529e-02
5.278517184820726016e-02
5.302993658480672362e-02
5.335456915952735413e-02
5.380035390654549360e-02
5.373615228794511450e-02
5.370347298889303206e-02
5.428620358350562392e-02
5.462954575165309551e-02
5.431899714075553998e-02
5.421337538491819569e-02
5.383540530003992630e-02
5.372418931566339678e-02
5.351540626857952121e-02
5.580881645142173747e-02
5.613462233649522959e-02
5.666147239120319229e-02
5.767467229707360504e-02
5.850730861588242238e-02
6.324065451521571068e-02
6.291406432848466179e-02
7.216934803001917587e-02
7.283382919870677596e-02
7.176404787941138841e-02
7.480239191388056430e-02
7.474864147968507400e-02
7.456437894196711602e-02
7.406291353076284445e-02
8.029235155784400502e-02
8.301562368791590152e-02
8.447298803085312446e-02
8.629402137500215286e-02
8.684522460881098638e-02
8.988117873650645906e-02
8.616555642486448119e-02
8.592307594599930820e-02
8.643293834332520242e-02
8.917218545056519730e-02
9.477453817326640662e-02
9.578228928742653359e-02
9.557250862742514008e-02
9.550864457405633390e-02
9.634487143423495215e-02
9.952522318215507868e-02
1.020001781546457237e-01
1.011784117526304955e-01
1.012358200157871674e-01
1.026698634044855146e-01
1.023689262013543072e-01
1.032357343255722176e-01
1.039464068209745434e-01
1.027123347767275180e-01
1.028260538024451803e-01
1.040614407769372002e-01
1.052272733515389191e-01
9.878752744592854407e-02
1.006625449968789471e-01
9.905097249805706883e-02
1.009772054251999590e-01
1.029542111925163539e-01
1.058592177273075807e-01
1.063508456411444286e-01
1.060392157755070536e-01
1.060042668441875946e-01
1.129330913080803106e-01
1.127660356002838232e-01
1.173364665950017982e-01
1.172380861399837937e-01
1.169937902876614921e-01
1.172888623088964855e-01
1.195747877783671365e-01
1.217980103955011995e-01
1.219325977485395812e-01
1.244097901117043325e-01
1.252907466574813555e-01
1.371602807071883312e-01
1.377455882417865929e-01
1.400224561877632112e-01
1.370396680100730569e-01
1.377648692704791789e-01
1.329798862691368433e-01
1.320271634991815879e-01
1.348393814467079010e-01
1.340831021333111772e-01
1.396304666249084669e-01
1.498583935766349684e-01
1.530467309494247252e-01
1.518695342285068250e-01
1.508458279918142853e-01
1.513279954740974764e-01
1.487350121986482365e-01
1.520269524886429247e-01
1.518457971679343654e-01
1.466771302571472924e-01
1.530699512032185905e-01
1.587986433599816449e-01
1.588847834137797344e-01
1.535055858139163787e-01
1.499622417906461558e-01
1.453793821919198703e-01
1.460824798522086243e-01
1.420979230911972591e-01
1.402771290591889597e-01
1.401508351742714320e-01
1.382672285162572789e-01
1.444778904759788374e-01
1.499575724424983270e-01
1.536698992844575118e-01
1.584025096910331165e-01
1.538043289134221059e-01
1.470061902222614680e-01
1.455999109584551754e-01
1.445803394719010204e-01
1.412733919070488509e-01
1.397620086324732613e-01
1.414170400129977911e-01
1.378436211839441927e-01
1.404073065908345019e-01
1.423174538566367997e-01
1.416131272385446338e-01
1.439533657605640560e-01
1.474087396005627493e-01
1.499199266049882351e-01
1.547964807313980673e-01
1.481535747073617348e-01
1.543040270236911427e-01
1.548503228902860795e-01
1.605736712636549879e-01
1.673223507838262902e-01
1.645826371758910278e-01
1.671066755043173757e-01
1.700110204408258330e-01
1.724551057686867228e-01
1.791116936805198512e-01
1.781005877338753818e-01
1.794413309336614915e-01
1.773084982014813404e-01
1.743435279006383398e-01
1.635437693727454789e-01
1.655425581711127414e-01
2.070211173029091190e-01
2.084476611970672577e-01
2.143828818922233481e-01
2.206089926798608380e-01
2.315032102957422511e-01
2.425804081218036756e-01
2.477953904845287547e-01
2.458311092673903520e-01
2.465108820402245604e-01
2.434893653127481739e-01
2.439480641038116460e-01
2.476993156797638318e-01
2.424555104098397862e-01
2.522270719529807748e-01
2.697782579266820857e-01
2.692338629775907766e-01
2.757450294793464818e-01
2.760463126744038265e-01
2.774830350452784922e-01
2.775350555060995816e-01
2.833941233713240804e-01
2.791111257892209818e-01
2.712646841261249220e-01
2.620634957380869046e-01
2.642936662521114810e-01
2.604708103818144105e-01
2.551259545983317056e-01
2.553088981325343232e-01
2.636985201937059875e-01
2.628077036654223320e-01
2.402245252981204393e-01
2.388290242934733854e-01
2.315367745638654273e-01
2.262043161749745790e-01
2.276247226933748036e-01
2.203049013226682229e-01
2.202207846505613298e-01
2.171190310784461286e-01
2.206869258814942725e-01
1.655244286986609081e-01
1.699923132301879303e-01
1.671634215375724375e-01
1.573972378234539948e-01
1.575525926043119251e-01
1.586126090825849821e-01
1.668954094408780509e-01
1.339840635942625424e-01
1.378186959234222186e-01
1.359559530005739203e-01
1.379833986650087774e-01
1.401897481551256097e-01
1.498926977691529827e-01
1.472870310575900843e-01
1.493288293544522971e-01
1.500006928367962900e-01
1.493090372560690882e-01
1.512193559188884373e-01
1.251850765765733509e-01
1.166212560347571203e-01
1.151863828011485541e-01
1.161038443235743040e-01
1.189456906768478761e-01
1.151243990292486752e-01
1.153230830147153468e-01
1.144541260990374759e-01
1.130323170203252348e-01
1.083672873050956498e-01
1.135151344923460565e-01
1.144525763456874512e-01
1.184940827598601337e-01
1.283775234176089408e-01
1.255767130937619491e-01
1.298275990196540164e-01
1.331790448660870319e-01
1.330861376762117465e-01
1.391478205668207624e-01
1.463294090575066320e-01
1.551419338037825779e-01
1.583522898111414112e-01
1.557170780863816328e-01
1.500843827786375040e-01
1.509907642849866727e-01
1.568091390603075508e-01
1.617002815882464528e-01
1.631040959488724018e-01
1.670935615055549328e-01
1.608814947849961097e-01
1.676610805917608249e-01
1.788470544793613337e-01
1.760555037286812841e-01
1.746652246121876417e-01
1.456091021996054335e-01
1.479616103839963559e-01
1.670255985790960185e-01
1.747872567510403430e-01
1.798759576531426541e-01
1.816741055776202041e-01
1.878470680838856266e-01
1.868712327741671730e-01
1.904267120519228529e-01
1.896489337771458117e-01
1.852356528158710103e-01
1.903004903800611103e-01
1.976933205271521332e-01
2.020172997156852723e-01
2.000270602796405672e-01
2.063104712961012221e-01
2.161267840759846515e-01
2.200107297058865596e-01
2.215395794148161679e-01
2.288142536006854688e-01
2.314735837189797196e-01
2.370616491316214214e-01
2.411164838910101749e-01
2.422867875662583770e-01
2.496184621962850292e-01
2.535834877586794489e-01
2.553816996353502899e-01
2.642196343051757546e-01
2.641282394299147018e-01
2.482626270931435619e-01
2.566880260223440291e-01
2.335820298682847185e-01
2.254315536177880219e-01
2.255817605191965114e-01
2.295704218240523231e-01
2.299906333393061109e-01
2.327109647752024779e-01
2.281723366419395604e-01
2.322539151120538159e-01
2.302834971037844292e-01
2.185580610655152856e-01
2.164863326066576998e-01
2.112697412109999229e-01
2.077910403565853548e-01
2.065258710276761944e-01
2.066334650267671880e-01
2.083262290656045235e-01
2.063722622260874551e-01
2.203089080879519213e-01
2.285504718621277076e-01
2.376095313046035495e-01
2.423318962005935606e-01
2.497692081473454340e-01
2.556571620646893028e-01
2.646340557369689095e-01
2.744656598016944060e-01
2.756144642755142815e-01
2.845242326825463408e-01
2.951626595385432039e-01
3.035656411663277821e-01
3.010826925893926309e-01
3.058271318694409380e-01
3.123231230226092281e-01
3.256283678218278577e-01
3.286997713019244038e-01
3.407009909748396348e-01
3.390605944712501985e-01
3.422240152534481439e-01
3.478881122481793375e-01
3.500380595972795716e-01
3.517386525415643894e-01
3.580740391904688735e-01
3.561806092483965069e-01
3.596986989524178502e-01
3.605646659317375269e-01
3.648454375032186836e-01
3.653197492302149851e-01
3.710215931824184521e-01
3.806369993442897393e-01
3.836205359292180761e-01
3.844557638641497022e-01
3.787182132870496321e-01
3.743082444676454346e-01
3.755018307361165930e-01
3.812178172748353355e-01
3.572744494096322110e-01
3.509590837367457805e-01
3.534180112269534879e-01
3.457624317605356157e-01
3.520813157952452088e-01
3.430363652630230575e-01
3.452014797628379927e-01
3.494954756906637483e-01
3.389690530855435369e-01
3.539575467497541594e-01
3.472358799586650058e-01
3.564543021763192376e-01
3.505058528854613220e-01
3.510032466297782205e-01
3.583120914524537404e-01
3.414917079783459375e-01
3.430762451493068466e-01
3.328563780591481946e-01
3.295028147572713340e-01
3.429177697465585761e-01
3.153563331574462114e-01
3.059439640763298440e-01
3.251701010831228866e-01
3.255332427782192672e-01
3.248557643284538665e-01
3.317346263660043149e-01
3.394518717331928559e-01
3.426791208512551257e-01
3.487395442567264858e-01
3.358798425933318121e-01
3.513068717978514721e-01
3.418977576125902251e-01
3.269238131066441455e-01
3.234501143896894026e-01
3.138663003800744589e-01
3.007018569437422961e-01
2.909435671697790382e-01
2.912306935948903996e-01
2.861849843130443438e-01
2.838089641539785490e-01
2.904002110733541753e-01
3.026862294966484734e-01
2.946956189447120233e-01
2.875424865679575004e-01
2.852953261563704324e-01
2.635617245712688073e-01
2.508833249828291145e-01
2.459521673951272636e-01
2.381975197858576532e-01
2.331431434105441514e-01
2.132292753403610963e-01
2.003771468543811551e-01
1.944052142659562221e-01
1.877809042002934192e-01
1.878795411801077175e-01
1.827586404992539992e-01
1.780302626060316085e-01
1.773023273882624873e-01
2.205710055673639203e-01
2.192592888048408295e-01
2.217961986161860466e-01
2.312159934138816042e-01
2.299439700958803567e-01
2.224080857765514396e-01
2.154777527170149143e-01
2.145672039537475928e-01
2.181613271155994349e-01
2.150112738513506594e-01
2.240967910501940885e-01
2.381138392962907635e-01
2.408946367510214903e-01
2.457832754803917219e-01
2.542699449734431294e-01
2.698439375174583876e-01
2.761749861786824134e-01
2.850205531217208654e-01
2.747173075995449909e-01
2.827878129505300708e-01
2.917269219377969236e-01
2.826400173703284557e-01
2.807958362783252726e-01
2.838941183188628536e-01
2.749922938140833550e-01
2.673785995930146320e-01
2.709381893902074734e-01
2.861636145342379423e-01
2.934310590090906112e-01
3.090241360608195209e-01
3.053523877765367267e-01
3.174028282654995925e-01
3.024926028001692635e-01
3.101121141393741731e-01
3.068211332260802893e-01
2.888790107050545619e-01
2.925506386529133640e-01
2.842748836532527079e-01
2.769020330891997506e-01
2.512335675514164035e-01
2.534780134563005549e-01
2.529571661478934308e-01
2.540403919708958402e-01
2.664982912681894134e-01
2.648401442299209707e-01
2.737309754356775371e-01
2.783337162474738280e-01
2.751649388210847813e-01
2.717518749720350124e-01
2.695526823350538614e-01
2.697713052442441972e-01
2.665490107066442738e-01
2.702904673840422767e-01
2.657398748566635605e-01
2.609740816878252101e-01
2.663495715546020937e-01
2.640933231242472146e-01
2.581139776517598072e-01
2.580907141543700156e-01
2.338475088914965250e-01
2.367511537177814096e-01
2.369887626183304896e-01
2.338731990862159826e-01
2.280376835437147309e-01
2.225726681325943812e-01
2.158530580284079015e-01
2.033129575893256047e-01
1.926917091698673590e-01
1.879160920667287960e-01
1.865832490485988537e-01
1.885440300379736256e-01
1.805674744076651572e-01
1.888419027657599336e-01
1.890961252967232331e-01
1.938054601346688721e-01
2.136665357752519367e-01
2.183885464649339414e-01
2.081120420782824609e-01
2.077935856654875291e-01
1.999227395280785968e-01
1.893304099170120547e-01
1.628678897871401743e-01
1.391541420767251902e-01
1.338422606890516398e-01
1.327825426873642800e-01
1.229279883086526332e-01
1.227842457543380922e-01
1.198155022818484239e-01
1.227021280108234469e-01
1.584762099013529435e-01
1.567613714455707852e-01
1.573550823708987356e-01
1.645292516977405473e-01
1.589405115678337310e-01
1.448932930731955115e-01
1.419997817593107725e-01
1.420143109820422578e-01
1.511924768232953964e-01
1.346295477779436423e-01
1.355673571741532468e-01
1.274153436165157416e-01
1.418036093394279273e-01
1.342432826902067999e-01
1.184354701808095350e-01
1.093490868997219895e-01
1.065979610538328459e-01
9.512039692040499816e-02
9.461250837515419732e-02
8.971257654699686668e-02
8.083591158536630739e-02
7.468120937853192642e-02
7.826648093103003023e-02
7.242755368197897892e-02
7.020780578888191625e-02
5.971232826940146843e-02
5.660383714800021338e-02
5.892574948856914990e-02
6.446672157462488006e-02
6.652361076045540389e-02
6.575770041153955470e-02
6.346071073245497518e-02
6.404615885156599020e-02
7.323419309913949127e-02
7.563149335371203985e-02
7.478280760209418676e-02
7.875981686236829815e-02
7.920728836364861192e-02
8.238031352578799316e-02
8.274892479546083757e-02
8.507958843543494964e-02
8.852153193171108381e-02
8.998319789310255112e-02
8.956874286058154333e-02
8.882292674969778645e-02
8.985984050795350897e-02
9.585578271966158082e-02
9.566654820418681038e-02
1.016498038023965350e-01
1.046410902693209188e-01
8.989539512874669680e-02
8.917699760671597697e-02
9.120781423606107163e-02
9.971132324453635398e-02
1.025222187390045087e-01
1.104783046909269262e-01
1.129117008293216984e-01
1.252399225640950520e-01
1.369458658487545388e-01
1.406046386292851558e-01
1.547756661192186134e-01
1.699107037339474546e-01
1.759145708627037896e-01
1.945225079547663605e-01
2.112176683785065567e-01
2.122069326517632970e-01
2.218154615337797342e-01
2.425833267428806062e-01
2.465646842947050166e-01
2.780213798190726560e-01
2.763136762373238908e-01
2.914019420072277433e-01
3.156968554890542400e-01
3.211223539851899567e-01
3.049916485213425288e-01
3.066074615789237678e-01
3.093866693032771842e-01
3.131434076976479242e-01
3.258315631104790056e-01
3.264431164157877152e-01
3.244847854584891889e-01
3.260674257272916932e-01
3.340161391808366687e-01
3.373135111882411552e-01
3.486957872799695823e-01
3.541942129787239435e-01
3.530957625060602290e-01
3.576704104655785699e-01
3.653987544200381632e-01
3.733928772524687800e-01
3.755422017150943925e-01
3.816301418953882418e-01
3.895116897176589266e-01
4.064517900524990401e-01
4.093702441899505495e-01
4.036268037716734813e-01
4.084367232369044420e-01
4.083817463641757350e-01
3.979075610362975968e-01
3.941322408591975690e-01
3.854603893856977104e-01
3.873516330818056463e-01
3.997343709349847618e-01
3.900352880326979910e-01
4.002358147390283616e-01
4.057918682707759572e-01
4.048847127618050989e-01
4.007348781237093926e-01
3.979563859856547481e-01
3.988619833297156747e-01
4.000540295932372703e-01
3.937789671383709056e-01
4.060656076306596307e-01
4.074786283541478316e-01
4.089999172953429074e-01
4.098160368076289584e-01
4.074465550670603453e-01
4.057087450706319265e-01
4.106647026323556604e-01
4.106111963962281175e-01
4.223428847827199184e-01
4.350596785884760509e-01
4.462777186990992129e-01
4.454868607192805641e-01
4.508264575542218489e-01
4.508319895329967464e-01
4.470561673774761102e-01
4.782098377643755893e-01
4.787594491190751977e-01
4.805151188373479876e-01
4.904508236485392580e-01
4.889053581414424809e-01
4.905805193623720695e-01
4.923791309568222307e-01
4.830851741549667122e-01
4.740184740227182392e-01
4.730163280516085922e-01
4.681835553287996832e-01
4.724418935202978620e-01
4.773226983598869433e-01
4.763351679635775549e-01
4.738872351686133633e-01
4.679113550598384408e-01
4.679118747806282896e-01
4.710051061202347178e-01
4.627624768798934696e-01
4.533584070166616353e-01
4.491612592622198918e-01
4.311094587607484652e-01
4.084965153600825238e-01
4.087704643767993695e-01
3.514550743157249246e-01
3.368853282776346769e-01
3.241497223885928536e-01
3.270320681695538245e-01
3.178126505212225394e-01
3.110590604446035745e-01
3.149801879520039427e-01
3.135986398346032322e-01
2.857412222342686769e-01
2.819867201788263111e-01
2.715239814323237022e-01
2.605773591135421285e-01
2.580413081985171164e-01
2.389034893451463804e-01
2.389232917904312858e-01
1.926239060502996092e-01
1.993056153882069303e-01
1.985659570206529390e-01
1.918176475694015060e-01
1.891633552797567508e-01
1.938195652080814957e-01
2.091302308509183361e-01
2.213682632936956329e-01
2.135028751145232051e-01
2.274157233282485258e-01
2.222557079433611360e-01
2.372251055920575058e-01
2.298878306807917993e-01
2.219892469068313889e-01
1.916707853528409611e-01
1.946573835864974789e-01
1.912369969315687035e-01
1.989630997823762792e-01
1.905562116872993594e-01
2.004968516567822434e-01
1.975109109772235361e-01
1.982080580602209874e-01
2.004166352206341872e-01
2.033929770215383848e-01
2.052371530850046477e-01
2.038976978403708173e-01
2.047014853627531494e-01
2.232449380039454589e-01
2.177486263087268226e-01
2.139773363118471217e-01
2.156720060728179456e-01
2.196119549045181529e-01
2.235753258306580615e-01
2.270923071501391166e-01
2.329802108436607455e-01
2.342706611170587705e-01
2.526221438460626301e-01
2.522616362091922304e-01
2.505793177469688993e-01
2.525193299063645536e-01
2.547475215183507280e-01
2.462980262607564752e-01
2.464040264071342134e-01
2.388610117612266492e-01
2.352614004709250861e-01
2.365637269650744112e-01
2.426397891073039659e-01
2.503162611427283690e-01
2.556624139287533848e-01
2.621291408691679981e-01
2.654227644996949853e-01
2.724119658793068832e-01
2.797887069818800754e-01
2.912610223571828749e-01
3.021861441422248884e-01
3.065306413828976506e-01
3.143877576365064486e-01
3.187827465765909474e-01
3.194677906448086802e-01
3.235424684020151154e-01
3.334130342791994384e-01
3.380080389249343065e-01
3.419765923814572228e-01
3.451245488816085394e-01
3.420754131114437935e-01
3.439468927507369211e-01
3.374891810220307375e-01
3.323312749450754167e-01
3.225454467495268984e-01
3.215166551233998860e-01
3.187845234737661793e-01
3.199698418063609551e-01
3.182521681177708506e-01
3.135644964659203282e-01
3.154353590204870272e-01
3.124134366459564438e-01
3.092333991117264258e-01
3.041981791106115329e-01
3.063717625142949319e-01
3.078618563963124721e-01
3.135489611854458403e-01
3.121092631349219326e-01
3.201878972441270510e-01
3.335206333854929261e-01
3.584418967845677817e-01
3.690663107745076332e-01
3.868220886811856163e-01
4.040093697730484101e-01
4.312578072520550365e-01
4.389657091005679246e-01
4.465716538292771043e-01
4.468325687149362069e-01
4.442433909600109754e-01
4.550296948156461463e-01
4.492515571676327646e-01
4.512733471489693837e-01
4.456743309159524880e-01
4.495496217211245593e-01
4.545524838626265329e-01
4.591192639010125975e-01
4.656895615908869246e-01
4.717901355394668039e-01
4.758543234997056337e-01
4.848767557322517519e-01
4.905751622757368313e-01
4.898391435193527044e-01
5.083318903099579567e-01
5.084278535008921462e-01
5.159308116636243113e-01
5.193011475018891598e-01
5.251225394160365934e-01
5.373809534579605529e-01
5.470166358759553926e-01
5.592475867803732292e-01
5.595543756211754927e-01
5.572519563992293090e-01
5.512457794681727696e-01
5.496009159104446873e-01
5.454336998267381720e-01
5.486851881192390534e-01
5.485392242855456901e-01
5.513460334984585653e-01
5.557589976747179250e-01
5.630555760488302752e-01
5.661812453400274503e-01
5.677252846613392023e-01
5.757697352911081978e-01
5.852386678806449360e-01
5.942477953486040576e-01
6.042717755835819160e-01
6.126031486067361476e-01
6.158489297023106435e-01
6.174062876910473285e-01
6.252905065204463764e-01
6.302394639103269247e-01
6.301723760829085474e-01
6.263887801799858934e-01
6.357242510579261818e-01
6.463233570923320181e-01
6.464705838843173291e-01
6.567012786197790053e-01
6.624007219627755516e-01
6.560722473516067410e-01
6.521689549596811908e-01
6.405406890128267916e-01
6.350164754500005060e-01
6.326076653144125927e-01
6.223677629637104358e-01
6.254390057721438412e-01
6.214984585385249227e-01
6.196181458405858322e-01
6.130447714066065146e-01
6.104319838442693325e-01
6.049357444757236246e-01
5.926351161700211811e-01
5.959930998171736327e-01
5.925579730262395817e-01
5.866619042463915301e-01
5.998362510257185809e-01
6.043584710383498315e-01
6.071016310904658875e-01
6.149176422751281290e-01
6.116082064245231820e-01
6.092270239860654302e-01
6.048407715164927367e-01
6.001604269151560311e-01
5.963162632668794760e-01
6.005362001953502560e-01
5.946800432798833302e-01
6.012726796432308340e-01
6.051704655053592452e-01
6.132451867833221826e-01
6.119057900966401453e-01
6.160324317547924977e-01
6.199249406563002163e-01
6.188481578614433154e-01
6.199739662358721981e-01
6.160108624768971808e-01
6.149611760475098832e-01
6.211609570534220026e-01
6.256954604420081889e-01
6.307673847779950993e-01
6.333799116117814210e-01
6.296730506245721282e-01
6.277083996176247016e-01
6.349460442358684231e-01
6.311130789515736472e-01
6.310424059953101406e-01
6.262977023606809412e-01
6.200787184985455669e-01
6.158007757201782173e-01
6.062376156597446553e-01
6.060250269971848569e-01
6.032292843916802205e-01
6.042098545235118356e-01
6.066686359605175660e-01
6.047688914138439342e-01
6.069007993921952115e-01
6.063327808192439106e-01
6.110758158971322240e-01
6.100820457096095550e-01
6.086197261901687972e-01
6.051130266526966173e-01
6.039005421180306810e-01
6.043848453120526099e-01
6.091710228678571815e-01
6.139204508468893984e-01
6.126289329129341876e-01
6.161105054128925840e-01
6.247253860444453855e-01
6.280804870295743081e-01
6.278781262296827537e-01
6.250762121094359802e-01
6.273463674320255423e-01
6.267207109421848443e-01
6.238341937760880640e-01
6.283297669967506938e-01
6.320612428712641950e-01
6.404651044170376339e-01
6.436795905951514518e-01
6.471510045483387374e-01
6.357670537825922397e-01
6.308618616653969280e-01
6.234668734723604056e-01
6.418900019034825544e-01
6.469214536176277619e-01
6.398392791459531770e-01
6.296348373505832319e-01
6.128101244032652106e-01
6.108522262827227323e-01
6.112219652943011727e-01
6.232096929066136548e-01
6.231348713605884271e-01
6.207574713553857260e-01
6.203997701305375978e-01
6.245809937830716363e-01
6.206529031813723396e-01
6.340848280906254963e-01
6.297169960585830006e-01
6.302372421859812057e-01
6.319550050164092214e-01
6.333970354912208389e-01
6.316867853435078617e-01
6.293611600976760645e-01
6.294339853555349640e-01
6.226573522862526300e-01
6.197684070436224602e-01
6.199703211549046911e-01
6.103158002080055766e-01
6.106493496622847905e-01
6.084039305598437641e-01
6.049028712449791012e-01
6.054062890205633707e-01
6.033328799393546937e-01
5.973528793657816305e-01
5.936342232686810938e-01
5.922232232497045556e-01
5.927474717613944177e-01
5.998286650185242763e-01
6.026900695823819154e-01
6.052363415716190964e-01
5.956256049352585125e-01
5.951504914141132474e-01
5.897654425544812673e-01
5.810575666034831777e-01
5.808325441130273159e-01
5.735767164859364442e-01
5.754681861175890978e-01
5.748590109523051828e-01
5.713894716784724270e-01
5.720679740346342745e-01
5.649164670184284587e-01
5.619725161871391705e-01
5.596099950254871391e-01
5.618611976305973865e-01
5.588727001163271702e-01
5.593230957017888416e-01
5.592623347654924748e-01
5.561611117640237190e-01
5.560549778475500915e-01
5.440210995576740816e-01
5.406211567376205673e-01
5.408374456081320725e-01
5.391033534474263256e-01
5.406781748110217611e-01
5.417522371833329853e-01
5.377623247603089407e-01
5.365531746719836015e-01
5.347725311890985100e-01
5.333584407238972647e-01
5.180273589931172484e-01
5.245606870550507672e-01
5.254547007917774737e-01
5.231342354381064430e-01
5.253300479038760518e-01
5.266909016859140369e-01
5.301583458989925779e-01
5.286613852637194189e-01
5.264801204657030276e-01
5.238225955601780726e-01
5.173791988599781844e-01
5.135652877040399744e-01
5.349560106909193591e-01
5.289596778439069613e-01
5.298907531198436827e-01
5.305731996450144816e-01
5.357399321721360019e-01
5.329675402958554686e-01
5.375782316737212074e-01
5.425838192344251132e-01
5.502578115123981650e-01
5.779397789492467519e-01
5.953858533870555192e-01
6.067676309441795146e-01
6.014932401969022013e-01
5.984752619009341412e-01
6.142936603243547289e-01
6.155936234783082606e-01
6.092885504769007810e-01
5.992726504308761859e-01
5.723319449357816557e-01
5.598488666524671364e-01
5.367636480984933067e-01
5.287621233197695725e-01
5.143886277880249658e-01
4.849143086934645797e-01
4.706602317759651655e-01
4.673497114159307908e-01
4.633272995177947773e-01
4.623443420671692339e-01
4.608215050025276094e-01
4.707337173849717726e-01
4.599914809770726531e-01
4.410602989686905340e-01
4.350837324325297906e-01
4.251861397366554218e-01
4.257430780776128576e-01
4.236338545008226930e-01
4.176837130612118809e-01
4.088468487565770082e-01
3.978151421784642539e-01
4.063569156755431067e-01
4.023950436969578881e-01
3.990339051217263178e-01
4.025260845298527235e-01
3.854591068702614698e-01
3.695278174857458686e-01
3.813701473515234697e-01
4.322913328995046656e-01
4.029822617896114401e-01
4.121332511432024837e-01
4.147199984834582520e-01
4.306868660471788735e-01
4.275315960213328381e-01
4.298815936527401460e-01
4.037107581600103412e-01
4.047945310587545698e-01
4.007598757190292682e-01
3.831051648426261891e-01
3.462731543565804593e-01
3.353856898224045757e-01
3.265220655395873472e-01
3.218397543386080639e-01
3.191510414933133033e-01
3.180965156264285443e-01
3.083093545607676345e-01
3.178607279009214026e-01
3.233316833277800062e-01
3.265373002139235203e-01
3.249406575131386643e-01
3.346777201304717009e-01
3.408638516156311526e-01
3.561753310198153555e-01
3.561833378611420353e-01
3.503468572295362904e-01
3.440935745497913922e-01
3.384261481411399153e-01
3.148680953584924724e-01
3.035969064414363872e-01
2.974553648404383854e-01
2.684023087817331010e-01
2.673437036174622361e-01
2.582209366056372746e-01
2.516807282290289827e-01
2.519514824469981651e-01
2.450924231221373317e-01
2.359329620319332854e-01
2.338409270670102624e-01
2.330429032234999365e-01
2.325315720646482509e-01
2.439636919842781693e-01
2.416911569920569269e-01
2.322530275419242840e-01
2.234118812348663552e-01
2.139832161340689543e-01
2.160106617251508210e-01
2.209614252728726858e-01
2.189547502345992325e-01
2.260229040967100533e-01
2.258768589069464205e-01
2.304714475421368036e-01
2.298872627977800731e-01
2.284555308529998552e-01
2.301479214717329358e-01
2.315893525009608822e-01
2.313541495493255107e-01
2.306625707890597177e-01
2.304833892324940625e-01
2.247809160092097136e-01
2.193102433442484789e-01
2.197153504452321049e-01
2.178615918679714936e-01
2.178267419251701809e-01
2.165871758537750158e-01
2.144240113974893447e-01
2.150228627642477297e-01
2.166184881581975641e-01
2.117789396368747190e-01
2.149227688412922443e-01
2.125357684324400698e-01
2.180403514722857317e-01
2.183071882377942974e-01
2.117245998021749231e-01
2.174603757490251033e-01
2.226016901757765509e-01
2.251788528210413309e-01
2.218037297394570007e-01
2.261767546783363947e-01
2.269108656650425659e-01
2.256333440256362566e-01
2.252317082967267570e-01
2.210906132101791710e-01
2.196066016908634622e-01
2.252096383618286679e-01
2.185347050217192333e-01
2.206872827932250536e-01
2.162458676168342031e-01
2.152539567579450919e-01
2.173614282137091847e-01
2.122548800181959794e-01
2.154190202605135440e-01
2.149112116782940785e-01
2.098632126677552334e-01
2.112084416295079148e-01
2.067887596249995685e-01
2.055699051386939979e-01
2.109739943058142608e-01
2.071348890345330040e-01
2.093376518460572933e-01
2.099811535722577449e-01
2.090614533879784631e-01
2.102914083905194076e-01
2.018508801622352355e-01
1.995985407896479769e-01
2.021538068681974221e-01
1.990888153941625105e-01
2.061274130559219153e-01
2.074939270342794351e-01
2.061279767385319206e-01
2.074513174957383910e-01
2.051504425684434751e-01
2.088034661500435540e-01
2.030634397163843252e-01
2.024044381781754387e-01
2.070037389647375048e-01
2.114786710893671873e-01
2.137692800836442919e-01
2.100002255215765445e-01
2.083964305390304528e-01
2.077072103859861352e-01
2.070878381659324308e-01
2.099778216684665966e-01
2.092093347683711968e-01
2.085598030824067362e-01
2.107580630189986870e-01
2.058674985343421637e-01
2.048445150388674973e-01
2.015602233842260504e-01
1.984968888391353270e-01
2.030732805776140071e-01
2.028989263425875489e-01
2.040389327194860603e-01
2.102345064698994681e-01
2.102020546140505874e-01
2.121475529122096026e-01
2.150034027892681887e-01
2.134124478179966478e-01
2.192471568791006797e-01
2.155048268984877113e-01
2.158434870272345207e-01
2.086741197552150484e-01
2.068671337420951162e-01
2.116883788488145013e-01
2.135561653365504742e-01
2.175804728657153575e-01
2.166649748306452294e-01
2.162319028677702482e-01
2.106650866202532113e-01
2.148467634201906840e-01
2.167358647132075211e-01
2.161017172663058372e-01
2.193217646045648728e-01
2.241830886868318162e-01
2.237996562433400838e-01
2.241815587562399070e-01
2.275711740601898680e-01
2.301138945104257705e-01
2.261641981374784838e-01
2.247561535400384169e-01
2.227302270885237467e-01
2.181556675620461572e-01
2.162531357154327261e-01
2.128536093338086188e-01
2.127164396089667175e-01
2.102426520995867854e-01
2.143110592916037394e-01
2.157685598663974802e-01
2.172366210590469526e-01
2.214594210156710929e-01
2.158233960083790481e-01
2.121723857323967455e-01
2.134455112911423647e-01
2.113597357515322184e-01
2.141346824799147119e-01
2.249446665131714929e-01
2.190496982925725367e-01
2.146479221265019666e-01
2.114998691222408078e-01
2.102852402793766728e-01
2.097269729767599900e-01
2.091180126034604125e-01
2.118819233787954393e-01
2.125287024914211675e-01
2.176363724367709196e-01
2.186065458321331811e-01
2.172078311724678912e-01
2.164182322673085246e-01
2.168013584519074555e-01
2.174749042408190280e-01
2.154755751983237766e-01
2.179395941466880371e-01
2.130757542495226586e-01
2.165203404045656921e-01
2.152313153629318854e-01
2.106496975683667117e-01
2.106317044729838772e-01
2.106793216131317426e-01
2.111072910846145123e-01
2.107198022757532929e-01
2.078177187431781425e-01
2.027517294378153589e-01
2.064633493153964217e-01
2.081802268890696750e-01
2.072616373066206996e-01
2.095620898210466543e-01
2.043993034415148291e-01
2.067921496297525086e-01
2.115175038246702444e-01
2.098532919537727803e-01
2.095013104895856737e-01
2.133382262243997129e-01
2.118064213920003158e-01
2.150537123679923113e-01
2.179341488883436151e-01
2.194204308348801924e-01
2.191164057134670773e-01
2.225865892121699774e-01
2.217300379214248995e-01
2.205182263693273303e-01
2.168554448244554012e-01
2.164561401140771557e-01
2.110505320268855622e-01
2.040394362594099564e-01
2.045408233195263603e-01
2.110835919839326447e-01
2.168921698882317894e-01
2.190409620356770781e-01
2.314764478754786914e-01
2.263520589678016115e-01
2.175413901431237640e-01
2.165511939325775181e-01
2.140145329780814010e-01
2.219553996083478697e-01
2.187251853541895552e-01
2.204484627256965701e-01
2.277872711097355951e-01
2.256007043551251368e-01
2.242031661681772592e-01
2.272695336822450340e-01
2.305185523125561353e-01
2.298362540188495506e-01
2.292219628713669799e-01
2.274944781263084637e-01
2.272459409272027941e-01
2.210874508821472073e-01
2.204433195218773733e-01
2.178609714952903786e-01
2.162493335834511088e-01
2.031951082043290113e-01
1.976333221590512446e-01
1.861707249024722455e-01
1.823103838432547918e-01
1.816450388643570391e-01
1.791559159174931082e-01
1.720474056790317341e-01
1.695509578714278209e-01
1.724536190014117343e-01
1.696606286426185217e-01
1.633981959224744540e-01
1.682461302709295226e-01
1.645111964812154826e-01
1.696071668173189939e-01
1.658253472101308135e-01
1.623924446231714558e-01
1.592515366178279546e-01
1.587941344103903640e-01
1.559889612977427842e-01
1.583270492155257059e-01
1.616788809840431218e-01
1.577727502996713327e-01
1.532573333408494831e-01
1.559078944775142694e-01
1.561468483959521647e-01
1.599198488785975314e-01
1.582138809228088583e-01
1.575588679900722378e-01
1.572503519653052351e-01
1.599922580252037818e-01
1.527623302680601314e-01
1.448292154818926480e-01
1.473043503618609307e-01
1.443238740950428811e-01
1.511408383015847845e-01
1.511857776493912842e-01
1.509206809377310332e-01
1.573114530402659750e-01
1.600452431626943339e-01
1.633078895569820277e-01
1.665054066975237557e-01
1.693883599135013740e-01
1.699811923369658473e-01
1.682636336467488170e-01
1.639999230208188941e-01
1.596587368957778363e-01
1.664071603790111542e-01
1.712684238221835464e-01
1.684304993615400037e-01
1.710286296630073311e-01
1.692715216006583090e-01
1.734516441081858928e-01
1.756161063004374467e-01
1.793698256246187561e-01
1.792794547553305529e-01
1.821164800237269621e-01
1.837134937885817054e-01
1.868391609158984168e-01
1.889058107691776733e-01
1.882974523154445912e-01
1.832623753530904787e-01
1.869071317456252324e-01
1.895152431324979569e-01
1.900440921329200061e-01
1.883799456724579990e-01
1.870302304732499310e-01
1.896669848311481332e-01
1.902075729311952512e-01
1.906412460894477412e-01
1.961418975878123361e-01
1.973932526065090842e-01
1.779716469823787450e-01
1.776514156864626992e-01
1.786169396129668741e-01
1.761774869892222817e-01
1.741325459140331267e-01
1.785048152531807930e-01
1.862767196007993620e-01
1.993942026052266114e-01
2.014513367634635788e-01
1.998671366474986388e-01
2.033996026415424707e-01
2.083937972798001470e-01
2.078628363089342346e-01
2.101924835134073022e-01
2.157101852110192286e-01
2.161585420412195924e-01
2.253504688101986009e-01
2.218169651760485139e-01
2.337256307204215733e-01
2.274781575270238831e-01
2.326736459084820519e-01
2.328235469119832313e-01
2.321374660352391872e-01
2.382146205885216361e-01
2.372438704228597428e-01
2.380774984367617919e-01
2.539115849368964728e-01
2.507374930618035402e-01
2.589908277617196664e-01
2.611537610475290205e-01
2.738606817396157522e-01
2.716256429787841098e-01
2.791073583536608504e-01
2.733340316490662225e-01
2.683739767606252991e-01
2.621798428975213313e-01
2.662177392121673480e-01
2.688916263367326365e-01
2.703441581248746117e-01
2.695294236501369900e-01
2.662099881089485809e-01
2.725392230031834506e-01
2.480303537470545938e-01
2.383258514586225341e-01
2.256433637992824870e-01
2.150306096626335151e-01
2.122182366025834044e-01
2.135288408830525453e-01
2.187219891497501068e-01
2.233820771107973280e-01
2.268956303542994102e-01
2.335082993228687065e-01
2.404512078821021692e-01
2.323408099175601205e-01
2.313410675705777630e-01
2.336814995474847390e-01
2.193085958450767536e-01
2.202375553374393002e-01
2.255562237198749653e-01
2.225918073958027543e-01
2.305755348081339196e-01
2.458115756251850748e-01
2.362827196129325125e-01
2.350368620011675513e-01
2.258957259844164567e-01
2.208473710570679205e-01
2.118605268275049747e-01
2.043993758814541262e-01
1.985499546979223595e-01
1.932507571413512037e-01
1.901939896771440153e-01
1.921870478189981746e-01
1.950548201648366897e-01
1.999455407408756435e-01
1.937382878144036924e-01
1.930901023072581768e-01
1.864626825322561465e-01
1.795981977372408944e-01
1.712838139478381760e-01
1.687680135595679976e-01
1.681880852584834996e-01
1.696682606885177302e-01
1.620381729175979502e-01
1.461141683802616997e-01
1.378327614541475787e-01
1.321433992641204147e-01
1.216035136646449466e-01
1.181510758394241772e-01
1.170870762669214277e-01
1.204448373672049599e-01
1.241938355467832045e-01
1.236817647023906869e-01
1.202937019508815847e-01
1.314042833431665613e-01
1.319764100792285566e-01
1.310293591219721943e-01
1.381257312798335746e-01
1.377692374802542696e-01
1.347425119681961714e-01
1.427820908536074351e-01
1.393444249191142514e-01
1.451032813712452019e-01
1.380291751114210430e-01
1.322054083336229591e-01
1.334941585042844492e-01
1.359196626391734330e-01
1.443248937949987432e-01
1.360663096423871676e-01
1.209687707259079759e-01
1.150967822835545634e-01
1.168351696922195898e-01
1.302155167381424672e-01
1.289694027224872475e-01
1.184977385222111684e-01
1.048616162155686926e-01
1.028718545836858761e-01
1.062916937779460058e-01
9.906050492595981638e-02
9.423002167944706520e-02
8.614435463449604535e-02
8.569959514084840579e-02
6.810427674349903149e-02
6.364972743432283087e-02
6.559656672129221544e-02
6.176407652295822642e-02
5.671197878365780848e-02
5.530519437702174912e-02
5.644880633968776124e-02
6.246856395807823953e-02
6.588945367859246061e-02
1.076743817880396609e-01
1.203075459345456927e-01
1.277902565374370303e-01
1.361158070620457350e-01
1.436110926637052809e-01
1.445173333108902836e-01
1.505554746957432355e-01
1.567253300001725524e-01
1.568366874804278388e-01
1.957443594723717040e-01
1.944074913429636176e-01
1.907576286732540205e-01
1.901520959423344537e-01
1.934210684748952636e-01
1.931175869216286145e-01
1.951591162089729714e-01
2.019657264273556907e-01
1.912557476000765477e-01
1.801967754569409885e-01
1.741189475739400860e-01
1.739887725481364944e-01
1.682956413092320247e-01
1.675586986820349900e-01
1.691283589035006141e-01
1.698151534984237432e-01
1.727336594364480282e-01
1.750937491759932407e-01
1.762078178210819690e-01
1.832209858865462004e-01
1.815312170551489357e-01
1.830271304475316052e-01
1.896333048111191466e-01
1.904265128260525797e-01
1.915090319297529653e-01
2.017779181207856043e-01
2.036508136948287084e-01
2.062915015842329558e-01
2.312399503182619442e-01
2.329278054996014868e-01
2.317230383496783896e-01
2.302596713456933342e-01
2.308023023515254624e-01
2.328801347569085523e-01
2.398251339944048044e-01
2.450006065749774919e-01
2.444625099955514136e-01
2.475507454413538866e-01
2.499476991637659129e-01
2.481389803089536217e-01
2.460465016513960490e-01
2.408794594312500259e-01
2.488400149010829843e-01
2.515935977823570147e-01
2.506858521896036529e-01
2.484244539661825124e-01
2.470587144806531410e-01
2.481759288130508945e-01
2.480386429801795523e-01
2.485765200408938391e-01
2.532479346713775170e-01
2.509233408926212494e-01
2.516284955848478444e-01
2.512453654519792856e-01
2.537150579778248427e-01
2.537084600940714973e-01
2.531874247332338568e-01
2.523882381462187463e-01
2.530000872155561686e-01
2.545342667552901728e-01
2.563320440103192821e-01
2.541749434942552344e-01
2.521013250778550985e-01
2.503727928415557802e-01
2.491229347059285004e-01
2.552397181154087424e-01
2.548845274118051174e-01
2.522488146964426137e-01
2.517604110424637720e-01
2.511988395967416077e-01
2.532824714471940131e-01
2.539583035028419311e-01
2.541535176537302876e-01
2.543606046387915098e-01
2.575711540592753312e-01
2.568248874846663088e-01
2.578793668548315932e-01
2.586138508868748298e-01
2.625917773709290914e-01
2.626127914853557122e-01
2.624751343567915396e-01
2.633336616338238234e-01
2.637577029659531336e-01
2.631072897639230024e-01
2.486747270823475575e-01
2.507607284153832716e-01
2.483635675504465012e-01
2.496460710884087775e-01
2.538909740017146199e-01
2.597460968137118575e-01
2.596333728765252147e-01
2.607418507782016115e-01
2.654272791847185342e-01
2.649835811618041492e-01
2.674860201963106809e-01
2.685675237892040101e-01
2.699996513724362557e-01
2.723207242933015082e-01
2.722693590565870569e-01
2.714095370055676915e-01
2.740506476273960046e-01
2.761123703573667432e-01
2.759426896093142290e-01
2.768047545437621881e-01
2.713310509533772286e-01
2.717620551467692658e-01
2.727266443108907201e-01
2.633855408215292626e-01
2.635223877206780418e-01
2.625064167353120537e-01
2.561518119221689038e-01
2.544910451589185718e-01
2.523486846493345759e-01
2.395282594203545778e-01
2.408883075753494307e-01
2.411991288454418680e-01
2.302583327483100351e-01
2.298108803240739573e-01
2.287611292973212862e-01
2.315474231288772167e-01
2.317908206729517029e-01
2.269346536116553514e-01
2.240520195146767646e-01
2.317840516926581995e-01
2.346636026294250388e-01
2.383698263066180711e-01
2.403564597409014458e-01
2.074022325509890796e-01
2.106879055312084470e-01
2.150106491194629932e-01
2.204438090382240811e-01
2.136314606388018400e-01
2.165311116403773328e-01
2.162714249203285255e-01
2.123094849332949341e-01
2.128112708017852184e-01
2.132531158018098616e-01
2.104450424973740852e-01
2.110379592020213968e-01
2.100921033415356076e-01
2.094078713202056907e-01
2.089183768547933362e-01
2.061646592964004876e-01
2.041212685334898858e-01
2.000981480008759139e-01
1.991362160897615363e-01
2.017509517995174362e-01
1.969910895821947172e-01
1.967027291173525094e-01
1.945435655837196298e-01
1.997996970645227466e-01
2.007462547520320051e-01
1.981367594535498045e-01
1.977568328155307198e-01
2.046531554707184952e-01
1.976608595056787709e-01
2.034523326547407474e-01
2.065168344060203665e-01
2.189846290031226272e-01
2.217252325180433803e-01
2.282520245879323117e-01
2.390633103546631055e-01
2.392453504520763163e-01
2.422997832909184190e-01
2.487499446375509016e-01
2.510771926649321695e-01
2.466230465722932530e-01
2.408591650430612074e-01
2.483366950605483958e-01
2.474496001449364435e-01
2.435297116359992353e-01
2.428911303921674758e-01
2.347298388801556113e-01
2.343979586716118946e-01
2.386726533617852253e-01
2.388455969824909431e-01
2.417074227221664151e-01
2.400034930621343932e-01
2.402992008567222115e-01
2.385972404631091504e-01
2.377515440706391703e-01
2.359423643073347565e-01
2.292228505127452687e-01
2.311589778315504273e-01
2.292437095397822922e-01
2.301239056935396599e-01
2.295596360016636805e-01
2.293635880105081570e-01
2.298531669832127589e-01
2.253838493793869358e-01
2.241799212099809258e-01
2.243906687279018652e-01
2.186824847308696251e-01
2.247700808988288279e-01
2.265676381848309717e-01
2.280145728439723907e-01
2.248264182012108259e-01
2.210905822258796560e-01
2.224141168123436318e-01
2.182678693137207193e-01
2.169943797391680751e-01
2.159076385871868675e-01
2.221802656961775757e-01
2.218039802924948178e-01
2.152773413328585850e-01
2.175655003343336669e-01
2.038077154629613086e-01
1.888632626298037132e-01
1.807087893135998213e-01
1.791652949252986460e-01
1.734256010888623190e-01
1.766606930406900700e-01
1.813045031260197837e-01
1.772353790902467530e-01
1.705468974866107268e-01
1.721092482652790412e-01
1.662643908995277975e-01
1.672518780680653794e-01
1.613065607290275760e-01
1.600031371605569186e-01
1.628938146668529319e-01
1.671440319462732527e-01
1.721559256649248804e-01
1.676407908572165872e-01
1.613471400258507937e-01
1.543829463601421870e-01
1.546710795974932384e-01
1.533347220368551089e-01
1.564967338187256973e-01
1.630333380262438125e-01
1.673479615198423531e-01
1.576888334615459963e-01
1.593597990382576712e-01
1.515035888510271600e-01
1.521331261338551011e-01
1.543452775600951676e-01
1.569033684351850977e-01
1.644897790244226332e-01
1.650282910841965600e-01
1.618740549555664765e-01
1.642062539272935717e-01
1.658465183062675652e-01
1.710324514942703766e-01
1.757397411773528040e-01
1.809465370155050323e-01
1.831688830224814379e-01
1.940863134055499928e-01
1.953853569243468868e-01
2.112557356772523376e-01
2.097738017613366146e-01
2.111765496246850726e-01
2.170829290207095252e-01
2.056650155986035067e-01
2.175106773519969727e-01
2.220805053285077324e-01
2.203199249555607142e-01
2.219359960322951075e-01
2.008131641008626123e-01
2.078115106265755463e-01
1.907025493549781847e-01
1.884941651468944879e-01
1.891614080953605836e-01
1.901878873816842119e-01
1.819416726647627991e-01
1.811123455190525033e-01
1.839888037490223782e-01
1.812808814176443406e-01
1.712194557729578015e-01
1.566568517774065139e-01
1.551811306545320679e-01
1.538419190295887140e-01
1.552865833234846615e-01
1.584199859361477003e-01
1.551767394385025201e-01
1.541308786734646163e-01
1.571788961457856737e-01
1.593106635008616767e-01
1.580576314225669854e-01
1.557081735365153929e-01
1.524961898707558883e-01
1.490188932709612668e-01
1.531088743466905433e-01
1.578715433886609121e-01
1.605754263149279104e-01
1.646295659174946968e-01
1.659517070318496934e-01
1.663601168200353475e-01
1.701074732634765829e-01
1.708584605469466999e-01
1.749376594115872041e-01
1.784368372338378805e-01
1.800464119999071189e-01
1.810615844606386637e-01
