1.0502242039
1.0551911063
1.0591087552
1.0671085247
1.0805999975
1.0804405283
1.0751013064
1.0557512832
1.0389581732
1.0214838043
0.9947071655
0.9852886851
0.9666643509
0.9546137172
0.9319508410
0.9084919131
0.9117550177
0.9178829261
0.9309611783
0.9399361823
0.9433177706
0.9360562882
0.9342785884
0.9266650006
0.9178324264
0.9141864631
0.9065692152
0.8879451688
0.8716242568
0.8577461950
0.8448743992
0.8358831489
0.8392408517
0.8272313003
0.8295639949
0.8247520715
0.8184926805
0.8117518734
0.7907170774
0.7884474674
0.7761662206
0.7698518321
0.7534403729
0.7382116487
0.7053077871
0.6972839790
0.6841599428
0.6693213064
0.6661081829
0.6569644985
0.6440499146
0.6379597762
0.6306254481
0.6191695592
0.6069285710
0.5831462839
0.5683466518
0.5567882705
0.5596450432
0.5568759838
0.5584925617
0.5558324224
0.5589243287
0.5557616034
0.5584679687
0.5599734863
0.5635117053
0.5655002872
0.5648364465
0.5650022361
0.5631969219
0.5617746272
0.5616063922
0.5614902781
0.5603027803
0.5615029432
0.5616710935
0.5613530182
0.5630601895
0.5624263088
0.5656483012
0.5691496236
0.5686001214
0.5737164235
0.5801472553
0.5828797133
0.5857921953
0.5902208649
0.5950474238
0.6035457519
0.6116773179
0.6170270278
0.6275109661
0.6353948938
0.6476578340
0.6564737693
0.6653180890
0.6781223650
0.6889709462
0.6976888437
0.7064402202
0.7157584536
0.7254796765
0.7388117981
0.7500519869
0.7515813472
0.7455178327
0.7483637918
0.7467090432
0.7474397906
0.7450092165
0.7458688312
0.7516464141
0.7538567185
0.7539905313
0.7541559646
0.7606776305
0.7623638049
0.7666188826
0.7721786273
0.7741783936
0.7801269342
0.7854664953
0.7903769043
0.7941371964
0.7947225670
0.7951977708
0.7914185931
0.7958017797
0.7944927467
0.7953670017
0.7958247294
0.7914929971
0.7888097190
0.7845191468
0.7819722011
0.7804320677
0.7750317741
0.7735774995
0.7635946698
0.7523522034
0.7495536540
0.7457558422
0.7444846053
0.7447081916
0.7471924766
0.7436306311
0.7433272976
0.7425758767
0.7449935295
0.7422572635
0.7449030720
0.7424399210
0.7431723611
0.7395396030
0.7403049928
0.7393286384
0.7360076899
0.7346332770
0.7297827545
0.7252483895
0.7347257837
0.7406568647
0.7307396165
0.7295900475
0.7257975174
0.7187342865
0.7129223977
0.7074493097
0.6986324019
0.6876367995
0.6824960613
0.6798095024
0.6741724475
0.6683699523
0.6593892619
0.6568803597
0.6527509994
0.6505798332
0.6443881581
0.6415028962
0.6228886053
0.6193090384
0.6130249187
0.6128759592
0.6120301592
0.6125403788
0.5944481089
0.5929775935
0.5905389595
0.5898087550
0.5889261895
0.5877169586
0.5751738207
0.5836676828
0.5951373221
0.6031651070
0.6090485904
0.6163906180
0.6171309564
0.6287527357
0.6361129644
0.6416728436
0.6511753300
0.6624835405
0.6725868865
0.6822541285
0.6985636770
0.7034208457
0.7111688072
0.7183928379
0.7242462950
0.7347412326
0.7432307444
0.7529599699
0.7829865369
0.7994304075
0.8200217818
0.8759971595
0.9013490756
0.9275680943
0.9834671729
1.0032489359
1.0212686197
1.0669865641
1.0836999436
1.0899068286
1.1503099131
1.1398928890
1.1211166770
1.1066517516
1.0467757518
1.0154099622
0.8844081327
0.7592767354
0.5763072632
0.4588472234
0.4241993091
0.4432104840
0.5127134956
0.5517468469
0.5891561686
0.6015982764
0.6095506471
0.6117621491
0.6216273015
0.6074224376
0.5889672316
0.5577728347
0.5201912994
0.4810378385
0.4466565349
0.4196838441
0.3845999206
0.3859245823
0.3364208062
0.2532875878
0.1476293251
0.0907230809
0.1029543807
0.1263335415
0.1701784256
0.1879578046
0.1999754261
0.2052783764
0.2122256108
0.1982462861
0.2000844757
0.1971899452
0.1976137592
0.2018898510
0.1939728984
0.1733883976
0.1554043371
0.1449479240
0.1362026291
0.1380300475
0.1417465048
0.1520673201
0.1549485817
0.1631571968
0.1654107521
0.1778610967
0.1973223852
0.2096737853
0.2243323575
0.2254157801
0.2298393853
0.2245475431
0.2216234621
0.2111564586
0.2013244581
0.1944696724
0.1999884653
0.2064647370
0.2170824829
0.2327072346
0.2413914217
0.2422339732
0.2403965943
0.2371795372
0.2403613212
0.2504539206
0.2540933456
0.2619783891
0.2587689114
0.2452945570
0.2014504830
0.1867875580
0.1886028981
0.2056215036
0.2086575437
0.2087372244
0.2113481879
0.2219329508
0.2277646618
0.2356260794
0.2464743620
0.2513643718
0.2583666743
0.2726062047
0.2920014071
0.2913981787
0.3222337646
0.3343724245
0.3498487871
0.3786504498
0.4311422115
0.4517662840
0.5099074709
0.5529363403
0.5538102493
0.5929382591
0.6356948915
0.6900826825
0.7494050686
0.7896037306
0.8042482691
0.8047905562
0.8003234082
0.7931904036
0.7973910919
0.7903294092
0.7725589625
0.7648992403
0.7332469233
0.7146383634
0.7035014963
0.6804119810
0.6656700065
0.6705015464
0.6704305570
0.6883738957
0.7140905714
0.7191092144
0.7311175438
0.7403944680
0.7475221937
0.7504913963
0.7444456650
0.7354602230
0.7195952933
0.7119074335
0.6948345831
0.6842673976
0.6751090180
0.6706603592
0.6707085498
0.6681784975
0.6717632697
0.6659525069
0.6579767987
0.6612466678
0.6701855183
0.6849652076
0.7067788961
0.7096407740
0.7154587736
0.7200730622
0.7414275360
0.7796521587
0.7944682628
0.8456862508
0.9205006686
0.9871647774
1.0751631552
1.1716001758
1.2562528619
1.3393152006
1.4259990095
1.5168790767
1.5466518331
1.5249787888
1.5562438656
1.5889942901
1.6311918944
1.6180230461
1.5916722046
1.5763389045
1.6748020421
1.6579970137
1.6174583775
1.6007618775
1.5825311576
1.6171637112
1.6033647208
1.5884980635
1.5524637720
1.5402099915
1.5461225086
1.5789286000
1.6147989457
1.6107996204
1.5803855683
1.5559369425
1.5363806085
1.5083042206
1.4919141745
1.4807974931
1.4788133850
1.4883414530
1.5180280850
1.5577977293
1.5457171725
1.5049113643
1.4838698006
1.4748673810
1.4905442550
1.4810339368
1.4263007210
1.3983149782
1.3603498063
1.3693903214
1.3672016015
1.3796327899
1.3912913710
1.3997231504
1.4038594741
1.4062387483
1.4180831038
1.4243809412
1.4283783803
1.4350359147
1.4551532323
1.4713069150
1.4948358699
1.5129026539
1.5406263296
1.5556381886
1.5789103355
1.5851484895
1.5644511377
1.5487150047
1.5127155478
1.4781776454
1.4512797570
1.4207173740
1.3894499975
1.3844503159
1.3387401850
1.3351102799
1.2914919916
1.2921913933
1.2642293617
1.2709375012
1.2857889726
1.3129672243
1.3514516078
1.3980992698
1.4499677074
1.4707684131
1.4933283451
1.5237863018
1.5513358521
1.5950486007
1.6195148626
1.6337140156
1.6386717985
1.6430372072
1.6441292583
1.6185352120
1.5748977792
1.5390281660
1.4924442240
1.4764518146
1.4769145285
1.4700006665
1.4533186638
1.4299488445
1.3954837811
1.3549835339
1.2961354857
1.2398024398
1.1449555578
1.1067441518
1.0438206212
0.9670847376
0.9101222848
0.8618722812
0.8209996546
0.7936558264
0.7336723885
0.7238246333
0.6650738448
0.6149197742
0.5818983687
0.5658791431
0.5551479563
0.5309071912
0.5139327304
0.4985576263
0.4945725070
0.4881212174
0.4809782147
0.4661360734
0.4337438804
0.3977836226
0.3456393264
0.2588449553
0.1761741920
0.1272638706
0.1204303078
0.1194835178
0.0838645111
0.0888027967
0.0990709165
0.0892988872
0.1082559016
0.1035989731
0.1146399247
0.1088842611
0.1204534647
0.1197834135
0.1181348000
0.1200323518
0.1352971998
0.1361052214
0.1534519830
0.1517902448
0.1614614261
0.1559518997
0.1665167697
0.1752772431
0.1802606438
0.1906953635
0.1976610872
0.2001197100
0.2102760408
0.2203072799
0.2260715762
0.2473261931
0.2571141381
0.2628590221
0.2857296353
0.2857657426
0.3012197042
0.3145453552
0.3285428651
0.3327948886
0.3342933372
0.3294205674
0.3519399223
0.3725046319
0.4002125008
0.4091598706
0.4434031493
0.4945271187
0.5109090661
0.4849323355
0.5159361646
0.5362803825
0.5295067634
0.5247954372
0.5232445069
0.5338110036
0.5314524843
0.5353024478
0.5284282346
0.5199573871
0.5308750201
0.5444021224
0.5403439375
0.5446921464
0.5455205174
0.5474552642
0.5376570137
0.5486382963
0.5719832487
0.5689835769
0.5546911427
0.5636574341
0.5610438375
0.5678698577
0.5763243290
0.5825627224
0.5901711402
0.6005062981
0.6086178322
0.6280086610
0.6375775356
0.6465196301
0.6586829164
0.6755177522
0.6842721227
0.6807187615
0.6770859243
0.6793221163
0.6828533891
0.6847278200
0.6826548680
0.6729998234
0.6719296252
0.6600003022
0.6505595796
0.6518107147
0.6482567594
0.6438059265
0.6358408496
0.6250931900
0.6296336567
0.6128043340
0.6079507426
0.5987424327
0.6116039550
0.6408804925
0.6343531794
0.6586500789
0.6530720665
0.6830203631
0.7100181679
0.7357264214
0.7381890660
0.7697987526
0.7999422413
0.8334480140
0.8661881052
0.8985463252
0.9222198872
0.9352552290
0.9140712121
0.8817130195
0.8308620116
0.7790751795
0.7108286047
0.6821059497
0.6654675834
0.6601401440
0.6745588651
0.6867688314
0.6970994389
0.6937454665
0.7010491947
0.7042304694
0.7217354469
0.7453624493
0.7803909438
0.8147834931
0.8333348054
0.8371824887
0.8198175712
0.7938877626
0.7692425313
0.7335875659
0.7221183977
0.7044869302
0.7277597841
0.7417893692
0.7607471006
0.7443400806
0.7173020529
0.6752534676
0.6376251683
0.5994913550
0.5602874778
0.5239819213
0.5099976613
0.4212287803
0.4117515779
0.3893501597
0.3798719534
0.3904089651
0.3835322046
0.3816005872
0.3693480151
0.3535409522
0.3362516643
0.3324907321
0.3372358251
0.3493590130
0.3681490528
0.3749804337
0.3944295255
0.4064985724
0.4247016461
0.4392375682
0.4421412258
0.4617963123
0.4641031812
0.4823724422
0.4821041580
0.4846085682
0.4963510461
0.4894677568
0.4867381496
0.4847349619
0.4836421412
0.4823219517
0.4783706257
0.4706817831
0.4675963047
0.4598937173
0.4582490669
0.4534721149
0.4454821538
0.4418479153
0.4380369608
0.4290771515
0.4281311875
0.4208299534
0.4176379000
0.4185066660
0.4199044754
0.4204966257
0.4239663548
0.4308516018
0.4348721015
0.4411207350
0.4541481445
0.4562481381
0.4516599426
0.4549776778
0.4588148213
0.4614532156
0.4633067336
0.4668868686
0.4696240129
0.4711717869
0.4704071925
0.4658354737
0.4675492579
0.4686654151
0.4690705643
0.4724921354
0.4725555638
0.4720920429
0.4773088005
0.4716342647
0.4691379139
0.4666474065
0.4696017722
0.4639172297
0.4654575102
0.4668207058
0.4818143847
0.4840912797
0.4843565724
0.4960530733
0.4953030858
0.5111190995
0.5241382088
0.5437124243
0.5737851413
0.5837889360
0.5853365312
0.6112485857
0.6143830050
0.6735279426
0.6981331429
0.7513361598
0.7496858935
0.7838023982
0.8092243980
0.8277476193
0.8406683241
0.8597742150
0.8928943155
0.8993428111
0.9072044008
0.8686611474
0.8580256791
0.8606164524
0.8529422524
0.8432243439
0.8425975504
0.8456774388
0.8389779318
0.8533076622
0.8705274592
0.8980533748
0.9286728927
0.9499928005
0.9943837652
1.0567511854
1.0690679199
1.0974439717
1.0997738419
1.1091843698
1.1127280864
1.1230699631
1.1447279304
1.1602117328
1.1997139103
1.2038177391
1.2155760476
1.2189582531
1.2203282476
1.2222266297
1.2266020048
1.2149513215
1.1889517739
1.1706848731
1.1430970437
1.1193380476
1.1107868200
1.1061760908
1.1074623729
1.1109435536
1.1220328092
1.1348292842
1.1473539663
1.1629240996
1.1684203590
1.1779057706
1.1730087442
1.1632110903
1.1641896065
1.1640535269
1.1760702450
1.1885924865
1.2173862733
1.2637956560
1.3173236603
1.3692989300
1.4316710023
1.4570080958
1.5129372419
1.5571776351
1.5775962176
1.6098081535
1.6334974815
1.6393029556
1.6473196675
1.6407691058
1.6253225284
1.6063636242
1.5938427327
1.5691081097
1.5475882852
1.5115637926
1.4905310554
1.4997018607
1.5444282118
1.4797012394
1.4401954854
1.4205525943
1.4261227373
1.3983148672
1.3991143743
1.4244013823
1.4114488753
1.4045519988
1.3865618847
1.3872251352
1.3544618957
1.3355991199
1.3119391224
1.2898869992
1.3895863092
1.2945215413
1.2444406127
1.1531900525
1.1192273017
1.1123006787
1.0704889001
1.0707991440
1.0407770920
1.0153935925
0.9931975190
0.9779179307
0.9644637637
0.9677008013
0.9584623775
0.9216141784
0.9117309668
0.8877511522
0.8684885598
0.8530652110
0.8409846961
0.8242261900
0.7994386223
0.7795200543
0.7747344848
0.7538093318
0.7509479143
0.7350111355
0.7201180287
0.7167164885
0.7125676622
0.7066237981
0.7039695928
0.7108781595
0.7138538126
0.7274789291
0.7311619789
0.7349303898
0.7519202605
0.7471492927
0.7421704594
0.7375104464
0.7316424698
0.7273320754
0.7217502475
0.7210688222
0.7244451702
0.7247884723
0.7259865493
0.7268569127
0.7248989187
0.7228902057
0.7406336314
0.7408214741
0.7409716654
0.7632691725
0.7647851627
0.7776306722
0.7770429255
0.7803090330
0.7817242447
0.7865112131
0.7895074234
0.7983496099
0.7996836962
0.8058500036
0.8077003927
0.8092596315
0.8090496236
0.8188424341
0.8189263096
0.8194857824
0.8199644389
0.8190174592
0.8162590211
0.8156141375
0.8154622860
0.8141973927
0.8033266186
0.8026134287
0.7946763673
0.7962201515
0.7977891851
0.8004758213
0.8020392399
0.8014534609
0.8078955392
0.8080460165
0.8087035723
0.8074594791
0.8039302686
0.8049633475
0.8002048893
0.7971402784
0.7897669175
0.7782829793
0.7738340321
0.7606245492
0.7493414999
0.7345916571
0.7231975294
0.7152779919
0.7133293279
