0.0578151663
0.0575174870
0.0613597109
0.0613303816
0.0612443664
0.0616823403
0.0612481873
0.0675101355
0.0744163533
0.0753316896
0.0813423495
0.0851969713
0.0844524563
0.0821254854
0.0827568299
0.0847201864
0.0858837309
0.0902101350
0.0917942684
0.0958913738
0.0965474734
0.1021859791
0.1046056888
0.1064396675
0.1126163491
0.1133922729
0.1133410767
0.1172595293
0.1185179629
0.1197033572
0.1201883294
0.1210878555
0.1193657510
0.1176012614
0.1189202327
0.1184277622
0.1178104457
0.1174264151
0.1188352298
0.1206112859
0.1202609046
0.1213669795
0.1203754858
0.1170929405
0.1097177010
0.1101306261
0.1060071484
0.1008969075
0.0954653424
0.0894778379
0.0852022479
0.0785929214
0.0792379391
0.0730171366
0.0646546004
0.0657037392
0.0734616201
0.0712862711
0.0762232218
0.0823391493
0.0867473265
0.0874111769
0.0825586957
0.0799344695
0.0786823117
0.0784234287
0.0805082732
0.0894783136
0.0956537000
0.1016094282
0.1064925066
0.1083836750
0.1094642564
0.1106121458
0.1080721057
0.1051026940
0.1045891563
0.1044910647
0.1042427437
0.1017219136
0.0968493903
0.0917003168
0.0865370975
0.0818050081
0.0782672101
0.0752169440
0.0722264955
0.0689139856
0.0661352211
0.0643895847
0.0602784058
0.0544391817
0.0466190156
0.0356182255
0.0277952824
0.0198129370
0.0164703096
0.0196883598
0.0315810631
0.0407933998
0.0504491160
0.0651928182
0.0753888758
0.0871108712
0.0949927994
0.1029587447
0.1108745877
0.1202482123
0.1282607650
0.1362328711
0.1417580794
0.1456628847
0.1478646575
0.1551722622
0.1629653626
0.1709207926
0.1853607996
0.1918615964
0.1954025615
0.1985145546
0.2012927252
0.2089717173
0.2153609878
0.2255665665
0.2368390536
0.2484827098
0.2561993982
0.2643865261
0.2729168957
0.2746058397
0.2722872131
0.2652836704
0.2571489238
0.2506372051
0.2462749385
0.2473768313
0.2429027402
0.2428160027
0.2404423574
0.2397488301
0.2367965380
0.2286412099
0.2260790019
0.2252371411
0.2180684182
0.2173479613
0.2121137927
0.2082907437
0.2056749883
0.2083702341
0.2161490108
0.2265480113
0.2359733931
0.2467378210
0.2597309034
0.2693830751
0.2761287972
0.2795204208
0.2824206913
0.2851537513
0.2923862203
0.2981759703
0.3088497759
0.3144180587
0.3249927140
0.3311503537
0.3410456326
0.3489163226
0.3534464642
0.3586461385
0.3638921779
0.3654782065
0.3596589592
0.3546383158
0.3434211932
0.3374279253
0.3316284528
0.3296578570
0.3197783086
0.3096732267
0.2956327549
0.2820419173
0.2664980747
0.2585232159
0.2595635302
0.2616893596
0.2655463528
0.2652532924
0.2633075032
0.2596084581
0.2538830149
0.2501768577
0.2456565403
0.2396776005
0.2341528681
0.2279010789
0.2225813364
0.2161904955
0.2067419069
0.1990560090
0.1900453825
0.1813007298
0.1733953631
0.1678827927
0.1628392416
0.1590592226
0.1547134147
0.1499493788
0.1469370308
0.1435219557
0.1405834721
0.1387237581
0.1362313886
0.1339208600
0.1312533640
0.1299195424
0.1294975272
0.1287005427
0.1296750826
0.1311811744
0.1333352458
0.1359512716
0.1385751945
0.1403850934
0.1427004182
0.1453918530
0.1468095275
0.1471809081
0.1469229498
0.1454809192
0.1444936147
0.1440071840
0.1439006324
0.1438166386
0.1459642271
0.1482399974
0.1507594845
0.1538739086
0.1574133705
0.1615824679
0.1718701463
0.1766938164
0.1819380610
0.1847337273
0.1822821877
0.1814111835
0.1792540908
0.1804619385
0.1843502027
0.1859557289
0.1865086235
0.1861146009
0.1850899801
0.1825990578
0.1774453526
0.1687236685
0.1614894142
0.1582687447
0.1525060277
0.1479710862
0.1470188326
0.1486774461
0.1509472627
0.1560515258
0.1534008374
0.1541639457
0.1565156966
0.1624257097
0.1632560909
0.1567064066
0.1511107081
0.1491643762
0.1503787837
0.1534115172
0.1562267264
0.1622560088
0.1635557152
0.1638515244
0.1641043663
0.1666165455
0.1661296200
0.1664058004
0.1653158113
0.1622630692
0.1602445112
0.1571983865
0.1590344806
0.1634875859
0.1635717720
0.1673536580
0.1685695378
0.1688649208
0.1661627999
0.1666992028
0.1670889153
0.1672948075
0.1665220969
0.1600240740
0.1525381408
0.1505163667
0.1499322436
0.1466984708
0.1455086876
0.1481520736
0.1467450134
0.1470899354
0.1462671767
0.1417314603
0.1370591119
0.1342415582
0.1343801070
0.1353578713
0.1386070615
0.1453381782
0.1459769614
0.1470095242
0.1474745296
0.1479116088
0.1471565886
0.1453206379
0.1414110154
0.1388619220
0.1361125896
0.1355275246
0.1352726443
0.1313262489
0.1298159674
0.1250883690
0.1247483301
0.1205689405
0.1216573703
0.1184317304
0.1191440666
0.1155148576
0.1167197715
0.1138128065
0.1140894071
0.1151870569
0.1117218269
0.1111965746
0.1114350414
0.1075578350
0.1093658332
0.1073163989
0.1099982607
0.1136563319
0.1117551019
0.1170556484
0.1218832693
0.1181124528
0.1229883587
0.1189200162
0.1147062457
0.1159271461
0.1103872315
0.1110711223
0.1044893954
0.1039381761
0.1027580815
0.0948813487
0.0935510435
0.0878331805
0.0827973323
0.0825674540
0.0776267331
0.0733122432
0.0731257768
0.0709499288
0.0706249089
0.0670941623
0.0635622638
0.0622877457
0.0615849414
0.0642132366
0.0658505221
0.0725656014
0.0754153587
0.0848710205
0.0888558036
0.0982489071
0.1076455595
0.1113265695
0.1189846530
0.1255330410
0.1248039198
0.1294984899
0.1352519828
0.1406007201
0.1414846140
0.1502404850
0.1567412220
0.1567486248
0.1673230352
0.1805456501
0.1851841911
0.1998680814
0.2042542785
0.2165691639
0.2279038456
0.2309930071
0.2418691028
0.2476861572
0.2495532353
0.2558943523
0.2586431186
0.2604045021
0.2579425990
0.2575781703
0.2583627149
0.2566577925
0.2616299824
0.2621163943
0.2566891298
0.2486110370
0.2419933991
0.2337513883
0.2275157916
0.2192834253
0.2123256504
0.2058693492
0.1986324139
0.1947911351
0.1869905037
0.1833797318
0.1819071756
0.1839031949
0.1905138821
0.1958562099
0.1983278885
0.2023640730
0.2067352204
0.2126793769
0.2199417100
0.2271574142
0.2429671288
0.2416057556
0.2341679374
0.2200105082
0.2144618750
0.2094380269
0.2104484187
0.2062370755
0.2048696807
0.2067668066
0.2045975303
0.2068344158
0.2043906146
0.2082334443
0.2081602093
0.2096546326
0.2079401749
0.2070352277
0.2048027037
0.2010789723
0.1995645876
0.1943843313
0.1928626272
0.1913331709
0.1889076559
0.1895861726
0.1888634672
0.1892042420
0.1874519384
0.1855051165
0.1853589678
0.1804561067
0.1758588504
0.1644662490
0.1593210434
0.1549780646
0.1523772043
0.1488704858
0.1491740492
0.1472792349
0.1466596098
0.1445892282
0.1419066673
0.1371529494
0.1268084991
0.1176747228
0.1059937523
0.0990279584
0.0879158610
0.0808407575
0.0766207592
0.0726866794
0.0699637154
0.0695906110
0.0734280646
0.0765769676
0.0830653509
0.0945197482
0.1028936564
0.1049463016
0.1110283305
0.1104409591
0.1161823285
0.1154162438
0.1193768305
0.1222835101
0.1240181488
0.1236773414
0.1216807247
0.1206161090
0.1176751114
0.1071485596
0.0977124427
0.0911232226
0.0850055349
0.0811138580
0.0787619418
0.0784352410
0.0773987844
0.0773479237
0.0780362722
0.0774042942
0.0769909618
0.0756470576
0.0762592597
0.0756770970
0.0741180844
0.0722226398
0.0691169812
0.0652419199
0.0613300826
0.0572613319
0.0534044770
0.0494714051
0.0460871534
0.0432387312
0.0408800253
0.0395462520
0.0406024795
0.0416438886
0.0417866577
0.0420079564
0.0403211584
0.0377688919
0.0343386543
0.0310379735
0.0280508255
0.0249122531
0.0228003405
0.0218235793
0.0224706211
0.0248233190
0.0282926268
