8.5016721198
8.5016721198
8.5010391425
8.5010391425
8.5018820267
8.5018820267
8.4990864421
8.4990864421
8.4974755013
8.4974755013
8.5153347457
8.5153347457
8.5063116330
8.5063116330
8.5138101484
8.5138101484
8.5135713277
8.5135713277
8.5170904926
8.5170904926
8.5163225555
8.5163225555
8.5231185319
8.5231185319
8.5360677812
8.5360677812
8.5394803549
8.5394803549
8.5374163385
8.5374163385
8.5417977552
8.5417977552
8.5550347462
8.5550347462
8.5765783766
8.5765783766
8.5785569743
8.5785569743
8.5919067097
8.5919067097
8.6024873785
8.6024873785
8.6120928500
8.6120928500
8.6171331176
8.6171331176
8.6081109685
8.6081109685
8.5892797022
8.5892797022
8.5845755108
8.5845755108
8.6078148518
8.6078148518
8.6323889500
8.6323889500
8.6231603772
8.6231603772
8.6103294707
8.6103294707
8.6026697593
8.6026697593
8.6045181361
8.6045181361
8.6095913001
8.6095913001
8.6037323516
8.6037323516
8.6169733262
8.6169733262
8.6183507743
8.6183507743
8.6297654218
8.6297654218
8.6374048009
8.6374048009
8.6259546285
8.6259546285
8.6324255336
8.6324255336
8.6384248930
8.6384248930
8.6496497097
8.6496497097
8.6636907511
8.6636907511
8.6509355603
8.6509355603
8.6566439393
8.6566439393
8.6656877181
8.6656877181
8.6976604924
8.6976604924
8.7051995325
8.7051995325
8.7005041255
8.7005041255
8.6958170329
8.6958170329
8.6961504170
8.6961504170
8.7067631587
8.7067631587
8.7191859254
8.7191859254
8.7372070566
8.7372070566
8.7374424326
8.7374424326
8.7391107841
8.7391107841
8.7363687809
8.7363687809
8.7284402251
8.7284402251
8.7284351777
8.7284351777
8.7293926826
8.7293926826
8.7366229064
8.7366229064
8.7503191124
8.7503191124
8.7254042022
8.7254042022
8.7262850948
8.7262850948
8.7265728247
8.7265728247
8.7379177703
8.7379177703
8.7546167510
8.7546167510
8.7473248961
8.7473248961
8.7534093891
8.7534093891
8.7527801012
8.7527801012
8.7487119638
8.7487119638
8.7566779960
8.7566779960
8.7657447960
8.7657447960
8.7704990675
8.7704990675
8.7772485102
8.7772485102
8.7847467743
8.7847467743
8.7904353553
8.7904353553
8.7961345036
8.7961345036
8.8177769123
8.8177769123
8.8165021838
8.8165021838
8.8286109017
8.8286109017
8.8359681719
8.8359681719
8.8369317712
8.8369317712
8.8386566802
8.8386566802
8.8467322102
8.8467322102
8.8588540378
8.8588540378
8.8667310773
8.8667310773
8.8662311989
8.8662311989
8.8687343554
8.8687343554
8.8722980548
8.8722980548
8.8763354428
8.8763354428
8.8807009629
8.8807009629
8.8847937316
8.8847937316
8.8910205148
8.8910205148
8.9106965177
8.9106965177
8.9272741193
8.9272741193
8.9231939933
8.9231939933
8.9371981138
8.9371981138
8.9422457566
8.9422457566
8.9610934497
8.9610934497
8.9606365179
8.9606365179
8.9691541994
8.9691541994
8.9608779973
8.9608779973
8.9727714930
8.9727714930
8.9745027061
8.9745027061
8.9821279066
8.9821279066
9.0012686070
9.0012686070
9.0160299252
9.0160299252
9.0219671501
9.0219671501
9.0341001210
9.0341001210
9.0385275855
9.0385275855
9.0461803671
9.0461803671
9.0420841055
9.0420841055
9.0504692433
9.0504692433
9.0629068720
9.0629068720
9.0582973913
9.0582973913
9.0464704670
9.0464704670
9.0579248108
9.0579248108
9.0588539208
9.0588539208
9.0596443673
9.0596443673
9.0666437889
9.0666437889
9.0691462158
9.0691462158
9.0700592614
9.0700592614
9.0681861114
9.0681861114
9.0710851679
9.0710851679
9.0728268756
9.0728268756
9.0767894026
9.0767894026
9.0897163824
9.0897163824
9.0966417078
9.0966417078
9.0987393169
9.0987393169
9.1001143319
9.1001143319
9.1033173613
9.1033173613
9.1106279818
9.1106279818
9.1148570176
9.1148570176
9.1161894407
9.1161894407
9.1201667757
9.1201667757
9.1185871361
9.1185871361
9.1148501568
9.1148501568
9.1042369770
9.1042369770
9.1034333388
9.1034333388
9.0860101757
9.0860101757
9.0842555526
9.0842555526
9.0844315361
9.0844315361
9.0828749153
9.0828749153
9.0802866040
9.0802866040
9.0591660676
9.0591660676
9.0596888278
9.0596888278
9.0607510403
9.0607510403
9.0680909026
9.0680909026
9.0566495083
9.0566495083
9.0338792396
9.0338792396
9.0339747204
9.0339747204
9.0326434907
9.0326434907
9.0325631860
9.0325631860
9.0391864961
9.0391864961
9.0326469767
9.0326469767
9.0319253048
9.0319253048
9.0297761020
9.0297761020
9.0253108193
9.0253108193
9.0197341879
9.0197341879
9.0205575541
9.0205575541
9.0201522479
9.0201522479
9.0171488212
9.0171488212
9.0097169242
9.0097169242
9.0005673516
9.0005673516
9.0013611228
9.0013611228
8.9945115319
8.9945115319
9.0056455353
9.0056455353
8.9991653703
8.9991653703
8.9996300498
8.9996300498
8.9912307577
8.9912307577
8.9847172300
8.9847172300
8.9729922790
8.9729922790
8.9629015611
8.9629015611
8.9529966712
8.9529966712
8.9521357601
8.9521357601
8.9450016322
8.9450016322
8.9378658089
8.9378658089
8.9329201984
8.9329201984
8.9247136203
8.9247136203
8.9246298900
8.9246298900
8.9299358772
8.9299358772
8.9260681815
8.9260681815
8.9209615930
8.9209615930
8.9169355672
8.9169355672
8.9188504856
8.9188504856
8.9090458052
8.9090458052
8.9018464384
8.9018464384
8.8940121377
8.8940121377
8.8866464697
8.8866464697
8.8772436165
8.8772436165
8.8630787338
8.8630787338
8.8495792828
8.8495792828
8.8420112466
8.8420112466
8.8304906093
8.8304906093
8.8165823024
8.8165823024
8.8053624256
8.8053624256
8.7911612226
8.7911612226
8.7912118264
8.7912118264
8.7891167442
8.7891167442
8.7918434617
8.7918434617
8.7883356075
8.7883356075
8.7996889862
8.7996889862
8.7956586256
8.7956586256
8.7889972449
8.7889972449
8.7743053385
8.7743053385
8.7706909651
8.7706909651
8.7647225073
8.7647225073
8.7650057637
8.7650057637
8.7605977375
8.7605977375
8.7526230328
8.7526230328
8.7508348048
8.7508348048
8.7533151233
8.7533151233
8.7567823394
8.7567823394
8.7484241148
8.7484241148
8.7387360596
8.7387360596
8.7389278113
8.7389278113
8.7338156629
8.7338156629
8.7291538264
8.7220233917
8.7220233917
8.7183312520
8.7183312520
8.7213022649
8.7213022649
8.7147303020
8.7147303020
8.7169204712
8.7169204712
8.7145849499
8.7145849499
8.7187164977
8.7187164977
8.7176402194
8.7176402194
8.7120784738
8.7120784738
8.7035948809
8.7035948809
8.7033840632
8.7033840632
8.7020914908
8.7020914908
8.6961304325
8.6961304325
8.6901938369
8.6901938369
8.6826098065
8.6826098065
8.6746886997
8.6746886997
8.6717090638
8.6717090638
8.6626686488
8.6626686488
8.6609155431
8.6609155431
8.6557029235
8.6557029235
8.6537220510
8.6537220510
8.6667057543
8.6667057543
8.6732901877
8.6732901877
8.6746058750
8.6746058750
8.6782179839
8.6782179839
8.6800012007
8.6800012007
8.6824935301
8.6824935301
8.6859808222
8.6859808222
8.6895144115
8.6895144115
8.6987338651
8.6987338651
8.6995339815
8.6995339815
8.7039597144
8.7039597144
8.7044718019
8.7044718019
8.7039691313
8.7039691313
8.7069840661
8.7069840661
8.7056937060
8.7056937060
8.7142669176
8.7142669176
8.7211368959
8.7211368959
8.7247544304
8.7247544304
8.7237364182
8.7237364182
8.7326701133
8.7326701133
8.7375830791
8.7375830791
8.7480580946
8.7480580946
8.7540904045
8.7540904045
8.7526525435
8.7526525435
8.7511205074
8.7511205074
8.7496120829
8.7496120829
8.7440772551
8.7440772551
8.7444922395
8.7444922395
8.7466611299
8.7466611299
8.7455466311
8.7455466311
8.7483574460
8.7483574460
8.7467281483
8.7467281483
8.7456144892
8.7456144892
8.7357155246
8.7357155246
8.7394577910
8.7394577910
8.7407051430
8.7407051430
8.7305087029
8.7305087029
8.7254502943
8.7254502943
8.7171672555
8.7171672555
8.7160263352
8.7160263352
8.7163128233
8.7163128233
8.7138955334
8.7138955334
8.7123087286
8.7123087286
8.7082964781
8.7082964781
8.7036829454
8.7036829454
8.6998120919
8.6998120919
8.6992797631
8.6992797631
8.6974942085
8.6974942085
8.6928380529
8.6928380529
8.6804331359
8.6804331359
8.6745471637
8.6745471637
8.6646644829
8.6646644829
8.6559978606
8.6559978606
8.6479703123
8.6479703123
8.6238911650
8.6238911650
8.6149918816
8.6149918816
8.6049506978
8.6049506978
8.5962484149
8.5962484149
8.5957139372
8.5957139372
8.5872466411
8.5872466411
8.5830330863
8.5830330863
8.5873205041
8.5873205041
8.5821191978
8.5821191978
8.5678650814
8.5678650814
8.5728233958
8.5728233958
8.5651678719
8.5651678719
8.5706783939
8.5706783939
8.5548101125
8.5548101125
8.5635062537
8.5635062537
8.5429441847
8.5429441847
8.5512057916
8.5512057916
8.5292164252
8.5292164252
8.5086477587
8.5086477587
8.5070946827
8.5070946827
8.4911180708
8.4911180708
8.4877566295
8.4877566295
8.4557693299
8.4557693299
8.4523636789
8.4523636789
8.4294528274
8.4294528274
8.4248435519
8.4248435519
8.4490205868
8.4490205868
8.4457435257
8.4457435257
8.4469452094
8.4469452094
8.4541067846
8.4541067846
8.4551022558
8.4551022558
8.4530917497
8.4530917497
8.4578414962
8.4578414962
8.4608476705
8.4629666353
8.4629666353
8.4668870790
8.4668870790
8.4606060222
8.4606060222
8.4630981361
8.4630981361
8.4721216409
8.4721216409
8.4719375926
8.4719375926
8.4628678487
8.4628678487
8.4793025690
8.4793025690
8.4817240178
8.4817240178
8.4823383673
8.4823383673
8.4860552347
8.4860552347
8.4855981659
8.4855981659
8.4937403992
8.4937403992
8.4958790326
8.4958790326
8.4951747703
8.4951747703
8.5072075853
8.5072075853
8.5052211793
8.5052211793
8.5179191845
8.5179191845
8.5215021421
8.5215021421
8.5338643252
8.5338643252
8.5472806617
8.5472806617
8.5516373030
8.5516373030
8.5752056988
8.5752056988
8.5843664579
8.5843664579
8.5892006532
8.5892006532
8.6071523291
8.6071523291
8.6143053091
8.6143053091
8.6113778776
8.6113778776
8.6179233890
8.6179233890
8.6412854368
8.6412854368
8.6364541892
8.6364541892
8.6360309777
8.6360309777
8.6419563173
8.6419563173
8.6536067514
8.6536067514
8.6653051271
8.6653051271
8.6656864732
8.6656864732
8.6698526492
8.6698526492
8.6800141668
8.6800141668
8.6937810302
8.6937810302
8.7041200696
8.7041200696
8.7127798420
8.7127798420
8.7235726242
8.7235726242
8.7418906140
8.7418906140
8.7563591042
8.7563591042
8.7638320729
8.7638320729
8.7783673611
8.7783673611
8.7859898685
8.7859898685
8.7820991791
8.7820991791
8.7883191467
8.7883191467
8.7974128836
8.7974128836
8.7920402039
8.7920402039
8.7947558033
8.7947558033
8.7955775694
8.7955775694
8.8058994503
8.8058994503
8.8060809650
8.8060809650
8.8133610354
8.8133610354
8.8210678912
8.8210678912
8.8268838772
8.8268838772
8.8301146244
8.8301146244
8.8389058435
8.8389058435
8.8519217000
8.8519217000
8.8674147364
8.8674147364
8.8824216181
8.8824216181
8.8933905813
8.8933905813
8.9065555463
8.9065555463
8.9168747835
8.9168747835
8.9288155238
8.9288155238
8.9377553193
8.9377553193
8.9460442612
8.9460442612
8.9473684730
8.9473684730
8.9553595513
8.9553595513
8.9651433979
8.9651433979
8.9656552269
8.9656552269
8.9663489761
8.9663489761
8.9729253799
8.9729253799
8.9730451632
8.9730451632
8.9833179225
8.9833179225
8.9913208945
8.9913208945
9.0012344560
9.0012344560
9.0114458435
9.0114458435
9.0290453743
9.0290453743
9.0434738383
9.0434738383
9.0604323865
9.0604323865
9.0654996759
9.0654996759
9.0762222028
9.0762222028
9.0828489429
9.0828489429
9.0841449348
9.0841449348
9.0871844470
9.0871844470
9.0863901999
9.0863901999
9.0876236255
9.0876236255
9.0888606397
9.0888606397
9.0890578917
9.0890578917
9.0721656514
9.0721656514
9.0732984326
9.0732984326
9.0738517338
9.0738517338
9.0753654704
9.0753654704
9.0748734917
9.0748734917
9.0725265173
9.0725265173
9.0752154138
9.0752154138
9.0712472138
9.0712472138
9.0645858090
9.0645858090
9.0483452125
9.0483452125
9.0440108788
9.0440108788
9.0261298774
9.0261298774
9.0121017486
9.0121017486
9.0002081680
9.0002081680
8.9935838264
8.9935838264
8.9919463949
8.9919463949
8.9970940678
8.9970940678
8.9887359529
8.9887359529
8.9802366579
8.9802366579
8.9863148243
8.9863148243
8.9774219097
8.9774219097
8.9784087017
8.9784087017
8.9742471045
8.9742471045
8.9728181968
8.9728181968
8.9678167906
8.9678167906
8.9526450584
8.9526450584
8.9456912131
8.9456912131
8.9469100897
8.9469100897
8.9230837750
8.9230837750
8.9127917295
8.9127917295
8.8928499859
8.8928499859
8.8822425439
8.8822425439
8.8720854768
8.8720854768
8.8632278627
8.8632278627
8.8594198182
8.8594198182
8.8535982418
8.8535982418
8.8473854474
8.8473854474
8.8458712176
8.8458712176
8.8487469236
8.8487469236
8.8415795757
8.8415795757
8.8414694701
8.8414694701
8.8331748336
8.8331748336
8.8285022784
8.8285022784
8.8289803185
8.8289803185
8.8266501467
8.8266501467
8.8285183615
8.8285183615
8.8268252302
8.8268252302
8.8222532181
8.8222532181
8.8122460538
8.8122460538
8.7999039560
8.7999039560
8.7934990164
8.7934990164
8.7884937676
8.7884937676
8.7684625514
8.7684625514
8.7633266440
8.7633266440
8.7548472469
8.7548472469
8.7494259618
8.7494259618
8.7389716133
8.7389716133
8.7346475031
8.7346475031
8.7327966803
8.7327966803
8.7268535363
8.7268535363
8.7232820660
8.7232820660
8.7239984032
8.7239984032
8.7150137939
8.7150137939
8.7160773522
8.7160773522
8.7085642226
8.7085642226
8.7050598533
8.7050598533
8.7047685599
8.7047685599
8.7074421958
8.7074421958
8.7101280957
8.7101280957
8.7112258176
8.7112258176
8.7090868175
8.7090868175
8.7067238875
8.7067238875
8.7046406285
8.7046406285
8.7058200142
8.7058200142
8.7078679359
8.7078679359
8.7097298228
8.7097298228
8.7117095953
8.7117095953
8.7100132959
8.7100132959
8.7045025546
8.7045025546
8.7040893970
8.7040893970
8.7034483060
8.7034483060
8.7032743254
8.7032743254
8.7043207994
8.7043207994
8.7051839876
8.7051839876
8.7027849719
8.7027849719
8.7035367900
8.7035367900
8.7091211139
8.7091211139
8.7109395447
8.7109395447
8.7101677443
8.7101677443
8.7097583257
8.7097583257
8.7082328211
8.7082328211
8.7040120568
8.7040120568
8.7022632117
8.7022632117
8.7073722966
8.7073722966
8.7024581068
8.7024581068
8.7024556819
8.7024556819
8.7013304634
8.7013304634
8.6935107479
8.6935107479
8.6928340655
8.6928340655
8.6831611390
8.6831611390
8.6788180300
8.6788180300
8.6749991462
8.6749991462
8.6823926512
8.6823926512
8.6859471572
8.6859471572
8.6850152288
8.6850152288
8.6823115074
8.6823115074
8.6723152542
8.6723152542
8.6830138850
8.6830138850
8.6879366850
8.6879366850
8.6943955986
8.6943955986
8.6819844118
8.6819844118
8.6804746809
8.6804746809
8.6804648406
8.6804648406
8.7291396859
8.7291396859
8.6837542729
8.6837542729
8.6881401515
8.6881401515
8.6891691830
8.6891691830
8.6848510590
8.6848510590
8.7110141245
8.7110141245
8.7127396381
8.7127396381
8.7165145278
8.7165145278
8.7219922896
8.7219922896
8.7138062388
8.7138062388
8.7231827609
8.7231827609
8.7199019921
8.7199019921
8.7079183345
8.7079183345
8.7051149966
8.7051149966
8.6971533457
8.6971533457
8.6850835150
8.6850835150
8.6871900955
8.6871900955
8.6759330616
8.6759330616
8.6689610551
8.6689610551
8.6560069370
8.6560069370
8.6555802548
8.6555802548
8.6498393773
8.6498393773
8.6268079240
8.6268079240
8.6159592061
8.6159592061
8.6009876667
8.6009876667
8.6197503940
8.6197503940
8.6146700341
8.6146700341
8.6069446792
8.6069446792
8.5995072984
8.5995072984
8.5808079162
8.5808079162
8.5719395752
8.5719395752
8.5733280384
8.5733280384
8.5403659771
8.5403659771
8.5377486403
8.5377486403
8.5782373167
8.5782373167
8.5783055888
8.5783055888
8.5776690154
8.5776690154
8.5711845596
8.5711845596
8.5781202926
8.5781202926
8.5795564568
8.5795564568
8.5843727330
8.5843727330
8.5440922960
8.5440922960
8.5420168923
8.5420168923
8.5353180938
8.5353180938
8.5415290519
8.5415290519
8.5347980529
8.5347980529
8.5365614794
8.5365614794
8.5402439820
8.5402439820
8.5332873241
8.5332873241
8.5223203766
8.5223203766
8.5154042930
8.5154042930
8.5108855345
8.5108855345
8.4931514295
8.4931514295
8.5058309220
8.5058309220
8.5125528007
8.5125528007
8.5060269694
8.5060269694
8.4973051884
8.4973051884
8.4955656112
8.4955656112
8.4907379975
8.4907379975
8.4883937895
8.4883937895
8.4832523996
8.4832523996
8.4827135877
8.4827135877
8.4776719472
8.4776719472
8.4755147488
8.4755147488
8.4639496986
8.4639496986
8.4563472577
8.4563472577
8.4426401804
8.4426401804
8.4387975310
8.4387975310
8.4364949733
8.4364949733
8.4272323465
8.4272323465
8.4232328363
8.4232328363
8.4168366191
8.4168366191
8.4270843939
8.4270843939
8.4338588952
8.4338588952
8.4413030201
8.4413030201
8.4604468718
8.4604468718
8.4720919093
8.4720919093
8.4774604895
8.4774604895
8.4812282353
8.4812282353
8.4801062043
8.4801062043
8.4863865874
8.4863865874
8.5015495799
8.5015495799
8.5073279886
8.5073279886
8.5124400308
8.5124400308
8.5214650249
8.5214650249
8.5282508580
8.5282508580
8.5334478168
8.5334478168
8.5337255376
8.5337255376
8.5358058957
8.5358058957
8.5391855775
8.5391855775
8.5409162836
8.5409162836
8.5422295556
8.5422295556
8.5494834561
8.5494834561
8.5580310113
8.5580310113
8.5654362324
8.5654362324
8.5728604102
8.5728604102
8.5743054597
8.5743054597
8.5762468514
8.5762468514
8.5871354755
8.5871354755
8.5923171732
8.5923171732
8.6066065754
8.6066065754
8.6125545033
8.6125545033
8.6187295973
8.6187295973
8.6248328160
8.6248328160
8.6332454007
8.6332454007
8.6480281935
8.6480281935
8.6603737382
8.6603737382
8.6560961001
8.6560961001
8.6746886396
8.6746886396
8.6767657581
8.6767657581
8.6958366504
8.6958366504
8.6909828886
8.6909828886
8.7040683460
8.7040683460
8.7156386576
8.7156386576
8.7192748628
8.7192748628
8.7372348972
8.7372348972
8.7510627991
8.7510627991
8.7642042974
8.7642042974
8.7622863957
8.7622863957
8.7709545244
8.7709545244
8.7819287503
8.7819287503
8.7812763896
8.7812763896
8.7951374851
8.7951374851
8.7924702911
8.7924702911
8.8039218623
8.8039218623
8.8068184133
8.8068184133
8.8148204765
8.8148204765
8.8167558943
8.8167558943
8.8227267414
8.8227267414
8.8356295580
8.8356295580
8.8342981953
8.8342981953
8.8432663532
8.8432663532
8.8486232902
8.8486232902
8.8474526652
8.8474526652
8.8542029214
8.8542029214
8.8658852805
8.8658852805
8.8695407784
8.8695407784
8.8743144690
8.8743144690
8.8862226708
8.8862226708
8.8944150307
8.8944150307
8.9120153218
8.9120153218
8.9102251677
8.9102251677
8.9180267396
8.9180267396
8.9269858513
8.9269858513
8.9358002838
8.9358002838
8.9427999525
8.9427999525
8.9471905747
8.9471905747
8.9549225808
8.9549225808
8.9564550348
8.9564550348
8.9571754186
8.9571754186
8.9619535394
8.9619535394
8.9651914565
8.9651914565
8.9677311078
8.9677311078
8.9718881528
8.9718881528
8.9753201829
8.9753201829
8.9730069862
8.9730069862
8.9673997596
8.9673997596
8.9713743972
8.9713743972
8.9777741890
8.9777741890
8.9876245319
8.9876245319
9.0006580358
9.0006580358
9.0073853593
9.0073853593
9.0164944449
9.0164944449
9.0245368288
9.0245368288
9.0284419013
9.0284419013
9.0270717770
9.0270717770
9.0377246452
9.0377246452
9.0364597559
9.0364597559
9.0409758281
9.0409758281
9.0478695005
9.0478695005
9.0439879157
9.0439879157
9.0407463909
9.0407463909
9.0413238147
9.0413238147
9.0378706254
9.0378706254
9.0340641462
9.0340641462
9.0376713188
9.0376713188
9.0313022653
9.0313022653
9.0421754991
9.0421754991
9.0382484181
9.0382484181
9.0419526189
9.0419526189
9.0439817950
9.0439817950
9.0418499475
9.0418499475
9.0499140713
9.0499140713
9.0575254987
9.0575254987
9.0700346817
9.0700346817
9.0747424835
9.0747424835
9.0777644550
9.0777644550
9.0854744343
9.0854744343
9.0888681643
9.0888681643
9.0910191014
9.0910191014
9.0879283575
9.0879283575
9.0845906102
9.0845906102
9.0866216459
9.0866216459
9.0854622569
9.0854622569
9.0859763390
9.0859763390
9.0802519239
9.0802519239
9.0756772999
9.0756772999
9.0783424423
9.0783424423
9.0854772984
9.0854772984
9.0813718653
9.0813718653
9.0783580715
9.0783580715
9.0717734117
9.0717734117
9.0621085057
9.0621085057
9.0556987498
9.0556987498
9.0573956550
9.0573956550
9.0573909827
9.0573909827
9.0582576566
9.0582576566
9.0446132506
9.0446132506
9.0340201037
9.0340201037
9.0341790206
9.0341790206
9.0350594569
9.0350594569
9.0364394926
9.0364394926
9.0378363281
9.0378363281
9.0349745742
9.0349745742
9.0335387023
9.0335387023
9.0277379955
9.0277379955
9.0340244185
9.0340244185
8.9767183171
8.9767183171
8.9843163382
8.9843163382
8.9888568256
8.9888568256
8.9910510888
8.9910510888
8.9925682218
8.9925682218
8.9875221268
8.9875221268
8.9846602357
8.9846602357
8.9835395319
8.9835395319
8.9720779566
8.9720779566
8.9727563597
8.9727563597
8.9689646640
8.9689646640
8.9634045701
8.9634045701
8.9626029592
8.9626029592
8.9610521798
8.9610521798
8.9534708887
8.9534708887
8.9377496306
8.9377496306
8.9390838204
8.9390838204
8.9297313103
8.9297313103
8.9241193799
8.9241193799
8.9228128291
8.9228128291
8.9150583247
8.9150583247
8.9203795773
8.9203795773
8.9275591269
8.9275591269
8.9333453808
8.9333453808
8.9426322677
8.9426322677
8.9534494556
8.9534494556
8.9593768412
8.9593768412
8.9648937189
8.9648937189
8.9759170266
8.9759170266
8.9721991554
8.9721991554
8.9673739923
8.9673739923
8.9746074951
8.9746074951
8.9720489105
8.9720489105
8.9761506206
8.9761506206
8.9755328214
8.9755328214
8.9603175160
8.9603175160
8.9585577140
8.9585577140
8.9547442842
8.9547442842
8.9528321859
8.9528321859
8.9520812042
8.9520812042
8.9462563822
8.9462563822
8.9443908322
8.9443908322
8.9431632417
8.9431632417
8.9419693192
8.9419693192
8.9401206406
8.9401206406
8.9411749015
8.9411749015
8.9444066572
8.9444066572
8.9415614879
8.9415614879
8.9391626717
8.9391626717
8.9409173193
8.9409173193
8.9335716881
8.9335716881
8.9279744957
8.9279744957
8.9195379631
8.9195379631
8.9162047872
8.9162047872
8.9097328198
8.9097328198
8.9068557347
8.9068557347
8.8956630535
8.8956630535
8.8946320482
8.8946320482
8.8844451767
8.8844451767
8.8826010900
8.8826010900
8.8753705181
8.8753705181
8.8698954810
8.8698954810
8.8722000956
8.8722000956
8.8658293963
8.8658293963
8.8649746974
8.8649746974
8.8733995350
8.8733995350
8.8700544604
8.8700544604
8.8658334896
8.8658334896
8.8569329566
8.8569329566
8.8587369200
8.8587369200
8.8591828993
8.8591828993
8.8546940850
8.8546940850
8.8539147076
8.8539147076
8.8520313649
8.8520313649
8.8501961952
8.8501961952
8.8505750478
8.8505750478
8.8553807473
8.8553807473
8.8476442867
8.8476442867
8.8467467082
8.8467467082
8.8334909810
8.8334909810
8.8295388795
8.8295388795
8.8199729337
8.8199729337
8.8089223377
8.8089223377
8.8098944109
8.8098944109
8.8014438367
8.8014438367
8.7929835841
8.7929835841
8.7926206072
8.7926206072
8.7830694229
8.7830694229
8.7814478216
8.7814478216
8.7757654081
8.7757654081
8.7689073179
8.7689073179
8.7615611760
8.7615611760
8.7531870625
8.7531870625
8.7548979286
8.7548979286
8.7495183145
8.7495183145
8.7528914016
8.7528914016
8.7571317890
8.7571317890
8.7548910522
8.7548910522
8.7486524236
8.7486524236
8.7489077700
8.7489077700
8.7516078765
8.7516078765
8.7513664857
8.7513664857
8.7544818612
8.7544818612
8.7499434589
8.7499434589
8.7443907688
8.7443907688
8.7422698795
8.7422698795
8.7365915144
8.7365915144
8.7347778694
8.7347778694
8.7313692035
8.7313692035
8.7286653473
8.7286653473
8.7291200242
8.7291200242
8.7251381380
8.7251381380
8.7323660287
8.7323660287
8.7329916055
8.7329916055
8.7245596919
8.7245596919
8.7262957621
8.7262957621
8.7203972390
8.7203972390
8.7209887493
8.7209887493
8.7164739399
8.7164739399
8.7193268354
8.7193268354
8.7223647964
8.7223647964
8.7174772574
8.7174772574
8.7131802969
8.7131802969
8.7054670093
8.7054670093
8.7029375767
8.7029375767
8.7053894679
8.7053894679
8.6991156579
8.6991156579
8.7032274499
8.7032274499
8.6940988621
8.6940988621
8.7005361600
8.7005361600
8.7039654166
8.7039654166
8.7016705850
8.7016705850
8.7095413627
8.7095413627
8.7163296028
8.7163296028
8.7174554053
8.7174554053
8.7022182659
8.7022182659
8.7025446308
8.7025446308
8.6864589181
8.6864589181
8.6944913564
8.6944913564
8.6952712491
8.6952712491
8.7022998302
8.7022998302
8.6997769694
8.6997769694
8.7103371460
8.7103371460
8.7189125116
8.7189125116
8.7263790147
8.7263790147
8.7276166527
8.7276166527
8.7231577824
8.7231577824
8.7196956111
8.7196956111
8.7265573921
8.7265573921
8.6858380718
8.6858380718
8.6885660752
8.6885660752
8.7122097337
8.7122097337
8.7072316184
8.7072316184
8.7303084316
8.7303084316
8.7612872271
8.7612872271
0.0185341493
0.0455716715
0.0455716715
0.0455716715
0.0358642621
0.0358642621
0.0358642621
0.0478957502
0.0478957502
0.0478957502
0.0449514194
0.0449514194
0.0449514194
0.0445519174
0.0445519174
0.0445519174
0.0407318716
0.0407318716
0.0407318716
0.0384586542
0.0384586542
0.0384586542
0.0416351295
0.0416351295
0.0416351295
0.0436282692
0.0436282692
0.0436282692
0.0436606048
0.0436606048
0.0436606048
0.0457990505
0.0457990505
0.0457990505
0.0463656790
0.0463656790
0.0463656790
0.0374558003
0.0374558003
0.0374558003
0.0411281969
0.0411281969
0.0411281969
0.0418740170
0.0418740170
0.0418740170
0.0425182860
0.0425182860
0.0425182860
0.0390233464
0.0390233464
0.0390233464
0.0354011897
0.0354011897
0.0354011897
0.0389997120
0.0389997120
0.0389997120
0.0498970453
0.0498970453
0.0498970453
0.0488920101
0.0488920101
0.0488920101
0.0496066632
0.0496066632
0.0496066632
0.0457577189
0.0457577189
0.0457577189
0.0448943359
0.0448943359
0.0448943359
0.0429845776
0.0429845776
0.0429845776
0.0366829644
0.0366829644
0.0366829644
0.0345155705
0.0345155705
0.0345155705
0.0326329081
0.0326329081
0.0326329081
0.0433821479
0.0433821479
0.0433821479
0.0436365244
0.0436365244
0.0436365244
0.0459126461
0.0459126461
0.0459126461
0.0485093999
0.0485093999
0.0485093999
0.0497799589
0.0497799589
0.0497799589
0.0448398907
0.0448398907
0.0448398907
0.0434520958
0.0434520958
0.0434520958
0.0444049514
0.0444049514
0.0444049514
0.0469857654
0.0469857654
0.0469857654
0.0487039871
0.0487039871
0.0487039871
0.0486210902
0.0486210902
0.0486210902
0.0474067550
0.0474067550
0.0474067550
0.0437461669
0.0437461669
0.0437461669
0.0535827662
0.0535827662
0.0535827662
0.0562398827
0.0562398827
0.0562398827
0.0585806687
0.0585806687
0.0585806687
0.0593404553
0.0593404553
0.0593404553
0.0588627740
0.0588627740
0.0588627740
0.0567139715
0.0567139715
0.0567139715
0.0552903250
0.0552903250
0.0552903250
0.0579441468
0.0579441468
0.0579441468
0.0603756483
0.0603756483
0.0603756483
0.0617541945
0.0617541945
0.0617541945
0.0508079654
0.0508079654
0.0508079654
0.0496891696
0.0496891696
0.0496891696
0.0556009685
0.0556009685
0.0556009685
0.0563350779
0.0563350779
0.0563350779
0.0554488935
0.0554488935
0.0554488935
0.0566287414
0.0566287414
0.0566287414
0.0616490156
0.0616490156
0.0616490156
0.0593199146
0.0593199146
0.0593199146
0.0574706368
0.0574706368
0.0574706368
0.0575023097
0.0575023097
0.0575023097
0.0623736805
0.0623736805
0.0623736805
0.0650866283
0.0650866283
0.0650866283
0.0672921809
0.0672921809
0.0672921809
0.0698519986
0.0698519986
0.0698519986
0.0689085193
0.0689085193
0.0689085193
0.0695047698
0.0695047698
0.0695047698
0.0754720613
0.0754720613
0.0754720613
0.0704925890
0.0704925890
0.0704925890
0.0728147712
0.0728147712
0.0728147712
0.0702448008
0.0702448008
0.0702448008
0.0767114291
0.0767114291
0.0767114291
0.0779233342
0.0779233342
0.0779233342
