0.0680943258
0.0690380807
0.0719547978
0.0674090207
0.0689031780
0.0687883329
0.0649308423
0.0677880980
0.0694974639
0.0676949114
0.0706424611
0.0711582008
0.0728527587
0.0743892979
0.0711563715
0.0694867826
0.0672317361
0.0682729920
0.0664352590
0.0692535845
0.0709089422
0.0685806372
0.0665088585
0.0685701210
0.0691561192
0.0701130997
0.0718202255
0.0702890860
0.0709937035
0.0713778118
0.0708259704
0.0746643602
0.0759853845
0.0754301764
0.0787897833
0.0803745425
0.0785180028
0.0800512499
0.0792081066
0.0799830992
0.0772448714
0.0788435123
0.0804050049
0.0834232332
0.0837633695
0.0849630942
0.0840506125
0.0838956518
0.0831444998
0.0845677111
0.0834121362
0.0854826349
0.0862684041
0.0857861972
0.0849617812
0.0853906176
0.0850414773
0.0850800554
0.0850676028
0.0901287270
0.0903435471
0.0964940571
0.1032686892
0.1052079535
0.1059096854
0.1057129783
0.1073940551
0.1083184680
0.1105883154
0.1137411462
0.1168153117
0.1253792984
0.1285605653
0.1339700218
0.1394892136
0.1430123792
0.1432859980
0.1446000454
0.1454599172
0.1468183779
0.1480193883
0.1461680779
0.1470725652
0.1429998440
0.1488934415
0.1490351003
0.1534329668
0.1561368825
0.1579336924
0.1607703076
0.1589533127
0.1631779803
0.1607522498
0.1561397599
0.1561536183
0.1529087220
0.1625817070
0.1568782795
0.1607326479
0.1554741756
0.1519799992
0.1498056695
0.1475848722
0.1471204348
0.1473235477
0.1437219163
0.1424286956
0.1420696866
0.1385937693
0.1354626080
0.1358510474
0.1322561737
0.1289003648
0.1281995081
0.1255764193
0.1223325415
0.1221743102
0.1212978974
0.1207062405
0.1183171106
0.1160900116
0.1170743397
0.1137086087
0.1163794462
0.1147599628
0.1153444225
0.1135506398
0.1124844259
0.1111652456
0.1105654015
0.1140453664
0.1167352871
0.1181756275
0.1194065429
0.1196205962
0.1206355202
0.1221751650
0.1201862993
0.1212937937
0.1223058075
0.1228264209
0.1204949475
0.1185912659
0.1193154751
0.1176371808
0.1197917970
0.1180887708
0.1140486078
0.1120021163
0.1168422348
0.1107674301
0.1103799291
0.1109829117
0.1073723570
0.1028777017
0.1037005850
0.1006493304
0.0984134103
0.0988837888
0.0945650480
0.0911938978
0.0850428732
0.0832346956
0.0792441280
0.0779011010
0.0811339872
0.0835417966
0.0891106738
0.0955719040
0.1037941619
0.1127896046
0.1158430581
0.1177695629
0.1231256533
0.1243300731
0.1245684026
0.1239819919
0.1246980277
0.1216132476
0.1226027789
0.1236683428
0.1217493879
0.1248251087
0.1236267086
0.1241343761
0.1226296724
0.1242733109
0.1210795378
0.1224613643
0.1232412940
0.1245294296
0.1239349725
0.1250448625
0.1277149505
0.1319624125
0.1346591083
0.1366283797
0.1363486437
0.1384457348
0.1388527734
0.1401132001
0.1400122534
0.1403845881
0.1364618571
0.1365153966
0.1359375810
0.1393897235
0.1403738128
0.1393746459
0.1377358549
0.1367391709
0.1375996354
0.1339448961
0.1340873384
0.1303505369
0.1297770958
0.1296101084
0.1306540668
0.1295688098
0.1331080975
0.1327567001
0.1329955541
0.1331929555
0.1315219447
0.1283754892
0.1313241694
0.1292926021
0.1292498225
0.1272375160
0.1265880950
0.1280607526
0.1264691469
0.1251639971
0.1240964872
0.1247512700
0.1214403448
0.1212072782
0.1241256330
0.1228287743
0.1222177938
0.1218429700
0.1166554267
0.1191027813
0.1181805133
0.1206642719
0.1228695004
0.1244158056
0.1229068967
0.1169851695
0.1138772803
0.1108566481
0.1092603568
0.1075467096
0.1050845288
0.1036430803
0.0998331055
0.1002701124
0.0961801680
0.0929076089
0.0894285740
0.0882439952
0.0875583134
0.0842624446
0.0832750725
0.0836823540
0.0853865732
0.0867965920
0.0865951765
0.0882141069
0.0885250416
0.0887816402
0.0893570177
0.0870788571
0.0872473958
0.0873120430
0.0874657147
0.0842124489
0.0844898475
0.0815666019
0.0792966980
0.0793083146
0.0814551716
0.0835403653
0.0816404274
0.0826614647
0.0823543008
0.0807006903
0.0761256226
0.0768229834
0.0795675350
0.0811926940
0.0829950072
0.0825910319
0.0799354329
0.0822980862
0.0840003004
0.0839555851
0.0800598004
0.0771022054
0.0730744231
0.0811234225
0.0731420323
0.0720343313
0.0643350347
0.0571752315
0.0592690787
0.0511924148
0.0493947546
0.0513863504
0.0503435461
0.0491597231
0.0460425469
0.0452927402
0.0456248592
0.0456944344
0.0479582882
0.0313043095
0.0392716343
0.0541480865
0.0382795797
0.0491668479
0.0376236651
0.0710955382
0.0455191133
0.0317636677
0.0229687665
0.0284378309
0.0353347248
0.0328390634
0.0384818876
0.0410363693
0.0507849943
0.0490025191
0.0418922597
0.0509821828
0.0313937762
0.0437018267
0.0351234203
0.0421726866
0.0312378141
0.0296555867
0.0341776383
0.0370159963
0.0394388155
0.0367784024
0.0255466181
0.0261735685
0.0193188383
0.0352054879
0.0318088140
0.0455417011
0.0551694029
0.0444459464
0.0480421094
0.0645150661
0.0623899866
0.0617958857
0.0587428500
0.0624416966
0.0630753991
0.0673733500
0.0756712504
0.0735155261
0.0812052902
0.0820262264
0.0863658897
0.0847004302
0.0871780629
0.0899897623
0.0927561105
0.0947763070
0.0976634840
0.0992083481
0.0989529834
0.0997776240
0.0987188919
0.0994261800
0.1000903327
0.1001400046
0.1005313007
0.1009570505
0.1014016006
0.1022874102
0.0773182168
0.0773131201
0.0784737912
0.0777892069
0.0828466947
0.0819237979
0.0813309420
0.0834309576
0.0809847893
0.0857978007
0.0828776729
0.0810990956
0.0727748693
0.0742047767
0.0667590718
0.0641684957
0.0618120458
0.0602348676
0.0560230001
0.0564172754
0.0542976967
0.0550564429
0.0554138011
0.0524686062
0.0536242738
0.0544013447
0.0542217251
0.0554004267
0.0587268216
0.0579131949
0.0602855460
0.0641540771
0.0640120301
0.0635117300
0.0597728383
0.0644593241
0.0656409740
0.0602387150
0.0640168389
0.0631713998
0.0664326461
0.0663310916
0.0665710701
0.0694925638
0.0709348537
0.0762461394
0.0813015595
0.0812021030
0.0872295042
0.0867109334
0.0868740142
0.0885569252
0.0953424482
0.0885001232
0.0904374040
0.0909561683
0.0905225459
0.0893020546
0.0895047953
0.0869481326
0.0883481603
0.0859289898
0.0893820490
0.0914464740
0.1022045261
0.1040665693
0.0931932245
0.1070938523
0.1046765708
0.0800717234
0.0955093811
0.0971642353
0.1057867462
0.0984576718
0.1113648926
0.1067783712
0.1063685924
0.1065887473
0.1074045519
0.1076307261
0.1071991667
0.1092875136
0.1023519508
0.1018487839
0.1079332966
0.1067729222
0.1046770328
0.1063499922
0.1101938488
0.1063648000
0.1042592800
0.1004084277
0.0956596876
0.0885703449
0.0838926663
0.0817311062
0.0798425407
0.0715687330
0.0685872981
0.0676801370
0.0678489554
0.0650900534
0.0641420711
0.0629850956
0.0621574633
0.0612707766
0.0600282548
0.0595293846
0.0552840452
0.0542990785
0.0529873176
0.0487510713
0.0460217746
0.0406479821
0.0365462742
0.0316037151
0.0297099459
0.0272619179
0.0275070650
0.0298131999
0.0317141292
0.0320818573
0.0325340176
0.0336682084
0.0324465256
0.0334654435
0.0326746008
0.0327132581
0.0367070630
0.0390264055
0.0369845798
0.0399164416
0.0398538492
0.0409066198
0.0426812939
0.0403356902
0.0387860688
0.0370523660
0.0396101349
0.0365084590
0.0365634666
0.0370120848
0.0363392683
0.0387036859
0.0377939096
0.0374769294
0.0372175287
0.0349152505
0.0359276827
0.0356618198
0.0343995676
0.0319459364
0.0315896797
0.0321977941
0.0339401924
0.0322708582
0.0302126042
0.0320730842
0.0348291212
0.0382341563
0.0405288594
0.0425509199
0.0439328670
0.0458082697
0.0478996211
0.0450487365
0.0447145377
0.0434812157
0.0501581654
0.0446496466
0.0422115849
0.0425689905
0.0456868689
0.0523282979
0.0559378191
0.0560913317
0.0607645341
0.0584533053
0.0560240624
0.0563018245
0.0564344788
0.0563102098
0.0582141542
0.0607807434
0.0649085087
0.0770503129
0.0800508206
0.0793534528
0.0824625101
0.0828131234
0.0788790623
0.0771804564
0.0732713896
0.0720834755
0.0715387932
0.0686920631
0.0715267896
0.0759691885
0.0802600113
0.0831222218
0.0899106806
0.0898567464
0.0956479140
0.1027945342
0.0959903088
0.0924277783
0.0869368853
0.1063468262
0.0860082656
0.0862766535
0.0852080236
0.0826147846
0.0826778710
0.0907025887
0.0988873471
0.1075156271
0.1107866229
0.1121364640
0.1128596242
0.1075958369
0.1099838393
0.1227080280
0.1168092416
0.1109102301
0.1054736686
0.1053236257
0.0991658252
0.1008718021
0.0945415996
0.1009107915
0.0975506190
0.0998873926
0.1042486812
0.1098837418
0.1110843659
0.1119017535
0.1143367217
0.1135666638
0.1161765768
0.1158576719
0.1198883203
0.1203180427
0.1241951408
0.1272304155
0.1292635337
0.1279803650
0.1303894706
0.1329311329
0.1339750100
0.1347565604
0.1385386390
0.1416698377
0.1430676569
0.1489024921
0.1503675439
0.1621220823
0.1680730966
0.1767448499
0.1858872283
0.1862120785
0.1788774334
0.1588286951
0.1539606394
0.1482897445
0.1511250527
0.1547073438
0.1552423277
0.1524389611
0.1517777944
0.1528244887
0.1503772021
0.1488794827
0.1505693076
0.1472630869
0.1477298014
0.1493223869
0.1478019917
0.1483374083
0.1531521267
0.1521249205
0.1468693766
0.1451954984
0.1418757499
0.1404866563
0.1379991482
0.1349268848
0.1350183300
0.1341937893
0.1323153899
0.1331568854
0.1354402803
0.1356055795
0.1363443252
0.1385901964
0.1395861248
0.1447009335
0.1481237641
0.1487879256
0.1484453642
0.1487339876
0.1486163324
0.1488645661
0.1495307417
0.1511489975
0.1513421125
0.1513401784
0.1524985272
0.1532576608
0.1529986914
0.1539826816
0.1562480695
0.1558648841
0.1565859702
0.1568073167
0.1576054715
0.1585172401
0.1581764929
0.1583565922
0.1581705951
0.1592816998
0.1561969745
0.1586907627
0.1646359284
0.1590075484
0.1614505146
0.1662325913
0.1670911240
0.1707400640
0.1644190547
0.1711658659
0.1711347647
0.1633801133
0.1698845865
0.1675610531
0.1650232021
0.1749650186
0.1780532408
0.1808568903
0.1804498537
0.1913626182
0.1920165312
0.1793877000
0.1822718336
0.1722045705
0.1706824191
0.1677730396
0.1720189734
0.1716743151
0.1701417787
0.1722689757
0.1652506175
0.1653678704
0.1666723661
0.1665540928
0.1694533464
0.1720196348
0.1743221737
0.1736698959
0.1728846841
0.1720391436
0.1710838066
0.1703306235
0.1695024997
0.1682427211
0.1662621510
0.1654437391
0.1643391146
0.1628694707
0.1610470741
0.1608663925
0.1594665307
0.1587271002
0.1581718613
0.1570383562
0.1576455067
0.1573598367
0.1565493176
0.1552999374
0.1550405530
0.1583556392
0.1560699075
0.1564883827
0.1544309222
0.1564804109
0.1568468910
0.1562772780
