1.496875428503642746e+00
1.510614590301199156e+00
1.504640473035703918e+00
1.464545811534059716e+00
1.459842292652473672e+00
1.499169759278274450e+00
1.535480861893874005e+00
1.572617951470298037e+00
1.648952563516762782e+00
1.724948933984869814e+00
1.762893732123483659e+00
1.801000846322203586e+00
1.822528941677677095e+00
1.837724999649947843e+00
1.843807856727581740e+00
1.843576712510752502e+00
1.833206849928084470e+00
1.820055468198042314e+00
1.810791211094543440e+00
1.819145549615842627e+00
1.820124841068194499e+00
1.833160561858230508e+00
1.853619149261344967e+00
1.885345764679081215e+00
1.909308334382114891e+00
1.915424139311147300e+00
1.930656812514979226e+00
1.939038340281943995e+00
1.944826930099724072e+00
1.941842088143281186e+00
1.933356551461973716e+00
1.918472294145106671e+00
1.901942649621967352e+00
1.883377205626247219e+00
1.865538445789985955e+00
1.846019233001731985e+00
1.808198129452137870e+00
1.790685300800243684e+00
1.774896520770351316e+00
1.774479587701650152e+00
1.797811284967940626e+00
1.810180670193469954e+00
1.844350705313466898e+00
1.866857916279705876e+00
1.860089081222983332e+00
1.859498956899428457e+00
1.845813260881179918e+00
1.831273245257729831e+00
1.817998049998795773e+00
1.799307592373831088e+00
1.768427167706590808e+00
1.726642532280091347e+00
1.678712290928052742e+00
1.649088156421290918e+00
1.622434179984812097e+00
1.628094806136300532e+00
1.632267367716900619e+00
1.594525531992142531e+00
1.566765278730921196e+00
1.535639813612344806e+00
1.478437824014914082e+00
1.461916491993006995e+00
1.441828832777697356e+00
1.430713304290996080e+00
1.415833973978328331e+00
1.396298036012674437e+00
1.374529134850138501e+00
1.345120559673661509e+00
1.311812935622120646e+00
1.282926751602571969e+00
1.251449177292258241e+00
1.230368331115716751e+00
1.211643430281954092e+00
1.187811273442401339e+00
1.178069443069970967e+00
1.172929404766362982e+00
1.158964108258611292e+00
1.129579177373179366e+00
1.104965449567081981e+00
1.078687395101132651e+00
1.057390924902726015e+00
1.030766978751685770e+00
1.000813308797511292e+00
9.833941952507369022e-01
9.719591210529449077e-01
9.636022088466584812e-01
9.519509165304900211e-01
9.369551706678211911e-01
9.231614274222138539e-01
9.072380348429732733e-01
8.786499322855925165e-01
8.565233918794996626e-01
8.382169884788711611e-01
8.327173866746427899e-01
8.147466408697842111e-01
8.023974191096584496e-01
7.828087481205247000e-01
7.688856173660493232e-01
7.542628391715390235e-01
7.388891464564730782e-01
7.214474560044458196e-01
7.022728924253366367e-01
6.842697721286334911e-01
6.627655685405804409e-01
6.457326218360969206e-01
6.236957060304429978e-01
6.223450039811051493e-01
6.187069942505594167e-01
6.098052253139668588e-01
6.016666728676322018e-01
6.002017781623006920e-01
5.986548789943330062e-01
5.995756897175503752e-01
5.974562100748813664e-01
6.005820947016557998e-01
5.924618555498226691e-01
5.840179415784956252e-01
5.769056578418417791e-01
5.649327450302795706e-01
5.594001266469106337e-01
5.509268646034194417e-01
5.458467175271826122e-01
5.374480161921593169e-01
5.339711118484976593e-01
5.287741373112794241e-01
5.173805607657631089e-01
5.049587258817153090e-01
4.915998179214742803e-01
4.844718269191804483e-01
4.753836569250169952e-01
4.570942912954848447e-01
4.204785550388449034e-01
4.022328064449237628e-01
3.780014153619860040e-01
3.605063465343990581e-01
3.551707451779996805e-01
3.413924672009968075e-01
3.522677146322267805e-01
3.484091548226238566e-01
3.380866831187506749e-01
3.305773755009092096e-01
3.233189540828284581e-01
3.193803869253965533e-01
3.429754558482692728e-01
3.509236624739009991e-01
3.503009857868962795e-01
3.467233200823749417e-01
3.460426546514287494e-01
3.451941307262828551e-01
3.374909007075692080e-01
3.275703964524535050e-01
3.120804986641771417e-01
2.992675097809518459e-01
2.932566800949874541e-01
2.927423019575009500e-01
2.906175232007499054e-01
2.788106420412287401e-01
2.783990549841487971e-01
2.803321241207645254e-01
2.848688639777075537e-01
2.884904483406723896e-01
3.010386556820392467e-01
3.111416975148345587e-01
3.392571167764616979e-01
3.492305574311541649e-01
3.512227833210632699e-01
3.544085939581413935e-01
3.505410344134133327e-01
3.410192662389230911e-01
3.386487242415892607e-01
3.355005163036078319e-01
3.402420119042023905e-01
3.379673605621301147e-01
3.497547919562472574e-01
3.584262559624786237e-01
3.624557720696096053e-01
3.643901678413221656e-01
3.720570577417752212e-01
3.696372035001082024e-01
3.608001525068960103e-01
3.423513692281711651e-01
3.263420187269848172e-01
2.995047032992840252e-01
2.858119951882397980e-01
2.816091340452255842e-01
2.726991684120266823e-01
2.629497587061587760e-01
2.444560963369811768e-01
2.251229524625474321e-01
2.122566875380688667e-01
2.017134868231932054e-01
1.916772143126642958e-01
1.842616413750704230e-01
1.815563985202265085e-01
1.760665781792477569e-01
1.715568286266444809e-01
1.700844041360049796e-01
1.729452882767223698e-01
1.782698664345956641e-01
1.808343792374471903e-01
1.811427658000557273e-01
1.781879806198729821e-01
1.738460772842125857e-01
1.652834620295584867e-01
1.627163747023052665e-01
1.617154399927634156e-01
1.592370468101265424e-01
1.545612421629896094e-01
1.555742139381499911e-01
1.561365196359413288e-01
1.555261426426970128e-01
1.578253756748173309e-01
1.635359910594466892e-01
1.787933308200527482e-01
1.912121454224400829e-01
1.994590183745069412e-01
2.143845324040758171e-01
2.285532884896095129e-01
2.364236612598152321e-01
2.432074642130262754e-01
2.509384609491997487e-01
2.553969579590987249e-01
2.463668688513307448e-01
2.399461915217656893e-01
2.437109252650728752e-01
2.480457825139179284e-01
2.499518787353367799e-01
2.500474491437152946e-01
2.553713420094662068e-01
2.634577416357964386e-01
2.669204404889601312e-01
2.742726059928144999e-01
2.777102839048177230e-01
2.845716528467940321e-01
3.032494094349687530e-01
3.478516044942055463e-01
3.689036980081636385e-01
3.938329234482898511e-01
4.125168871978480145e-01
4.184875283005525248e-01
4.100799848757369359e-01
4.031566287263581017e-01
3.842328188818786572e-01
3.817100597417493746e-01
3.757342513317066812e-01
3.725417422679184742e-01
3.668277926680255652e-01
3.591522816192710965e-01
3.576503673567436037e-01
3.564502237198126089e-01
3.546357943192209317e-01
3.551148023462783465e-01
3.566669342512555074e-01
3.566372312319862625e-01
3.548641214400932165e-01
3.511283159822078948e-01
3.529639600182314929e-01
3.530228151836575234e-01
3.517211550617165283e-01
3.530958900066497042e-01
3.553646638097494592e-01
3.551648388601675310e-01
3.562765889639418759e-01
3.562725047915724086e-01
3.539766009787675416e-01
3.515502403900532258e-01
3.526593752688524930e-01
3.500803849610257257e-01
3.497995299194795460e-01
3.489758321483299452e-01
3.481738963362183692e-01
3.475655211485014773e-01
3.472551715204627021e-01
3.460818238088813059e-01
3.468427304436428882e-01
3.458536758719329973e-01
3.450835114437538764e-01
3.469173797199346376e-01
3.456955423945571870e-01
3.435543989970321621e-01
3.384601270399050787e-01
3.382722795467417720e-01
3.401234733936562282e-01
3.387107045749846446e-01
3.318793345571379172e-01
3.326648446680924298e-01
3.293336086894928516e-01
3.319044807168827216e-01
3.331867890651977193e-01
3.387663385068513944e-01
3.400159458554775083e-01
3.362830904668681620e-01
3.357335294065709186e-01
3.347472796375160486e-01
3.322145703506920733e-01
3.287577793467205134e-01
3.319591779939356502e-01
3.323177356638714053e-01
3.330287346759043809e-01
3.289729128455218810e-01
3.249244467302735417e-01
3.228503028476778502e-01
3.216416039203269239e-01
3.197094905763899209e-01
3.230639675856082360e-01
3.279553237991321146e-01
3.282590793987714139e-01
3.221263364960912923e-01
3.188099831016276697e-01
3.136662423733309613e-01
3.022131396330092201e-01
3.008457505755980921e-01
2.992044759240168328e-01
2.961339784605513392e-01
2.934046880043627015e-01
2.886123016322737489e-01
2.879622665718213348e-01
2.840390943258978562e-01
2.829603000655828149e-01
2.830260295883316179e-01
2.815961777982917691e-01
2.804077197352965456e-01
2.765439373522894928e-01
2.738784230295133182e-01
2.736225286298346049e-01
2.715448617195441727e-01
2.682423268469407707e-01
2.633558056399227243e-01
2.614877451353473936e-01
2.565813055732084069e-01
2.527898479714306701e-01
2.540449554526537645e-01
2.523486678015712248e-01
2.534356483994253395e-01
2.517564864397223712e-01
2.424422852711838883e-01
2.419322302083241616e-01
2.385212067443944206e-01
2.332019854068081710e-01
2.287471585448845879e-01
2.245984462142394111e-01
2.220760915326694951e-01
2.190699906586353329e-01
2.150813486045689282e-01
2.010909506535177582e-01
2.364696959242338359e-01
2.504056621216306788e-01
2.539158661687819230e-01
2.563877745597644697e-01
2.605274158326905676e-01
2.614878877645708810e-01
2.561893835065635061e-01
2.546381585245029999e-01
2.596983620110123181e-01
2.660306123694842206e-01
2.710280226413483429e-01
2.690234786519002941e-01
2.651361340117878163e-01
2.644679254231218080e-01
2.640019889364719763e-01
2.622720756904660666e-01
2.620235031058956165e-01
2.594578310240091557e-01
2.619944626140674471e-01
2.594278679323647752e-01
2.544820057664518020e-01
2.533412857136446705e-01
2.500732192166662538e-01
2.450996074275453018e-01
2.432493910951240013e-01
2.455855197419233027e-01
2.457197765917193966e-01
2.356690016883439265e-01
2.378461232168277706e-01
2.493574997682550254e-01
2.462661695792433270e-01
2.349148591844114620e-01
2.761619129757583169e-01
2.864079498383430566e-01
2.622596138133428956e-01
2.487552712861001991e-01
2.514538276371821035e-01
2.136754697229598932e-01
1.579302111585124402e-01
1.485826905503219164e-01
1.656184909564439312e-01
1.750441209316513924e-01
1.835873641657213007e-01
1.934684217765266778e-01
2.045564288621075644e-01
2.118919439686469952e-01
2.243850073179890214e-01
2.122684969397395927e-01
2.209995379682380412e-01
2.005454356075311584e-01
2.264981833053037186e-01
2.690255028719751862e-01
2.568521584252759782e-01
2.707728156657654983e-01
3.251724627193660622e-01
2.898182557379743174e-01
2.605257186408621028e-01
2.260544787101642916e-01
2.227497625194499453e-01
1.943190984464463478e-01
1.689280408553325563e-01
1.501579962968471738e-01
1.272312892302331078e-01
1.165253310943821924e-01
1.054473807912972294e-01
7.466348176604485631e-02
4.523245550743276722e-02
4.391592892478927285e-02
6.104029072674457129e-02
1.614851872698992163e-01
2.112028205541804093e-01
2.406085196890958844e-01
2.723227782481639214e-01
2.892609522848907933e-01
2.841030820256526535e-01
2.483208591306081126e-01
2.300947722613102542e-01
2.107874998362124497e-01
2.043669435386449573e-01
1.865090927685239541e-01
1.677146595912165639e-01
1.626461096443302945e-01
1.334061751195635692e-01
1.335705602535702807e-01
1.289208983362269412e-01
1.249167598002308421e-01
1.199506135260511447e-01
1.200509680677774582e-01
1.291235952207746840e-01
1.292309834636398980e-01
1.274915610561140056e-01
1.439431065455934744e-01
1.428714799123868562e-01
1.407096889967438258e-01
1.535599496516700246e-01
1.515050758455725732e-01
1.523110439609311195e-01
1.549844145886707381e-01
1.537305575533337854e-01
1.534257991532148313e-01
1.544013536452239210e-01
1.529352003252394399e-01
1.503502470499852584e-01
1.483797442116687182e-01
1.435922565237126580e-01
1.391411294962280054e-01
1.343067246206248455e-01
1.324333722233416166e-01
1.327035452550322792e-01
1.273169415362770673e-01
1.271352130904553346e-01
1.231170398661617371e-01
1.271684970237031975e-01
1.286478781317813846e-01
1.269534051370332373e-01
1.275237758025192791e-01
1.269583742858115261e-01
1.288170825716551948e-01
1.288277917389970273e-01
1.265360003539395817e-01
1.307212650246197538e-01
1.311776787686230461e-01
1.355574137444481853e-01
1.365090707641682943e-01
1.453418072531168503e-01
1.493905058595531299e-01
1.642689474084743084e-01
1.725451544898519152e-01
1.792526865517534984e-01
1.966977347211812943e-01
1.981930978144601785e-01
2.071098735293002147e-01
2.072874001815419864e-01
2.033656758606145754e-01
1.954939626963929367e-01
1.946191574566173144e-01
1.887035701222178063e-01
1.927118121207408163e-01
1.968885388162929240e-01
2.103023923516037508e-01
2.020441219331911287e-01
1.960294001009977860e-01
2.027618754642298016e-01
2.178776137230551690e-01
2.155351948122919969e-01
2.207731066378599560e-01
2.177618501709471799e-01
2.170124967523332782e-01
2.158200943240761727e-01
2.199349638768487991e-01
2.106485611323420937e-01
2.088429724260664755e-01
2.106714620030886720e-01
2.052272829421773470e-01
2.083176241444893440e-01
2.039163626898244375e-01
2.149489358256491678e-01
2.185682576461096815e-01
2.127191198078837997e-01
2.110921683200190635e-01
2.059692276325105209e-01
1.927260611817100677e-01
1.829952271888095616e-01
1.782403023878476045e-01
1.593838342363998462e-01
1.617590548892709756e-01
1.612765018028551878e-01
1.643566248521594331e-01
1.654394016399579614e-01
1.727945322775445158e-01
1.710479676105406965e-01
1.689151595819171903e-01
1.665750274236789397e-01
1.621188213291242797e-01
1.692346501041656348e-01
1.669510119903217238e-01
1.663307230903848799e-01
1.736086877777612558e-01
1.755796176062787428e-01
1.844648054926628644e-01
1.852640062259089671e-01
1.902761429589251152e-01
1.948000618623146329e-01
1.987389648873721937e-01
2.031328984692438999e-01
2.179873279363446215e-01
2.259840019886083240e-01
2.536218301902699590e-01
2.616223764799216478e-01
2.763844316337495943e-01
2.813461473181065875e-01
2.972390361900986711e-01
2.993901085319015110e-01
3.131746505012135695e-01
3.113383310767862677e-01
3.053858868324137443e-01
3.042834981195065569e-01
2.866111904294013080e-01
2.835919006215088523e-01
2.786310640347508527e-01
2.648229296003088429e-01
2.625462190931100448e-01
2.434183750998084872e-01
2.411123779554518176e-01
2.338404480429671639e-01
2.411439161986220769e-01
2.416061509334335722e-01
2.556750685618652819e-01
2.465524658750103681e-01
2.553310821111284268e-01
2.631630308832181853e-01
2.745953527938023719e-01
2.847986205221703093e-01
3.123106254980037022e-01
3.287005546849469662e-01
3.398341247184893943e-01
3.483782561233658703e-01
3.561067609508923315e-01
3.580210485455362912e-01
3.842373572596877174e-01
4.008731237357333055e-01
4.374540306476711327e-01
4.731037291441686499e-01
5.159486171103934149e-01
5.526617918808889307e-01
5.742185453107779836e-01
5.924796496311588445e-01
6.257384565259734854e-01
6.573432880636507214e-01
6.881688924384919970e-01
6.810682848693911939e-01
6.801904378894851888e-01
6.817890598697556870e-01
6.865469346472062862e-01
6.951633219842217049e-01
7.220687637296070438e-01
7.398739552206777814e-01
7.691159862715568618e-01
7.971994892543277089e-01
8.160567185138689617e-01
8.256079819836190659e-01
8.291613311806197428e-01
8.387473976065462633e-01
8.268511317541824557e-01
8.318448092137822325e-01
8.393436192280621100e-01
8.549694409596859668e-01
8.684425351187862185e-01
8.942065151060509809e-01
8.918708830091741646e-01
9.003308768416574681e-01
9.142492248570934787e-01
9.364918218191335963e-01
9.476534654943444824e-01
9.489380264323816760e-01
9.461784720230138612e-01
9.390144659175116981e-01
9.325834340729852734e-01
9.167456132718800887e-01
9.240233944552936896e-01
9.214377767802914843e-01
9.135349861582889863e-01
9.189561256055426286e-01
9.074800102713993510e-01
9.096476235391484089e-01
9.045772615847885723e-01
9.008815855406877571e-01
8.962310956043398891e-01
8.922472161768701948e-01
8.780794111092120602e-01
8.720833844314227479e-01
8.462208497123453466e-01
8.435595639518334021e-01
8.184359304951039915e-01
8.075389997668749320e-01
8.073128547627221874e-01
8.151435110984874832e-01
8.249037408120158954e-01
8.327052782290156330e-01
8.414781124287656899e-01
8.316263101199868890e-01
8.303971020122246083e-01
8.284527247303895559e-01
8.174740512432731032e-01
8.162066012743545151e-01
8.124093234063853863e-01
8.126446586637593450e-01
8.056660137030929869e-01
7.994820738772769886e-01
7.877435981203907422e-01
7.832133699056910148e-01
7.742646464697485742e-01
7.460572319558522736e-01
7.344389621209818086e-01
7.315090389818369454e-01
7.197305849025588120e-01
7.040819401163503910e-01
6.960388701591726512e-01
6.795916057763646823e-01
6.710674872802528945e-01
6.678411302835601804e-01
6.707475539669572884e-01
6.763675903952529600e-01
6.814381695483778811e-01
6.868280906073473968e-01
6.907900330082047402e-01
6.980715015293025294e-01
6.979225623678380064e-01
6.981922358599826905e-01
6.914650333403792315e-01
6.903618274320828530e-01
6.894724073704615597e-01
6.928282733410230376e-01
6.834349063933272683e-01
6.795843509760846057e-01
6.704446428116963563e-01
6.625402583334891737e-01
6.559892852684778841e-01
6.673355247160213111e-01
6.676592976528927803e-01
6.731731027744898288e-01
6.786116698856624607e-01
6.805960084891282680e-01
6.861721334615015211e-01
6.927722442946496750e-01
6.961257454706725190e-01
6.906294412089070134e-01
6.948823694034580445e-01
7.025530398195991566e-01
7.068210520775624062e-01
7.263977004830493023e-01
7.347289426988594663e-01
7.228358487013193390e-01
7.192837759459040914e-01
7.005793111674032403e-01
6.829752452263158080e-01
6.813125335911313085e-01
6.614188148315844895e-01
6.472363389253128485e-01
6.271437250884842607e-01
6.189308349500202144e-01
6.062630724700127649e-01
5.956633601833680736e-01
5.916420515031163285e-01
5.802023524814967637e-01
5.814813337799816795e-01
5.715679065664850400e-01
5.570005860639887230e-01
5.410795171502862377e-01
5.363966409587497264e-01
5.312854834427229722e-01
5.331228173094723077e-01
5.362353574046394566e-01
5.518165363129015066e-01
5.523341349510845211e-01
5.554575806397691329e-01
5.524519113530141912e-01
5.586556293110896965e-01
5.545208017082061680e-01
5.583105933172145541e-01
5.573472286673182285e-01
5.552820883952697129e-01
5.544150245829202461e-01
5.485431163829639356e-01
5.519385648883065043e-01
5.548871746956244300e-01
5.532557389336620890e-01
5.442442710811677964e-01
5.364179278714370502e-01
5.415724175760382453e-01
5.497275327350409357e-01
5.501802967839566350e-01
5.444495358449085165e-01
5.319572788531813368e-01
5.248732223432819310e-01
5.257463249950405926e-01
5.238687047984774692e-01
5.261491165237207612e-01
5.346139622225819510e-01
5.500928604517811848e-01
5.720105894885993969e-01
5.739219726851926273e-01
5.941378206606153789e-01
6.076575855502535095e-01
6.084964300538008297e-01
6.123793296945722053e-01
6.057582318578805802e-01
5.986227025797370427e-01
5.975733744442033313e-01
5.996031451850163396e-01
5.836352274691450903e-01
5.639094912616055000e-01
5.457795383698325065e-01
5.290582996410535532e-01
4.991120959863459827e-01
4.972531545963850830e-01
4.725555383823116240e-01
4.664798942762399259e-01
4.442748727871562164e-01
4.517998652688681727e-01
4.486278662683300666e-01
4.465918767223611696e-01
4.427420947948756957e-01
4.446603452225865727e-01
4.534471271723276020e-01
4.423274280785634005e-01
4.162135141337667821e-01
4.015867780973821910e-01
3.356897343388749455e-01
2.806551082934265473e-01
1.966812279530335272e-01
1.708270613732020826e-01
1.442787863677123805e-01
1.189472712134405918e-01
1.064376333343804437e-01
8.542763623336528667e-02
9.089903157552119140e-02
1.129830855682537466e-01
1.165223226118026201e-01
1.454670025198866179e-01
1.604417127437104684e-01
1.900721279272190867e-01
1.995145270234494617e-01
2.291087937593920265e-01
2.341829604950040611e-01
2.554632502846357900e-01
2.644417175764638972e-01
2.843749432047751879e-01
2.974056913107288591e-01
3.024518467901403107e-01
3.184033392783085503e-01
3.202917524041979380e-01
3.202647378557491598e-01
3.264654546872743368e-01
3.284357996655330458e-01
3.303206733522238148e-01
3.234131709794025311e-01
3.242621744926336702e-01
3.165457077084724569e-01
3.214915512530345798e-01
3.091120060834389172e-01
2.974842100063774253e-01
2.847669752568224300e-01
2.831740380750184527e-01
2.704235266150109007e-01
2.523803337399591618e-01
2.399682301320724687e-01
2.475753703503835168e-01
2.361633013710306983e-01
2.329607514257810708e-01
2.351157703781131536e-01
2.334310321246110542e-01
2.248126350034765908e-01
2.244652411359149002e-01
2.243677468114975704e-01
2.204704267640100468e-01
2.257819587411389883e-01
2.355132177509054459e-01
2.433952847030183553e-01
2.567329822108926907e-01
2.713300741521690873e-01
2.846246360408176690e-01
2.921438571639087267e-01
2.956793187996474837e-01
3.056989567202815228e-01
3.103074326214646517e-01
3.235514965246412133e-01
3.303557765202754237e-01
3.561305312554085556e-01
3.744588344810806380e-01
3.899628461837745808e-01
4.036024036467898424e-01
4.202875744451584072e-01
4.332039755010543836e-01
4.646357382905637601e-01
4.706805397284610226e-01
4.892938587098656922e-01
4.926173247352783613e-01
5.050182710704607114e-01
5.121984430413465406e-01
5.285912541696675682e-01
5.371715002258020677e-01
5.442448307268293872e-01
5.416364531361913537e-01
5.392104072278843807e-01
5.366309397762670796e-01
5.301739146962016758e-01
5.308749472055981355e-01
5.307321924587107276e-01
5.338045253911369858e-01
5.431112603523946536e-01
5.609159080335400782e-01
5.698773988278101887e-01
5.921275179866821725e-01
5.980722762527654890e-01
6.185858845244541770e-01
6.381504151114791856e-01
6.440987618062955500e-01
6.435068629123130712e-01
6.416904587006295735e-01
6.368057250460064100e-01
6.273575261654370516e-01
6.139513611239485469e-01
5.956762567084381566e-01
5.910393602441242900e-01
5.647442939063019862e-01
5.606183397791973944e-01
5.519975197349984430e-01
5.211406183704265782e-01
5.124171175075290519e-01
5.012353462038575680e-01
4.901306359659035050e-01
4.819363141558146157e-01
4.577933092558798545e-01
4.476532715418405362e-01
4.438281797170704479e-01
4.555013032917443749e-01
4.547857794686547273e-01
4.564824710686821163e-01
4.613563339161324550e-01
4.631634691209031152e-01
4.842813815953121992e-01
4.818801027868322984e-01
4.826243405381768214e-01
4.812919941419495640e-01
4.867097211201597551e-01
4.994879669616617002e-01
4.991343881664311866e-01
4.871386329491624867e-01
4.837483372748410115e-01
4.843837505982824254e-01
4.864751180110143403e-01
4.926349687032296476e-01
4.892720607455129933e-01
4.869651429673225174e-01
4.805654641400893268e-01
4.825216894915528298e-01
4.813677699028228729e-01
4.768417273448359861e-01
4.738312630949729765e-01
4.647101341029168386e-01
4.684404595382233860e-01
4.608079089300975428e-01
4.530849175656230243e-01
4.578319834296597501e-01
4.700531444008297366e-01
4.912182228799442663e-01
5.030604027688708735e-01
5.128732018910928669e-01
5.039170420914189652e-01
5.358262123832480128e-01
5.455690495044905886e-01
5.584603776581810175e-01
5.692130631393740314e-01
5.904668753899503519e-01
5.817003769713595673e-01
5.878496611183054998e-01
5.847806054701585321e-01
6.071413354509410665e-01
6.133456072364414924e-01
6.251684881009269557e-01
6.416494714662031029e-01
6.668483129905078410e-01
6.778182515583170975e-01
7.081910537473797840e-01
7.150336312847410669e-01
7.177058121582708949e-01
7.137307012125411187e-01
7.148140254959994833e-01
7.123784012435662172e-01
7.123544492317135379e-01
7.076337748452534715e-01
7.041162504179055981e-01
7.068794655047048181e-01
7.039967076503594878e-01
7.098545298103619006e-01
7.153372737610682597e-01
7.174319939652158418e-01
7.272579009082033030e-01
7.427280064799611781e-01
7.454471820152581696e-01
7.545502755990100008e-01
7.533804066609957051e-01
7.490831793818495399e-01
7.453496577725278183e-01
7.452394206405340560e-01
7.295045173071628142e-01
7.251931165821912106e-01
7.402216885950818615e-01
7.326819587259523203e-01
7.367281616997207738e-01
7.420388848297997386e-01
7.350863281559167905e-01
7.381447355679303657e-01
7.327444537505551914e-01
7.388463620346475969e-01
7.289650577042003921e-01
7.339150812301997728e-01
7.257509868972310541e-01
7.229408416438686258e-01
7.242277391756551941e-01
7.292907537654721439e-01
7.250963510358653386e-01
7.172431403234166281e-01
7.206665955681395008e-01
7.232042573850858691e-01
7.241761970115122571e-01
7.423674834227229624e-01
7.456635750699620591e-01
7.537733109090447581e-01
7.587166441882158274e-01
7.607651472942489335e-01
7.607069731912853294e-01
7.681604271365198855e-01
7.761118293206781260e-01
7.812561897794342292e-01
7.981357194616525152e-01
8.411475446319387483e-01
8.647553351156385126e-01
8.717537678982397731e-01
8.829559859856669357e-01
9.137524267955926538e-01
9.233470098304399354e-01
9.593510593162773992e-01
1.019299373957026411e+00
1.066578775102115184e+00
1.113187817808066526e+00
1.130970734016345514e+00
1.103347991017895380e+00
1.105691987360240436e+00
1.098195384529808472e+00
1.065776734328448550e+00
1.103031173586751290e+00
1.120761250490427852e+00
1.130010162245346672e+00
1.138188779307618859e+00
1.144694297975744401e+00
1.148367562464123415e+00
1.150502583079316521e+00
1.139520870577568123e+00
1.114374662917942294e+00
1.073190384348962079e+00
1.016888360114823975e+00
9.948656223640620633e-01
9.595556192466512258e-01
9.240388891896266221e-01
8.861730654965596088e-01
8.569732635418291222e-01
7.923617803491298517e-01
8.069445386147716670e-01
8.160165960366178028e-01
7.941781730366347380e-01
8.105032096100408534e-01
8.317508121772931862e-01
8.439311186092083306e-01
8.413084034619650042e-01
8.491189485329164732e-01
8.636507269778269658e-01
8.785292211722720568e-01
8.967135149801530591e-01
9.469525542460127676e-01
9.593598857590232010e-01
1.013182037422922566e+00
1.060403017107850676e+00
1.099018229346435893e+00
1.125035494076081832e+00
1.135895012277164273e+00
1.153065142266662901e+00
1.172358206577120310e+00
1.164808304480436707e+00
1.156348711544825880e+00
1.140654265777272247e+00
1.127106423225004983e+00
1.117383817978854221e+00
1.110825415625309232e+00
1.103523362547418785e+00
1.091198529531123951e+00
1.072074324505672749e+00
1.055239466024849193e+00
1.038585399587506286e+00
1.027343366431847205e+00
1.016642065021690522e+00
1.005932205555588155e+00
9.980658850924006842e-01
9.913830126259964848e-01
9.794768028574382113e-01
9.664590291269752331e-01
9.544091157867778952e-01
9.315679756985538740e-01
9.214584684688713612e-01
8.925980042694852123e-01
8.742825462751895316e-01
8.568794952461420422e-01
8.439776770088185387e-01
8.312102304449466850e-01
8.208654066921964310e-01
8.101898160931001458e-01
7.801724641706636598e-01
7.769416080108539902e-01
7.588395546146873283e-01
7.590892749409343665e-01
7.510103301652728547e-01
7.559491821143066170e-01
7.543930401630905003e-01
