9.3375574834
9.3784975615
9.3128710451
9.1616157557
9.1252104035
9.0827865720
9.4886486472
9.8108869104
9.8760501968
9.8729673039
9.8799425144
9.8736553039
9.8627694480
9.8579070863
9.9094684634
9.9208615738
9.9406514370
9.9586040023
9.9685165135
9.9785754439
9.9883200308
9.9830635290
10.0343577520
10.0439272007
10.0566761883
10.0701283912
10.0707200076
10.0643282790
9.9775565442
9.7822677303
9.7895665270
9.7254750998
9.6637635999
9.6632624010
9.6129352498
9.5623940414
9.5679890681
9.5114282179
9.5157952146
9.4573180597
9.3995504758
9.4009565535
9.3376557497
9.3364522912
9.3365676323
9.2746570095
9.2743493717
9.2723097856
9.2141882820
9.2128820501
9.2100822869
9.1682726848
9.1398411982
9.0942857845
9.0378934425
9.0015911492
8.9631569317
8.8934530335
8.8650676912
8.8520714130
8.8858211701
8.9507979591
8.9871656783
9.0646342074
9.1031732846
9.1387982208
9.2123209783
9.2552698405
9.3054371595
9.3610365948
9.3629623458
9.4175273414
9.4172642455
9.4671837537
9.5125946554
9.5525198907
9.5913241314
9.5906311790
9.6334533396
9.6804867278
9.7278259742
9.7760108606
9.8240549113
9.8709510822
9.8724081073
9.9508266587
9.9718421814
9.9719674043
9.8945353996
9.8557598482
9.8077058313
9.7560471637
9.7530587446
9.6916237969
9.6313580078
9.5616444622
9.5560241972
9.4858812490
9.4164978877
9.4121789916
9.3488445948
9.2899782969
9.2349995295
9.2367628276
9.1848204635
9.1387361471
9.0903268266
9.0401774218
8.9885460130
8.9281483961
8.9280151806
8.8746743035
8.8324800173
8.7991649637
8.7993726502
8.7636614885
8.7341985694
8.7059602615
8.6879041369
8.6799399323
8.6809528459
8.6817094812
8.6902548299
8.6928606870
8.6966452964
8.7116545361
8.7360531306
8.7735514905
8.7759242120
8.8247848500
8.8776294111
8.9293561397
8.9796482591
9.0234463271
9.0566739494
9.1003124995
9.1113953856
9.1374741488
9.1668591275
9.2077628098
9.2650616602
9.2643766774
9.2651090664
9.3272555986
9.3262442236
9.3804657673
9.4209505199
9.4515796937
9.4847730648
9.5003445007
9.5282623314
9.5409625378
9.5369862750
9.5618433424
9.5876125488
9.5879388775
9.6178810674
9.6440083711
9.6595699761
9.6633223084
9.6109084164
9.5652713205
9.5161676237
9.5116395522
9.4497580803
9.3944193364
9.3882303901
9.3818414399
9.3750282548
9.3246658010
9.2857949867
9.2823244989
9.2553713290
9.2444032498
9.2466038911
9.2463859563
9.2486307321
9.2383318499
9.2403597562
9.2131475193
9.2107639113
9.2100447229
9.2094596132
9.2081799211
9.1626003530
9.1622823540
9.1082255226
9.1048994011
9.0479834485
9.0453080734
8.9846465198
8.9795788260
8.9120532069
8.9073839191
8.8999773670
8.8256984770
8.8159824090
8.7405927512
8.7348915647
8.7307320607
8.6473567007
8.6405064376
8.6343966227
8.5528640015
8.5484461654
8.5449956866
8.5389986736
8.5338034338
8.5284095779
8.5230653215
8.5213966723
8.5197718948
8.4537089884
8.4535041333
8.4072517885
8.4112025588
8.3957481533
8.4007554093
8.4254630004
8.4639711240
8.5062615882
8.5054388360
8.5491783345
8.5935889757
8.6366114789
8.6892488246
8.6909553872
8.7459726874
8.8036446553
8.8037449265
8.8612001888
8.9168936734
8.9173443783
8.9807431426
8.9815331787
9.0318516007
9.0334468041
9.0294595146
9.0589281720
9.0554121333
9.0636078071
9.0543209056
9.0342128399
9.0062395249
8.9793448474
8.9533639305
8.9542323860
8.9264286513
8.8978263048
8.8710137479
8.8628472547
8.8740619475
8.9046249273
8.9028985484
8.9491098601
8.9467099047
8.9968324313
9.0419488142
9.0389610207
9.0782927844
9.0752172345
9.1112123040
9.1060226274
9.1423505493
9.1376630437
9.1319603951
9.1624080448
9.1609367664
9.1553497477
9.1957421862
9.1951156227
9.2276591982
9.2269059100
9.2245581409
9.2405201814
9.2309742294
9.2256527237
9.2178535126
9.1886564924
9.1888514707
9.1465663162
9.1002963579
9.1015011647
9.0540227027
9.0085548807
9.0166718706
8.9666961479
8.9202383652
8.9224995384
8.8715591302
8.8697656168
8.8147308027
8.7505471311
8.6850255954
8.6813402268
8.6129576830
8.5576231161
8.5101462131
8.4576638637
0.4671741172
0.4585682003
0.4420031400
0.4375505384
0.4385897042
0.4368401725
0.4341564450
0.4348897526
0.4381578106
0.4370890627
0.4408075146
0.4401672796
0.4424836371
0.4498348941
0.4496773900
0.4425707183
0.4464700653
0.4486781149
0.4519428596
0.4521148667
0.4518383197
0.4487574889
0.4451127586
0.4443182761
0.4425145790
0.4404677934
0.4364695594
0.4340063029
0.4326638464
0.4310686699
0.4301011727
0.4272380214
0.4251456748
0.4235044870
0.4220016633
0.4182550536
0.4124485867
0.4097101420
0.4128010911
0.4128110638
0.4239030681
0.4113055209
