24.0460927147
24.2939152212
24.6200577397
24.8892737455
24.9985111609
25.2673329212
25.1551532885
25.3610540277
25.4575280717
25.5422315467
25.7993872870
26.1605231764
26.2337024966
26.4847844674
26.8281990349
27.2294800587
27.8358849835
28.3461139179
28.7787553351
29.0741713266
29.5297012897
29.5846606257
30.0181197508
29.9722153733
30.2246848555
30.5616268712
30.7829984542
30.5300857771
30.7004237606
30.9918948336
31.0357022558
30.9093375776
31.1710559508
31.5131691431
31.6519339505
31.6798411241
31.5387379127
31.5744097786
31.5855836648
31.6731623448
31.8866226960
31.9348916527
32.0099810355
31.9267941995
31.9611013278
31.9179365385
31.8326602499
31.8276437207
31.7736023184
31.8640537938
31.7200257753
31.7037584378
31.8495218962
31.8056844373
31.8733962126
31.7344925049
31.9156433190
31.9183334078
32.1750233396
32.2008112382
32.0199228905
31.9085317770
31.9682420910
32.1370169046
32.3202228569
32.2111445446
32.3316946994
32.3922443199
32.2921208538
32.3424476162
32.4040610601
32.3177146647
32.2170987893
32.1698883967
32.2526429812
32.2046068460
32.0803496364
32.0257787563
32.1055894298
31.9474384468
31.9400983024
31.9738333607
31.9667729964
31.8612339780
31.9254274051
31.9908423401
32.0102447270
32.2800893495
32.1527371643
32.1836277858
32.1930645387
32.2116100891
32.2427235393
32.1086834539
32.0757663990
32.1081819067
32.1339219823
32.2152581839
32.2452021814
32.2511266117
32.3696247546
32.3883626996
32.4453334754
32.6139589086
32.5620483583
32.6228925655
32.6607728136
32.5605806304
32.6526961386
32.6472006558
32.4898161388
32.5723621230
32.6719836819
32.6360424963
32.7088661621
32.4837719551
32.3306443499
32.2676697702
32.1813321337
31.8916541750
32.3458534501
32.2809085681
32.4008650213
32.4358729683
32.4077783851
32.4103184529
32.4092566466
32.5483397084
32.3266830729
32.4253034170
32.3936197728
32.5773425710
32.5180286736
32.2438971761
32.0992538638
32.2108813810
32.2977502090
32.2178487027
32.1860669218
32.3317312239
32.1184780121
32.2961150143
32.2335777224
32.0890800452
31.9905251067
32.0958371188
31.9912454750
32.1482047471
32.1548178616
32.2143269395
32.2883406296
32.0419008333
32.1048197231
32.3036023685
32.4064780095
32.6422613164
32.6919641856
32.7650836737
32.5293723613
32.8623497741
32.6054434749
32.4558742753
32.6226889361
32.5994635392
32.1358959456
32.1724129975
32.0203531993
32.1490591066
31.9373281455
32.0774320387
32.1218796303
32.1648032977
32.3471899317
32.5447470630
32.3381818534
32.4536136292
32.2954764716
32.2660928453
32.3700754565
32.2705844210
32.2820428493
32.3037232369
32.1170225391
32.2437983560
32.1737157264
32.2353699670
32.2728730639
32.1404069256
32.3703259865
32.3383608793
32.2725962498
32.1285868251
32.5179364448
32.4254884422
32.1387658663
32.3524979594
32.5060229472
32.5497489773
32.6176132334
32.6937733539
32.4875874909
32.4286131171
32.5894976023
32.7743974930
32.7599012719
32.6645831410
32.6710976513
32.4391236708
32.3165544568
32.1091283165
32.1698955301
32.1974567348
32.2494640696
32.4707665951
32.4852249650
32.7438678644
32.4192983914
32.4850968278
32.5009832739
32.1904802167
32.1838346264
32.2203668114
32.2210170889
32.2036554698
32.5069491334
32.3673827497
32.6082268104
32.3485530110
32.2694683804
32.3926360091
32.1638930270
32.2128154793
32.1826730253
31.9722280083
32.0844061147
32.0739330066
31.9760898314
32.1635869611
32.1337732470
32.0352369255
32.1172122399
32.2236877458
32.0776315641
32.2756159315
32.2083557515
32.2169574861
32.2656946935
32.0916476349
32.0708047595
31.9752915348
32.0648078885
31.9872722065
32.0876437942
32.1786879105
32.2210658845
32.1086331672
32.0292768491
31.9577334046
31.7010563935
31.9124460100
31.9984190882
32.0528169394
32.0752095792
31.9392844585
31.9106557885
31.8242468293
31.7198802093
31.7769673839
31.7606911704
31.8024169783
31.8596318888
31.8238118847
31.9035158404
31.9433065669
31.9181829065
31.7417410331
31.7812108158
31.7064353864
31.5955902274
31.6597723692
31.6757533387
31.7405174702
