0.0309434341
0.0309434341
0.0328939455
0.0328939455
0.0365677983
0.0365677983
0.0436551721
0.0436551721
0.0459245796
0.0459245796
0.0502088076
0.0502088076
0.0550700375
0.0550700375
0.0520727459
0.0520727459
0.0602573444
0.0602573444
0.0639927194
0.0639927194
0.0717928003
0.0717928003
0.0769988381
0.0769988381
0.0907684214
0.0907684214
0.0971123809
0.0971123809
0.1038638894
0.1038638894
0.1115065415
0.1115065415
0.1189066228
0.1189066228
0.1261423706
0.1261423706
0.1350623764
0.1350623764
0.1464089960
0.1464089960
0.1576065427
0.1576065427
0.1612746969
0.1612746969
0.1720130668
0.1720130668
0.1831530802
0.1831530802
0.1975649512
0.1975649512
0.2091250274
0.2091250274
0.1433512210
0.1433512210
0.1250135541
0.1250135541
0.1544169168
0.1544169168
0.1372550843
0.1372550843
0.0309120614
0.0309120614
0.0355496752
0.0355496752
0.0349543469
0.0349543469
0.0787986824
0.0787986824
0.0536744474
0.0536744474
0.0098681017
0.0098681017
0.1157689835
0.1157689835
0.1126847895
0.1126847895
0.0970099624
0.0970099624
0.0650006334
0.0650006334
0.1299539854
0.1299539854
0.1501898938
0.1501898938
0.1038089818
0.1038089818
0.0397297657
0.0397297657
0.0498551313
0.0498551313
0.0450960012
0.0450960012
0.0805357225
0.0805357225
0.0973827143
0.0973827143
0.1376636392
0.1376636392
0.0736558009
0.0736558009
0.0829935955
0.0829935955
0.0794535772
0.0794535772
0.1274743767
0.1274743767
0.1376119746
0.1376119746
0.1292361400
0.1292361400
0.1019148523
0.1019148523
0.0984673262
0.0984673262
0.0945301493
0.0945301493
0.0596320956
0.0596320956
0.0659217100
0.0659217100
0.0363509817
0.0363509817
0.0326122495
0.0326122495
0.0367980227
0.0367980227
0.0789190318
0.0789190318
0.0640737938
0.0640737938
0.0565309725
0.0565309725
0.0290344301
0.0290344301
0.0332422279
0.0332422279
0.0319758245
0.0319758245
0.0291281781
0.0291281781
0.0606257256
0.0606257256
0.0761916666
0.0761916666
0.0694206617
0.0694206617
0.0611276174
0.0611276174
0.0536817112
0.0536817112
0.0555270921
0.0555270921
0.0652854513
0.0652854513
0.0683731639
0.0683731639
0.0718534495
0.0718534495
0.0625742588
0.0625742588
0.0590284039
0.0590284039
0.0450790316
0.0450790316
0.0360808597
0.0360808597
0.0379540233
0.0379540233
0.0257507362
0.0257507362
0.0300631098
0.0300631098
0.0267268945
0.0267268945
0.0248263961
0.0248263961
0.0265253382
0.0265253382
0.0260398939
0.0260398939
0.0297162559
0.0297162559
0.0319680172
0.0319680172
0.0308404468
0.0308404468
0.0312515224
0.0312515224
0.0391858997
0.0391858997
0.0337955391
0.0337955391
0.0421018384
0.0421018384
0.0490172631
0.0490172631
0.0406089416
0.0406089416
0.0446491897
0.0446491897
0.0443445785
0.0443445785
0.0362261661
0.0362261661
0.0378164385
0.0378164385
0.0364533042
0.0364533042
0.0344180051
0.0344180051
0.0357825947
0.0357825947
0.0425691092
0.0425691092
0.0405434516
0.0405434516
0.0451891110
0.0451891110
0.0435446497
0.0435446497
0.0447147582
0.0447147582
0.0477980500
0.0477980500
0.0424973552
0.0424973552
0.0402381956
0.0402381956
0.0404204597
0.0404204597
0.0458609090
0.0458609090
0.0440824342
0.0440824342
0.0432535363
0.0432535363
0.0392731746
0.0392731746
0.0459400148
0.0459400148
0.0514356634
0.0514356634
0.0478609901
0.0478609901
0.0444531270
0.0444531270
0.0415370209
0.0415370209
0.0439105020
0.0439105020
0.0326969146
0.0326969146
0.0246035612
0.0246035612
0.0244114362
0.0244114362
0.0430424985
0.0430424985
0.0391112009
0.0391112009
0.0291483348
0.0291483348
0.0273267613
0.0273267613
0.0344273958
0.0344273958
0.0352527059
0.0352527059
0.0363002843
0.0363002843
0.0340797331
0.0340797331
0.0255011551
0.0255011551
0.0382305398
0.0382305398
0.0364516037
0.0364516037
0.0364316730
0.0364316730
0.0458707219
0.0458707219
0.0479523723
0.0479523723
0.0383377758
0.0383377758
0.0446848902
0.0446848902
0.0388901201
0.0388901201
0.0534172174
0.0534172174
0.0621239135
0.0621239135
0.0578158289
0.0578158289
0.0434668682
0.0434668682
0.0431321582
0.0431321582
0.0479801366
0.0479801366
0.0515381381
0.0515381381
0.0509323864
0.0509323864
0.0494741541
0.0494741541
0.0504965418
0.0504965418
0.0404169256
0.0404169256
0.0430099630
0.0430099630
0.0365919801
0.0365919801
0.0244554882
0.0244554882
0.0213506440
0.0213506440
0.0245390997
0.0245390997
0.0267497870
0.0267497870
0.0251502879
0.0251502879
0.0271613454
0.0271613454
0.0288636250
0.0288636250
0.0346036551
0.0346036551
0.0378671819
0.0378671819
0.0382788120
0.0382788120
0.0416190310
0.0416190310
0.0454165529
0.0454165529
0.0464711178
0.0464711178
0.0477429615
0.0477429615
0.0452978938
0.0452978938
0.0381153615
0.0381153615
0.0405466584
0.0405466584
0.0422497036
0.0422497036
0.0393249428
0.0393249428
0.0385071041
0.0385071041
0.0443332746
0.0443332746
0.0437057355
0.0437057355
0.0407595099
0.0407595099
0.0386290784
0.0386290784
0.0380983474
0.0380983474
0.0325536645
0.0325536645
0.0400433090
0.0400433090
0.0391930331
0.0391930331
0.0467087864
0.0467087864
0.0408184481
0.0408184481
0.0406797829
0.0406797829
0.0407829343
0.0407829343
0.0416610552
0.0416610552
0.0516535285
0.0516535285
0.0616046379
0.0616046379
0.0536715132
0.0536715132
0.0516651601
0.0516651601
0.0538772499
0.0538772499
0.0485529333
0.0485529333
0.0520657418
0.0520657418
0.0468156478
0.0468156478
0.0431390583
0.0431390583
0.0432473053
0.0432473053
0.0401225879
0.0401225879
0.0266976463
0.0266976463
0.0314674132
0.0314674132
0.0234159841
0.0234159841
0.0241220007
0.0241220007
0.0328133213
0.0328133213
0.0422649084
0.0422649084
0.0290928498
0.0290928498
0.0305759314
0.0305759314
0.0279710709
0.0279710709
0.0261562422
0.0261562422
0.0291853104
0.0291853104
0.0237921958
0.0237921958
0.0240008784
0.0240008784
0.0256987822
0.0256987822
0.0233716680
0.0233716680
0.0299463705
0.0299463705
0.0325847254
0.0325847254
0.0377405091
0.0377405091
0.0383534585
0.0383534585
0.0348251977
0.0348251977
0.0331164708
0.0331164708
0.0300171752
0.0300171752
0.0349172702
0.0349172702
0.0407193003
0.0407193003
0.0392953928
0.0392953928
0.0402077598
0.0402077598
0.0423426049
0.0423426049
0.0453686031
0.0453686031
0.0490483845
0.0490483845
0.0525255919
0.0525255919
0.0552235905
0.0552235905
0.0503672193
0.0503672193
0.0532129761
0.0532129761
0.0575915267
0.0575915267
0.0459824184
0.0459824184
0.0470812302
0.0470812302
0.0386948797
0.0386948797
0.0393877067
0.0393877067
0.0339027446
0.0339027446
0.0379285943
0.0379285943
0.0422108249
0.0422108249
0.0336758286
0.0336758286
0.0317553375
0.0317553375
0.0299739187
0.0299739187
0.0296230921
0.0296230921
0.0279150464
0.0279150464
0.0288993541
0.0288993541
0.0281712498
0.0281712498
0.0263288214
0.0263288214
0.0296990510
0.0296990510
0.0252166179
0.0252166179
0.0217595915
0.0217595915
0.0234028671
0.0234028671
0.0249446536
0.0249446536
0.0288439595
0.0288439595
0.0239114109
0.0239114109
0.0196821445
0.0196821445
0.0203180763
0.0203180763
0.0233468177
0.0233468177
0.0234244272
0.0234244272
0.0386893067
0.0386893067
0.0450444721
0.0450444721
0.0440497181
0.0440497181
0.0518648551
0.0518648551
0.0486555874
0.0486555874
0.0451932049
0.0451932049
0.0413562541
0.0413562541
0.0393106806
0.0393106806
0.0476607261
0.0476607261
0.0544131974
0.0544131974
0.0629151918
0.0629151918
0.0643649369
0.0643649369
0.0632263508
0.0632263508
0.0647735643
0.0647735643
0.0656019181
0.0656019181
0.0666233559
0.0666233559
0.0645949301
0.0645949301
0.0650725611
0.0650725611
0.0696321232
0.0696321232
0.0718559314
0.0718559314
0.0729512811
0.0729512811
0.0798606994
0.0798606994
0.0874946557
0.0874946557
0.0812665987
0.0812665987
0.0815307902
0.0815307902
0.0755566127
0.0755566127
0.0760996396
0.0760996396
0.0825344135
0.0825344135
0.0864590343
0.0864590343
0.0900831084
0.0900831084
0.0859298712
0.0859298712
0.0788392394
0.0788392394
0.0754034334
0.0754034334
0.0752955869
0.0752955869
0.0725007574
0.0725007574
0.0768000447
0.0768000447
0.0744187265
0.0744187265
0.0695255713
0.0695255713
0.0618387146
0.0618387146
0.0538821519
0.0538821519
0.0572344967
0.0572344967
0.0536014378
0.0536014378
0.0635572574
0.0635572574
0.0461914687
0.0461914687
0.0364197980
0.0364197980
0.0484419697
0.0484419697
0.0436437758
0.0436437758
0.0497502608
0.0497502608
0.0405899319
0.0405899319
0.0451871337
0.0451871337
0.0396158494
0.0396158494
0.0270556306
0.0270556306
0.0380389819
0.0380389819
0.0378006986
0.0378006986
0.0319632310
0.0319632310
0.0275445112
0.0275445112
0.0204963296
0.0204963296
0.0276481882
0.0276481882
0.0200916336
0.0200916336
0.0203270604
0.0203270604
0.0237132553
0.0237132553
0.0235331035
0.0235331035
0.0319966633
0.0319966633
0.0252766562
0.0252766562
0.0227335138
0.0227335138
0.0242079412
0.0242079412
0.0226361818
0.0226361818
0.0226361818
0.0262407097
0.0262407097
0.0262407097
0.0333639536
0.0333639536
0.0333639536
0.0244074464
0.0244074464
0.0244074464
0.0381894379
0.0381894379
0.0381894379
0.0351557636
0.0351557636
0.0351557636
0.0268252085
0.0268252085
0.0268252085
0.0430561977
0.0430561977
0.0430561977
0.0475903794
0.0475903794
0.0475903794
0.0526297742
0.0526297742
0.0526297742
0.0517429294
0.0517429294
0.0517429294
0.0468128416
0.0468128416
0.0468128416
0.0422787479
0.0422787479
0.0422787479
0.0416707203
0.0416707203
0.0416707203
0.0448350634
0.0448350634
0.0448350634
0.0382004260
0.0382004260
0.0382004260
0.0283043360
0.0283043360
0.0283043360
0.0267253564
0.0267253564
0.0267253564
0.0291841662
0.0291841662
0.0291841662
0.0284534199
0.0284534199
0.0284534199
0.0297021075
0.0297021075
0.0297021075
0.0324013822
0.0324013822
0.0324013822
0.0353557029
0.0353557029
0.0353557029
0.0314600891
0.0314600891
0.0314600891
0.0297266544
0.0297266544
0.0297266544
0.0265874895
0.0265874895
0.0265874895
0.0275165387
0.0275165387
0.0275165387
0.0278628305
0.0278628305
0.0278628305
0.0308843224
0.0308843224
0.0308843224
0.0325262181
0.0325262181
0.0325262181
0.0307412755
0.0307412755
0.0307412755
0.0310528156
0.0310528156
0.0310528156
0.0292723450
0.0292723450
0.0272076422
0.0272076422
0.0285876706
0.0285876706
0.0302962529
0.0302962529
0.0326725560
0.0326725560
0.0306684714
0.0306684714
0.0382712471
0.0382712471
0.0405854673
0.0405854673
0.0414557991
0.0414557991
0.0390832714
0.0390832714
0.0401481213
0.0401481213
0.0390525721
0.0390525721
0.0416679870
0.0416679870
0.0436953108
0.0436953108
0.0421352582
0.0421352582
0.0384838383
0.0384838383
0.0366150831
0.0366150831
0.0283729386
0.0283729386
0.0275709870
0.0275709870
0.0240438889
0.0240438889
0.0204393545
0.0204393545
0.0172403054
0.0172403054
0.0163892272
0.0163892272
0.0171740240
0.0171740240
0.0176271687
0.0176271687
0.0245777758
0.0245777758
0.0283657423
0.0283657423
0.0298832833
0.0298832833
0.0269987460
0.0269987460
0.0276506878
0.0276506878
0.0298011287
0.0298011287
0.0350148726
0.0350148726
0.0459399311
0.0459399311
0.0321265817
0.0321265817
0.0321265817
0.0441452975
0.0441452975
0.0441452975
0.0486525117
0.0486525117
0.0486525117
0.0515220748
0.0515220748
0.0515220748
0.0612719671
0.0612719671
0.0612719671
0.0608378709
0.0608378709
0.0608378709
0.0541163974
0.0541163974
0.0541163974
0.0563474176
0.0563474176
0.0563474176
0.0520376024
0.0520376024
0.0520376024
0.0554815038
0.0554815038
0.0554815038
0.0503486165
0.0503486165
0.0503486165
0.0484015791
0.0484015791
0.0484015791
0.0456879061
0.0456879061
0.0456879061
0.0294965831
0.0294965831
0.0294965831
0.0343231466
0.0343231466
0.0343231466
0.0263473351
0.0263473351
0.0263473351
0.0213570565
0.0213570565
0.0221355148
0.0221355148
0.0258549849
0.0258549849
0.0244096682
0.0244096682
0.0296894031
0.0296894031
0.0299940027
0.0299940027
0.0244945794
0.0244945794
0.0250704382
0.0250704382
0.0305996987
0.0305996987
0.0338683567
0.0338683567
0.0418410610
0.0418410610
0.0511879368
0.0511879368
0.0524095953
0.0524095953
0.0457918177
0.0457918177
0.0346340441
0.0346340441
0.0296261708
0.0296261708
0.0273915477
0.0273915477
0.0301417464
0.0301417464
0.0297729602
0.0297729602
0.0300319587
0.0300319587
0.0297957287
0.0297957287
0.0381684847
0.0381684847
0.0340963332
0.0340963332
0.0277951786
0.0277951786
0.0267538018
0.0267538018
0.0352712758
0.0352712758
0.0352712758
0.0341018541
0.0341018541
0.0445484774
0.0445484774
0.0422607308
0.0422607308
0.0402031349
0.0402031349
0.0436610236
0.0436610236
0.0312529172
0.0312529172
0.0290275334
0.0290275334
0.0374472670
0.0374472670
0.0374472670
0.0550889681
0.0550889681
0.0550889681
0.0554807196
0.0554807196
0.0554807196
0.0647091528
0.0647091528
0.0647091528
0.0669612953
0.0669612953
0.0669612953
0.0638500986
0.0638500986
0.0638500986
0.0650042419
0.0650042419
0.0650042419
0.0652784219
0.0652784219
0.0652784219
0.0630662420
0.0630662420
0.0630662420
0.0539838829
0.0539838829
0.0539838829
0.0429122705
0.0429122705
0.0429122705
0.0296735446
0.0296735446
0.0296735446
0.0223129964
0.0223129964
0.0223129964
0.0128056237
0.0128056237
0.0128056237
0.0107627025
0.0107627025
0.0107627025
0.0110585463
0.0110585463
0.0110585463
0.0139212119
0.0139212119
0.0131633002
0.0131633002
0.0153871931
0.0153871931
0.0192833915
0.0192833915
0.0187163193
0.0187163193
0.0192617293
0.0192617293
0.0191843839
0.0191843839
0.0194817831
0.0194817831
0.0193186512
0.0193186512
0.0219099347
0.0219099347
0.0281771488
0.0281771488
0.0343196280
0.0343196280
0.0333376859
0.0333376859
0.0316807486
0.0316807486
0.0338489149
0.0338489149
0.0374858645
0.0374858645
0.0413812982
0.0413812982
0.0399272332
0.0399272332
0.0422844372
0.0422844372
0.0420855892
0.0420855892
0.0451748868
0.0451748868
0.0460465748
0.0460465748
0.0483315100
0.0483315100
0.0506165647
0.0506165647
0.0529103550
0.0529103550
0.0542823556
0.0542823556
0.0579220433
0.0579220433
0.0615642896
0.0615642896
0.0646462526
0.0646462526
0.0693755046
0.0693755046
0.0689000280
0.0689000280
0.0672895235
0.0672895235
0.0676251329
0.0676251329
0.0690224407
0.0690224407
0.0690224407
0.0704452895
0.0704452895
0.0704452895
0.0676297230
0.0676297230
0.0676297230
0.0638984120
0.0638984120
0.0638984120
0.0558385122
0.0558385122
0.0558385122
0.0553590305
0.0553590305
0.0553590305
0.0498824406
0.0498824406
0.0498824406
0.0470475200
0.0470475200
0.0470475200
0.0457354948
0.0457354948
0.0457354948
0.0443674019
0.0443674019
0.0443674019
0.0459567278
0.0459567278
0.0459567278
0.0424093256
0.0424093256
0.0424093256
0.0411269320
0.0411269320
0.0411269320
0.0280482207
0.0280482207
0.0280482207
0.0306699446
0.0306699446
0.0306699446
0.0310028408
0.0310028408
0.0310028408
0.0262699030
0.0262699030
0.0262699030
0.0300344022
0.0300344022
0.0310586612
0.0310586612
0.0286303033
0.0286303033
0.0303501523
0.0303501523
0.0331291154
0.0331291154
0.0327574238
0.0327574238
0.0298303142
0.0298303142
0.0234415883
0.0234415883
0.0177254446
0.0177254446
0.0177254446
0.0160870347
0.0160870347
0.0160870347
0.0137867687
0.0137867687
0.0137867687
0.0134825090
0.0134825090
0.0134825090
0.0198520379
0.0198520379
0.0198520379
0.0162399612
0.0162399612
0.0162399612
0.0221826255
0.0221826255
0.0221826255
0.0191085485
0.0191085485
0.0191085485
0.0231415073
0.0231415073
0.0231415073
0.0223266015
0.0223266015
0.0223266015
0.0274679172
0.0274679172
0.0274679172
0.0295355431
0.0295355431
0.0295355431
0.0331303700
0.0331303700
0.0331303700
0.0321048388
0.0321048388
0.0321048388
0.0367698489
0.0367698489
0.0367698489
0.0423199849
0.0423199849
0.0423199849
0.0487954859
0.0487954859
0.0487954859
0.0555513824
0.0555513824
0.0555513824
0.0519427550
0.0519427550
0.0519427550
0.0568788288
0.0568788288
0.0568788288
0.0619999585
0.0619999585
0.0619999585
0.0561136412
0.0561136412
0.0561136412
0.0522546654
0.0522546654
0.0522546654
0.0540687077
0.0540687077
0.0540687077
0.0579108208
0.0579108208
0.0579108208
0.0453145746
0.0453145746
0.0453145746
0.0409010863
0.0409010863
0.0409010863
0.0380612297
0.0380612297
0.0380612297
0.0339320128
0.0339320128
0.0339320128
0.0304879356
0.0304879356
0.0304879356
0.0305549091
0.0305549091
0.0305549091
0.0391511406
0.0391511406
0.0391511406
0.0383964391
0.0383964391
0.0383964391
0.0274629329
0.0274629329
0.0274629329
0.0317126056
0.0317126056
0.0317126056
0.0364305213
0.0364305213
0.0364305213
0.0377593061
0.0377593061
0.0377593061
0.0365887058
0.0365887058
0.0365887058
0.0320243272
0.0320243272
0.0320243272
0.0371514858
0.0371514858
0.0371514858
0.0343531311
0.0343531311
0.0343531311
0.0341285827
0.0341285827
0.0327817805
0.0327817805
0.0291373922
0.0291373922
0.0276584151
0.0276584151
0.0303947369
0.0303947369
0.0250005383
0.0250005383
0.0206918032
0.0206918032
0.0240426936
0.0240426936
0.0242864082
0.0242864082
0.0273491326
0.0273491326
0.0426699242
0.0426699242
0.0233375153
0.0233375153
0.0424390313
0.0424390313
0.0354345901
0.0354345901
0.0251503645
0.0251503645
0.0158618882
0.0158618882
0.0166268791
0.0166268791
0.0166268791
0.0271528174
0.0271528174
0.0271528174
0.0270075508
0.0270075508
0.0270075508
0.0385685734
0.0385685734
0.0385685734
0.0445982227
0.0445982227
0.0445982227
0.0589346980
0.0589346980
0.0589346980
0.0639813792
0.0639813792
0.0639813792
0.0703009412
0.0703009412
0.0703009412
0.0732554180
0.0732554180
0.0732554180
0.0819282459
0.0819282459
0.0819282459
0.0864283450
0.0864283450
0.0864283450
0.0915428260
0.0915428260
0.0915428260
0.0911125474
0.0911125474
0.0911125474
0.0864387991
0.0864387991
0.0864387991
0.0822942806
0.0822942806
0.0822942806
0.0840403718
0.0840403718
0.0840403718
0.0801578590
0.0801578590
0.0801578590
0.0683867921
0.0683867921
0.0683867921
0.0577559473
0.0577559473
0.0577559473
0.0466715624
0.0466715624
0.0466715624
0.0378511458
0.0378511458
0.0378511458
0.0361461989
0.0361461989
0.0361461989
0.0397663131
0.0397663131
0.0397663131
0.0428104626
0.0428104626
0.0428104626
0.0450225790
0.0450225790
0.0450225790
0.0475830370
0.0475830370
0.0475830370
0.0464100949
0.0464100949
0.0464100949
0.0500657918
0.0500657918
0.0500657918
0.0555290951
0.0555290951
0.0555290951
0.0577503943
0.0577503943
0.0577503943
0.0599094017
0.0599094017
0.0599094017
0.0599716494
0.0599716494
0.0599716494
0.0662807003
0.0662807003
0.0662807003
0.0640916827
0.0640916827
0.0640916827
0.0626987245
0.0626987245
0.0626987245
0.0596880715
0.0596880715
0.0596880715
0.0578548757
0.0578548757
0.0578548757
0.0593467765
0.0593467765
0.0593467765
0.0646772211
0.0646772211
0.0646772211
0.0711395352
0.0711395352
0.0711395352
0.0687844974
0.0687844974
0.0687844974
0.0666667156
0.0666667156
0.0666667156
0.0607997155
0.0607997155
0.0607997155
0.0629633060
0.0629633060
0.0629633060
0.0618001634
0.0618001634
0.0618001634
0.0494948523
0.0494948523
0.0494948523
0.0453371636
0.0453371636
0.0453371636
0.0415134842
0.0415134842
0.0415134842
0.0411463493
0.0411463493
0.0411463493
0.0345382350
0.0345382350
0.0345382350
0.0291499192
0.0291499192
0.0291499192
0.0244408019
0.0244408019
0.0244408019
0.0198575593
0.0198575593
0.0198575593
0.0258990464
0.0258990464
0.0258990464
0.0236369036
0.0236369036
0.0236369036
0.0225112163
0.0225112163
0.0225112163
0.0264131858
0.0264131858
0.0264131858
0.0269570043
0.0269570043
0.0269570043
0.0354215170
0.0354215170
0.0354215170
0.0358112703
0.0358112703
0.0358112703
0.0388182998
0.0388182998
0.0388182998
0.0404931190
0.0404931190
0.0404931190
0.0401809191
0.0401809191
0.0401809191
0.0488003888
0.0488003888
0.0488003888
0.0528445662
0.0528445662
0.0528445662
0.0523348837
0.0523348837
0.0523348837
0.0575947578
0.0575947578
0.0575947578
0.0661959094
0.0661959094
0.0661959094
0.0672260344
0.0672260344
0.0672260344
0.0666902153
0.0666902153
0.0666902153
0.0716823919
0.0716823919
0.0716823919
0.0749309391
0.0749309391
0.0749309391
0.0698869428
0.0698869428
0.0698869428
0.0634266222
0.0634266222
0.0634266222
0.0566494921
0.0566494921
0.0566494921
0.0505575899
0.0505575899
0.0505575899
0.0473607320
0.0473607320
0.0473607320
0.0423601478
0.0423601478
0.0423601478
0.0420788804
0.0420788804
0.0420788804
0.0415162545
0.0415162545
0.0415162545
0.0452101939
0.0452101939
0.0452101939
0.0585088906
0.0585088906
0.0585088906
0.0623048726
0.0623048726
0.0623048726
0.0609532138
0.0609532138
0.0609532138
0.0666144445
0.0666144445
0.0666144445
0.0634453118
0.0634453118
0.0634453118
0.0622410194
0.0622410194
0.0622410194
0.0610302668
0.0610302668
0.0610302668
0.0648934178
0.0648934178
0.0648934178
0.0578180594
0.0578180594
0.0578180594
0.0619644049
0.0619644049
0.0619644049
0.0598650134
0.0598650134
0.0598650134
0.0601718863
0.0601718863
0.0601718863
0.0668797893
0.0668797893
0.0668797893
0.0747060850
0.0747060850
0.0747060850
0.0806940586
0.0806940586
0.0806940586
0.0848596871
0.0848596871
0.0848596871
0.0804174757
0.0804174757
0.0804174757
0.0761004877
0.0761004877
0.0761004877
0.0743388451
0.0743388451
0.0743388451
0.0679146433
0.0679146433
0.0679146433
0.0698218890
0.0698218890
0.0698218890
0.0708790068
0.0708790068
0.0708790068
0.0602582881
0.0602582881
0.0602582881
0.0658388369
0.0658388369
0.0658388369
0.0683981544
0.0683981544
0.0683981544
0.0752981050
0.0752981050
0.0752981050
0.0691455017
0.0691455017
0.0691455017
0.0613932835
0.0613932835
0.0613932835
0.0537421611
0.0537421611
0.0537421611
0.0479910153
0.0479910153
0.0479910153
0.0443789232
0.0443789232
0.0443789232
0.0421574565
0.0421574565
0.0421574565
0.0397491000
0.0397491000
0.0397491000
0.0347568785
0.0347568785
0.0347568785
0.0347972553
0.0347972553
0.0347972553
0.0352296403
0.0352296403
0.0352296403
0.0347167678
0.0347167678
0.0347167678
0.0297901736
0.0297901736
0.0297901736
0.0291138845
0.0291138845
0.0291138845
0.0261256593
0.0261256593
0.0261256593
0.0238495630
0.0238495630
0.0238495630
0.0188189583
0.0188189583
0.0188189583
0.0135943284
0.0135943284
0.0135943284
0.0143101083
0.0143101083
0.0143101083
0.0184612295
0.0184612295
0.0184612295
0.0259759024
0.0259759024
0.0259759024
0.0332023166
0.0332023166
0.0332023166
0.0333055660
0.0333055660
0.0333055660
0.0397595133
0.0397595133
0.0397595133
0.0400773145
0.0400773145
0.0400773145
0.0386631127
0.0386631127
0.0386631127
0.0355250099
0.0355250099
0.0355250099
0.0346517753
0.0346517753
0.0346517753
0.0346856059
0.0346856059
0.0346856059
0.0411801929
0.0411801929
0.0411801929
0.0496500303
0.0496500303
0.0496500303
0.0362156058
0.0362156058
0.0362156058
0.0337872272
0.0337872272
0.0337872272
0.0280767472
0.0280767472
0.0280767472
0.0167312920
0.0167312920
0.0167312920
0.0112564065
0.0112564065
0.0112564065
0.0087117526
0.0087117526
0.0087117526
0.0072730869
0.0072730869
0.0072730869
0.0116863042
0.0116863042
0.0116863042
0.0105328057
0.0105328057
0.0105328057
0.0133423826
0.0133423826
0.0133423826
0.0113432597
0.0113432597
0.0113432597
0.0129442045
0.0129442045
0.0129442045
0.0085117496
0.0085117496
0.0085117496
0.0085479486
0.0085479486
0.0085479486
0.0071634541
0.0071634541
0.0071634541
0.0183618493
0.0183618493
0.0183618493
0.0236199975
0.0236199975
0.0236199975
0.0320724756
0.0320724756
0.0320724756
0.0220559908
0.0220559908
0.0220559908
0.0264020486
0.0264020486
0.0264020486
0.0180131848
0.0180131848
0.0180131848
0.0125410079
0.0125410079
0.0125410079
0.0183046055
0.0183046055
0.0183046055
0.0274539289
0.0274539289
0.0274539289
0.0336696480
0.0336696480
0.0336696480
0.0389379707
0.0389379707
0.0389379707
0.0404575236
0.0404575236
0.0404575236
0.0448115566
0.0448115566
0.0448115566
0.0508402297
0.0508402297
0.0508402297
0.0457520601
0.0457520601
0.0457520601
0.0421565143
0.0421565143
0.0421565143
0.0434476436
0.0434476436
0.0434476436
0.0584724951
0.0584724951
0.0584724951
0.0546466293
0.0546466293
0.0546466293
0.0643752027
0.0643752027
0.0643752027
0.0768609450
0.0768609450
0.0768609450
0.0688042868
0.0688042868
0.0688042868
0.0595457077
0.0595457077
0.0595457077
0.0609049478
0.0609049478
0.0609049478
0.0593743705
0.0593743705
0.0593743705
0.0524423348
0.0524423348
0.0524423348
0.0430962065
0.0430962065
0.0430962065
0.0386066465
0.0386066465
0.0386066465
0.0565187352
0.0565187352
0.0565187352
0.0526109285
0.0526109285
0.0526109285
0.0534731558
0.0534731558
0.0534731558
0.0607770583
0.0607770583
0.0607770583
0.0583553620
0.0583553620
0.0583553620
0.0450380790
0.0450380790
0.0450380790
0.0523743260
0.0523743260
0.0523743260
0.0581209029
0.0581209029
0.0581209029
0.0679707987
0.0679707987
0.0679707987
0.0587472695
0.0587472695
0.0587472695
0.0596966118
0.0596966118
0.0596966118
0.0569527859
0.0569527859
0.0569527859
0.0365481564
0.0365481564
0.0365481564
0.0420617227
0.0420617227
0.0420617227
0.0387557872
0.0387557872
0.0387557872
0.0437194037
0.0437194037
0.0437194037
0.0371145379
0.0371145379
0.0371145379
0.0338868131
0.0338868131
0.0338868131
0.0312229059
0.0312229059
0.0312229059
0.0354622756
0.0354622756
0.0354622756
0.0408975255
0.0408975255
0.0408975255
0.0397097228
0.0397097228
0.0397097228
0.0329710298
0.0329710298
0.0329710298
0.0294924893
0.0294924893
0.0294924893
0.0281599567
0.0281599567
0.0281599567
0.0276296139
0.0276296139
0.0276296139
0.0251873544
0.0251873544
0.0251873544
0.0244592304
0.0244592304
0.0244592304
0.0251656113
0.0251656113
0.0251656113
0.0264155666
0.0264155666
0.0264155666
0.0250283145
0.0250283145
0.0250283145
0.0315669706
0.0315669706
0.0315669706
0.0323436409
0.0323436409
0.0323436409
0.0346085496
0.0346085496
0.0346085496
0.0390199070
0.0390199070
0.0390199070
0.0242435752
0.0242435752
0.0242435752
0.0195157754
0.0195157754
0.0195157754
0.0160575153
0.0160575153
0.0160575153
0.0174785170
0.0174785170
0.0174785170
0.0208405054
0.0208405054
0.0208405054
0.0217961158
0.0217961158
0.0217961158
0.0210192566
0.0210192566
0.0210192566
0.0220558041
0.0220558041
0.0220558041
0.0220566606
0.0220566606
0.0220566606
0.0277749507
0.0277749507
0.0277749507
0.0328272205
0.0328272205
0.0328272205
0.0335214690
0.0335214690
0.0335214690
0.0321221998
0.0321221998
0.0321221998
0.0422443555
0.0422443555
0.0422443555
0.0461851477
0.0461851477
0.0461851477
0.0439692489
0.0439692489
0.0439692489
0.0427502083
0.0427502083
0.0427502083
0.0426039978
0.0426039978
0.0426039978
0.0408589730
0.0408589730
0.0408589730
0.0361293304
0.0361293304
0.0361293304
0.0383786784
0.0383786784
0.0383786784
0.0431719955
0.0431719955
0.0431719955
0.0457387717
0.0457387717
0.0457387717
0.0532426812
0.0532426812
0.0532426812
0.0522285803
0.0522285803
0.0522285803
0.0503433841
0.0503433841
0.0503433841
0.0610204815
0.0610204815
0.0610204815
0.0654862927
0.0654862927
0.0654862927
0.0621910781
0.0621910781
0.0621910781
0.0589226663
0.0589226663
0.0589226663
0.0614843305
0.0614843305
0.0614843305
0.0655709429
0.0655709429
0.0655709429
0.0593611633
0.0593611633
0.0593611633
0.0517361307
0.0517361307
0.0517361307
0.0470146720
0.0470146720
0.0470146720
0.0410132992
0.0410132992
0.0410132992
0.0420521486
0.0420521486
0.0420521486
0.0450973019
0.0450973019
0.0450973019
0.0440191430
0.0440191430
0.0440191430
0.0425886889
0.0425886889
0.0425886889
0.0360608641
0.0360608641
0.0360608641
0.0259319123
0.0259319123
0.0259319123
0.0232458767
0.0232458767
0.0232458767
0.0256496138
0.0256496138
0.0256496138
0.0298748946
0.0298748946
0.0298748946
0.0357850210
0.0357850210
0.0357850210
0.0415143729
0.0415143729
0.0415143729
0.0500942247
0.0500942247
0.0500942247
0.0612629594
0.0612629594
0.0612629594
0.0644859216
0.0644859216
0.0644859216
0.0607174780
0.0607174780
0.0607174780
0.0638637783
0.0638637783
0.0638637783
0.0659256175
0.0659256175
0.0659256175
0.0778959099
0.0778959099
0.0778959099
0.0789391427
0.0789391427
0.0789391427
0.0832496106
0.0832496106
0.0832496106
0.0865707510
0.0865707510
0.0865707510
0.1033722757
0.1033722757
0.1033722757
0.0987523494
0.0987523494
0.0987523494
0.0966716950
0.0966716950
0.0966716950
0.0961796663
0.0961796663
0.0961796663
0.0961634746
0.0961634746
0.0961634746
0.1024834497
0.1024834497
0.1024834497
0.0976492393
0.0976492393
0.0976492393
0.1042589911
0.1042589911
0.1042589911
0.1118915120
0.1118915120
0.1118915120
0.0991638077
0.0991638077
0.0991638077
0.0804206950
0.0804206950
0.0804206950
0.0751808398
0.0751808398
0.0751808398
0.0722429364
0.0722429364
0.0722429364
0.0689121439
0.0689121439
0.0689121439
0.0788973111
0.0788973111
0.0788973111
0.0809657535
0.0809657535
0.0809657535
0.0812133439
0.0812133439
0.0812133439
0.0974911250
0.0974911250
0.0974911250
0.0906341368
0.0906341368
0.0906341368
0.1052001506
0.1052001506
0.1052001506
0.1059465135
0.1059465135
0.1059465135
0.0892854136
0.0892854136
0.0892854136
0.0709553212
0.0709553212
0.0709553212
0.0478054094
0.0478054094
0.0478054094
0.0395462032
0.0395462032
0.0395462032
0.0235784838
0.0235784838
0.0235784838
0.0132696567
0.0132696567
0.0132696567
0.0107858701
0.0107858701
0.0107858701
0.0325467316
0.0325467316
0.0325467316
0.0534541333
0.0534541333
0.0534541333
0.0567258285
0.0567258285
0.0567258285
0.0709592744
0.0709592744
0.0709592744
0.0776375368
0.0776375368
0.0776375368
0.0814846364
0.0814846364
0.0814846364
0.0751220333
0.0751220333
0.0751220333
0.0684148114
0.0684148114
0.0684148114
0.0657372606
0.0657372606
0.0657372606
0.0510583329
0.0510583329
0.0510583329
0.0592604643
0.0592604643
0.0592604643
0.0530380302
0.0530380302
0.0530380302
0.0425159690
0.0425159690
0.0425159690
0.0418127033
0.0418127033
0.0418127033
0.0548311898
0.0548311898
0.0548311898
0.0655250211
0.0655250211
0.0655250211
0.0723758373
0.0723758373
0.0723758373
0.0705920626
0.0705920626
0.0705920626
0.0761026315
0.0761026315
0.0761026315
0.0875985902
0.0875985902
0.0875985902
