1.097973745427835102e+00
1.054711774164611482e+00
1.064432432940589646e+00
1.094981478384305262e+00
1.102481083915210158e+00
1.108434590888091487e+00
1.114031845671548338e+00
1.118846856111339383e+00
1.122772488592582940e+00
1.126327879186330927e+00
1.131560039066944467e+00
1.135227768942097537e+00
1.137835249919664227e+00
1.159922785970559866e+00
1.186127010538751803e+00
1.213771633401753647e+00
1.221842417827334826e+00
1.177241675571817581e+00
1.152308496967448637e+00
1.155066383234525373e+00
1.138940207596419452e+00
1.157083477477233835e+00
1.162575557668836579e+00
1.142878419724724148e+00
1.148533892580972715e+00
1.154282291263550198e+00
1.177835686911195445e+00
1.153740282476406254e+00
1.152566577563477912e+00
1.168935401107568550e+00
1.198400393308522327e+00
1.234380397456727563e+00
1.214166575815029958e+00
1.207665151198876741e+00
1.205622245877370657e+00
1.236850410323427907e+00
1.219298114844358016e+00
1.231217020464155709e+00
1.247537578410020442e+00
1.269715346374867826e+00
1.278687839476947863e+00
1.232148808188555211e+00
1.239813935234920006e+00
1.195807003009003555e+00
1.246069382338021780e+00
1.276224351451265004e+00
1.279526856339385121e+00
1.211826193794154793e+00
1.241093081929953046e+00
1.238695651397138331e+00
1.239045117789533412e+00
1.183470116343981138e+00
1.205010793569465832e+00
1.209202605320904400e+00
1.214260216131972658e+00
1.227173454125239926e+00
1.206229297176492521e+00
1.177000771207635799e+00
1.172934026928738716e+00
1.165564969263937600e+00
1.133686283248244830e+00
1.140513554654688733e+00
1.145632823949950252e+00
1.143740803836063025e+00
1.186642019836201545e+00
1.175964997875902585e+00
1.180224238693577066e+00
1.181086151657628314e+00
1.162963286633900140e+00
1.177241448983972427e+00
1.177533249515428038e+00
1.162964579448608315e+00
1.177068113778293457e+00
1.173133062395283144e+00
1.180608613579382293e+00
1.200925722280972607e+00
1.208859712366054051e+00
1.196548261596635188e+00
1.198589772291352107e+00
1.176783290199943988e+00
1.189635523537411421e+00
1.201686776845855897e+00
1.201228416943316279e+00
1.210037674941366159e+00
1.210437467476224604e+00
1.201550985012161510e+00
1.194272928902382347e+00
1.177436263959326324e+00
1.177818184822083447e+00
1.181008014887130475e+00
1.191425249186089497e+00
1.197743038623643619e+00
1.197018979359439461e+00
1.208017778636976791e+00
1.202146443373060647e+00
1.186853140641048299e+00
1.208309493728183304e+00
1.215353843109764576e+00
1.225542822948314292e+00
1.238527394369390411e+00
1.234917056165907079e+00
1.248560949745073145e+00
1.207235179590372409e+00
1.184304020696374860e+00
1.163910042774807252e+00
1.147318515921757598e+00
1.150962221697063192e+00
1.173694071796481442e+00
1.173990993371784031e+00
1.197651466388634178e+00
1.192145768575138431e+00
1.176198486144733213e+00
1.178973124166480702e+00
1.140957021201140398e+00
1.146724078582715967e+00
1.171109915184164407e+00
1.154996379967505593e+00
1.167973230091079229e+00
1.147408007990361689e+00
1.136835234863732946e+00
1.126614544879144475e+00
1.123137985422850260e+00
1.118818472863112756e+00
1.127442913919834977e+00
1.145115691362764698e+00
1.159343842728313589e+00
1.159468171815995152e+00
1.185833875279547645e+00
1.167886743503469660e+00
1.180306411252987520e+00
1.171257266149148490e+00
1.159449132898956680e+00
1.142623153580134554e+00
1.120172158470823076e+00
1.129218222227413415e+00
1.161402474731832557e+00
1.164118378773641771e+00
1.155897468252133908e+00
1.136649157209119965e+00
1.126006831521372042e+00
1.115138349772434756e+00
1.129245854376871971e+00
1.123642278859036781e+00
1.110113407066803282e+00
1.117840474182688171e+00
1.126493237185294705e+00
1.106448242366249612e+00
1.107460147539696793e+00
1.130562240796039841e+00
1.149750059377045774e+00
1.147436116179554322e+00
1.136702359047438993e+00
1.123631621978910422e+00
1.125416223959487594e+00
1.158463903006416329e+00
1.134262131366810200e+00
1.140527208503994583e+00
1.138470731205920350e+00
1.130767296707201996e+00
1.106126119013568943e+00
1.102904042330713930e+00
1.111658462701999417e+00
1.120268876057732621e+00
1.116576324760548466e+00
1.066508839070253734e+00
1.039841103841145920e+00
1.114753076885962590e+00
1.109645527958352806e+00
1.122016778071033061e+00
1.120097929367327660e+00
1.137294818934448504e+00
1.133458415654479579e+00
1.142506710383492274e+00
1.156101269647824337e+00
1.160546145749174141e+00
1.158445351057818984e+00
1.157394206700284478e+00
1.156639988628846538e+00
1.156265455466734648e+00
1.156733855359077578e+00
1.156182706531422744e+00
1.155119203868480771e+00
1.157104289682242104e+00
1.158334797618887579e+00
1.159371555021043054e+00
1.162154435548135245e+00
1.163437324813266560e+00
1.166594845722621177e+00
1.168748615199845187e+00
1.171013499975904537e+00
1.173759813276068265e+00
1.175015454640279122e+00
1.178129656474320885e+00
1.186665073526802727e+00
1.191023421975209606e+00
1.176627563022105694e+00
1.172777160823142761e+00
1.176438949045264248e+00
1.175041299372738157e+00
1.164953912944048930e+00
1.169228727812330115e+00
1.167282729858031276e+00
1.178374075104649865e+00
1.182894703610403608e+00
1.184631553495742562e+00
1.182121852072791190e+00
1.177545669472103151e+00
1.182047734350549550e+00
1.180858557124662145e+00
1.188152470408769146e+00
1.187373404205302796e+00
1.190952782064955029e+00
1.191159941294773095e+00
1.192995479899726430e+00
1.197145273616738503e+00
1.195510641101508176e+00
1.196943280265805321e+00
1.193828282235401161e+00
1.195058908715556312e+00
1.191637418352940347e+00
1.191154819454590896e+00
1.192010336197451670e+00
1.186789566759967718e+00
1.182103792185145164e+00
1.177736232271970662e+00
1.163822252305681815e+00
1.163117364481755844e+00
1.162176616923638273e+00
1.159493441879650533e+00
1.156775796004072099e+00
1.155570443010281556e+00
1.153653235268339072e+00
1.153698404753661588e+00
1.152304126408313589e+00
1.149652920743128526e+00
1.149245897947598571e+00
1.145634927444290740e+00
1.142855399543489581e+00
1.139285268891073732e+00
1.135520367237376593e+00
1.134539994420307174e+00
1.132791809303809183e+00
1.131819983280569319e+00
1.129663943848326246e+00
1.129476604891410219e+00
1.129411363819415426e+00
1.125442153935069634e+00
1.122054810041971162e+00
1.118381259707343034e+00
1.116371621627499477e+00
1.113179502445765356e+00
1.113934489823775742e+00
1.110529264073095268e+00
1.108391280056420403e+00
1.107289475064362483e+00
1.108543256195597460e+00
1.106808445595016233e+00
1.104872721488626031e+00
1.103481689343045469e+00
1.101332838607393949e+00
1.101096093245524266e+00
1.103347515721065486e+00
1.098616881125059397e+00
1.095993660755348653e+00
1.087829482392203451e+00
1.086608844888010239e+00
1.083032245640493274e+00
1.079494683934698163e+00
1.072704373742668471e+00
1.063684521316197618e+00
1.056362919627957142e+00
1.050077268716103962e+00
1.044695013104206538e+00
1.039474552051650624e+00
1.036653702682252876e+00
1.037618859400653681e+00
1.043548038664960043e+00
1.045437702661399015e+00
1.079432798790368908e+00
1.079718794519752167e+00
1.076882571693900559e+00
1.075373999611910492e+00
1.074533549678730049e+00
1.071163815961228893e+00
1.071033113044107976e+00
1.071958832917139892e+00
1.078884128801521403e+00
1.087191879089596025e+00
1.099120981295873545e+00
1.099563203643195930e+00
1.106493624506081908e+00
1.116062294779806896e+00
1.112730693721144304e+00
1.107485986531848710e+00
1.104165298811000007e+00
1.100755016444687318e+00
1.096025918139434951e+00
1.092405541274885428e+00
1.090824022877315391e+00
1.088728694645547002e+00
1.088575078278686492e+00
1.086390435511028540e+00
1.088682857193946418e+00
1.089170352647630402e+00
1.087419280345668815e+00
1.086047812977728011e+00
1.089813829679134205e+00
1.093593326229524987e+00
1.101185292444307740e+00
1.105793006555564340e+00
1.105323960429551722e+00
1.107072162648981228e+00
1.110387611264182617e+00
1.115973864148606109e+00
1.122302697388092296e+00
1.123875786595449622e+00
1.128424738235779046e+00
1.127588389716653650e+00
1.123819420194654750e+00
1.120371633363198560e+00
1.120616398809733516e+00
1.122747008488325315e+00
1.121005223336922985e+00
1.121352348577964841e+00
1.123818034885366579e+00
1.124523296805004957e+00
1.126502837409042446e+00
1.126732468243234919e+00
1.124255522730245538e+00
1.123488351520602890e+00
1.124409082898458534e+00
1.127160685628090020e+00
1.127283830210369819e+00
1.124340691781011703e+00
1.126369780486693672e+00
1.128036606619918558e+00
1.128392932081631050e+00
1.128643997526646903e+00
1.126029947181154789e+00
1.121476309515522019e+00
1.118080601172634303e+00
1.116385899932915260e+00
1.120045389020451587e+00
1.146971913207836424e+00
1.171341945450943722e+00
1.168637652071573552e+00
1.169382154492057069e+00
1.169620983736410214e+00
1.175623242312958894e+00
1.179750207615039681e+00
1.189613565028012854e+00
1.210069275388783838e+00
1.213665118556702227e+00
1.214075445356319172e+00
1.215836976413959825e+00
1.209794736904926005e+00
1.210878174817451081e+00
1.211063870725705982e+00
1.217703693523616959e+00
1.214494772177736159e+00
1.215089466564801768e+00
1.214354599539624768e+00
1.211859667062660462e+00
1.210596390091875918e+00
1.206580209978949991e+00
1.195162606735937993e+00
1.191077941020653341e+00
1.187416298329102116e+00
1.183396822245329272e+00
1.181215428973095172e+00
1.180995223605515010e+00
1.186449165621830337e+00
1.186529532668203712e+00
1.187624406903920571e+00
1.188222993495408497e+00
1.187061235885097155e+00
1.192187881763277169e+00
1.196623440290591089e+00
1.196292657489392841e+00
1.190065235805622512e+00
1.190416234885747437e+00
1.182374328754078663e+00
1.167320308764382419e+00
1.160938635873673075e+00
1.157420757774732634e+00
1.152526352506545448e+00
1.152474263045207836e+00
1.173289926465949984e+00
1.096014589022263230e+00
1.096469310389914131e+00
1.043844243924859638e+00
1.034910230780799134e+00
1.036668518392850347e+00
1.023959513037339120e+00
1.026480020625924139e+00
1.027262380886080129e+00
1.037439104745677243e+00
1.043146730374468811e+00
1.053603117130886835e+00
1.060349879950429619e+00
1.043663526173278511e+00
1.039980901638081434e+00
1.029367466374701001e+00
1.055753529068166552e+00
1.068074372576425013e+00
1.080932228135877748e+00
1.087128633668022593e+00
1.081237324819859458e+00
1.048371054925201440e+00
1.031140348054308875e+00
1.028767010028049933e+00
1.041439018836246788e+00
1.031780111629682306e+00
1.024075661272157101e+00
1.025391521316986188e+00
1.021093047555883260e+00
1.021114911298535821e+00
1.019592553848009953e+00
1.017585151555184142e+00
1.017626699020001135e+00
1.018291863200813330e+00
1.025745028194438913e+00
1.020594268535970350e+00
1.024572717969492341e+00
1.033481640171682425e+00
1.018880957385858377e+00
1.013537897627797113e+00
1.008174078603665036e+00
1.002570077239483437e+00
1.007257491068120236e+00
1.002871725348212451e+00
1.006087232676191823e+00
9.959116745735603349e-01
9.935702754854790486e-01
9.894389120541476901e-01
9.754454434451841349e-01
9.751107414077505586e-01
9.945107494478900856e-01
9.930632815562101534e-01
9.977916185197497345e-01
9.994926939441056701e-01
9.839750440510964813e-01
9.904254214621318608e-01
9.947102930706827051e-01
9.985010120289901092e-01
1.015987478183897563e+00
1.018746951203325368e+00
1.019325830731775406e+00
1.019489554341155291e+00
1.016842151324004240e+00
1.009904725144576521e+00
9.969160610309178994e-01
9.871266087811596535e-01
1.028214675706523584e+00
1.029485358060101108e+00
1.046159199579178578e+00
1.072574939214959056e+00
1.080578892905124766e+00
1.074410023390159230e+00
1.057391292105387626e+00
1.055293136215233574e+00
1.023614867336357426e+00
1.020229316965648669e+00
1.036539841618252522e+00
1.032290756011100097e+00
1.033434850843288233e+00
1.030355740887971105e+00
1.019473380918557881e+00
1.009678629894196433e+00
1.024918765465744119e+00
9.912671626022638849e-01
1.003479694883925299e+00
9.823546153792566127e-01
1.021935935716748567e+00
1.018452625345320106e+00
1.014537572305765023e+00
1.024001837789282110e+00
1.022626942623458213e+00
1.006702744834358176e+00
1.017472402213221772e+00
1.014030784105824257e+00
1.030491682957013211e+00
1.025437428807373763e+00
1.019280323094400753e+00
1.022014833050498783e+00
1.030894651597148659e+00
1.021994117952160996e+00
9.941446667505243751e-01
1.016213231906875292e+00
1.024585741030719532e+00
1.041744725031315433e+00
1.044439697146595680e+00
1.062695601190487116e+00
1.066133211634658906e+00
1.068904178778049774e+00
1.051143359424144830e+00
1.045672082831981875e+00
1.042009461387280345e+00
1.037422585812923570e+00
1.020622878372858366e+00
1.019530600354968009e+00
1.041778132856451045e+00
1.044178107726130511e+00
1.055089725146957758e+00
1.053676630242281087e+00
1.061644271487378832e+00
1.068866177662443961e+00
1.106185982811946023e+00
1.108339608224200301e+00
1.118674142114182590e+00
1.098481714643440910e+00
1.120816241605185670e+00
1.104094272256273879e+00
1.110775108932718691e+00
1.103920056117092541e+00
1.108109752159947226e+00
1.111803875002533415e+00
1.105839891782662399e+00
1.096539374683380696e+00
1.091704791407763331e+00
1.094149396569153998e+00
1.082577178956739106e+00
1.090398176034936384e+00
1.086062002402190085e+00
1.081173376767864402e+00
1.067527377793262122e+00
1.017638287003113318e+00
1.020091004202811735e+00
1.025678829963843741e+00
1.028293503148800303e+00
1.042353755167931828e+00
1.037096355676632387e+00
1.046051166989682590e+00
1.040367181405205121e+00
1.054477169772967127e+00
1.057727372864430526e+00
1.043851014329417515e+00
1.047916471372210667e+00
1.041249661318717878e+00
9.889324316287014804e-01
9.849821974047715534e-01
9.912077446562539418e-01
9.950999780789538951e-01
9.940098915673382107e-01
9.822302334216922448e-01
9.765415471748881693e-01
9.798607582738694255e-01
9.870410662790890521e-01
9.896756379757256639e-01
9.948024965813225817e-01
1.001657967336561095e+00
9.579881586182938946e-01
9.629757256030186952e-01
9.694626472796392669e-01
9.704975227805692217e-01
9.751196983413912278e-01
9.565749447319228382e-01
9.496556557228728046e-01
9.653020040849460415e-01
9.841344510790374089e-01
9.715884194825373799e-01
9.783003499925028157e-01
9.595610275643180476e-01
9.585100639639437814e-01
9.673821770033075307e-01
9.690799763266081390e-01
9.720107120322760696e-01
9.672984726322564342e-01
9.825172213386773601e-01
9.813026207065435047e-01
1.003251395416432601e+00
1.027122896402549390e+00
1.047089448242793486e+00
1.067537384091636676e+00
1.070457147286570487e+00
1.034106638346607321e+00
1.039598109089950873e+00
1.061646921085518391e+00
1.049980713784493425e+00
1.022784837119411039e+00
1.020963616691706433e+00
1.021770707545583523e+00
1.021776911141599520e+00
1.056441459613223666e+00
1.058362273928659114e+00
1.059853505078660163e+00
1.066580816644516982e+00
1.090886016071757059e+00
1.104026074297645321e+00
1.124525493294684875e+00
1.121608564348307358e+00
1.111244675451826591e+00
1.096206363348167345e+00
1.074130887343069052e+00
1.085601889046907687e+00
1.085485270240856392e+00
1.078877205133782491e+00
1.084566014883394880e+00
1.076497684120942600e+00
1.038750258369365520e+00
1.031219088175224119e+00
1.015532811976829208e+00
9.973165823024269239e-01
9.975646137811973180e-01
9.934870641561880378e-01
9.977433565585147601e-01
9.970545298332479378e-01
9.958999248825302075e-01
9.884131345553407444e-01
9.771283846852015786e-01
1.008064638983698247e+00
1.014227467491862544e+00
1.031151429352307414e+00
1.045527721974773394e+00
1.063821857335315313e+00
1.065199854375483035e+00
1.056281802247869495e+00
1.061988619023539249e+00
1.068840901217662731e+00
1.064306822321322343e+00
1.043759666505822858e+00
1.045586723981349886e+00
1.027273858851563304e+00
1.031362273912388661e+00
9.952164449893954323e-01
1.014068269925809451e+00
9.897079770778797192e-01
9.767792166161605172e-01
9.703881808587820901e-01
9.576854814303992214e-01
9.296031096052665976e-01
9.438561507167276821e-01
9.332346963360825809e-01
9.417992384482170021e-01
9.401695091270458882e-01
9.432666400962030906e-01
9.081029178223382070e-01
8.897719157628066755e-01
8.916062300524570938e-01
8.708143044045045800e-01
8.749625464975245848e-01
8.632829705886166938e-01
8.489806289742615197e-01
8.342161036901473148e-01
8.338643963978721318e-01
8.356936093234456076e-01
8.411890116925211380e-01
8.500141211341375458e-01
8.424631120036684129e-01
8.374992678108529320e-01
8.351977416167252199e-01
8.410205281534123278e-01
8.469852507216844018e-01
8.504060597591790449e-01
8.381695254787508986e-01
8.346793963289096396e-01
8.334099716884394438e-01
8.380512849678465326e-01
8.031747496423250476e-01
8.030286940341225810e-01
7.875388348611755962e-01
7.847219364067233860e-01
7.831141812160414828e-01
7.815579933970192572e-01
7.712100707069627914e-01
7.627620560072910783e-01
7.617800005327247659e-01
7.647845320633174238e-01
7.575270562895319859e-01
7.501925733872991664e-01
7.598433423017686428e-01
7.674003036167794667e-01
7.668820526013609973e-01
7.609976749489232306e-01
7.511229093415099367e-01
7.561082199380000368e-01
7.535884704545963153e-01
7.399226852157485546e-01
7.381178864176459742e-01
7.366653237149090039e-01
7.482390738656591322e-01
7.455087164081477535e-01
7.480005644480021143e-01
7.418915641943977235e-01
7.519877052546434237e-01
7.485229917810658495e-01
7.574829131314799735e-01
7.550501563301937891e-01
7.584889286758313975e-01
7.549983565148802311e-01
7.596336673258495820e-01
7.553333401786268553e-01
7.444074490640122388e-01
7.287185603159029856e-01
7.211654235674631597e-01
7.123123790649370513e-01
7.059357805592922919e-01
7.015774783474837406e-01
7.034523287261982283e-01
7.002480492902236620e-01
7.066372385520148791e-01
7.004228152734669477e-01
6.906730520573070020e-01
6.665759413304821468e-01
6.652945960624598865e-01
6.641177721163246117e-01
6.645984366408039801e-01
6.584006841392050502e-01
6.543585464487526870e-01
6.564467255653716471e-01
6.785931422973715543e-01
6.734538386772466190e-01
6.816512174197465468e-01
6.921452258626021870e-01
6.933620251681537061e-01
7.027911097689748532e-01
7.001925273060586319e-01
7.119542625196575436e-01
7.417833198886212287e-01
7.506520067995178236e-01
7.527192128335231658e-01
7.606592897365830330e-01
7.692984926210962859e-01
7.654557222152993390e-01
7.689734023438926647e-01
7.754836677708886183e-01
7.827496030991717424e-01
7.797655258049637217e-01
7.720150830362279004e-01
7.740945121443714161e-01
7.755244417814770586e-01
7.777116222860676054e-01
7.815749541488996588e-01
7.717224178707164928e-01
7.747707071313200133e-01
7.686062338464382249e-01
7.729384973693378402e-01
7.738568489765502711e-01
7.739201005631133334e-01
7.555100209791726362e-01
7.569051113178330015e-01
7.607435064929227719e-01
7.557700564040950031e-01
7.561459449645692166e-01
7.557605244591679705e-01
7.489577607560463646e-01
7.235442052379067457e-01
7.161435652153467224e-01
7.157963330688165149e-01
7.191520709810058642e-01
7.304339967712232262e-01
7.366848215302481684e-01
7.468599419028086883e-01
7.502426317549816259e-01
7.468643802459099534e-01
7.461591800325423351e-01
7.533938720762359820e-01
7.468531608174098224e-01
7.568949445042619795e-01
7.429196196929127582e-01
7.476200026605955840e-01
7.487360805006419984e-01
7.467293928803390157e-01
7.543616635528217484e-01
7.561754275923689983e-01
7.373536245552266832e-01
7.388319175221549351e-01
7.420772083853021117e-01
7.480235653484728076e-01
7.511631453533288427e-01
7.475512383662453741e-01
7.526227848312087021e-01
7.675298268650955213e-01
7.590054528644295528e-01
7.553074063925656612e-01
7.478965615236876641e-01
7.393471300965548387e-01
7.438967299423606683e-01
7.332549171309853397e-01
7.260657413843453201e-01
7.252337879951658017e-01
7.102634403790398787e-01
7.120570318707218904e-01
7.157278396154492794e-01
7.070798404394774694e-01
7.167376657508488513e-01
6.924026612534356362e-01
6.886112325978890336e-01
6.812541429014995487e-01
6.749747054873759255e-01
6.784606717143336629e-01
6.843023402025703028e-01
6.912382990533696425e-01
6.923625518643834464e-01
6.925666979055686845e-01
6.813055760630707391e-01
6.827233781915473809e-01
7.041104781068288077e-01
6.941628455261934505e-01
6.602117868551268254e-01
6.619547864924321123e-01
6.430716950276234023e-01
6.400917689599205929e-01
6.172063559963049117e-01
6.035249922297478697e-01
6.013392473453418319e-01
6.042502065778712073e-01
6.042346255038972824e-01
5.929744768666025401e-01
5.975918758931167973e-01
5.883835369455050479e-01
5.769931163681214503e-01
5.787108938906347921e-01
5.961798085693452709e-01
5.930314876669784407e-01
6.034453039803492347e-01
6.064421290264557785e-01
6.067879795802166853e-01
6.112992171165820832e-01
6.048244337431862849e-01
5.995048919972705281e-01
6.033964970027839714e-01
6.063045374172058022e-01
6.050401570539146734e-01
6.001548026223019194e-01
5.999383310261549029e-01
5.994355386065116642e-01
5.842580893745509263e-01
5.605198617582680676e-01
5.639289419366382283e-01
5.642509740018163411e-01
5.612207457568093583e-01
5.572512995384691914e-01
5.535688505663519665e-01
5.514246491604084532e-01
5.501535377063025978e-01
5.543808251842217150e-01
5.543977966643836020e-01
5.513821560074709804e-01
5.545261606988670655e-01
5.469518241802917569e-01
5.599595468895987027e-01
5.599905362600288150e-01
5.564450347143520270e-01
5.554740783643493662e-01
5.532037363619971559e-01
5.549520411439895495e-01
5.560299745232814006e-01
5.571487708530946659e-01
5.616120654374168186e-01
5.661901120956688294e-01
5.696165370083023927e-01
5.729845465989760189e-01
5.724818294113033224e-01
5.684989794120647311e-01
5.678840625590125812e-01
5.748241849006481274e-01
5.827306910532350503e-01
5.840563482737177736e-01
5.816971653843868717e-01
5.845126181511706154e-01
5.854485422556393592e-01
5.831214116315512896e-01
5.862563018850097674e-01
5.817679771824914026e-01
5.842716088296645571e-01
5.828734783635759475e-01
5.838277802428030183e-01
5.755480049105629048e-01
5.776989876629273768e-01
5.806075971469840669e-01
5.807492745632281128e-01
5.810131970035229410e-01
5.761966680235846017e-01
5.898324286729149657e-01
5.942059503427358225e-01
6.056961426383239422e-01
6.014068000039013429e-01
6.340396120618083664e-01
6.395921922848248897e-01
6.275222479127947617e-01
6.332671199835344655e-01
6.415340663985483749e-01
6.340213090562714093e-01
6.298005587237788250e-01
6.366686368338613233e-01
6.271081497525966553e-01
6.268516821131600025e-01
6.166092832754475062e-01
6.148275285173480098e-01
6.154904565483990675e-01
6.238716040001290875e-01
6.227844368073405246e-01
6.269701798797718828e-01
6.228755254865167013e-01
6.206704310057041818e-01
6.335705662003753291e-01
6.279615211549663956e-01
6.244606472388465335e-01
6.306455664292426322e-01
6.419559859572809835e-01
6.474575763015827379e-01
6.563296636755584501e-01
6.627596329402039022e-01
6.633553707138858391e-01
6.502683080081279599e-01
6.505454111244951543e-01
6.634819625277905697e-01
6.635118621707118969e-01
6.457850827719259224e-01
6.371061728369376009e-01
6.296900759605076336e-01
6.314435692274925627e-01
6.344937338178273656e-01
6.369180130335626577e-01
6.363125772791465851e-01
6.381730461191204018e-01
6.411488292508041864e-01
6.435663762390242404e-01
6.458266737043968364e-01
6.586464504618292359e-01
6.594771617950340170e-01
6.556361303126440054e-01
6.593438149308280538e-01
6.479611583719162571e-01
6.495511097235108222e-01
6.480564448013554912e-01
6.484503669651209279e-01
6.517724866681049445e-01
6.530561768433577052e-01
6.580883017726675277e-01
6.541831880438278013e-01
6.492770472419241434e-01
6.470360282901119753e-01
6.459748037159188661e-01
6.452945451609148897e-01
6.506073049561641453e-01
6.546754048420176941e-01
6.591568339580501368e-01
6.529187746963641681e-01
6.621446873469124528e-01
6.625155116922428755e-01
6.572233129890658887e-01
6.370630841706306224e-01
6.401393167160570608e-01
6.480992674699599387e-01
6.512749239206460095e-01
6.498914686412917696e-01
6.537324147959183707e-01
6.567991452768785487e-01
6.654180479498922329e-01
6.660343802372009625e-01
6.650364583514223327e-01
6.572986731423260398e-01
6.494201543095448059e-01
6.539976097559634383e-01
6.544124028950034644e-01
6.522930962030408786e-01
6.874788238166172905e-01
6.867801567398015283e-01
6.865261838376011116e-01
6.882594312711962647e-01
6.882499193706181906e-01
6.887480216558017343e-01
6.678933129825218584e-01
6.626353839570944260e-01
6.556934838649507435e-01
6.563488496765538249e-01
6.508953871299874017e-01
6.460892082267640779e-01
6.416265277167406689e-01
6.436972182626898853e-01
6.449992741658316930e-01
6.362779868983001741e-01
6.281005194281489290e-01
6.117650582857433461e-01
6.147082504134289138e-01
6.169042283401611204e-01
6.127946750313469915e-01
6.069757978113472507e-01
6.067697892433964180e-01
6.102707857648238532e-01
6.216704066724557665e-01
6.239107362013289748e-01
6.194011828333140235e-01
6.129701305463470806e-01
5.955592213883997843e-01
6.046194091219805333e-01
6.106895427704682744e-01
6.306058176037135921e-01
6.320440459637338693e-01
6.211718042203714374e-01
6.243408823680702824e-01
6.217182048519384052e-01
6.126677437545653415e-01
5.990384787177918113e-01
5.805149140431291599e-01
5.723216357138986021e-01
5.708625559252289428e-01
5.767435179909287113e-01
5.746614923703117217e-01
5.752920555907889977e-01
5.606838547981237708e-01
5.608414998010291530e-01
5.627108223870000980e-01
5.623667126141315142e-01
5.454244731720270245e-01
5.421435360738955378e-01
5.483996548654521686e-01
5.388715818712606076e-01
5.378734694426052787e-01
5.331761854880971985e-01
5.262805989006098528e-01
5.268842656346346409e-01
5.354850518842222407e-01
5.479348740361209558e-01
5.453883599424729223e-01
5.481468871157586520e-01
5.415814803208405248e-01
5.393461711774981682e-01
5.360563348240118264e-01
5.269456437596795606e-01
5.265852655118057335e-01
5.339254137098676800e-01
5.297561178339222909e-01
5.318008937191102126e-01
5.308497726941027173e-01
5.197194363731473254e-01
5.240246229634901720e-01
5.386557602724558746e-01
5.427425465766635426e-01
5.370332809318667522e-01
5.440011390583711082e-01
5.402272397182736885e-01
5.403544978293433054e-01
5.249399700097716615e-01
5.317408859779380048e-01
5.348444216117091976e-01
5.327997968873917634e-01
5.298706820979995902e-01
5.285301024039706919e-01
5.297441685285343427e-01
5.372727780167620981e-01
5.397604658327027627e-01
5.276668437587376248e-01
5.003978687593302332e-01
5.083720941195268850e-01
4.926649911619057631e-01
4.900463287643726518e-01
5.196960715479002069e-01
5.187056961593744520e-01
5.138821724023804327e-01
5.074683294180587501e-01
5.088895226794714066e-01
5.111429831602452012e-01
5.119804941150083444e-01
5.095581036697767185e-01
5.181058297319655059e-01
5.223335023697435187e-01
5.380956104907114179e-01
5.450295596467833459e-01
5.256129296308091892e-01
5.261411726371150177e-01
5.294382189771759117e-01
5.576275781418983390e-01
5.659553012319322729e-01
5.754100693587756998e-01
6.190565447960353351e-01
5.971355421240150951e-01
5.816014819415741277e-01
5.975580056283319452e-01
6.311855947955075097e-01
5.656335584324055921e-01
5.672940930939304183e-01
6.132947858688641007e-01
5.908420616769733957e-01
5.610369414274887223e-01
5.460583312689706315e-01
6.029360220659893965e-01
6.007854921891843114e-01
5.894549606299543942e-01
6.215169937340530026e-01
5.958596750467400893e-01
6.458183041769820498e-01
6.721757744549013980e-01
6.254153743136900978e-01
6.054106065824621519e-01
6.209290531641163957e-01
6.343405892976773375e-01
6.589548167706400505e-01
6.344620686895545703e-01
6.350011178685633917e-01
6.859017200409305293e-01
7.114088584818824001e-01
6.991222185445961079e-01
6.986664962895992037e-01
6.920037764458976115e-01
6.914624294383791003e-01
6.959099689487332485e-01
6.927627255261965544e-01
6.783438646542587769e-01
6.833731934809306185e-01
6.844489674765040776e-01
6.910809393015980850e-01
6.856350460844710115e-01
6.846453151034818108e-01
6.873069825724978932e-01
6.811640049685828702e-01
6.881744562233336193e-01
6.618747051638624868e-01
6.591427968864372877e-01
6.695228473532459645e-01
6.699019262915902884e-01
6.654337727158577964e-01
6.620117509874763329e-01
6.533883943946192652e-01
6.521242521699227579e-01
6.441920109538357142e-01
6.396076871589461144e-01
6.391809113784566732e-01
6.297308761162832003e-01
6.297647602416082124e-01
6.161151714604307106e-01
6.173880314788228185e-01
6.090363422994038434e-01
6.034149926743254122e-01
6.023916661216085489e-01
5.961682554178708848e-01
5.822907578827327679e-01
5.960335954626255761e-01
5.928939644140726051e-01
5.917557874003078755e-01
5.965949066246679644e-01
5.926947912103854854e-01
5.893815987935059342e-01
5.819402570986486056e-01
5.995316529518907034e-01
5.980782752724133067e-01
5.972341564410577064e-01
5.892327354526452066e-01
5.788687381136801147e-01
5.750828392126744459e-01
5.972960931208179947e-01
6.034966890695504516e-01
5.997463400008788970e-01
6.067787517213241166e-01
6.001398901703577371e-01
5.912115957439212366e-01
5.750211074917230825e-01
5.728069686068851807e-01
5.691007858859459256e-01
5.636475796464767152e-01
5.635927730981670214e-01
5.660830155569134270e-01
5.648782288038332045e-01
5.525588879664605768e-01
5.656636641652074138e-01
5.682671932715724905e-01
5.592974817438940427e-01
5.545674838605427759e-01
5.514415386121029883e-01
5.531557582991980526e-01
5.561033789299690833e-01
5.561089074824258072e-01
5.552881081905219895e-01
5.475986838250310740e-01
5.442688963093235133e-01
5.462155133266417550e-01
5.473428773009814119e-01
