0.1249756364
0.1256767341
0.1254292263
0.1247071697
0.1250276236
0.1252747396
0.1251937395
0.1242139985
0.1225226034
0.1221833498
0.1236590475
0.1235729977
0.1239723631
0.1236489991
0.1242144037
0.1239768730
0.1249110033
0.1240489541
0.1246802055
0.1262349786
0.1257287698
0.1267895073
0.1284565447
0.1280570355
0.1269296107
0.1282297754
0.1288117922
0.1272696560
0.1300824398
0.1279549464
0.1290055178
0.1283619603
0.1293546252
0.1298821070
0.1289582548
0.1274356148
0.1253798111
0.1245659338
0.1230329566
0.1301154319
0.1238081019
0.1233753545
0.1390677589
0.1400513269
0.1414172195
0.1392619221
0.1292500458
0.1349833129
0.1358679343
0.1376201980
0.1365065336
0.1291862377
0.1275309360
0.1310023320
0.1314154552
0.1351931278
0.1347101337
0.1360190068
0.1302007093
0.1298787159
0.1311402891
0.1298966671
0.1286441073
0.1271057691
0.1256650942
0.1243924452
0.1239449218
0.1206308306
0.1161035688
0.1182315454
0.1165275037
0.1148920356
0.1133060732
0.1118713794
0.1096463489
0.1076734696
0.1062268454
0.1036080821
0.1008007132
0.0993717498
0.0986356661
0.0989489908
0.0984269566
0.0966731615
0.0971069444
0.0961434464
0.0968860709
0.0965054279
0.0945229876
0.0935326886
0.0915653950
0.0914373329
0.0919543340
0.0925623496
0.0947839655
0.0950496548
0.0967303279
0.0974311142
0.0993876116
0.0998646184
0.1002152304
0.0997657525
0.1009587841
0.1007638044
0.1008217727
0.1002354493
0.1010970912
0.0999331082
0.0993284943
0.0986949751
0.0977103836
0.0967863528
0.0986671575
0.1003238344
0.0983855188
0.0994111318
0.0980658666
0.0970017157
0.0951302683
0.0927518595
0.0912076284
0.0943023187
0.0897952194
0.0930269518
0.0952093498
0.0938335103
0.0949165632
0.0925861414
0.0952932634
0.0929686169
0.0944083602
0.0953373848
0.0925065710
0.0907914254
0.0891186225
0.0899403722
0.0893723058
0.0871565620
0.0826487494
0.0773349111
0.0755356716
0.0747683084
0.0767052814
0.0738695945
0.0759886838
0.0776140101
0.0790661779
0.0788554911
0.0759615627
0.0777378105
0.0768785481
0.0791682809
0.0808999517
0.0775057324
0.0767779844
0.0768336638
0.0731565540
0.0709727024
0.0693944054
0.0663667341
0.0681648467
0.0677703220
0.0711023513
0.0710303049
0.0776002769
0.0816947076
0.0811933170
0.0807770498
0.0725673420
0.0744832424
0.0689773859
0.0648796056
0.0656422788
0.0522223121
0.0639006038
0.0624666420
0.0647406912
0.0525433205
0.0489092462
0.0453131463
0.0416074566
0.0424815554
0.0378698338
0.0349515743
0.0272489188
0.0271171805
0.0195877710
0.0186567292
0.0232573526
0.0254664377
0.0256810447
0.0294168811
0.0198015939
0.0136914289
0.0166754960
0.0206616219
0.0186761543
0.0118924363
0.0136664121
0.0174254424
0.0173447119
0.0140935356
0.0180273252
0.0176719768
0.0213178839
0.0214817877
0.0220462411
0.0129794124
0.0108449240
0.0170898677
0.0139624439
0.0222671601
0.0245044446
0.0229049813
0.0256300140
0.0201506192
0.0155012216
0.0200053690
0.0143415203
0.0155060271
0.0133862004
0.0187407313
0.0204534468
0.0224000196
0.0297680001
0.0222809697
0.0257198731
0.0209649496
0.0290359563
0.0395362791
0.0452924735
0.0423467316
0.0455860890
0.0449527005
0.0141512286
0.0534278937
0.0435571297
0.0156438578
0.0431076564
0.0756771137
0.0459911156
0.0316186510
0.0162341192
0.0092451442
0.0499964581
0.0329889834
0.0391197826
0.0464598316
0.0252562881
0.0381984768
0.0251403096
0.0466873832
0.0363441184
0.0449083986
0.0388232903
0.0364943208
0.0341109161
0.0304259477
0.0306284335
0.0243380068
0.0307141017
0.0269821632
0.0265692423
0.0254440637
0.0205669462
0.0231310911
0.0187776047
0.0223017181
0.0181283957
0.0216164868
0.0170059483
0.0113195269
0.0172335682
0.0198216815
0.0204321564
0.0171041120
0.0246807009
0.0199018654
0.0177450331
0.0283967696
0.0260118430
0.0213165183
0.0211078981
0.0176343408
0.0207771945
0.0220468568
0.0206845014
0.0209566603
0.0242355004
0.0269007079
0.0273400942
0.0284432472
0.0308082952
0.0428948776
0.0409705001
0.0364224084
0.0307609710
0.0533443590
0.1069966986
0.0919394496
0.0513563932
0.0586849317
0.0131414117
0.0070082956
0.0741873480
0.1004847310
0.0380182339
0.0360542728
0.0367050290
0.0402596627
0.0382745728
0.0315228231
0.0213705282
0.0286889658
0.0256256517
0.0287734943
0.0237232221
0.0262570488
0.0182566495
0.0298461669
0.0306252111
0.0250490727
0.0287429393
0.0243643223
0.0240635401
0.0265084557
0.0254229528
0.0304980019
0.0266980054
0.0262617589
0.0273934094
0.0241943820
0.0237149151
0.0237051444
0.0241385384
0.0272245316
0.0310498532
0.0284566000
0.0312825325
0.0282147660
0.0282050650
0.0224212875
0.0283211128
0.0249339682
0.0224268707
0.0211445088
0.0226060881
0.0189129030
0.0192042393
0.0214467509
0.0166940269
0.0187471985
0.0151861144
0.0208535925
0.0201548032
0.0230276966
0.0230945124
0.0175473775
0.0177198355
0.0183937924
0.0250647694
0.0288937829
0.0260622673
0.0364761458
0.0550509534
0.0601401822
0.0167995303
0.0349165707
0.0590470061
0.0520300324
0.0302803976
0.0370347395
0.0357641291
0.0506473496
0.0465402223
0.0436604572
0.0398755991
0.0385487445
0.0399999927
0.0271796039
0.0296993921
0.0306925625
0.0311106659
0.0294867584
0.0292573600
0.0250947531
0.0237517941
0.0287618889
0.0204769820
0.0228380006
0.0212650878
0.0174356368
0.0166945427
0.0179044966
0.0135195626
0.0188147858
0.0115651304
0.0089965929
0.0136525922
0.0138519499
0.0165457894
0.0160758086
0.0220819712
0.0248659274
0.0241945127
0.0260636439
0.0277551767
0.0287984154
0.0285814185
0.0299580798
0.0309489595
0.0333447625
0.0353034308
0.0366984246
0.0436412262
0.0443959772
0.0418968615
0.0403901808
0.0378663355
0.0384648914
0.0342833779
0.0410461826
0.0435953096
0.0375181809
0.0271476371
0.0308551085
0.0499715915
0.0373296656
0.0428975615
0.0379394762
0.0629350930
0.0400746735
0.0363152502
0.0357893863
0.0410411286
0.0397001880
0.0415952329
0.0866278351
0.0568530020
0.0663198600
0.0468026060
0.0583105352
0.0231720430
0.0388317967
0.0299677807
0.0290121863
0.0229861838
0.0206140962
0.0217931610
0.0178828953
0.0181269845
0.0199951838
0.0317713300
0.0327794545
0.0301963656
0.0269802882
0.0268350311
0.0278285606
0.0288569141
0.0297385202
0.0274870734
0.0293845960
0.0273320162
0.0289429889
0.0266118203
0.0296770954
0.0297039421
0.0301704796
0.0338692260
0.0338195871
0.0301938871
0.0279640122
0.0278455998
0.0284501100
0.0281145740
0.0277133438
0.0288067489
0.0319526710
0.0406455441
0.0412697464
0.0397330406
0.0395490745
0.0444957928
0.0451315693
0.0486075997
0.0527867106
0.0547970676
0.0526300900
0.0538080514
0.0535291598
0.0502192607
0.0527083325
0.0520781042
0.0510310258
0.0499387779
0.0506120107
0.0483359733
0.0471530906
0.0474699229
0.0459083277
0.0601286659
0.0570479701
0.0494271614
0.0459849928
0.0398305375
0.0501813374
0.0474411435
0.0396637434
0.0274192304
0.0224046256
0.0266359977
0.0305427840
0.0305785113
0.0249879599
0.0287526478
0.0249841388
0.0259691436
0.0215447371
0.0193643948
0.0341500098
0.0342441309
0.0342573547
0.0340609400
0.0322916028
0.0302350589
0.0373636663
0.0369454305
0.0400859380
0.0393128615
0.0362145996
0.0387098198
0.0393467958
0.0376787087
0.0406498759
0.0361948198
0.0371980385
0.0380159507
0.0419095697
0.0387642410
0.0401940881
0.0446084947
0.0483943276
0.0457606048
0.0501821341
0.0498177852
0.0505766995
0.0484614223
0.0523344998
0.0571892922
0.0532204544
0.0535043925
0.0573324540
0.0582178587
0.0562896552
0.0558662153
0.0558166501
0.0541740178
0.0645820906
0.0604185762
0.0593851396
0.0594737178
0.0612140796
0.0609229202
0.0648631341
0.0634816124
0.0612734133
0.0521922301
0.0486639626
0.0478467235
0.0421437404
0.0557808773
0.0618992112
0.0550039286
0.0517693423
0.0524261115
0.0388616945
0.0670449632
0.0649145557
0.0376283481
0.0949013994
0.0105182891
0.0275946213
0.0271311043
0.0312782585
0.0313265089
0.0272553959
0.0266144046
0.0237663385
0.0221092435
0.0237947195
0.0229460261
0.0268471814
0.0274315022
0.0238439168
0.0262174681
0.0298232292
0.0248834211
0.0274361817
0.0285837584
0.0308434565
0.0476316222
0.0414132490
0.0493419989
0.0538866763
0.0564629629
0.0577867199
0.0501638339
0.0523009013
0.0511594865
0.0471561509
0.0433019933
0.0433044721
0.0422302971
0.0425302165
0.0417658956
0.0420729873
0.0423069609
0.0410307013
0.0406392997
0.0405680461
0.0356136934
0.0399284009
0.0338576151
0.0290422930
0.0312892721
0.0342133414
0.0324156702
0.0312324133
0.0357059793
0.0351002109
0.0425966565
0.0390776951
0.0350533256
0.0442882052
0.0527621439
0.0537157058
0.0397387463
0.0362069225
0.0519987908
0.0459726697
0.0384547143
0.0469108260
0.0492575449
0.0366608091
0.0514429654
0.0456549675
0.0423360969
0.0379558231
0.0394530229
0.0383666883
0.0342512039
0.0393154678
0.0435052174
0.0443331692
0.0475967110
0.0446443627
0.0700414807
0.0629657017
0.0315216839
0.0386778022
0.0317409418
0.1737440550
0.0357973143
0.0394847831
0.0436561967
0.0340628360
0.0341644642
0.0298611545
0.0320059349
0.0366929689
0.0257141249
0.0262643981
0.0258791923
0.0291465012
0.0261985332
0.0429998294
0.0470100981
0.0453615136
0.0463402258
0.0475024683
0.0494183316
0.0491686131
0.0446541356
0.0450482127
0.0472323290
0.0443379688
0.0426137247
0.0433076062
0.0416906865
0.0388832750
0.0355662152
0.0337351298
0.0316668852
0.0300874677
0.0300105606
0.0304261888
0.0309226465
0.0328760774
0.0372151463
0.0373355517
0.0371413794
0.0323359603
0.0394999538
0.0405928371
0.0499566179
0.0449349939
0.0469657863
0.0508881089
0.0622979825
0.0561738626
0.0494223028
0.0601485266
0.0251061127
0.0212487456
0.0247175395
0.0416122459
0.0459731963
0.0375953178
0.0494289706
0.0297256088
0.0390843332
0.0280126559
0.0337518565
0.0247809633
0.0288985481
0.0557066639
0.0498009122
0.0473607716
0.0321482640
0.0487542702
0.0440248210
0.0408656509
0.0406725213
0.0430164089
0.0414087272
0.0394851346
0.0435877471
0.0353407068
0.0337633875
0.0402528669
0.0441483807
0.0402043340
0.0487383475
0.0542399543
0.0491014293
0.0431853752
0.0437266917
0.0405156149
0.0440267564
0.0441313603
0.0393452383
0.0394321580
0.0452778179
0.0358322679
0.0375686657
0.0389198693
0.0361212735
0.0377533910
0.0397026845
0.0461848977
0.0458312943
0.0434468712
0.0428380544
0.0428768431
0.0478110719
0.0472849475
0.0462056542
0.0509691494
0.0486772215
0.0490292557
0.0372718431
0.0463022018
0.0482390464
0.0526732129
0.0494459630
0.0503825609
0.0508325607
0.0449608578
0.0436094244
0.0482390054
0.0396386644
0.0381177522
0.0393236813
0.0368919213
0.0378054956
0.0641627435
0.0481624619
0.0510302929
0.0692540786
0.0513462072
0.0462799610
0.0482822662
0.0455202452
0.0455295462
0.0575484440
0.0452035859
0.0465306557
0.0605429580
0.1070425091
0.0670848461
0.1314060983
0.1393714621
0.0732259504
0.0432721693
0.0276491799
0.0527358989
0.0464509762
0.0494117852
0.0432732203
0.0418283257
0.0454402422
0.0383266828
0.0299913892
0.0368017881
0.0380687430
0.0421119739
0.0379980106
0.0365121917
0.0421206463
0.0463105946
0.0464498808
0.0473682944
0.0452735008
0.0461515868
0.0476112210
0.0478630453
0.0484465454
0.0499771913
0.0473753340
0.0466218987
0.0406772492
0.0380924009
0.0409465223
0.0506652139
0.0559695597
0.0498293468
0.0495530831
0.0481514958
0.0495715805
0.0536083998
0.0549136578
0.0538479535
0.0548664010
0.0546922073
0.0593021545
0.0534302250
0.0565793426
0.0577805727
0.0609114284
0.0654492733
0.0643897786
0.0584179565
0.0577498923
0.0466498917
0.0556968899
0.0573609846
0.0561242079
0.0595321332
0.0539613453
0.0541743980
0.0614957816
0.0583808828
0.0623866515
0.0607699015
0.0658987110
0.0675021995
0.0708686100
0.1057423109
0.0631292192
0.0583414758
0.0486699026
0.0565129633
0.0463380725
0.0516340498
0.0443131073
0.0525478969
0.0430947949
0.0409401545
0.0405513345
0.0433248382
0.0435907520
0.0442369639
0.0437019103
0.0397255675
0.0386516267
0.0349792829
0.0348149643
0.0338416854
0.0309666730
0.0313291764
0.0305052939
0.0297774829
0.0270018501
0.0264716799
0.0251982266
0.0259128319
0.0296425584
0.0310798051
0.0335518327
0.0346502148
0.0381227037
0.0338713917
0.0331352496
0.0265666206
0.0243300009
0.0217875596
0.0214486658
0.0217226654
0.0165856915
0.0189942305
0.0175874265
0.0149435813
0.0140106288
0.0184982063
0.0172799878
0.0213890512
0.0200858054
0.0250184837
0.0291685746
0.0258306932
0.0266917863
0.0228968419
0.0165730284
0.0161753562
0.0174210890
0.0247932155
0.0243751555
0.0261740914
0.0249709220
0.0266182265
0.0288984676
0.0285604400
0.0285842199
0.0336283958
0.0461467592
0.0309012225
0.0348286608
0.0280486937
0.0213766419
0.0172576832
0.0189916906
0.0187019418
0.0123005579
0.0085135211
0.0099503114
0.0165534455
0.0131061272
0.0160858375
0.0195747137
0.0224763718
0.0214450493
0.0277162831
0.0314692799
0.0338814554
0.0362181128
0.0393470347
0.0448635539
0.0461776370
0.0465685526
0.0464648611
0.0459866130
0.0467845809
0.0473252446
0.0494457681
0.0460806374
0.0453615484
0.0484257580
0.0489350776
0.0472340783
0.0448379082
0.0389699084
0.0366404283
0.0366989260
0.0420366767
0.0432235696
0.0401366931
0.0398501207
0.0427290575
0.0476155588
0.0504002776
0.0515211803
0.0550088034
0.0591708918
0.0582421504
0.0617347550
0.0637844836
0.0711851478
0.0783540153
0.0848900840
0.0855295966
0.0788978211
0.0782612718
0.0798853398
0.0898610078
0.0926033573
0.0931575009
0.0983191757
0.0996227261
0.0922227513
0.0962776085
0.0985072448
0.0931575399
0.0924640068
0.0915792333
0.0953994838
0.0946575637
0.0927688120
0.0958735647
0.1072186216
0.0995078040
0.0866945130
0.0876194991
0.0870990472
0.0855819594
0.0960532156
0.0936380365
0.0991918192
0.0989644658
0.1000336026
0.1012234655
0.1094107054
0.1087193035
0.1048001320
0.1043654193
0.1046972002
0.1070724200
0.1110258493
0.1218208936
0.1262648773
0.1254132765
0.1376292784
0.1398091987
0.1383977393
0.1468336393
0.1539141538
0.1652216225
0.1714665961
0.1736096788
0.1739081891
0.1733727761
0.1763134189
0.1767628127
0.1751201405
0.1729965452
0.1736619021
0.1728079384
0.1706498076
0.1687745285
0.1680331841
0.1640801605
0.1632066741
0.1602265580
0.1613444268
0.1632337965
0.1606378081
0.1608639411
0.1624211077
0.1630082579
