0.0156805668
0.0149876143
0.0138718001
0.0135569008
0.0135789542
0.0139519379
0.0160615345
0.0167699054
0.0161875508
0.0170720186
0.0190084987
0.0185538088
0.0180285631
0.0156090180
0.0151018678
0.0162215270
0.0157461058
0.0159238669
0.0174581240
0.0164589826
0.0172921531
0.0162526569
0.0174074133
0.0173702068
0.0164904982
0.0162573761
0.0139942064
0.0121886098
0.0120650989
0.0099925534
0.0100685189
0.0128344594
0.0162165073
0.0195807648
0.0188121429
0.0204721560
0.0203155131
0.0168659469
0.0176231139
0.0137979745
0.0141014828
0.0132808773
0.0136054385
0.0159243074
0.0173509265
0.0204103859
0.0210791280
0.0277281937
0.0224256754
0.0205050034
0.0198416852
0.0170824004
0.0151800749
0.0191081861
0.0172002735
0.0138713388
0.0167953161
0.0176454928
0.0203227828
0.0164598365
0.0119259412
0.0150878404
0.0139486572
0.0149226036
0.0140950346
0.0172569893
0.0148703288
0.0188868619
0.0178860230
0.0145200699
0.0195951931
0.0191657378
0.0170824247
0.0198878357
0.0209267574
0.0201565419
0.0202370326
0.0210782103
0.0196531237
0.0176435209
0.0156840760
0.0131080523
0.0160077231
0.0140078662
0.0118264946
0.0112565514
0.0117606289
0.0142943198
0.0156505850
0.0157218833
0.0154964684
0.0195185559
0.0189173885
0.0182261892
0.0170629433
0.0159837378
0.0181209591
0.0156724855
0.0193290482
0.0200701775
0.0186040393
0.0175048797
0.0189109905
0.0302651057
0.0194382176
0.0228184591
0.0266779346
0.0152178877
0.0139288021
0.0083274175
0.0111479298
0.0131284955
0.0115310900
0.0122055739
0.0092293394
0.0069944557
0.0065542462
0.0078567455
0.0074076896
0.0092287994
0.0107289701
0.0098953203
0.0104491813
0.0094881399
0.0141958168
0.0102335334
0.0100968668
0.0091317901
0.0125230706
0.0146314156
0.0163953871
0.0183526060
0.0241848649
0.0237238391
0.0259044991
0.0278150731
0.0313401432
0.0319993786
0.0277642168
0.0251241175
0.0259870033
0.0257719609
0.0243137214
0.0264795536
0.0250571595
0.0249093554
0.0277129761
0.0245875093
0.0311148172
0.0307008812
0.0302108258
0.0273025103
0.0309786553
0.0342725594
0.0298583574
0.0271285278
0.0279833011
0.0264375709
0.0302230366
0.0330012105
0.0331906233
0.0337638742
0.0354914983
0.0367606663
0.0296745166
0.0295602023
0.0289096237
0.0281124158
0.0304146119
0.0326362763
0.0322495648
0.0346332893
0.0352772408
0.0389707358
0.0358782165
0.0347871214
0.0301257636
0.0276842570
0.0280188535
0.0263842947
0.0234108413
0.0245239725
0.0246853577
0.0281725218
0.0301284463
0.0295167782
0.0294970067
0.0327342955
0.0349490101
0.0337693552
0.0345841359
0.0316930289
0.0310725651
0.0312627988
0.0301490679
0.0294923600
0.0323422508
0.0348413140
0.0384958863
0.0355601065
0.0383735305
0.0387213064
0.0418564063
0.0382969014
0.0387132122
0.0386411422
0.0390036033
0.0372344957
0.0411934754
0.0398721685
0.0377461818
0.0354630097
0.0337219086
0.0363870256
0.0377658317
0.0376854359
0.0364650706
0.0373395159
0.0404530208
0.0407241796
0.0403392989
0.0395642392
0.0402863204
0.0424109172
0.0438588324
0.0451496368
0.0467969845
0.0455021421
0.0468267017
0.0473438278
0.0432218353
0.0427511448
0.0396213779
0.0391848096
0.0387826955
0.0383112652
0.0393911239
0.0407310317
0.0420455130
0.0425630401
0.0430481673
0.0425421916
0.0433598857
0.0422862834
0.0421579972
0.0429212147
0.0422984913
0.0418155058
0.0415387483
0.0412677286
0.0416021763
0.0402926071
0.0398607053
0.0391962032
0.0391894634
0.0398085619
0.0377510631
0.0400385855
0.0375892905
0.0379505068
0.0391437213
0.0399338771
0.0399252121
0.0427261194
0.0400353205
0.0398244708
0.0427706529
0.0419663107
0.0409713886
0.0410695091
0.0420234065
0.0420097195
0.0427379936
0.0445736044
0.0433349309
0.0429025345
0.0442918427
0.0439978163
0.0435619522
0.0413511113
0.0394838210
0.0378866920
0.0351952540
0.0331521715
0.0333612223
0.0309868215
0.0297336981
0.0289983889
0.0245754337
0.0242913062
0.0253185552
0.0267377513
0.0255400991
0.0263759057
0.0250782086
0.0263328245
0.0252423068
0.0263045908
0.0254818814
0.0250676877
0.0255134152
0.0258943125
0.0268197891
0.0267764392
0.0267019273
0.0268648048
0.0280228393
0.0281704690
0.0279062276
0.0298255474
0.0284730148
0.0308594006
0.0308606216
0.0325801186
0.0345259843
0.0352201064
0.0364064992
0.0346925291
0.0359191917
0.0332849245
0.0350267765
0.0334681298
0.0349421948
0.0370167889
0.0355615349
0.0375354871
0.0385661977
0.0387194948
0.0392764585
0.0415599847
0.0422830940
0.0419792698
0.0435360243
0.0414065365
0.0407008757
0.0386856967
0.0388787520
0.0380101517
0.0384860273
0.0396347326
0.0404457381
0.0402167472
0.0390243822
0.0403531590
0.0411660925
0.0354376653
0.0349059652
0.0373242585
0.0349585453
0.0319229583
0.0365881136
0.0380831073
0.0376826019
0.0318756755
0.0353087867
0.0360070531
0.0377575962
0.0427567939
0.0443622994
0.0448252349
0.0448761812
0.0449357195
0.0420702995
0.0668307852
0.0299669003
0.0540595863
0.0544294641
0.0172443888
0.0386688637
0.0354048455
0.0326261674
0.0295005728
0.0389292198
0.0289118006
0.0190465558
0.0170792172
0.0163410131
0.0128240760
0.0137235314
0.0056594777
0.0150657934
0.0167133198
0.0197556325
0.0167043928
0.0234223138
0.0193722770
0.0162853752
0.0220031879
0.0122019461
0.0122106142
0.0128049303
0.0180776198
0.0204515123
0.0220757740
0.0260902136
0.0357592186
0.0346322927
0.0317786504
0.0345306241
0.0276396303
0.0243585138
0.0257816568
0.0231665677
0.0199093135
0.0198204318
0.0179244979
0.0166471809
0.0164108989
0.0136601009
0.0108933896
0.0107421643
0.0092954364
0.0065274268
0.0087914009
0.0108584000
0.0089601428
0.0060311212
0.0068033913
0.0118298914
0.0192291544
0.0072802231
0.0122306948
0.0110785950
0.0074009644
0.0103210168
0.0064879461
0.0088467708
0.0063197034
0.0089537830
0.0113617033
0.0063049244
0.0098285329
0.0111117290
0.0129940797
0.0118144981
0.0109713854
0.0091215341
0.0153814624
0.0146229413
0.0112492663
0.0096271498
0.0088599728
0.0043395270
0.0101884063
0.0098726636
0.0078783803
0.0147113935
0.0060814148
0.0153731162
0.0100839380
0.0075103733
0.0060910177
0.0094796817
0.0049444553
0.0096361934
0.0111602097
0.0118243586
0.0123709793
0.0112044274
0.0101787989
0.0092523395
0.0106298718
0.0216295115
0.0271771276
0.0321963952
0.0350520958
0.0380073720
0.0336097229
0.0342550140
0.0366234083
0.0670420698
0.0276672402
0.0268018278
0.0278918185
0.0322972164
0.0270705723
0.0229891082
0.0179906822
0.0242590434
0.0185152039
0.0111991319
0.0109849659
0.0157738563
0.0301318362
0.0380487965
0.0338015948
0.0320249908
0.0259914224
0.0539254104
0.0562624807
0.0221525802
0.0880722582
0.0217189123
0.0871417308
0.0254365753
0.0328699606
0.0277142369
0.0241824876
0.0233868539
0.0233813629
0.0239538212
0.0162893589
0.0149758454
0.0149592142
0.0216546927
0.0200065575
0.0225123756
0.0220313575
0.0233148792
0.0238162261
0.0231955467
0.0243797614
0.0315711669
0.0267414227
0.0186163533
0.0183571952
0.0204103682
0.0186245095
0.0210647711
0.0183530736
0.0153508650
0.0146374265
0.0136496426
0.0162781830
0.0184682871
0.0132306085
0.0125141489
0.0135842866
0.0142669831
0.0143099621
0.0192730418
0.0186010408
0.0224664327
0.0277477476
0.0363274546
0.0383566171
0.0457097156
0.0465048225
0.0450636643
0.0503829071
0.0500205156
0.0498411740
0.0461380939
0.0453258621
0.0454379523
0.0418367869
0.0385712411
0.0389251802
0.0411143395
0.0386055284
0.0424319327
0.0435947265
0.0458208511
0.0499742013
0.0493830909
0.0474216035
0.0460905580
0.0513701775
0.0505697662
0.0488432271
0.0496914776
0.0499181925
0.0533215890
0.0616497753
0.0675355966
0.0666174089
0.0652083129
0.0643547954
0.0631274860
0.0659120664
0.0677801814
0.0711143490
0.0784029597
0.0647953036
0.0677641485
0.0818884718
0.0826634621
0.0850992705
0.0915213356
0.1001557874
0.0844087204
0.0880822220
0.0919971776
0.0888511960
0.0933745409
0.0888183614
0.0870154864
0.0857115989
0.0885477737
0.0910707546
0.0964557834
0.1092255819
0.1137663522
0.1245763878
0.1354387118
0.1453012575
0.1554454961
0.1617856610
0.1640539421
0.1616262576
0.1458502700
0.1574915615
0.1522978877
0.1609442408
0.1625778251
0.1622312205
0.1501924742
0.1508350166
0.1500713945
0.1487931652
0.1475444320
0.1506945049
0.1595576485
0.1641354925
0.1610657647
0.1705806617
0.1823217038
0.1808909740
0.1879849258
0.1955291986
0.2027197211
0.2032546483
0.2130818831
0.2192768327
0.2260389253
0.2356160650
0.2490432706
0.2553514252
0.2639366777
0.2703928778
0.2508200766
0.2452379222
0.2430476920
0.2367946542
0.2366178324
0.2343706382
0.2336319800
0.2368542098
0.2344348703
0.2358918009
0.2364883380
0.2381567000
0.2403442783
0.2450418322
0.2476429303
0.2478527227
0.2509021664
0.2557343134
0.2579688925
0.2616863724
0.2654168606
0.2688342937
0.2448487955
0.2377064765
0.2302504803
0.2222820009
0.2157343065
0.2149539931
0.2157794544
0.2252992997
0.2299159394
0.2317321413
0.2288740265
0.2278391752
0.2216211674
0.2209367499
0.2102331088
0.2238695211
0.2242397398
0.2198385426
0.2184345114
0.2136262921
0.2117698841
0.2031911631
0.1905991645
0.1888736583
0.1840802663
0.1905402694
0.1906755112
0.1835753269
0.1839447606
0.1772365695
0.1805407458
0.1709294305
0.1581477720
0.1536188685
0.1571686013
0.1438031672
0.1319352906
0.1345200484
0.1359885825
0.1114703293
0.1205454462
0.1472937500
0.1415631206
0.1152574183
0.1189300349
0.1084455940
0.1071437458
0.0994680718
0.1007814124
0.0916442969
0.0936418154
0.0862569976
0.0903178216
0.0934236180
0.1013717799
0.1000062673
0.1031591419
0.0919789257
0.0901371920
0.0768696426
0.0652845441
0.0618089168
0.0615412871
0.0547260364
0.0455946912
0.0411695436
0.0476533053
0.0495152524
0.0539404626
0.0556271401
0.0485556380
0.0467121168
0.0514074883
0.0556511502
0.0513986788
0.0546521046
0.0542012740
0.0564478912
0.0581776108
0.0604921825
0.0615998798
0.0577492756
0.0553108527
0.0568216515
0.0534035173
0.0539076033
0.0558542274
0.0528845214
0.0521313088
0.0521341995
0.0506633627
0.0430964428
0.0352647466
0.0301790997
0.0299545142
0.0257257071
0.0379576459
0.0432822057
0.0432478320
0.0492031180
0.0467015075
0.0411194482
0.0405549067
0.0373300332
0.0302513791
0.0346090218
0.0319175665
0.0337460279
0.0331041208
0.0304928349
0.0287986089
0.0275536252
0.0251186163
0.0207764670
0.0217797409
0.0198015652
0.0211537117
0.0216528538
0.0274070620
0.0312885982
0.0338102194
0.0387907423
0.0424163917
0.0385526673
0.0419121138
0.0427723961
0.0520694299
0.0497955337
0.0547704004
0.0512757923
0.0531386218
0.0579121226
0.0702923792
0.0767513336
0.0619167698
0.0623185954
0.0595324202
0.0645350627
0.0616163889
0.0427390847
0.0402877942
0.0436514550
0.0436315798
0.0440309956
0.0429995261
0.0386336183
0.0350277526
0.0364883360
0.0354216182
0.0386418037
0.0281721589
0.0257244126
0.0204121249
0.0237540845
0.0206020122
0.0183829222
0.0214657052
0.0244696615
0.0262758748
0.0285531525
0.0294756427
0.0316243575
0.0356523544
0.0321034617
0.0282325980
0.0265627132
0.0250061474
0.0262320871
0.0240732928
0.0189612356
0.0179446964
0.0151497952
0.0169082151
0.0152971125
0.0130160092
0.0137814672
0.0127555906
0.0051459497
0.0032989115
0.0020222979
0.0055048885
0.0088231466
0.0104735672
0.0107627213
0.0117944310
0.0106672926
0.0161950866
0.0211481580
0.0227317965
0.0264893573
0.0186832432
0.0239227430
0.0263195805
0.0228945512
0.0270094645
0.0218898691
0.0221793762
0.0138153870
0.0066636248
0.0121474874
0.0157298735
0.0164584326
0.0155874040
0.0273381392
0.0208998995
0.0170802278
0.0205988080
0.0200045644
0.0211396122
0.0321411702
0.0325194799
0.0296009313
0.0262627173
0.0125131857
0.0224845527
0.0207437221
0.0268491877
0.0296346171
0.0309249825
0.0286576310
0.0272696066
0.0192665685
0.0145849273
0.0131298268
0.0112431181
0.0179882566
0.0154655744
0.0146355472
0.0121137520
0.0321491969
0.0298616268
0.0293772913
0.0305387907
0.0219298476
0.0247988899
0.0251845168
0.0222868783
0.0222159893
0.0224214709
0.0219948931
0.0290270290
0.0367352733
0.0372810329
0.0418585714
0.0428926266
0.0484536620
0.0429024538
0.0432146310
0.0461461938
0.0484575148
0.0508193085
0.0482439785
0.0466757206
0.0463204546
0.0387627911
0.0383065791
0.0341139678
0.0339858312
0.0334792277
0.0321388650
0.0366989466
0.0445736548
0.0305288706
0.0330235573
0.0393205322
0.0453227612
0.0407843029
0.0332105018
0.0371278703
0.0399794660
0.0459071601
0.0503523211
0.0548135601
0.0534514839
0.0552263943
0.0558857253
0.0540795765
0.0536301101
0.0423525295
0.0414202641
0.0595817959
0.0422181262
0.0608097999
0.0516137634
0.0552053145
0.0555210151
0.0396598226
0.0274593160
0.0369116374
0.0397868467
0.0457702411
0.0291001005
0.0373482059
0.0468172115
0.0408785988
0.0336963796
0.0384312827
0.0406663846
0.0411399013
0.0421217729
0.0431199701
0.0408773408
0.0341951607
0.0321038657
0.0279680565
0.0283641553
0.0237937028
0.0298161698
0.0251739758
0.0278122396
0.0166278018
0.0172823051
0.0097970669
0.0080456169
0.0093128035
0.0104689126
0.0112025067
0.0115946628
0.0085348746
0.0074458916
0.0181378824
0.0194662930
0.0172152535
0.0142848247
0.0116713541
0.0113259311
0.0132169091
0.0163118880
0.0186040991
0.0181665209
0.0198417511
0.0204446624
0.0202224493
0.0214668138
0.0153436064
0.0190901574
0.0180650133
0.0184966972
0.0195814994
0.0162596358
0.0139775236
0.0119407124
0.0129656490
0.0071940319
0.0110734963
0.0224848036
0.0214681707
0.0103763310
0.0159042220
0.0154657240
0.0173502630
0.0184507833
0.0159366429
0.0200036203
0.0190609384
0.0285345564
0.0230250081
0.0221769591
0.0219295608
0.0176839155
0.0135573512
0.0250535447
0.0301224450
0.0369256177
0.0390125988
0.0385326235
0.0384441078
0.0390193889
0.0402372674
0.0430882819
0.0718147060
0.0361608138
0.0316155860
0.0320943404
0.0265942023
0.0221648811
0.0267163836
0.0253139426
0.0302611973
0.0329060816
0.0342055697
0.0414967282
0.0404541818
0.0431102061
0.0468042956
0.0500769187
0.0515181475
0.0575888473
0.0633450101
0.0531005575
0.0487798526
0.0436018337
0.0466629373
0.0416109008
0.0380173907
0.0283958807
0.0219742680
0.0075609043
0.0049210689
0.0030575818
0.0038360350
0.0058872314
0.0052864951
0.0057199239
0.0097234640
0.0148573647
0.0161385650
0.0151615139
0.0116793487
0.0208086401
0.0303884034
0.0412393080
0.0497649316
0.0723248022
0.0749962419
0.0719303787
0.0576190690
0.0706272871
0.0815869636
0.0817794866
0.0819480151
0.0831911714
0.0858814648
0.0890327303
0.0887838038
0.0851203171
0.0875724118
0.0859213862
0.0878480135
0.0920260946
0.0940261263
0.0963631046
0.0991311161
0.1038469354
0.1102855729
0.1142844620
0.1204658729
0.1137551060
0.1094530735
0.1080685201
0.1059430112
0.0976563088
0.0950761056
0.0894565097
0.0880721749
0.0951705755
0.0952114528
0.0861361631
0.0868828878
0.0877696703
0.0865267104
0.0835262848
0.0814973533
0.0813707617
0.0781009180
0.0787518296
0.0785866819
0.0802553197
0.0775042833
0.0748152786
0.0736094757
0.0828867129
0.0807389125
0.0777105193
0.0762785919
0.0772672528
0.0763682063
0.0752327301
0.0811462250
0.0821259333
0.0815327810
0.0805514866
0.0811175590
0.0822268727
0.0851651632
0.0874485965
0.0855309608
0.0802684189
0.0802271987
0.0794886030
0.0764452076
0.0737103990
0.0730881758
0.0743389346
0.0675359293
0.0708130387
0.0673190884
0.0638142167
0.0626603298
0.0568485977
0.0530244889
0.0488166061
0.0472167441
0.0477371645
0.0459465552
0.0471871813
0.0480072103
0.0464343675
0.0422926046
0.0387836823
0.0341517871
0.0310556431
0.0320941564
0.0299154251
0.0245102143
0.0246419157
0.0237292635
0.0227026958
0.0302030582
0.0253512924
0.0317708317
0.0275915242
0.0244551946
0.0268433098
0.0271905159
0.0273522988
0.0233736415
0.0257611346
0.0258196307
0.0281489293
0.0308820871
0.0371750094
0.0410393040
0.0407586098
0.0394104773
0.0384479967
0.0377061843
0.0355440109
0.0335715360
0.0315326447
0.0301849627
0.0280253387
0.0279890186
0.0284405542
0.0259383901
0.0238166037
0.0235559468
0.0173385559
0.0169053153
0.0180035538
0.0275947105
0.0337354907
0.0571481241
0.0728259769
0.1027542640
0.1075412646
0.1111069750
0.1082129509
0.0998824607
0.0981035272
0.0961920166
0.0949333126
0.0950638442
0.0952266596
0.0957226559
0.0970363106
0.1069785406
0.1004968582
0.1023814609
0.1038553203
0.1080193142
0.1068268977
0.1074970031
0.1085561213
0.1037559378
0.1043489960
0.1055287155
0.1071732087
0.1043993617
0.1024649965
0.1020204789
0.1041615854
0.1060545390
0.1071238897
0.1085285527
0.1085272439
0.1135517568
0.1128171325
0.1118424623
0.1111217829
0.1075021310
0.1069178708
0.1064289213
0.1071043833
0.1080711777
0.1083188903
0.1099337397
