1.091084121524714234e+00
1.020509824114655517e+00
1.034644890128525896e+00
1.103846881360942556e+00
1.025459886564303869e+00
9.053892722812021399e-01
8.181192507299561711e-01
8.754880389979309285e-01
1.256267859422012023e+00
1.216211138794148994e+00
1.387065453730246922e+00
1.578849280307915492e+00
2.246624426700230437e+00
2.670525555918995764e+00
3.084696082764765812e+00
3.374856652365472165e+00
3.556893113485550373e+00
3.359453298060607551e+00
3.206279731381157294e+00
3.288027131374857692e+00
3.332851850380383674e+00
3.334999706797890706e+00
3.329743998594690613e+00
3.314790757650147413e+00
3.316415168751615461e+00
3.330263494974745164e+00
3.353340335938586492e+00
3.353477284049615204e+00
3.359118040987697285e+00
3.357288944089484417e+00
3.358162041169376444e+00
3.364966092223823146e+00
3.399160180908233020e+00
3.382667248660937265e+00
3.489694141127343663e+00
3.387856475402571288e+00
3.369067019913131844e+00
3.399072007604352130e+00
3.390393842326723917e+00
3.333684383603061185e+00
3.386900670195756913e+00
3.413374044078916647e+00
3.409534140540382285e+00
3.424455435713907203e+00
3.440355727565603150e+00
3.442928521498380690e+00
3.384316786343924743e+00
3.420597611320427056e+00
3.402273698170300342e+00
3.400113341094010977e+00
3.391593693245079866e+00
3.398062701088926829e+00
3.400569031912371365e+00
3.400705933458433083e+00
3.426066139985552095e+00
3.436279262028687942e+00
3.433110584604892601e+00
3.436993954772669113e+00
3.450732081525088368e+00
3.451007886470505159e+00
3.429476697402807694e+00
3.453086056426843520e+00
3.458318296857267438e+00
3.506081650820614293e+00
3.504116267710220889e+00
3.467093337205106263e+00
3.432053724685530049e+00
3.417579153650285750e+00
3.426455282332481200e+00
3.459114612240536069e+00
3.446782470628119821e+00
3.425438302998534468e+00
3.448595598357424130e+00
3.433155627256087694e+00
3.427310281494743371e+00
3.411232182062608143e+00
3.402130445970171113e+00
3.388758114465150850e+00
3.401515448861037516e+00
3.402032350768098734e+00
3.407220991299087842e+00
3.396156339992431938e+00
3.402734000742648313e+00
3.376873356681172833e+00
3.327764727057546335e+00
3.164817596836965397e+00
3.166952975210514776e+00
3.156466171131504961e+00
3.049106581722634601e+00
3.045344908032983078e+00
3.030362620498765036e+00
3.000256069041473683e+00
2.941303996863687154e+00
3.214480060510485515e+00
3.143584688935352034e+00
3.228299433580307021e+00
3.348219186682414694e+00
3.342037782543472169e+00
3.291895782134734993e+00
3.237904790496692442e+00
3.146297051994559890e+00
3.225396760623950865e+00
3.267024521781368485e+00
3.269204162570418681e+00
3.329582428464467281e+00
3.285305282542433147e+00
3.216786285004906265e+00
3.225362246522046394e+00
3.267653892164623208e+00
3.267090279293102917e+00
3.249327082896328101e+00
3.246527817430804319e+00
3.248885433580748661e+00
3.237691676396739826e+00
3.241786420040002614e+00
3.244299653900389213e+00
3.253156519457872431e+00
3.236286923621389366e+00
3.228780581518455595e+00
3.197256663047132186e+00
3.116547498143625639e+00
3.125680802730804508e+00
3.062658223864308304e+00
3.004817471020018615e+00
2.890699760685786490e+00
2.915655007567444557e+00
2.876783594623130824e+00
2.674603346549475624e+00
2.641901285017637768e+00
2.576559607780554373e+00
2.590310218531349573e+00
2.651661536774528649e+00
2.595339743076066963e+00
2.559166557857784685e+00
2.572841670252150159e+00
2.560270796259868309e+00
2.572192578656014028e+00
2.574860356597757693e+00
2.584469624109002162e+00
2.557606883617861371e+00
2.480047783280923568e+00
2.433978252270540654e+00
2.420320963444996920e+00
2.462778131438068119e+00
2.545297826704170596e+00
2.581671200017338297e+00
2.563724972741020292e+00
2.532992111047928319e+00
2.560244186416288592e+00
2.571626806746392102e+00
2.560045546271229711e+00
2.517865578950455596e+00
2.509503325326149614e+00
2.566504140637908549e+00
2.565734112574975523e+00
2.547877535628748191e+00
2.566124203994185837e+00
2.564518267569649179e+00
2.612345749776206816e+00
2.654966285057601905e+00
2.676565981087951851e+00
2.668015277891206072e+00
2.665008072222304847e+00
2.670649331816990379e+00
2.663839570594127792e+00
2.562845118898385177e+00
2.543083961124119607e+00
2.522988218987464837e+00
2.527383496205489521e+00
2.501269902664431388e+00
2.498059616111189207e+00
2.496230719566214340e+00
2.492458902446113456e+00
2.486718696574878429e+00
2.471072716582953799e+00
2.444985120120615196e+00
2.427441934420836223e+00
2.435598982872298368e+00
2.452435797847194454e+00
2.442732361999962354e+00
2.443350664925804772e+00
2.413151949473671731e+00
2.392708152696558788e+00
2.379756908828475126e+00
2.351775733128413925e+00
2.346564215473085913e+00
2.322100862081151629e+00
2.310372626233373694e+00
2.343112392297569180e+00
2.323594686523463348e+00
2.307890081727353770e+00
2.321890485334453302e+00
2.303734228684636509e+00
2.304900440852353682e+00
2.309587385640317514e+00
2.280657090078640703e+00
2.261013886019369146e+00
2.267235301425220673e+00
2.231371556446704041e+00
2.202784214626154480e+00
2.174957584178403458e+00
2.170388644433080216e+00
2.191277456303045490e+00
2.193615800547056960e+00
2.142874357585491829e+00
2.143560505675977446e+00
2.155368918749008600e+00
2.172586414729206883e+00
2.165572588818285293e+00
2.176326344840228799e+00
2.168258599548915200e+00
2.169888464270405493e+00
2.176247702829096298e+00
2.170172193698766350e+00
2.145764912384624079e+00
2.147800228101198083e+00
2.143115425265155860e+00
2.168766741036468382e+00
2.166182338192137902e+00
2.171955890190366834e+00
2.177510880712829167e+00
2.170852709031151129e+00
2.174482540451494916e+00
2.162957882001297794e+00
2.150166417057991275e+00
2.141981805008804418e+00
2.098976294352442373e+00
2.081220959645265989e+00
2.076814108534187575e+00
2.060737144810088850e+00
2.123165398322708786e+00
2.110360844823323756e+00
2.149911981210432810e+00
2.166754575893106161e+00
2.199668173141686722e+00
2.217006584208037978e+00
2.238780554045694426e+00
2.234348715357330040e+00
2.236372266833734468e+00
2.282815262247288590e+00
2.288579913068591765e+00
2.322736450943934106e+00
2.349043983567819627e+00
2.354156191123239150e+00
2.398534732464339569e+00
2.476579010587024676e+00
2.463288883012916486e+00
2.467185443534637646e+00
2.495602841801882299e+00
2.544796138776792560e+00
2.564191470932430050e+00
2.557278689052813192e+00
2.540709130179137354e+00
2.582871690689674704e+00
2.590062910284092190e+00
2.600313080508200869e+00
2.606520805607289049e+00
2.608485612226325578e+00
2.646704800328308238e+00
2.654801572087359673e+00
2.677802253681219824e+00
2.682523439878879312e+00
2.683814774889996535e+00
2.682490003588848815e+00
2.694897660825916308e+00
2.710588515664180687e+00
2.729980429328833669e+00
2.746799650174511775e+00
2.777851663729470566e+00
2.805423678910937912e+00
2.816980412092819908e+00
2.825614638648004107e+00
2.834036729036781832e+00
2.872036156603691825e+00
2.887368459986470182e+00
2.915579564552722935e+00
2.913974276117419659e+00
2.942313134247966921e+00
2.957387469897028609e+00
2.977496292674574718e+00
2.985418048542139324e+00
3.003521502525616338e+00
3.008861314789813779e+00
3.019171892150487313e+00
3.047379591291814904e+00
3.055609091774681652e+00
3.075910107485377409e+00
3.065343272478989967e+00
3.053693047550464001e+00
3.066527788884225281e+00
3.052657829501169040e+00
3.055604063559353989e+00
3.059615276929910532e+00
3.070520424085272371e+00
3.093631688341160757e+00
3.137195568067097540e+00
3.135458021239272419e+00
3.159497667491977246e+00
3.156903182825578913e+00
3.166934826092073330e+00
3.177087552951569638e+00
3.178483726494902850e+00
3.049109480103445069e+00
3.056229688600693439e+00
3.058777924008353466e+00
3.061972935593076262e+00
3.055950874680049889e+00
3.055395057753529819e+00
3.080341932334269561e+00
3.083496755308375636e+00
3.105676457347275488e+00
3.108507576568521724e+00
3.110123182080914095e+00
3.153494062007499821e+00
3.190219356905909187e+00
3.200072396339974645e+00
3.211425269412473416e+00
3.196208900446165124e+00
3.196926846552632373e+00
3.204707062516046978e+00
3.192590883684623737e+00
3.182691579755269284e+00
3.187639738572335180e+00
3.176374382225494841e+00
3.207323149318857425e+00
3.220456986776479180e+00
3.212932633206834421e+00
3.204734414872157711e+00
3.219149775214782849e+00
3.243373825770702101e+00
3.273482435130193657e+00
3.302268336275342442e+00
3.296035491078566082e+00
3.318408459002069932e+00
3.335994122467494272e+00
3.342972514317555710e+00
3.357310984674949594e+00
3.348451732335758102e+00
3.347389108284970938e+00
3.339771217501193323e+00
3.353911805258645629e+00
3.328062564739941109e+00
3.346157366579297410e+00
3.352831344357022569e+00
3.363042035956196774e+00
3.375717882697589989e+00
3.386597509355539160e+00
3.382702621569613211e+00
3.417076096743793201e+00
3.434402900076823251e+00
3.433947067353511962e+00
3.447924407052918028e+00
3.439311763273802836e+00
3.433606036592709021e+00
3.463554423396222770e+00
3.476878243617128383e+00
3.470512701758103447e+00
3.457643510526802633e+00
3.438162138832891124e+00
3.425702754458012311e+00
3.455571852886885065e+00
3.460362300816499648e+00
3.453873231915677966e+00
3.491148611409845781e+00
3.458896368499908558e+00
3.445768770022983318e+00
3.426705901418189093e+00
3.384783059164659491e+00
3.378481752239845370e+00
3.396074781823080091e+00
3.395003598724554816e+00
3.364519557972844854e+00
3.338674990946063570e+00
3.321123221845732054e+00
3.314089036352803941e+00
3.321419569550022377e+00
3.294151344764462142e+00
3.272930298197174626e+00
3.221139309125604644e+00
3.301638260396841495e+00
3.263684810980751916e+00
3.228858912781242374e+00
3.219563741660328660e+00
3.189903438038352856e+00
3.169828098594416943e+00
3.126409472847049731e+00
3.080570481045258546e+00
3.060879599051196553e+00
3.034371971079169672e+00
3.017210746024986179e+00
2.986405083321036713e+00
2.949338508696980554e+00
2.940596879319343770e+00
2.902704672217619741e+00
2.876031777533688771e+00
2.848176711168745712e+00
2.821185765386359900e+00
2.794851957518007080e+00
2.767219921339478805e+00
2.744377296658441434e+00
2.699727132719615508e+00
2.670033572279710832e+00
2.653083669425074564e+00
2.646380020738957839e+00
2.649031187967177736e+00
2.622524437691086785e+00
2.587034938223388814e+00
2.577415434436477693e+00
2.554183935968901142e+00
2.562456694487857511e+00
2.538321895302019460e+00
2.507991180051815316e+00
2.439777833433256049e+00
2.405709575678214751e+00
2.381952797481061257e+00
2.379524588246843209e+00
2.358972414131252915e+00
2.333353353124676399e+00
2.303435407877457486e+00
2.268174783576458076e+00
2.257418789886470378e+00
2.255048429387625397e+00
2.200663394969892384e+00
2.196264846922092673e+00
2.183056295844010286e+00
2.149939273579406507e+00
2.138268995208565393e+00
2.134751852206087097e+00
2.128053463633946762e+00
2.094495900576736513e+00
2.087986979371121876e+00
2.080832554310166227e+00
2.068441138719614880e+00
2.045772958037305411e+00
2.008270611318584642e+00
1.983113914551832391e+00
1.961329582266582605e+00
1.968961608891457660e+00
1.925464264897051692e+00
1.906734537034860733e+00
1.912791546327032854e+00
1.909516589582335833e+00
1.926801004442359577e+00
1.924252764304204888e+00
1.935098428318340114e+00
1.938940873949341226e+00
1.928385111832901622e+00
1.943877070232609361e+00
1.943201457137790245e+00
1.966846407654941009e+00
1.992535939587428917e+00
2.003996083744521872e+00
1.991822891154799047e+00
1.989799022255452243e+00
1.990475392308815206e+00
1.980027933017902253e+00
2.004784034794526715e+00
1.980942597500130020e+00
1.981198239347838230e+00
1.991438819473564603e+00
1.990451501188226668e+00
2.014097670169744170e+00
2.045889673386301233e+00
2.068840456163048014e+00
2.075814372433093524e+00
2.129213452880287516e+00
2.126566288673187533e+00
2.131821861273824670e+00
2.142580473686109155e+00
2.161819576005197696e+00
2.168473129368897023e+00
2.185034848764239701e+00
2.209920046192905385e+00
2.223626554465480520e+00
2.233301003541631857e+00
2.223361575447973859e+00
2.217936135414393828e+00
2.227559146951916702e+00
2.230855322470030710e+00
2.225539695137429774e+00
2.236105324377508197e+00
2.243972363832768657e+00
2.249505854950172523e+00
2.253990826777665379e+00
2.252612825513400363e+00
2.244977888818083578e+00
2.267423774616526000e+00
2.286498642771074952e+00
2.304288011081673471e+00
2.331359162701719612e+00
2.366418685686027867e+00
2.377047384225098536e+00
2.401891173436523363e+00
2.415041465786150088e+00
2.391595685860983256e+00
2.410779071256335726e+00
2.435383737631011236e+00
2.460699970424036653e+00
2.493648048731730515e+00
2.515985376648285143e+00
2.551399371111954917e+00
2.554421576860310239e+00
2.577706612047776513e+00
2.576088661800635116e+00
2.571340923317936511e+00
2.601349751381011988e+00
2.615728527201261144e+00
2.644024276818802477e+00
2.674100178309939846e+00
2.676260989329021900e+00
2.664304829290456755e+00
2.705311906036715008e+00
2.716717246304353406e+00
2.758097573376846690e+00
2.796092276780500097e+00
2.806350128774706576e+00
2.838920107344692578e+00
2.872288686234538702e+00
2.917873627897948463e+00
2.940734826568641491e+00
2.967401797303308442e+00
3.005906595820615923e+00
3.045203568880343159e+00
3.073044112488863000e+00
3.092925895663774849e+00
3.103934333698554315e+00
3.123584852678882751e+00
3.136916577017200503e+00
3.146714317370734371e+00
3.166399646498346154e+00
3.192686542694703977e+00
3.226519321228540793e+00
3.235756490797606411e+00
3.255498261760447765e+00
3.250789207694064320e+00
3.246899468786089926e+00
3.249909717844134960e+00
3.261350915365552883e+00
3.278920142333451082e+00
3.289026213042420377e+00
3.287788426285322085e+00
3.298987585656850907e+00
3.308488532960377260e+00
3.321474051351914092e+00
3.341492130781754888e+00
3.372119447402056824e+00
3.369318653494029814e+00
3.379153930366169512e+00
3.386638690303432231e+00
3.394830977768327873e+00
3.420667381958720110e+00
3.443962582840174314e+00
3.494016110153075783e+00
3.507843804486202366e+00
3.514067917581243705e+00
3.513953042227876189e+00
3.515081289608438908e+00
3.512130168887236170e+00
3.549887874772838181e+00
3.585744774843571125e+00
3.578384743948605617e+00
3.611269310072112049e+00
3.624657819495248123e+00
3.623226460494147094e+00
3.632598042913183445e+00
3.693228681642412248e+00
3.724702608315070496e+00
3.752236068723823870e+00
3.738690020412415382e+00
3.762592193738168334e+00
3.766754862077030364e+00
3.774684238273285697e+00
3.775367246161289270e+00
3.785961334334122519e+00
3.783200188168655220e+00
3.775955093606703894e+00
3.787154404914516270e+00
3.800079606420156519e+00
3.807716854702742015e+00
3.814531845283932743e+00
3.824736826333298367e+00
3.830155581621601524e+00
3.834610733767760404e+00
3.829901353573379907e+00
3.829778837844188377e+00
3.836757437891950229e+00
3.871283251682775539e+00
3.867798383117082572e+00
3.887772413347958533e+00
3.922147579161421316e+00
3.919975523076499879e+00
3.939929158619257965e+00
3.943749880292769738e+00
3.958219636533954144e+00
3.959373671853115617e+00
3.981451444461709954e+00
3.993844695394566990e+00
4.000860277771891127e+00
3.999655637365298055e+00
4.016864366979961964e+00
4.027524796682199870e+00
4.029283844787527435e+00
4.036994789303945730e+00
4.024413964486757145e+00
4.049668728167843845e+00
4.047087161799799659e+00
4.046731771140578360e+00
4.057076914198455952e+00
4.052267355949849659e+00
4.045929830397831495e+00
4.043924876686175729e+00
4.054905531859312795e+00
4.069262356563766225e+00
4.069032601815258055e+00
4.075090481617466232e+00
4.078356716697575379e+00
4.065757157123538690e+00
4.038305811358386066e+00
4.040806737470822974e+00
4.040343413747020662e+00
4.037697261144318261e+00
4.052563098956308174e+00
4.051237756736373541e+00
4.039230876994621688e+00
4.038816524274200681e+00
4.019712458116432963e+00
4.016013467080036925e+00
4.015993554556966494e+00
4.007557389558516370e+00
3.995708234357538302e+00
3.995575162829605897e+00
3.971038280245079211e+00
3.958343823563737818e+00
3.946304759513870941e+00
3.915199771160827513e+00
3.893219949027082905e+00
3.896856436874402974e+00
3.883956074091436950e+00
3.865966248658253335e+00
3.865330070200272861e+00
3.872651834789273106e+00
3.882068006370234414e+00
3.872285261647826715e+00
3.851165748694813207e+00
3.839001306160751081e+00
3.830325066687948699e+00
3.820397096472388565e+00
3.823009991574585431e+00
3.817872626884101450e+00
3.820094069718130037e+00
3.818717835880458988e+00
3.793072194247975926e+00
3.777583896827589882e+00
3.749372212721698183e+00
3.716445448645908201e+00
3.714188125767527549e+00
3.652578188420994021e+00
3.615292203787453307e+00
3.581152387717343899e+00
3.546274689304001360e+00
3.511404412098479977e+00
3.481115230341652822e+00
3.455163611467324092e+00
3.458920335584903416e+00
3.474742233482469800e+00
3.435300393907588123e+00
3.428613472133029472e+00
3.420051796545563683e+00
3.412066335627762736e+00
3.399301859694591865e+00
3.374070083766647521e+00
3.358706461172543012e+00
3.346374995204150604e+00
3.333134399033328421e+00
3.309692178912211347e+00
3.308044055917079618e+00
3.285009594876741268e+00
3.274272982092983675e+00
3.269391524805637328e+00
3.250903950525624531e+00
3.240994275985989326e+00
3.230380764636296753e+00
3.210968110713960488e+00
3.201703566255689637e+00
3.196646936562075325e+00
3.176485668074739088e+00
3.143699402087447581e+00
3.115672434924003920e+00
3.094093889244421192e+00
3.069949464242355486e+00
3.054973086574892527e+00
3.033380331426959842e+00
3.012722279046241791e+00
2.993299041015542894e+00
2.980725396495439661e+00
2.964628587188868458e+00
2.949943681591133071e+00
2.938050438675421816e+00
2.921588866522466077e+00
2.909199535765039535e+00
2.892156219811432560e+00
2.888193460474025809e+00
2.876564324451206467e+00
2.857478777647147083e+00
2.838491154366806324e+00
2.833550764573536718e+00
2.827823550796356944e+00
2.826021528665320304e+00
2.807063730126021728e+00
2.786764052494445032e+00
2.787424060439543716e+00
2.779421887761694965e+00
2.762619703467269705e+00
2.742371248763630032e+00
2.718874032560999243e+00
2.705531132304878739e+00
2.697546317109911662e+00
2.701962027455794946e+00
2.717508244920077587e+00
2.685864836161787839e+00
2.664630056678643832e+00
2.655728478088267508e+00
2.632255204630093992e+00
2.626304288912859164e+00
2.617076318980821714e+00
2.600201232268867013e+00
2.593512586249387297e+00
2.595124713748250489e+00
2.607211381015342777e+00
2.601846490015653490e+00
2.607226482840059756e+00
2.594026303837946745e+00
2.596011828454911186e+00
2.592755701303029348e+00
2.585350526464013310e+00
2.584653189831719988e+00
2.571306921512661159e+00
2.559888765511001196e+00
2.543570126629865591e+00
2.532281455401587333e+00
2.527538536386547907e+00
2.511863092843928946e+00
2.520631388989308608e+00
2.519474311241099773e+00
2.511641706582617317e+00
2.500321660728645146e+00
2.483952493180094034e+00
2.461606823936945521e+00
2.460460714474259625e+00
2.454752253573949883e+00
2.468923509572611863e+00
2.487004839665802880e+00
2.494102608128460297e+00
2.483890913264980238e+00
2.475986564412483215e+00
2.481750077350149297e+00
2.482609421882386869e+00
2.476960528988082277e+00
2.457458708414887116e+00
2.480060257924141087e+00
2.491934869619956139e+00
2.476351405323903521e+00
2.502793290944804294e+00
2.505674859357000184e+00
2.499353804187844919e+00
2.512608109333687612e+00
2.516133512155357632e+00
2.516178743031110443e+00
2.509324365480045671e+00
2.504687875900694749e+00
2.506896079674326483e+00
2.500961648081045485e+00
2.477268694531645554e+00
2.475827250287782721e+00
2.461297994176407045e+00
2.465002716174328867e+00
2.452561836691545150e+00
2.463297848671705648e+00
2.454061407385693006e+00
2.446021157600080986e+00
2.419873560443887683e+00
2.423701060298113052e+00
2.403812978528760080e+00
2.383871742714871900e+00
2.402420632774032949e+00
2.384364598895079013e+00
2.367118957553673742e+00
2.362189475989047605e+00
2.356450031851939908e+00
2.345949707965162112e+00
2.326169313712141307e+00
2.329506081237668003e+00
2.314115270034057481e+00
2.292719569868431506e+00
2.303777641419548328e+00
2.278156000396123204e+00
2.265742281023358728e+00
2.258740801954795874e+00
2.222695229019635565e+00
2.200336449121941040e+00
2.176801259034825353e+00
2.199990931423083662e+00
2.186546485215072444e+00
2.162461161635982787e+00
2.141201405638918587e+00
2.132240069710924946e+00
2.106899955826265991e+00
2.096477300349621764e+00
2.081729619246567964e+00
2.073986860191133541e+00
2.052247374162405436e+00
2.043172969294897001e+00
2.022702709883451355e+00
2.012127353157227461e+00
1.984370167478585856e+00
1.961984616884496324e+00
1.940109618129757685e+00
1.940790000154027251e+00
1.945346662568823159e+00
1.935167856689800736e+00
1.925606076915653997e+00
1.901930732096459353e+00
1.875267849534806963e+00
1.859396887924656516e+00
1.842982267746409386e+00
1.863945629946002436e+00
1.866221380965403132e+00
1.870403175641670357e+00
1.847504871884798172e+00
1.825532679782962742e+00
1.834042925077932873e+00
1.818586475739104147e+00
1.818799583880556181e+00
1.795321406856060786e+00
1.773943555439039033e+00
1.741624190002406092e+00
1.714827826409863087e+00
1.711376952979305255e+00
1.698684674647626514e+00
1.699788859515900752e+00
1.682259569148376377e+00
1.674885640205856063e+00
1.675209188878364452e+00
1.649860177350658264e+00
1.656534092882908871e+00
1.671230923618374664e+00
1.675802962223020387e+00
1.679792641722688495e+00
1.700952354132843070e+00
1.701805117384059152e+00
1.703230815082339422e+00
1.684928762359935606e+00
1.680590532686544680e+00
1.684923619417902252e+00
1.687864784297293363e+00
1.683181178774209030e+00
1.687168584154866702e+00
1.682322484932125217e+00
1.667927562565255206e+00
1.656407151194332572e+00
1.610546945940335650e+00
1.596105474924782941e+00
1.588233353533381909e+00
1.584200307034199007e+00
1.586111478818127640e+00
1.567317919050636998e+00
1.584650422750983889e+00
1.573748001462493162e+00
1.562751921548582557e+00
1.563712786670381272e+00
1.554965072343448496e+00
1.577190715372939200e+00
1.588780571480330472e+00
1.598881798368938956e+00
1.592385814638828778e+00
1.609481266089189955e+00
1.595571425939909860e+00
1.605265848146907759e+00
1.619991012710354283e+00
1.628639996106749477e+00
1.644887050300913867e+00
1.646388059306649998e+00
1.659511433938055669e+00
1.663787783329173653e+00
1.662690764645538222e+00
1.654506912447599953e+00
1.662025519490220038e+00
1.673898131652103771e+00
1.683605617915722386e+00
1.702119858379509187e+00
1.693825242008050180e+00
1.701483617239039070e+00
1.716558437299828155e+00
1.704880286099782927e+00
1.720347858247964323e+00
1.732253747459429949e+00
1.754993328201644553e+00
1.780306660738705693e+00
1.798080866727446381e+00
1.833624459928126171e+00
1.855184378407449097e+00
1.883434117432582600e+00
1.889029918872251690e+00
1.893016305650171871e+00
1.927539281961283102e+00
1.944106686574228915e+00
1.969968320944624152e+00
2.012466378968290837e+00
2.041768677283842148e+00
2.081140097923110055e+00
2.111503585938296901e+00
2.140690550339951148e+00
2.172587255395478145e+00
2.205645763299082684e+00
2.228237673064634716e+00
2.312343559403760906e+00
2.336964590845186152e+00
2.361537768096450218e+00
2.376147697331148834e+00
2.421713771736197174e+00
2.443802920414168689e+00
2.473770505260567187e+00
2.488561459064610126e+00
2.511841842334796571e+00
2.543786723130683658e+00
2.575000784927943709e+00
2.607384523781119956e+00
2.644063571157298842e+00
2.682479636530761269e+00
2.709717559507693885e+00
2.716681525465104663e+00
2.744568601418424514e+00
2.779562279429570015e+00
2.808328743413597728e+00
2.829124479890249511e+00
2.874284376724626000e+00
2.906704339078060251e+00
2.922195973988536366e+00
2.929834962254349584e+00
2.952422302526855447e+00
2.982702796199038886e+00
3.009894028564988222e+00
3.042865759556071747e+00
3.067651419662662970e+00
3.079970567447440022e+00
3.093982796908943289e+00
3.107652381339284009e+00
3.123390401346356704e+00
3.137691254030024801e+00
3.143212906685549868e+00
3.185360559697742122e+00
3.205394445767147271e+00
3.207696079978324288e+00
3.229724351453903797e+00
3.223577370103821949e+00
3.232806926190266328e+00
3.265427103610721193e+00
3.260553726749482184e+00
3.277476170393073929e+00
3.290626545570326300e+00
3.305781622653161111e+00
3.316630588116205924e+00
3.321211173561500640e+00
3.316077696717381951e+00
3.325650323167939959e+00
3.327003282770177428e+00
3.308904151706509200e+00
3.312372891307041378e+00
3.329601748850190557e+00
3.361296430351401909e+00
3.360986713608353327e+00
3.388805651939044594e+00
3.414997578067473505e+00
3.460883890127089302e+00
3.477927777787960473e+00
3.506292588934825538e+00
3.540944004647387011e+00
3.553707948064251276e+00
3.574825525401754689e+00
3.599003982555163184e+00
3.633075149325552200e+00
3.652705808991343339e+00
3.675293170633560980e+00
3.700237107249497726e+00
3.735900417006718044e+00
3.765403856955031436e+00
3.789953784603656395e+00
3.833671585931408554e+00
3.868208903380764063e+00
3.906376384638391652e+00
3.939726784774560286e+00
3.978118328493513101e+00
4.017372792103134138e+00
4.051622368390709106e+00
4.070195406000802762e+00
4.082863654150138188e+00
4.106356629048239171e+00
4.135448054822669306e+00
4.147788111875618355e+00
4.151143978927901657e+00
4.143206104780954746e+00
4.144408805925754002e+00
4.150033986020629229e+00
4.196531042242326315e+00
4.204670576447250951e+00
4.184852026550371029e+00
4.200673348598397361e+00
4.177591770584537123e+00
4.168208503767825590e+00
4.189751371038721750e+00
4.194039902423828181e+00
4.189403261430125980e+00
4.195407016122045363e+00
4.184152596680026370e+00
4.180894378449859339e+00
4.166849459107860199e+00
4.155473423208530193e+00
4.186628639002966779e+00
4.192961398246119131e+00
4.180093411618321930e+00
4.182910213821325662e+00
4.205325556905865625e+00
4.214577663598882751e+00
4.236814273450063340e+00
4.240411982595357898e+00
4.245704231897213354e+00
4.243635423237657633e+00
4.229979650130645474e+00
4.223007823557704654e+00
4.243524084588853107e+00
4.238044587049404122e+00
4.242355654087655914e+00
4.246715066977817088e+00
4.233870461763983961e+00
4.254676213728794565e+00
4.244997540389700674e+00
4.240305404595318350e+00
4.261033780959609274e+00
4.240661708275220043e+00
4.256879112312147662e+00
4.254859880492625201e+00
4.259411295231744887e+00
4.234228722239433473e+00
4.228246420268521710e+00
4.229963580771989307e+00
4.213944769352102604e+00
4.219210092137756440e+00
4.207666004726273279e+00
4.210240699126061692e+00
4.216300500114732230e+00
4.194307450681559857e+00
4.180933217007051894e+00
4.172731064461137507e+00
4.160806939277893690e+00
4.158936105686341200e+00
4.143041949993244266e+00
4.139567692695608869e+00
4.112212191744824885e+00
4.081272264160671348e+00
4.089893950617079277e+00
4.072737821815461956e+00
4.088689746124646973e+00
4.077624683553353613e+00
4.085478461362808567e+00
4.059195180565181360e+00
4.056918853773154865e+00
4.033748787744839248e+00
4.047211075424876014e+00
4.065306141582945898e+00
4.067261201791398051e+00
4.080792845823466131e+00
4.088040517212552238e+00
4.091241603091496870e+00
4.079655404567770205e+00
4.069200327930172278e+00
4.081649284420911350e+00
4.091121781447090378e+00
4.113009938243845198e+00
4.098201744891331266e+00
4.109933022199228070e+00
4.102142893531723011e+00
4.125837827564941662e+00
4.112873358781810929e+00
4.120887785338342546e+00
4.108327531761894136e+00
4.117214555257562303e+00
4.100975565551205015e+00
4.078510858899663027e+00
4.056963129186287098e+00
4.050084677831100599e+00
4.033131214850124380e+00
4.045998324009565827e+00
4.024833228550372510e+00
3.999885812861029066e+00
4.033459384725100350e+00
4.018372298673886789e+00
4.028234874503576535e+00
4.022939099501232185e+00
4.014986809754580221e+00
4.008913735539979761e+00
3.991994928587179192e+00
3.984795442283004085e+00
4.001867246580586901e+00
3.995821714503544619e+00
3.994508412756356375e+00
4.027709419983034778e+00
4.018182800488473205e+00
4.012062046530166626e+00
4.009687668311488373e+00
4.048534031527558419e+00
4.052563129370486017e+00
4.047967472272369527e+00
4.039675358693149754e+00
4.048707843098851455e+00
4.037756278637523621e+00
4.026871975711714846e+00
4.041180870657147040e+00
4.051401248945286859e+00
4.018436762343274182e+00
4.014636131918228656e+00
3.990574348473672650e+00
3.978203683922798550e+00
3.991629513653697447e+00
4.005042609027689160e+00
3.983653324819506736e+00
3.950833778397544460e+00
3.932992740460850900e+00
3.944656862842078393e+00
3.912606272584179035e+00
3.937919266499374515e+00
3.930210159351209320e+00
3.972989030141836686e+00
3.957342324100089126e+00
4.002212841213772521e+00
3.990942343470508025e+00
4.014086219949192014e+00
4.009030378718768439e+00
4.014425334797969036e+00
3.988954921586175040e+00
4.033695811159069500e+00
4.080250051405070799e+00
4.112151387700016869e+00
4.189684578912951984e+00
4.252447386762295167e+00
4.372292647148173117e+00
4.445490420804975251e+00
4.563253403029700728e+00
4.669420637079706005e+00
4.694399248999054031e+00
4.730739934249989176e+00
4.746359679236648255e+00
4.758702033784458330e+00
4.766949033475097686e+00
4.794876734971659893e+00
4.806714964149848335e+00
4.839860283039929989e+00
4.856332703740308787e+00
4.890943535263333253e+00
4.899943795658309398e+00
4.910078390759084144e+00
4.943483438623245796e+00
4.945461976380520319e+00
4.955266555017498575e+00
4.977401351076367497e+00
5.004993276999087470e+00
5.044751137714153622e+00
5.075789092159160631e+00
5.073987864403462389e+00
5.118516362519080154e+00
5.167861060548869290e+00
5.196971976764938717e+00
5.230136257998625027e+00
5.234597048468131675e+00
5.249479496978373128e+00
5.266892956487432720e+00
5.305141719362098662e+00
5.355988607765847398e+00
5.356657712707512786e+00
5.380870693804578053e+00
5.402317904042782892e+00
5.422833553696540854e+00
5.414046189055646607e+00
5.435226686283210817e+00
5.455768627193696929e+00
5.458318088981161331e+00
5.457950823665257190e+00
5.466526459188330911e+00
5.483286489800209829e+00
5.492396221511373966e+00
5.519028463256995920e+00
5.512461881183527979e+00
5.467887011485846216e+00
5.471495453537378317e+00
5.465022441482921600e+00
5.464927427628949452e+00
5.460388090003809758e+00
5.465650447973179560e+00
5.467780514646727319e+00
5.483310669907259793e+00
5.471510428896880995e+00
5.476955141508938141e+00
5.484635758078813872e+00
5.481641481305870478e+00
5.495930053144577165e+00
5.509362133458212796e+00
5.520909701315066975e+00
5.535648997131209725e+00
5.541418764939442632e+00
5.563710871622427057e+00
5.579335630376937694e+00
5.588160112939912771e+00
5.588483627550671962e+00
5.603988355092878848e+00
5.604715800949452209e+00
5.615129017208741580e+00
5.622033322940078293e+00
5.620744915401515662e+00
5.631030119570959336e+00
5.634753304736105584e+00
5.634653772142779182e+00
5.647334004489782622e+00
5.637867847348867478e+00
5.637744739319270337e+00
5.623320050152011973e+00
5.617016613633801114e+00
5.627766183583187143e+00
5.621184243088291232e+00
5.606084279933083891e+00
5.615962949812370653e+00
5.588697560843886691e+00
5.582361026801691217e+00
5.560502382675026389e+00
5.525019502144693284e+00
5.522198181569805797e+00
5.524645266364649032e+00
5.524430999199491765e+00
5.530832874712069192e+00
5.521157889178669009e+00
5.524216478083079807e+00
5.520207246468830320e+00
5.531565949238649971e+00
5.535015457682957773e+00
5.523409672784437063e+00
5.533502477543514431e+00
5.526388341989575181e+00
5.511079700074892784e+00
5.512821084293887175e+00
5.488926809100023618e+00
5.491148942943323341e+00
5.490456976581005399e+00
5.482057811694079241e+00
5.497186903604179165e+00
5.498501302613262531e+00
5.493999908108712305e+00
5.485361470908604709e+00
5.490125304418831398e+00
5.501523177378451201e+00
5.484740409025381069e+00
5.499762485555756086e+00
5.504002850742810260e+00
5.508641551947730974e+00
5.489307666790152140e+00
5.494686148217190258e+00
5.481215489935673979e+00
5.483453738498382357e+00
5.481658384454168420e+00
5.471403227913482326e+00
5.457809754296511606e+00
5.457328370472248835e+00
5.446313090015283187e+00
5.417758186207871418e+00
5.415993275288975006e+00
5.419774395251405252e+00
5.410694431590354903e+00
5.400555377620495534e+00
5.379119630549984876e+00
5.363236666434445965e+00
5.368933013847087210e+00
5.363271203845004109e+00
5.337736226742088697e+00
5.332621946824005477e+00
5.316201488260226427e+00
5.306553467096777332e+00
5.298344056560805981e+00
5.294967390096688931e+00
5.266583682998056126e+00
5.259977141227087927e+00
5.267738525328070409e+00
5.254829863594572714e+00
5.253218279911012090e+00
5.239672651086475952e+00
5.226863452162133328e+00
5.234440259706669707e+00
5.207761706623443843e+00
5.195320805458598201e+00
5.179719648026236634e+00
5.156828867983684006e+00
5.118577794081117460e+00
5.086565085845934142e+00
5.074553399205831816e+00
5.066467091386329002e+00
5.049545634007323258e+00
5.014227899656757081e+00
5.009344959308895007e+00
4.974009162141618923e+00
4.948887781645399997e+00
4.941597752878962524e+00
4.895154382036493779e+00
4.856351217983145396e+00
4.810744309856319845e+00
4.767624171517780951e+00
4.733054579246744886e+00
4.677447018556698310e+00
4.663850684164105864e+00
4.621990595853084471e+00
4.600898638334278701e+00
4.555897136515891788e+00
4.544285614135845641e+00
4.535679262082392249e+00
4.502190276000348490e+00
4.491572600365661749e+00
4.499904880826249176e+00
4.479722449212469648e+00
4.475436254316528917e+00
4.444549996406254699e+00
4.432403251368513430e+00
4.394220477120312829e+00
4.367883445796945985e+00
4.355581727973120820e+00
4.328061224717093758e+00
4.291939019798975963e+00
4.294487737797406446e+00
4.273485277852152819e+00
4.231646645722705102e+00
4.224992208678045813e+00
4.194925460508747150e+00
4.176363726639017671e+00
4.140552484186892812e+00
4.080468533000679798e+00
4.038638281330468871e+00
3.999087115391823932e+00
3.978704602776516719e+00
3.935077765171708375e+00
3.906170677089920051e+00
3.878289228147535184e+00
3.792297330094452246e+00
3.769175988983547665e+00
3.724746214357407492e+00
3.666914879582618525e+00
3.618878681436241251e+00
3.601413961729579505e+00
3.557314699147744896e+00
3.539321618374069445e+00
3.489550269795671511e+00
3.467704865020276639e+00
3.416195007675133066e+00
3.360844633122359149e+00
3.345005739796447219e+00
3.295245511236015723e+00
3.275502528822048287e+00
3.234682741100568304e+00
3.199332397653371185e+00
3.155822406044151318e+00
3.126963252317717323e+00
3.086477546093430835e+00
3.080655278077723214e+00
3.041532743483720491e+00
3.005180741609112083e+00
3.002286310889460186e+00
2.963712987279737643e+00
2.947252853650829785e+00
2.935570597228860823e+00
2.897321523138354227e+00
2.821615334628484906e+00
2.818675139156318732e+00
2.803547258772471462e+00
2.770068045898431919e+00
2.763391680842131048e+00
2.725468310216206724e+00
2.683400211625413423e+00
2.646594013049528016e+00
2.645967061692854561e+00
2.611888460981904636e+00
2.606914683248414022e+00
2.567443616914930171e+00
2.506392397386066673e+00
2.464756388364291340e+00
2.458728792981354161e+00
2.429390306994867021e+00
2.387223474396727330e+00
2.362298137459128089e+00
2.334881752616110084e+00
2.261528807592356305e+00
2.213127636543199994e+00
2.131413847997086997e+00
2.095374020796490822e+00
2.053444527768582883e+00
1.972629313148416053e+00
1.895428013963352809e+00
1.859386965760866817e+00
1.804225232047243166e+00
1.769074021795629559e+00
1.756537045644789741e+00
1.720835698465133401e+00
1.688969600920725789e+00
1.669760252463375227e+00
1.648737859556691276e+00
1.615933327951737830e+00
1.601177720837513752e+00
1.576111320862537690e+00
1.558082762478890437e+00
1.545421046252730246e+00
1.521669461548606384e+00
1.519361744509206247e+00
1.504090744331573193e+00
1.470551750657225432e+00
1.480138269371195081e+00
1.496984014461039347e+00
1.483799880062730336e+00
1.493395867910745967e+00
1.496926945070293113e+00
1.495868750263964486e+00
1.492010038890897672e+00
1.492852273234809291e+00
1.479986094356149362e+00
1.486368247551745903e+00
1.495825465577726110e+00
1.455614964472908834e+00
1.450101177599536051e+00
1.464414124068866618e+00
1.442207776754548254e+00
1.427790309901067811e+00
1.409790578567772679e+00
1.411378276423456146e+00
1.389786876871265564e+00
1.385326894174826906e+00
1.383464932339822262e+00
1.400348973692797427e+00
1.407039175859432723e+00
1.409891638844444683e+00
1.395707249205705436e+00
1.421529297660968139e+00
1.421750393626061815e+00
1.444070192321677659e+00
1.491948475421209563e+00
1.484888590452148716e+00
1.487125432134255965e+00
1.502776239736449693e+00
1.510261787159587810e+00
1.506567466274108202e+00
1.516555201508736461e+00
1.521810010681684311e+00
1.521313320990052453e+00
1.530702489775185970e+00
1.521352267231270039e+00
1.522078722874563583e+00
1.528422285942315550e+00
1.514052865618977117e+00
1.523995121986563062e+00
1.527183276097689779e+00
1.543404992953781862e+00
1.538966929974371345e+00
1.544520885175676872e+00
1.554609226969453584e+00
1.575809125378752729e+00
1.606926796366968890e+00
1.638529722465621896e+00
1.666864915528061486e+00
1.666348127476695584e+00
1.644175955231394815e+00
1.642228494501418501e+00
1.645085482795853205e+00
1.667355489103637511e+00
1.652803271355744563e+00
1.645216658909944396e+00
1.666556764019856640e+00
1.653109193614720640e+00
1.656696345164791140e+00
1.689228293830760785e+00
1.708037324404271695e+00
1.696600310405130818e+00
1.736858231678018338e+00
1.723355525382300302e+00
1.697393486231624005e+00
1.746624650308598703e+00
1.762395187349639070e+00
1.770956048825864437e+00
1.775589920540631583e+00
1.777167049939499366e+00
1.796172087892826452e+00
1.900439977707998551e+00
2.013594774704588364e+00
2.086308106519665362e+00
2.122040498558318777e+00
2.155782759059151843e+00
2.182082108924763286e+00
2.198773327117234277e+00
2.210154262974103112e+00
2.236261624064406206e+00
2.264423028155802431e+00
2.295880435867530878e+00
2.306983975772603390e+00
2.324947443190156893e+00
2.340876818143724503e+00
2.353392588000972285e+00
2.370501590161806948e+00
2.392776982316562329e+00
2.404428562776393719e+00
2.427498616026825484e+00
2.430833146628401664e+00
2.441868905786960919e+00
2.442388045668558494e+00
2.454928647014409382e+00
2.486903934131002192e+00
2.513048163187897810e+00
2.522608682966524629e+00
2.531115900872492830e+00
2.534306060907218328e+00
2.554805276354250143e+00
2.583066795221160117e+00
2.605584088528372977e+00
2.636433176006302226e+00
2.650332034659069524e+00
2.660431271451797031e+00
2.664351175921793491e+00
2.682115791851760189e+00
2.698352224600427895e+00
2.711055354470367718e+00
2.724614904877629140e+00
2.741022612629206989e+00
2.757834520438735115e+00
2.777530145000532968e+00
2.786260730476196379e+00
2.804481175281352545e+00
2.807793507641123121e+00
2.814839539909414601e+00
2.833422385863521242e+00
2.842365341103056942e+00
2.866331237044365210e+00
2.863850048871368514e+00
2.872607089855724549e+00
2.880814656090613823e+00
2.889752188330547700e+00
2.897386037753801435e+00
2.899221810710347125e+00
2.913928561293473329e+00
2.922581797266114556e+00
2.930968992452573474e+00
2.957335060552320094e+00
2.970771319075228956e+00
2.974440768659738943e+00
2.997222242977949591e+00
3.003359174790561248e+00
3.013701803749180730e+00
3.027412487870619895e+00
3.020987614385491238e+00
3.026301082028206579e+00
3.043986570595474728e+00
3.056319139104493487e+00
3.077282133220085480e+00
3.096079171788512774e+00
3.120942758441228815e+00
3.142725792158454379e+00
3.162170934296266278e+00
3.166200944486823321e+00
3.168367306687663643e+00
3.182172515693103776e+00
3.212208817338459088e+00
3.221903262990637007e+00
3.235138270582485820e+00
3.246389934594202664e+00
3.257464175995668398e+00
3.278430153352781762e+00
3.290756457625650722e+00
3.298319391345854612e+00
3.306531739206225229e+00
3.318297191505265253e+00
3.344707245929427586e+00
3.360044777900895951e+00
3.373853782380764166e+00
3.382456170075208934e+00
3.394880721885966235e+00
3.392872867899654032e+00
3.395299194988287805e+00
3.414064227641786520e+00
3.438927679254928371e+00
3.466793347203800391e+00
3.473814298309851445e+00
3.480244405351469617e+00
3.480924950431999232e+00
3.485659528142624808e+00
3.504114619109094164e+00
3.509036352710754425e+00
3.519880816479313612e+00
3.534749970339424507e+00
3.539857112705052877e+00
3.551767344377660063e+00
3.537469403605012275e+00
3.543646457748353296e+00
3.548755653669103616e+00
3.555048432229957811e+00
3.568860396881295749e+00
3.582808052067627091e+00
3.599968054840243070e+00
3.610882395631050734e+00
3.621014988406765056e+00
3.634085323292863379e+00
3.656142442942144744e+00
3.645656771133574559e+00
3.656622720438230001e+00
3.676259037786459238e+00
3.683348896929055094e+00
3.692266076317238355e+00
3.692569262008392528e+00
3.697307882206456231e+00
3.701044650797343571e+00
3.705918752507162850e+00
3.702527680889011741e+00
3.706303210366510115e+00
3.719539486493465663e+00
3.729543529199665919e+00
3.742278660472361018e+00
3.742666213084545390e+00
3.753268369152602979e+00
3.755329789788780293e+00
3.762673387847435436e+00
3.767079690072169473e+00
3.780794857519902408e+00
3.788473296913471344e+00
3.797309764584972047e+00
3.813683572784509757e+00
3.817413985868334692e+00
3.807182267772666329e+00
3.819928959004014857e+00
3.821012422457325641e+00
3.832401402242862964e+00
3.843546132303097274e+00
3.867077061656302828e+00
3.885473418670644108e+00
3.887714876417699195e+00
3.888849424117716502e+00
3.904898888933777457e+00
3.917827685682103489e+00
3.928849377797758002e+00
3.941176010349130454e+00
3.950843325172436415e+00
3.954962161677709087e+00
3.949929648068852828e+00
3.955079503107892247e+00
3.972924781011784923e+00
3.969415794373986728e+00
3.976065873513076721e+00
3.967717851906405802e+00
3.979388463426515976e+00
3.979501517587790360e+00
3.989865345708988986e+00
4.004829270296952792e+00
4.014080925421784407e+00
4.026567492017776750e+00
4.031794055835767665e+00
4.033429341665714318e+00
4.034156033700176280e+00
4.050230564491905660e+00
4.054373092103737974e+00
4.057540605166096270e+00
4.058143870011964083e+00
