1.411231178661143337e+00
1.423545383381378926e+00
1.403526417096388590e+00
1.372642978313697748e+00
1.361834959169381243e+00
1.398684590973490183e+00
1.444254171536581088e+00
1.512111276425731843e+00
1.572915289218922874e+00
1.632382438866375463e+00
1.654755934212240653e+00
1.693125740649447097e+00
1.710983904074422135e+00
1.716213451875398199e+00
1.723148782792967459e+00
1.722120128693016339e+00
1.711963006071643756e+00
1.701568608530685367e+00
1.691781164556492856e+00
1.709306443357238026e+00
1.717528012301473117e+00
1.738328719025940883e+00
1.764171334920591860e+00
1.799507995197223043e+00
1.843867855016103174e+00
1.863061276002851541e+00
1.904960832299470219e+00
1.949928096595292759e+00
1.968126031804287468e+00
1.963387707104090385e+00
1.956461943417103333e+00
1.946309685560405844e+00
1.930689182594045983e+00
1.918770412778175505e+00
1.898101337433882208e+00
1.875914383512816475e+00
1.844069423930474461e+00
1.828193979120673385e+00
1.818302511513396391e+00
1.816592487118703136e+00
1.825339578921141293e+00
1.776912297974347910e+00
1.694268478711477011e+00
1.637847369385246221e+00
1.548681029564053846e+00
1.536371464128863940e+00
1.533184029460630482e+00
1.518495379270947243e+00
1.505161516542794731e+00
1.478125407525967105e+00
1.477918679412568048e+00
1.451939376814047611e+00
1.433321785604369181e+00
1.416354010394960339e+00
1.423556360169468293e+00
1.427789504657449804e+00
1.477463004746783160e+00
1.480302232848119903e+00
1.560455862365893953e+00
1.581096744303035262e+00
1.602762730681309922e+00
1.605791168884973530e+00
1.604812050157873538e+00
1.595797518930982095e+00
1.575858193527291062e+00
1.544993823912726993e+00
1.503189970020625266e+00
1.463163760690022963e+00
1.423331711463569960e+00
1.382492611301032293e+00
1.357499009416539337e+00
1.331623374410725980e+00
1.312844038378933043e+00
1.288741989237075058e+00
1.261131610767203037e+00
1.258203596096471699e+00
1.229353528636877302e+00
1.201594893410489862e+00
1.152694450007981875e+00
1.129105042288110594e+00
1.109118906356710177e+00
1.080687586335229877e+00
1.050893869749370158e+00
1.033122979606053704e+00
1.023034263857872439e+00
9.971799594612797968e-01
9.885027992156245613e-01
9.754249060656078330e-01
9.625736868634129362e-01
9.489232582934564730e-01
9.262790205772409857e-01
8.959504622580745092e-01
8.780278623356033707e-01
8.770072652355009879e-01
8.620384965439368274e-01
8.499349550627735006e-01
8.367115578194866954e-01
8.176754039874365443e-01
8.033964718196247023e-01
7.830665702397877626e-01
7.654842778820927229e-01
7.470606984027239328e-01
7.286311330523511653e-01
7.076166303214844744e-01
6.896762855577071027e-01
6.798680118781521564e-01
6.632896110113231103e-01
6.606425214947234670e-01
6.495158578827262552e-01
6.324734044285371670e-01
6.316512579612029166e-01
6.386821794375048267e-01
6.408006892067819038e-01
6.382492264073587052e-01
6.201474549681503801e-01
6.233753478452211949e-01
6.064693490228655337e-01
5.865125859545009535e-01
5.662688859734595903e-01
5.489844710000979511e-01
5.374023736258289885e-01
5.242002627205070153e-01
5.021381867477705541e-01
5.000051608730105013e-01
4.924256505077306278e-01
4.846476087964285417e-01
4.753200921631944853e-01
4.651248737186641224e-01
4.424037704489604539e-01
4.382799256144091493e-01
4.311551119616902072e-01
4.159418414845971745e-01
4.054098613584000699e-01
3.971176628629800032e-01
3.849179234609394484e-01
3.678265095148385844e-01
3.534379888526342217e-01
3.348419596081043670e-01
3.243393443775821616e-01
3.122485186132201163e-01
2.993463889703210090e-01
2.896634569463620856e-01
2.864403793491802630e-01
2.830722611396032096e-01
2.712141005321613285e-01
2.674057485891583874e-01
2.526416153628948114e-01
2.490818257976398498e-01
2.343400754588358947e-01
2.333567320177302729e-01
2.218912595867766069e-01
2.172472715287862566e-01
2.106236130718661392e-01
2.050594706306099746e-01
2.134959494610011166e-01
2.196585245298864064e-01
2.195868510223345504e-01
2.126233976939065629e-01
2.142108739749047919e-01
2.158580188357009100e-01
2.156259638908291087e-01
2.160921397049260229e-01
2.169791639532266392e-01
2.186645354580054323e-01
2.241330745231607802e-01
2.321057874943935340e-01
2.315061004424452951e-01
2.291483722549998436e-01
2.276859490078770032e-01
2.345354189783376286e-01
2.328222530282024194e-01
2.339513791264247744e-01
2.359470589133919882e-01
2.436806091686692377e-01
2.560026287566539160e-01
2.629086288616986344e-01
2.715643637503227237e-01
2.789482412246147014e-01
2.828926845702295356e-01
2.813212845777875448e-01
2.699336063444017775e-01
2.555235611808022167e-01
2.451768658605876505e-01
2.453098145631389115e-01
2.492904734147208257e-01
2.473358902880793964e-01
2.438661579881978292e-01
2.362143003586177348e-01
2.291853244028485004e-01
2.279359905534216746e-01
2.304673440893178771e-01
2.364218913848274983e-01
2.360228959673045523e-01
2.387206199449043165e-01
2.408711879376674581e-01
2.397493036090818930e-01
2.411650533768034399e-01
2.474147358024410825e-01
2.474033365342437341e-01
2.537978974066047999e-01
2.592081721058220323e-01
2.625828921812651817e-01
2.547359360890583679e-01
2.580853059772977853e-01
2.701280913815674589e-01
2.825198556478301648e-01
2.962956677717365483e-01
3.165179668888403741e-01
3.308126811549372825e-01
3.429138821800279402e-01
3.480007064458808808e-01
3.682277006957159204e-01
3.779450167695053153e-01
3.960284006145780578e-01
4.117065793918376349e-01
4.244236904790398834e-01
4.475427220098535108e-01
4.590694480674114009e-01
4.649046963928352705e-01
4.752059849965045157e-01
4.785758691588622438e-01
4.811178860366904231e-01
4.891179710371419964e-01
5.022833252713164720e-01
5.227109237979630230e-01
5.422155644987115553e-01
5.509854507436129367e-01
5.603340343582782213e-01
5.709090715417591833e-01
5.824783162186133456e-01
5.852888189529413809e-01
5.916906188269809297e-01
5.950417357873392099e-01
5.990954940247904537e-01
6.236006538149132528e-01
6.862686626980445403e-01
7.297385954787066753e-01
7.511072940518669361e-01
7.577372185341757493e-01
7.604259413360752173e-01
7.433956024877911295e-01
7.288508631841593699e-01
7.000687551043357493e-01
6.970558040676074762e-01
6.809468429329127437e-01
6.717622434047927360e-01
6.616454791862261819e-01
6.482903331715845763e-01
6.419667831700320848e-01
6.345866395364169188e-01
6.285909669401250621e-01
6.230392834393205792e-01
6.213286098787629275e-01
6.174125732486054341e-01
6.120430648229910897e-01
6.064194842219303716e-01
6.005530560026531850e-01
6.020046497068284319e-01
5.995097423023919569e-01
5.988478322716305202e-01
6.024782351630254551e-01
6.002281938568297948e-01
6.013855413504327618e-01
6.012705722646006778e-01
5.967217184003246189e-01
5.949456061435423049e-01
5.942058947979196315e-01
5.910987428727708659e-01
5.879456342260028778e-01
5.857847708876963155e-01
5.839459173018214377e-01
5.812491870481145684e-01
5.793358428569203022e-01
5.779600405089314608e-01
5.777165881144497028e-01
5.754039047468852974e-01
5.757311670559812633e-01
5.749127822951617395e-01
5.718789384911802109e-01
5.700083525260275508e-01
5.657910173992630742e-01
5.627264581983634217e-01
5.622486709602387833e-01
5.572479628613099534e-01
5.535487434663425299e-01
5.506883526412910124e-01
5.480368769388884731e-01
5.549898573509619570e-01
5.663169212627331417e-01
5.748209464419175019e-01
5.764365492048234563e-01
5.773279467811542887e-01
5.758576794101143426e-01
5.731235893640855839e-01
5.693928035701489865e-01
5.684289927191269465e-01
5.710983988612926554e-01
5.724887670721526822e-01
5.730928965781576512e-01
5.676329903475352268e-01
5.620238480690006311e-01
5.553005496235168259e-01
5.509931087993662491e-01
5.493396194584463377e-01
5.584510442768784166e-01
5.656728465109307491e-01
5.607683531379542563e-01
5.531458596723747290e-01
5.470021697943024952e-01
5.398487840067937027e-01
5.250626564408713559e-01
5.232494307574050429e-01
5.255570471194539461e-01
5.221216088078232120e-01
5.202610154011878540e-01
5.168688735490520880e-01
5.132234445713264037e-01
5.103492960558749791e-01
5.061348897051924922e-01
5.065044487976617660e-01
5.066548454131929446e-01
5.057571707011420115e-01
5.059627232511568762e-01
5.060431551930995031e-01
5.052630009412016898e-01
5.051883010786593076e-01
5.027243878363315543e-01
5.007067084431322534e-01
5.010431692906649470e-01
4.942358020765794113e-01
4.904497151995857451e-01
4.918746961853724398e-01
4.933379545113382170e-01
4.951241016140303097e-01
4.941067943139411667e-01
4.883879703020183038e-01
4.853096989062694044e-01
4.815093459572964418e-01
4.744453957816487932e-01
4.676518885029902761e-01
4.638565064074011146e-01
4.628783795126311107e-01
4.637574548424098220e-01
4.622608321637112772e-01
5.808397373274248876e-01
6.151402198264166454e-01
6.349707657763491442e-01
6.395693178582011473e-01
6.411415511599478645e-01
6.456366026792236257e-01
6.466022601687467786e-01
6.420598221350563017e-01
6.398750190110499281e-01
6.456235018317930674e-01
6.517988047402271112e-01
6.552118134942149785e-01
6.539850943146815476e-01
6.501792840806849272e-01
6.496009840789094270e-01
6.500751083018521115e-01
6.500636244548881892e-01
6.516574205100418293e-01
6.491764745392254454e-01
6.512881156792141857e-01
6.508273069194995264e-01
6.442714159205581437e-01
6.430151761721067949e-01
6.394094361561122319e-01
6.318583357160462155e-01
6.276921427854321722e-01
6.289102360818421555e-01
6.258899443761816173e-01
6.171962054018502730e-01
6.193145866170380875e-01
6.377163233946290255e-01
6.367784848212856286e-01
6.275720965314994793e-01
6.719397372619488884e-01
6.879844704152300316e-01
6.669220728663795006e-01
6.515686305778409793e-01
6.490157812128757309e-01
6.112690535914598877e-01
5.357130440832102991e-01
5.281457557512529988e-01
5.591940266480476263e-01
5.772264793745646161e-01
5.855451945212457598e-01
5.856905043386877452e-01
5.792420702365689289e-01
5.588717381704522147e-01
5.296514578264122086e-01
4.981118540910471348e-01
4.735307359814912020e-01
4.530011608776839949e-01
4.439463840716793563e-01
4.459266307481457581e-01
4.183688473121998652e-01
4.008437074507048004e-01
3.793821381219930067e-01
3.463404950501158264e-01
3.162322545129648832e-01
2.906419793067696600e-01
2.628790960455361092e-01
2.511707834929640115e-01
2.467505792688158561e-01
2.418644421523682142e-01
2.220759422087106860e-01
2.101734630334048393e-01
2.041972739291393057e-01
1.978706107212978293e-01
1.818166823809852506e-01
1.676943396758080185e-01
1.612445046651403147e-01
1.567403976417222067e-01
1.475160078352866222e-01
1.420604840559820947e-01
1.473976136662293601e-01
1.534547010551430002e-01
1.450920097565322475e-01
1.504591255237318348e-01
1.456333450495501947e-01
1.519323082866229635e-01
1.474782565798357370e-01
1.541714383699167301e-01
1.701273291504389884e-01
1.667296036878655185e-01
1.782337327416795014e-01
1.882143978797210793e-01
1.908924859876995617e-01
1.883554001502736053e-01
1.737167441829447212e-01
1.771097770002280636e-01
1.793181020577849505e-01
1.867358968840288069e-01
2.105486270668812110e-01
2.248886710907404829e-01
2.265333874083721721e-01
2.320837875481895907e-01
2.919981482385443083e-01
3.458703904636924453e-01
3.564570365783187311e-01
3.699887565637227649e-01
3.698162114549911061e-01
3.713690771334134944e-01
3.745270055417439514e-01
3.726571095790872645e-01
3.651543031269068873e-01
3.726205320371641094e-01
3.774124825846124631e-01
3.878886809929730228e-01
3.954519409132044583e-01
3.848691211284038238e-01
3.860813278009528338e-01
3.877200910017452595e-01
3.921308786137701619e-01
3.811684354800273233e-01
3.783113090395679445e-01
3.860902085270714323e-01
3.973512851904435483e-01
4.146228347589811514e-01
4.221398034286907297e-01
4.390305062346804843e-01
4.460581153429796775e-01
4.531733720760076078e-01
4.713792917144930539e-01
4.730349922766085013e-01
4.880784389501823806e-01
4.929408260144870768e-01
5.078652840869116725e-01
5.112242391505028571e-01
5.278059022005524570e-01
5.252150235150789825e-01
5.328714504230239735e-01
5.501142171898274480e-01
5.518241930570774167e-01
5.488431851084775159e-01
5.407078646905422170e-01
5.432959356752580238e-01
5.435240243211628686e-01
5.365149144478162935e-01
5.321269469499476656e-01
5.266811742916746031e-01
5.254642033419614222e-01
5.109728192482944076e-01
4.855643107771397404e-01
4.627807048800723355e-01
4.393293054349486360e-01
4.335580849418930738e-01
4.096910088912912862e-01
4.003294007812239763e-01
3.720963530501021910e-01
3.567240463486683333e-01
3.394875940662417935e-01
3.501347467160327298e-01
3.550468990268473291e-01
3.526326957039611631e-01
3.518389445992154418e-01
3.534977156726293868e-01
3.468114947053996810e-01
3.439622043625431558e-01
3.367841886316514377e-01
3.356634255261760069e-01
3.296402319263566638e-01
3.268539482876247071e-01
3.143578936243603961e-01
3.058429922935662626e-01
2.966053732139844468e-01
2.958244186470427861e-01
2.866530668430400941e-01
2.835245482970780717e-01
2.807970648488828380e-01
2.807984992371062027e-01
2.859331461292987653e-01
2.869112602076338003e-01
2.836133679572450661e-01
2.858375999279024193e-01
2.909387542331412502e-01
2.929334655233360452e-01
2.972381352535293231e-01
3.069035683568587802e-01
3.165440790767574120e-01
3.249541691954700440e-01
3.276270632078870926e-01
3.387133305240578318e-01
3.382686750548653531e-01
3.407956392064883655e-01
3.452316514842980744e-01
3.469279833673721281e-01
3.526917948756629340e-01
3.781790378015457144e-01
3.890940046054947032e-01
4.173996352028477297e-01
4.352376512332976066e-01
4.540012668480932212e-01
4.537885799601298342e-01
4.628985726733031991e-01
4.698606482718832855e-01
4.747639806625985059e-01
4.720224541077617797e-01
4.678510973059383793e-01
4.628628784420596998e-01
4.450919015373766552e-01
4.439998945191062085e-01
4.497496457524067237e-01
4.388429632605259090e-01
4.377814504044064137e-01
4.275796771860179146e-01
4.252315290443549056e-01
4.311689048989010287e-01
4.410895272906857345e-01
4.464895151366433668e-01
4.554693193657965433e-01
4.452462127537706316e-01
4.402398636791073905e-01
4.284922979665590215e-01
4.270577630870747710e-01
4.149965947940417732e-01
4.090263880373510852e-01
4.115173363801742368e-01
3.981481550251158574e-01
3.912757415569084740e-01
3.899934042333726980e-01
3.882782549264764960e-01
4.031565108980272871e-01
3.921540244793063623e-01
4.039222965105649377e-01
3.935941521580936242e-01
3.984231535865556673e-01
4.098194591544406795e-01
4.161365119400938228e-01
4.287348683656788118e-01
4.240991197163771487e-01
4.226612629462088155e-01
4.251567914685654981e-01
4.262251102459996832e-01
4.297024589947757156e-01
4.324360000563696738e-01
4.442551404575856289e-01
4.632460019553912844e-01
4.918545350762187351e-01
5.179844143336700402e-01
5.482759415599230968e-01
5.750945111347398608e-01
5.973886815776373593e-01
6.103385268745710190e-01
6.153737571359992886e-01
6.278981377622807614e-01
6.077774060144015555e-01
5.970597128785859464e-01
5.776115469240136191e-01
5.809050794222953007e-01
5.789972139308577903e-01
5.994248108132677055e-01
5.829100720178257422e-01
5.889917212790171108e-01
6.027478809254670500e-01
6.183324928356792594e-01
6.179736934146748961e-01
6.203563731773449330e-01
6.167384385949850056e-01
6.094286701927008609e-01
5.774500124263070022e-01
5.581309314989538750e-01
5.540322274108602230e-01
5.341959344750867311e-01
5.180071408783392117e-01
5.025905396716056073e-01
4.904819731472895850e-01
4.854043675901966726e-01
4.797905079622559188e-01
4.771365008540003894e-01
4.722316296561743232e-01
4.700498808829564612e-01
4.548182664829220623e-01
4.484434951566071970e-01
4.267565773631497583e-01
4.252787636934624027e-01
4.101867477490711011e-01
4.019641500910648979e-01
4.105937930978725836e-01
4.183800933941893008e-01
4.290294867642642229e-01
4.420840005828229335e-01
4.517774029653343626e-01
4.479337400288299076e-01
4.463166859655436913e-01
4.438150116313016591e-01
4.503779738808891819e-01
4.460254244940237145e-01
4.425748039678759072e-01
4.445360383846979624e-01
4.412811709755915524e-01
4.344779852007912280e-01
4.344635508623561071e-01
4.278328235865934692e-01
4.194423562816361750e-01
4.039872840577760083e-01
3.958672847498833081e-01
3.922277195122556570e-01
3.837664567042465280e-01
3.752941142448186773e-01
3.840673044281688320e-01
3.679992382485020586e-01
3.582141820146233502e-01
3.545261443330208206e-01
3.602888972768540365e-01
3.746422366513443292e-01
3.792870974503565473e-01
3.944592995035701155e-01
3.939097772062233327e-01
4.075886565139089091e-01
4.134627176807943449e-01
4.248061697118076796e-01
4.396660877554414704e-01
4.436649750134418757e-01
4.499530652585384538e-01
4.474976251955354867e-01
4.465663066414051752e-01
4.501273487045538979e-01
4.441489566846028580e-01
4.518875426805850637e-01
4.432158069457495797e-01
4.508914227680266285e-01
4.521429007193550897e-01
4.497482464365877841e-01
4.568267968618099362e-01
4.569930785746835200e-01
4.601966536467685387e-01
4.678195179220516753e-01
4.757616132293985278e-01
4.694265895548343503e-01
4.728640898325037756e-01
4.834248214257526599e-01
4.858993332013492594e-01
5.051540571113890543e-01
5.124486636549177021e-01
5.110838360514278200e-01
5.032820085263558507e-01
4.965552640030737042e-01
4.857027076543778410e-01
4.707196463732873926e-01
4.644380875415946575e-01
4.551697299314255707e-01
4.432293242045785564e-01
4.377300226303481034e-01
4.273795996609095482e-01
4.092448220627576405e-01
3.994328678721444370e-01
3.877238704235660971e-01
3.747178956562338681e-01
3.693410936100888220e-01
3.471066838679924271e-01
3.356986688698113674e-01
3.270609450797725692e-01
3.210926311239098996e-01
3.080260446943483554e-01
2.945538723299880868e-01
2.971237319964007972e-01
2.905167877230371842e-01
2.885595573780440071e-01
2.783289355543972499e-01
2.706216196189399903e-01
2.639455454240088872e-01
2.622297383137411897e-01
2.651225331224315029e-01
2.610461333695933139e-01
2.602044816956647355e-01
2.502388510520445752e-01
2.502148043451164483e-01
2.609354178154901227e-01
2.603811018294174273e-01
2.557281034534227837e-01
2.559102787103600951e-01
2.646912154501990244e-01
2.764302555027267627e-01
2.828491189111684290e-01
2.822842892535979975e-01
2.786782901610109220e-01
2.730263963083130463e-01
2.741073092196981142e-01
2.736894818708943689e-01
2.809036312275323688e-01
2.866675371750063706e-01
3.002473296748623399e-01
3.136663355738507630e-01
3.129704741786742961e-01
3.283181856479164273e-01
3.346792426378853436e-01
3.406556274301549281e-01
3.339804894732629204e-01
3.347435153313492173e-01
3.345338176602153935e-01
3.363100156305133814e-01
3.339698594415380639e-01
3.282231359136336679e-01
3.205427331891329557e-01
3.088785431586860697e-01
2.960884378415007401e-01
2.776337693538414864e-01
2.754246482751019909e-01
2.675027841758150782e-01
2.696946032733486542e-01
2.721047787359450187e-01
2.752585029506434688e-01
2.774471804489101467e-01
2.769979208480686794e-01
2.782692753179404899e-01
2.747636913210129705e-01
2.720050246521785731e-01
2.557561653856352812e-01
2.350327611782259407e-01
2.295045154807912602e-01
2.256058681258814036e-01
2.337718853795432705e-01
2.664057344031061647e-01
2.834137976289812788e-01
3.125235359385261091e-01
3.310905593383167145e-01
3.613778403005287188e-01
4.096434182278356206e-01
4.324449321450542505e-01
4.636775996611468553e-01
4.765436820633662252e-01
4.996229624015825488e-01
5.139674940724821006e-01
5.273009525420733201e-01
5.360448167306093303e-01
5.501188075904930308e-01
5.533227488601424326e-01
5.629362273042800568e-01
5.709657712781280869e-01
5.885364116381703870e-01
5.873503710340953754e-01
5.990341453077155931e-01
6.157129192231901582e-01
6.195317026931750348e-01
6.146317704327872722e-01
6.173615530205621704e-01
6.190083073497195665e-01
6.208269401373129881e-01
6.165280693339050266e-01
6.167311491514846367e-01
6.163185440149350214e-01
6.269164925538065480e-01
6.206440540786457571e-01
6.203649165656054398e-01
6.168818525737171932e-01
6.132113977343638389e-01
6.013585456349705982e-01
6.002889729490015203e-01
5.935839371322891855e-01
5.983205802179754063e-01
6.084815891730366300e-01
6.112416966562324028e-01
6.153286727850235671e-01
6.346907006038774446e-01
6.498893064846567036e-01
6.602182605394459891e-01
6.780286226342323586e-01
6.779408401646235260e-01
6.996794985637980746e-01
7.183189865265864338e-01
7.424046068354799299e-01
7.526807824963193116e-01
7.612187888722590223e-01
7.810178077593465940e-01
7.884376916280079195e-01
7.903326189945045765e-01
7.974512271642414385e-01
8.050991647168067589e-01
8.174235941445954223e-01
8.245263126309545498e-01
8.433712243836892775e-01
8.555182373720937594e-01
8.801301432056992669e-01
8.917698998384991915e-01
9.141055610987046665e-01
9.298284782325567654e-01
9.463686586652360067e-01
9.526925159812281718e-01
9.695316428330943426e-01
9.775174278760070390e-01
9.866400016726493138e-01
9.922264521798351833e-01
1.020561424267539152e+00
1.025761617107976420e+00
1.022478640468958311e+00
1.016363870882368570e+00
9.971600516856095053e-01
1.006232057940586788e+00
1.066079420945133860e+00
1.144224433679759345e+00
1.120913310032637389e+00
1.123842655852268946e+00
1.105331278476206380e+00
1.141180059726171203e+00
1.151335368531558601e+00
1.163861583139560452e+00
1.170454348787904220e+00
1.192410449081579893e+00
1.208373121563744323e+00
1.217247280070776316e+00
1.220732157046897859e+00
1.221069591591837700e+00
1.216687681903686036e+00
1.208106173807551587e+00
1.194073585654706893e+00
1.174538871647980764e+00
1.168209832591116326e+00
1.140533736816286892e+00
1.135812150672956378e+00
1.125519550410420733e+00
1.091194976325847943e+00
1.082211796051869346e+00
1.067514346047229390e+00
1.054220931790467386e+00
1.044791176836262769e+00
1.017027297863571711e+00
1.002927893127754766e+00
9.946258918351132960e-01
9.978830851835778226e-01
9.956472943318290802e-01
9.991017713239335185e-01
1.001879350975649841e+00
1.004255533484814222e+00
1.004037610532622748e+00
1.005585155251592422e+00
1.006387944714560057e+00
1.007212782149944807e+00
1.017890600343682284e+00
1.018761293799339107e+00
1.016695388871132533e+00
1.010198360276327811e+00
1.007619315627842571e+00
1.008698814669654720e+00
1.012353527354191041e+00
1.012307345510318424e+00
1.009818620251977217e+00
1.007082077599222636e+00
9.993045981592800775e-01
1.003449973578551591e+00
1.000651263646815892e+00
9.955562561621486006e-01
9.887437844034502321e-01
9.729520605938446476e-01
9.738241675043967094e-01
9.657470638692855491e-01
9.503994819676263583e-01
9.380085502079699156e-01
9.363727746521269824e-01
9.354422671554450952e-01
9.261687596366859898e-01
9.266417929545972543e-01
9.179358391416777563e-01
9.209209048750485183e-01
9.250087092604640793e-01
9.298646005609078058e-01
9.324727519631054173e-01
9.311249193524626655e-01
9.242723258731027070e-01
9.260053460372559275e-01
9.197146310154781235e-01
9.216415794768745284e-01
9.245847368551316503e-01
9.364107369923539981e-01
9.421918378155931251e-01
9.633216217293070205e-01
9.711752370376603993e-01
9.955949620791187948e-01
1.001596050381371228e+00
1.004184309994661906e+00
1.001326149103461960e+00
9.993787062114682929e-01
9.979422729706458606e-01
9.992556186559110598e-01
9.976343620930738787e-01
9.886219722024139900e-01
9.873944042391281650e-01
9.790091694845891590e-01
9.799240044005993466e-01
