1.273090663581974424e-01
1.255061918976158042e-01
1.292034931346422444e-01
1.329967911165778893e-01
1.353630147212983303e-01
1.365661452001998288e-01
1.391778152119048650e-01
1.437906109272166777e-01
1.457365029385606359e-01
1.465172089572398251e-01
1.494293738976637254e-01
1.487630740106237193e-01
1.477135887623568511e-01
1.441588772375538563e-01
1.431463467933475620e-01
1.414545401257828183e-01
1.401030807059771011e-01
1.400996078640650289e-01
1.375544966027181237e-01
1.363589379053461170e-01
1.338193354520691991e-01
1.353205800441943663e-01
1.329491233902801717e-01
1.314248973654295327e-01
1.302092672601954104e-01
1.284011740894112630e-01
1.265390586622756885e-01
1.252407654172982276e-01
1.252909656482822098e-01
1.247923396614188662e-01
1.227153354086700093e-01
1.219564538063995784e-01
1.213001394119634369e-01
1.202847814442241647e-01
1.193867004141171279e-01
1.182618311482088458e-01
1.180591517618505976e-01
1.214830404622052190e-01
1.216143540296172887e-01
1.214044246316488967e-01
1.209197138785928216e-01
1.193504403477095022e-01
1.201848306366140595e-01
1.214916452214045151e-01
1.220502043134717163e-01
1.231930421090631361e-01
1.233374052300581225e-01
1.249655778915603754e-01
1.253774595753486820e-01
1.274037100615126039e-01
1.291566776184998877e-01
1.322574074421018209e-01
1.349853569795430586e-01
1.365769529347019562e-01
1.376959796281446713e-01
1.377532203601408434e-01
1.371847475136831196e-01
1.365340789641669994e-01
1.369691959433643191e-01
1.394901164296986629e-01
1.424289937053799526e-01
1.452500288221093838e-01
1.476210630898936171e-01
1.480156740467879206e-01
1.503078811769920919e-01
1.520471721754772798e-01
1.536460587626796714e-01
1.548131969210009007e-01
1.561942911243280052e-01
1.596324019539613892e-01
1.613000297784690229e-01
1.613731158173054847e-01
1.635863002125357013e-01
1.663638606914303320e-01
1.681415061145531131e-01
1.690615129583987464e-01
1.727402748721343639e-01
1.762064344790038595e-01
1.798088319595332607e-01
1.835956248938410973e-01
1.854868367335935075e-01
1.875983056212261746e-01
1.898233560951455012e-01
1.913042648435351323e-01
1.929394533655365285e-01
1.939177759943608859e-01
1.957428899098521968e-01
1.979813593662640703e-01
1.998898277183988603e-01
1.992554604495858916e-01
2.017010276212553854e-01
2.035276711554416529e-01
2.051339955512528901e-01
2.053262829536570688e-01
2.072191493083948566e-01
2.081542726304943247e-01
2.070906590273304260e-01
2.063516788011831860e-01
2.083080267912453265e-01
2.107492998425360142e-01
2.113961795562826484e-01
2.133084879909890874e-01
2.142752681801045334e-01
2.150448687638492618e-01
2.152134512964358204e-01
2.142700640253792921e-01
2.123481942874607953e-01
2.130561675800640709e-01
2.141456569283456124e-01
2.148161353213069724e-01
2.131473252585386335e-01
2.144165902776405119e-01
2.158294121641041730e-01
2.172603524294786925e-01
2.183697257386248147e-01
2.181895586936755393e-01
2.187290639491324684e-01
2.204818451676727464e-01
2.225308553471485595e-01
2.247257851974860110e-01
2.266858672781163486e-01
2.284581085842677384e-01
2.292774997195322906e-01
2.326105053772859199e-01
2.329909946780528984e-01
2.334598821644010280e-01
2.330772460507047061e-01
2.329296724651413741e-01
2.321966901849815412e-01
2.350146669853872272e-01
2.367592224325487937e-01
2.390263993815400223e-01
2.416548842836279132e-01
2.396980022467332661e-01
2.399790593017719076e-01
2.341695398201137368e-01
2.330851274842340171e-01
2.291938490252374561e-01
2.299806790327688921e-01
2.315014271426689418e-01
2.329197108010602757e-01
2.343469865695337884e-01
2.340352166008847767e-01
2.347918826758944588e-01
2.350940381900093190e-01
2.339656277994997813e-01
2.346657455145672866e-01
2.359287188209954478e-01
2.365032918200457579e-01
2.364190729167908456e-01
2.375197874155753341e-01
2.422651311250924033e-01
2.431277408325542566e-01
2.429533069732373041e-01
2.440964865744778833e-01
2.484387697061111178e-01
2.490019481545282798e-01
2.516129664158581747e-01
2.508514071356807151e-01
2.493487316134539444e-01
2.501484180662361112e-01
2.484922408053516496e-01
2.482816961660333221e-01
2.474090120664239334e-01
2.462915373590664481e-01
2.436561608935033374e-01
2.430452138522544991e-01
2.421962716190386444e-01
2.430517067931511066e-01
2.444889048400037401e-01
2.454831174300911578e-01
2.448337033902310000e-01
2.450294014615852223e-01
2.432590099035199793e-01
2.423872769861735998e-01
2.400300731120904307e-01
2.402896175770797560e-01
2.387723047181695701e-01
2.396168205022082831e-01
2.438987607739949437e-01
2.461178389100743824e-01
2.539780673568978187e-01
2.590691098261672098e-01
2.650538868542999804e-01
2.701498182845365470e-01
2.726866018441038153e-01
2.791261446135847035e-01
2.809828052563809186e-01
2.818078749776414815e-01
2.880429628972497880e-01
2.927387098341551752e-01
2.947350744765045438e-01
2.990558498622337136e-01
3.009144907293909710e-01
3.044214268905803267e-01
3.055518764636395712e-01
3.043728922209847365e-01
3.036920986258155319e-01
3.057352925742143901e-01
3.072176211264552870e-01
3.067086133363794986e-01
3.080030666075703194e-01
3.080166431909034386e-01
3.118360415334109348e-01
3.153307107308643831e-01
3.222772056108796912e-01
3.276306927659569102e-01
3.336240441736108564e-01
3.388394365107180728e-01
3.459226583513235753e-01
3.483198808231096621e-01
3.536293085877197928e-01
3.552465581596140343e-01
3.567164412458059819e-01
3.603257678540233711e-01
3.629553960368393506e-01
3.632514053597331039e-01
3.652920518138482731e-01
3.662098790963875805e-01
3.666376476932530770e-01
3.663065304689027135e-01
3.666846400593178901e-01
3.690087068866262920e-01
3.714522682362245698e-01
3.755567640190874967e-01
3.781430255418173902e-01
3.800457490074928835e-01
3.822739128391367536e-01
3.841206587951906393e-01
3.861477574862707263e-01
3.872598776120286801e-01
3.892274313120013818e-01
3.899175875992733076e-01
3.923260171542286567e-01
3.962362222748508911e-01
4.079334982483565630e-01
4.145607409069080318e-01
4.177458609967587000e-01
4.189776471559801818e-01
4.190791740344786964e-01
4.150545408953538185e-01
4.121094374727147236e-01
4.061929936071528857e-01
4.055647937287455984e-01
4.021885084000411115e-01
4.003094610667742859e-01
3.982273004746033629e-01
3.956801496805375518e-01
3.942429534541769254e-01
3.926071863483927005e-01
3.912361796040365047e-01
3.899858977486447831e-01
3.893893963046400342e-01
3.885222126576277080e-01
3.874743739244537188e-01
3.865812959668590842e-01
3.852214766062181939e-01
3.855395242232806940e-01
3.853259982727897381e-01
3.852893748357568149e-01
3.858223749863097796e-01
3.856266346648765664e-01
3.860039697658636526e-01
3.860332676370767935e-01
3.854102978386443334e-01
3.853416232393560015e-01
3.851966896651769501e-01
3.847084220390902809e-01
3.841163538248502096e-01
3.837658818773494462e-01
3.835150193252028217e-01
3.830600234135559390e-01
3.826784996250721660e-01
3.825848411512180469e-01
3.826277147743127882e-01
3.821686679460558622e-01
3.822704747668324021e-01
3.820705664548400549e-01
3.815954926805031899e-01
3.814233212975232656e-01
3.809609190752932806e-01
3.804010408887451566e-01
3.801139646542228689e-01
3.792342612622792708e-01
3.789458068195341589e-01
3.784166647908032699e-01
3.780084503278665076e-01
3.797652087751514638e-01
3.831357770668232243e-01
3.855249814379809736e-01
3.863906333604379961e-01
3.863974436181573102e-01
3.860312039797031969e-01
3.854018896051106813e-01
3.846642123368264610e-01
3.849332652791185305e-01
3.851685332084550106e-01
3.853924557948468221e-01
3.855110033387653679e-01
3.848872405995524271e-01
3.838141615134290086e-01
3.821258995093067545e-01
3.808992360492129414e-01
3.808002856549833615e-01
3.833304159311742287e-01
3.852933854181370688e-01
3.840898580069352364e-01
3.825435978720926333e-01
3.811366303534053368e-01
3.791651108130247860e-01
3.762899704500700104e-01
3.759952700507852019e-01
3.768401969169355992e-01
3.762796270430910917e-01
3.760357369377743675e-01
3.756236014294335734e-01
3.747727949134764813e-01
3.742874772664941951e-01
3.736546913821210958e-01
3.739050171584685223e-01
3.740608410528151739e-01
3.741184270250669797e-01
3.744280994604236579e-01
3.744616365254465618e-01
3.743274134561436761e-01
3.745391906223611289e-01
3.743670835840468003e-01
3.746561176490137979e-01
3.747565911998210764e-01
3.734853262486952374e-01
3.729772940227298883e-01
3.732599971796947136e-01
3.736164474058277785e-01
3.740951828614548225e-01
3.741163746495062004e-01
3.733058723690566572e-01
3.725763168055207797e-01
3.719407442687595045e-01
3.706158474580175666e-01
3.695116524439182037e-01
3.691527242563846234e-01
3.691512423211588678e-01
3.694582577612675056e-01
3.693303674349164289e-01
3.944962572127386768e-01
4.003848233106415688e-01
4.042107196114516632e-01
4.050766585959106880e-01
4.054153335673435499e-01
4.061126111958305862e-01
4.060017340254163387e-01
4.049216545700233261e-01
4.044495834906429721e-01
4.056043534062361844e-01
4.068404248167724613e-01
4.074853270018738427e-01
4.073130305527306594e-01
4.064775006590426454e-01
4.059367475874623987e-01
4.057761093605823932e-01
4.053318107920745872e-01
4.053231368335631912e-01
4.049815933068165452e-01
4.051716198526025270e-01
4.050587985991757067e-01
4.047251395687225251e-01
4.043968587024941996e-01
4.038515348752394485e-01
4.027208813267977860e-01
4.016902127714302995e-01
4.012986893273225997e-01
4.003068941871251729e-01
4.003125385498959021e-01
4.008769063438215041e-01
4.043808459084706208e-01
4.037991307366160521e-01
4.031461220721191396e-01
4.106512226497902041e-01
4.153950728497235456e-01
4.141344663724141340e-01
4.122438762744464191e-01
4.139662148887719995e-01
4.061784458044633839e-01
3.933158819340104584e-01
3.966011124435336321e-01
4.060579151307792123e-01
4.124660630285262863e-01
4.164576399368852822e-01
4.174443933604508605e-01
4.180699121092399384e-01
4.155780574320223075e-01
4.107939733072127342e-01
4.070009184934962887e-01
4.025253228162463670e-01
3.978283318037734162e-01
3.957064189663470621e-01
3.951861154524878850e-01
3.917233686986999475e-01
3.881630544879954292e-01
3.816900335264368782e-01
3.771638898305244569e-01
3.720913467797542507e-01
3.669209535712960046e-01
3.618765554086664227e-01
3.612138908843909868e-01
3.603080227868526997e-01
3.598235132449693063e-01
3.533548668681831262e-01
3.515561160783838290e-01
3.468495198439633387e-01
3.445436376298751657e-01
3.386486407712361868e-01
3.347366499729746980e-01
3.330128027067972285e-01
3.326529230211261456e-01
3.336517130995378944e-01
3.354139914246478393e-01
3.436083268731159324e-01
3.486625694425924959e-01
3.551542849922600942e-01
3.574785743746250466e-01
3.608877409088132593e-01
3.629948301136459166e-01
3.653607285040123553e-01
3.699630360812423691e-01
3.696341235811539949e-01
3.738751686244925487e-01
3.762805713302013744e-01
3.763433398350264358e-01
3.769229439740457432e-01
3.772241503045001831e-01
3.771753522645190371e-01
3.764227564343950450e-01
3.746970254529492506e-01
3.719031575256050992e-01
3.690585691131476609e-01
3.622885853198472006e-01
3.592764155331121256e-01
3.554146951746491867e-01
3.442707050096520116e-01
3.391153199148607134e-01
3.341204008752489685e-01
3.277082265478126755e-01
3.246420153324643953e-01
3.200528318284667217e-01
3.175761405473697119e-01
3.147685151954023319e-01
3.066331213035699554e-01
3.061460906422687200e-01
3.013443216846436457e-01
3.013177766341049169e-01
2.972018375027115633e-01
2.985382205995066318e-01
2.984968769247745013e-01
2.981018430362377680e-01
2.972995332787167211e-01
2.987668061529155650e-01
2.985684131180494361e-01
2.971483553568270986e-01
2.943581450217016005e-01
2.901574491823876167e-01
2.880079802733068184e-01
2.823620148235458927e-01
2.798375479349411443e-01
2.768827987495490195e-01
2.726182065453192638e-01
2.697466864276875098e-01
2.621638777473810911e-01
2.589096519522038897e-01
2.517875354775443442e-01
2.483074958907978413e-01
2.453118312929565281e-01
2.384712949261594828e-01
2.357206642481554648e-01
2.311847493315333235e-01
2.283832747519557727e-01
2.244538692192903639e-01
2.226160418438234145e-01
2.202949795489555218e-01
2.167276719043506050e-01
2.152314780848822717e-01
2.171538613523780747e-01
2.201940808743663158e-01
2.205605636901691036e-01
2.251011003897140927e-01
2.224408552705448294e-01
2.227892195540601972e-01
2.271998544002436504e-01
2.306058167435330597e-01
2.294456506925210137e-01
2.294030714322838616e-01
2.320673386572212060e-01
2.334582020867123076e-01
2.300767053227261993e-01
2.273650942800317931e-01
2.255830608296335305e-01
2.234334168557789158e-01
2.210229313706866261e-01
2.181715018514171489e-01
2.157308598090945939e-01
2.156923558544900366e-01
2.173917021287274376e-01
2.167968294194769774e-01
2.179725610177799533e-01
2.213143787679595353e-01
2.213054224330511799e-01
2.240908276647673170e-01
2.269156180509487031e-01
2.285210964774611886e-01
2.255674411269784352e-01
2.288362635277877422e-01
2.282788735574214911e-01
2.216675193924300125e-01
2.211385981740029982e-01
2.201681534632667636e-01
2.159703605282951300e-01
2.036028123655582167e-01
1.982913910790662093e-01
1.940143768808618718e-01
1.899657302255172708e-01
1.924162829323563806e-01
1.865656015915983790e-01
1.918407900261675514e-01
1.876415582858787789e-01
1.906288227856235695e-01
1.867235212474092909e-01
1.826900385960702200e-01
1.831087177279131506e-01
1.786311909796352571e-01
1.756092170047960088e-01
1.713373756274362836e-01
1.671605825952178492e-01
1.638326672373088821e-01
1.630383686872480253e-01
1.600717680783659280e-01
1.598965612306020301e-01
1.626014182290141663e-01
1.635220850730102204e-01
1.651877850330209230e-01
1.644218838520541681e-01
1.624174002995423249e-01
1.617663860151014876e-01
1.595198408595502881e-01
1.596122610735706548e-01
1.605954865190983294e-01
1.603887790921633694e-01
1.622884376187507527e-01
1.614941409865558175e-01
1.604493941551630720e-01
1.580357238140936427e-01
1.576959270425097037e-01
1.544265522374677346e-01
1.540272088225324298e-01
1.526440895350496263e-01
1.532305096199993444e-01
1.536567373053523977e-01
1.534308953822416388e-01
1.520765422323832050e-01
1.501625006488036262e-01
1.493635201839138282e-01
1.508806036499131809e-01
1.512587766169906367e-01
1.442120563004030687e-01
1.381997623239674955e-01
1.389571879701250456e-01
1.437930901631085390e-01
1.503754070525702424e-01
1.526012568182188445e-01
1.528649620763023464e-01
1.469572220681786556e-01
1.439898541874727877e-01
1.458242005902725402e-01
1.509248616374119500e-01
1.503085685658326620e-01
1.490271546260217017e-01
1.490001694205748684e-01
1.487190750313890641e-01
1.488357098052855709e-01
1.492556063441997649e-01
1.490775923217894650e-01
1.506723463914950989e-01
1.516867011787158825e-01
1.527557265414161702e-01
1.544605215467033665e-01
1.557459311772936561e-01
1.558145786903591956e-01
1.551435898229645560e-01
1.549052809302865763e-01
1.552647972531389642e-01
1.550897146174603225e-01
1.565877726497240385e-01
1.585046660825954190e-01
1.608920069594641789e-01
1.651759669699640054e-01
1.646710560766533882e-01
1.657234820022489563e-01
1.665878809144373529e-01
1.676756304622877003e-01
1.662967276961825613e-01
1.649614340229648979e-01
1.633991731852946772e-01
1.624969739157386961e-01
1.604633764295392284e-01
1.573441206874551801e-01
1.600349269515427830e-01
1.592005187316309078e-01
1.576755932000720450e-01
1.611441582865985322e-01
1.618904455446437129e-01
1.604141514936122670e-01
1.594492827283730818e-01
1.584435800272572248e-01
1.607770083542336692e-01
1.602945967998400667e-01
1.595683271656865021e-01
1.573992997841542063e-01
1.552832402701382897e-01
1.544009341026965354e-01
1.542817694326315547e-01
1.553119181826843886e-01
1.560239581376440809e-01
1.582082325163830516e-01
1.593290546062987867e-01
1.613477037887815768e-01
1.633642536856091121e-01
1.621543801860911849e-01
1.622103919971918939e-01
1.612045401043162018e-01
1.590277249113966063e-01
1.587763036775864112e-01
1.584040518743842219e-01
1.592882323066728278e-01
1.562447015818466955e-01
1.550281584982277638e-01
1.499831763055174683e-01
1.482158120180859240e-01
1.462842901846883592e-01
1.381023650052695395e-01
1.370518105536940034e-01
1.383135444360660549e-01
1.388815111804277413e-01
1.350768477045680149e-01
1.345934011653207030e-01
1.307322732470934112e-01
1.299205043956551398e-01
1.296576631324418416e-01
1.280848547929596126e-01
1.264064339899400591e-01
1.260595259847837324e-01
1.268653225073087254e-01
1.272854059334444232e-01
1.270694654112363986e-01
1.264893219850229122e-01
1.254359916378382511e-01
1.256479274366522902e-01
1.233069347874526794e-01
1.219863153975716125e-01
1.228256315041832691e-01
1.298042990151812848e-01
1.328903164923336822e-01
1.385436448291984257e-01
1.445861252763897264e-01
1.534526378500462029e-01
1.626556295399185503e-01
1.620537421618652996e-01
1.610140977965071607e-01
1.648627476057250296e-01
1.649135824275109741e-01
1.645541853840640778e-01
1.676802662713554326e-01
1.711067149956335409e-01
1.752260934574295381e-01
1.785772895512513225e-01
1.813037281207789397e-01
1.793368723355020511e-01
1.798800763186951257e-01
1.796172742094837294e-01
1.807647936316077453e-01
1.818152305735960816e-01
1.808034278317998400e-01
1.787750311901709632e-01
1.794386869378798988e-01
1.784446700255046259e-01
1.793793144025775110e-01
1.790267905110649871e-01
1.822000986255820909e-01
1.837573461766666416e-01
1.901381612067551685e-01
1.956886113673151906e-01
1.975813710075576546e-01
2.012635806237428882e-01
2.039022725819820969e-01
2.039756593855310551e-01
2.005667119976051738e-01
1.982123299835510943e-01
1.946413156010060319e-01
1.944893873443113708e-01
1.958910400829892706e-01
1.954709345285921551e-01
1.922162627129258838e-01
1.971376754645491614e-01
1.961067554426627613e-01
1.906978240547871906e-01
1.902526670675769582e-01
1.919016065584444319e-01
1.918488574724557527e-01
1.990012850852638515e-01
1.975589313353370291e-01
1.963021942839401623e-01
1.941800955651356575e-01
1.952056861111425845e-01
2.031894827613074384e-01
2.039378724638211127e-01
2.027227111186071518e-01
2.004118067080027654e-01
1.980803560003926433e-01
1.960635695358649011e-01
1.950666247165863121e-01
1.939564447849841111e-01
1.912075473468434761e-01
1.899855117420097272e-01
1.868118367097141019e-01
1.868029072921519318e-01
1.836410568177531122e-01
1.840024427320170186e-01
1.861947193803780431e-01
1.849309689606536966e-01
1.870792374790905266e-01
1.903604174431830220e-01
1.933356859610905754e-01
1.949663049628105049e-01
1.990980733075075615e-01
2.029449910383989697e-01
2.066522622932568387e-01
2.086976613061110597e-01
2.089159346639733739e-01
2.130981849460321376e-01
2.127503174508756090e-01
2.178077957256208119e-01
2.223664377335135556e-01
2.227241545197325978e-01
2.300313715629124511e-01
2.343672918079650613e-01
2.394890495493975091e-01
2.438159531780803579e-01
2.474830809301099277e-01
2.492866434568987155e-01
2.494243443644636460e-01
2.528066636131845457e-01
2.536778552082540883e-01
2.505382107551270554e-01
2.503455033818394737e-01
2.535881942998622351e-01
2.495431803572723262e-01
2.493256976460746788e-01
2.415759956385421514e-01
2.391502150783823277e-01
2.354755066228590987e-01
2.298401954297978889e-01
2.261368674837041792e-01
2.183438454367791215e-01
2.132294432599444178e-01
2.055889224820073580e-01
2.021268547828640183e-01
1.971894612028498583e-01
1.976018321203414918e-01
1.956063153491213458e-01
1.933252352662408191e-01
1.954423281280643632e-01
1.934061106798378449e-01
2.008632448249215163e-01
1.931396112325186598e-01
1.920634809741747218e-01
1.861096788746564590e-01
1.842067139827998634e-01
1.828813015045631651e-01
1.768217543026836258e-01
1.765291288548504478e-01
1.791161323343523348e-01
1.798053403623520452e-01
1.818446598769782041e-01
1.819020022072164455e-01
1.831653933654810440e-01
1.864315304401855111e-01
1.877039468065997696e-01
1.880542961457040696e-01
1.879715794079645230e-01
1.851846030697464340e-01
1.872123386921013821e-01
1.952310845040131360e-01
1.977606380119024121e-01
1.945979061599372173e-01
1.988060201673768623e-01
1.990325102483115893e-01
1.981309301580944093e-01
2.027264567026312581e-01
2.057043249552568676e-01
2.024607969675141228e-01
2.110652787730652180e-01
2.106044589752041063e-01
2.160647694034419919e-01
2.216098585573450519e-01
2.199540943667496473e-01
2.206329964627142814e-01
2.238719478954865338e-01
2.268359410915430918e-01
2.344168905625780563e-01
2.460143679525174099e-01
2.555701200726832600e-01
2.686044331241909666e-01
2.766155324096863932e-01
2.851113672001626131e-01
2.898292464131019264e-01
2.943820427031741405e-01
3.007610160339986294e-01
3.058810313713029028e-01
3.160987321328137534e-01
3.209708421622447516e-01
3.270280398986196158e-01
3.325445579023947329e-01
3.370970405773163203e-01
3.520174038562540186e-01
3.568942390165422140e-01
3.583829249985804322e-01
3.633687371252647957e-01
3.655959359983675938e-01
3.710876861249272629e-01
3.753157800638329267e-01
3.795953409833061065e-01
3.867158085630330033e-01
3.873638199253710557e-01
3.912308998582973985e-01
3.903876298627418362e-01
3.941185936674492796e-01
3.938855279630161244e-01
3.955900188968017317e-01
3.954851736416831187e-01
3.947492332615767374e-01
3.937736042448938822e-01
3.954873305277266105e-01
3.953776870730758008e-01
3.960057715637368414e-01
3.928348402025098607e-01
3.962332422332695003e-01
3.949467020820067176e-01
3.987466995443166295e-01
3.980434661382978301e-01
4.037549736076658791e-01
4.042648791152364529e-01
4.032752133381890536e-01
4.088051275286466724e-01
4.067100278407123071e-01
4.059744275337994757e-01
4.101828644778789945e-01
4.139947027084773801e-01
4.152767550631468185e-01
4.169406116656701466e-01
4.244342854489350225e-01
4.312534427577680574e-01
4.346227108996384425e-01
4.378228199176326663e-01
4.423021781510960704e-01
4.445132710063272596e-01
4.461890129245613679e-01
4.556401228835547657e-01
4.561797084499957244e-01
4.590981836028903973e-01
4.587998442191761339e-01
4.642829952378620395e-01
4.626575372306305223e-01
4.612519142684999851e-01
4.648089205281742964e-01
4.642382320127221296e-01
4.679189539165181100e-01
4.676258175631176073e-01
4.675167604305890401e-01
4.679635874053931222e-01
4.721473656094520299e-01
4.734073302499871572e-01
4.735652641716328048e-01
4.760118746322776762e-01
4.751203326189852860e-01
4.747603664984954008e-01
4.829502934774982936e-01
4.835522099479257485e-01
4.910392255402489803e-01
4.974472047702107602e-01
4.970923331795533140e-01
5.035092165216947802e-01
5.116833906557084477e-01
5.194986178920808495e-01
5.255134163175909645e-01
5.315950889493507026e-01
5.368664313426183554e-01
5.341791492546149600e-01
5.348754504522359454e-01
5.331289212306499214e-01
5.287614087891768788e-01
5.208741751956601496e-01
5.042269517187247807e-01
5.040215261663463231e-01
4.947309689026108681e-01
4.889014286904437290e-01
4.778583373570289283e-01
4.779827739847620771e-01
4.742925198682895749e-01
4.729830910551721668e-01
4.669529791618778902e-01
4.664655786816628846e-01
4.609191387801268025e-01
4.614242258457538770e-01
4.627452510182120116e-01
4.651418835923044615e-01
4.604614723634393725e-01
4.590996215157767679e-01
4.593556891798107333e-01
4.575304310182924938e-01
4.624275948127308800e-01
4.637097576311639546e-01
4.733298132594161989e-01
4.735253269623212469e-01
4.733017100074635164e-01
4.792663482413583864e-01
4.822304657944908590e-01
4.787330662924674796e-01
4.778002932547783521e-01
4.746514335168809384e-01
4.731694106690451651e-01
4.726628687470221246e-01
4.737662609394679980e-01
4.784224030080297951e-01
4.841235118931207504e-01
4.831543478735311203e-01
4.880648627504066139e-01
4.896379464392495717e-01
4.862460238535767365e-01
4.867836950555252673e-01
4.875095462024918169e-01
4.822706473604553290e-01
4.851074928565906053e-01
4.845811737728610846e-01
4.873194493658544735e-01
4.839114248966289722e-01
4.849259230121766850e-01
4.822503393923860404e-01
4.873026189942546438e-01
4.954408467497964930e-01
5.002276687755938811e-01
5.149690321357447420e-01
5.215417188032570595e-01
5.249073774111476798e-01
5.270055622553591057e-01
5.201908909751582488e-01
5.253860776313680203e-01
5.329026564618267736e-01
5.393907804553338403e-01
5.475539688155126594e-01
5.501690082574360874e-01
5.543846527180623651e-01
5.642773222037782421e-01
5.723095908830919676e-01
5.727368808108634912e-01
5.672170213566762875e-01
5.672734111954259584e-01
5.728195571921644857e-01
5.717073813035202789e-01
5.628929065895001971e-01
5.503190172800549451e-01
5.344298551141177800e-01
5.282876440771482329e-01
5.171454594630122692e-01
5.173956672741361063e-01
5.179417088430313676e-01
5.184127613610959306e-01
5.196169477140576420e-01
5.217158773975936192e-01
5.172040827127182272e-01
5.161700346077899848e-01
5.135349226804736267e-01
5.127521698160468766e-01
5.122390284963729279e-01
5.113455388180342398e-01
5.100289853475250546e-01
5.082044987572353900e-01
5.065574385670403856e-01
5.060091718223584945e-01
5.063221385107217198e-01
5.083653509480918764e-01
5.077760337479070296e-01
5.086478342709510603e-01
5.102501434716886219e-01
5.129809647575102050e-01
5.156608196029600633e-01
5.254987152836915199e-01
5.233002568202720362e-01
5.225037830101563197e-01
5.285018253376666530e-01
5.292888393077961329e-01
5.285894858267482510e-01
5.289013345820238188e-01
5.352651264062460168e-01
5.366178553528909712e-01
5.372523796200935342e-01
5.380037155269593585e-01
5.385427193784653177e-01
5.318403913112301762e-01
5.360100408467934896e-01
5.311707984030625829e-01
5.281783444415387718e-01
5.251175010053421577e-01
5.234362429273279327e-01
5.201071380616160145e-01
5.178769961139211286e-01
5.157165867216909616e-01
5.152957870658809725e-01
5.146243765643055967e-01
5.145872297704414677e-01
5.145409285423706569e-01
5.141723967399921547e-01
5.134255946415346994e-01
5.132271315570867687e-01
5.139490310622676361e-01
5.153096148105636987e-01
5.173051008657575389e-01
5.193253689775634285e-01
5.208216416649777969e-01
5.215369916580230303e-01
5.224816579404742978e-01
5.229224147174680315e-01
5.226151827457202748e-01
5.218306669907276651e-01
5.201118302752704148e-01
5.175096875901951110e-01
5.132668431637918971e-01
5.114824514685066825e-01
5.075535727011515341e-01
5.049874802585795353e-01
5.025120669830329678e-01
5.005491775493304818e-01
4.991564123257945518e-01
4.980735634692958214e-01
4.963385654556396465e-01
4.944984380043829231e-01
4.913395265688064173e-01
4.910765393888301689e-01
4.867060262123470982e-01
4.833379057568735204e-01
4.776580581888102417e-01
4.738453342929443979e-01
