2.195354473365984313e-02
1.612102172879046127e-02
1.369135693637793354e-02
1.534288495712545462e-02
1.484569750056359203e-02
1.500001083643035839e-02
1.447345503119163747e-02
1.306483006787569588e-02
1.354806479878826499e-02
1.246273182890906238e-02
1.195495985119300435e-02
1.142171964435819906e-02
1.119310787739927378e-02
1.396286822535753105e-02
1.513466977680700404e-02
1.486195586174661985e-02
1.492892680134077707e-02
1.337962832562917918e-02
1.331235914546879950e-02
1.283128045245080125e-02
1.219336191787915094e-02
8.671415852014358397e-03
8.168370850255084539e-03
8.328556945167294237e-03
7.754171774552499202e-03
7.191005063695368738e-03
5.915185546927155362e-03
2.662823171532625703e-03
3.785815334077916039e-03
5.927282385161770396e-03
3.053989778007766293e-03
2.677172792075693461e-03
3.746799621552941804e-03
4.648950706851195415e-03
3.824924146501375213e-03
5.407422504428727357e-03
6.283578171619325255e-03
2.912810887388736763e-03
3.644444662547294961e-03
4.230850436960521994e-03
4.815393130360013860e-03
5.285019270935584039e-03
6.111470341426914442e-03
7.194630698579146388e-03
6.641959808701938112e-03
7.032279091801078678e-03
6.154819041206694048e-03
6.967475226571572151e-03
7.481225373922844278e-03
8.917844233271274984e-03
1.145768132684119381e-02
1.248111194305248292e-02
1.031132422408059801e-02
1.048126208275463114e-02
9.785854309788614980e-03
1.018239656279040437e-02
1.227726514320683950e-02
1.414145459803890260e-02
1.571811835107318409e-02
1.806625988681596906e-02
2.312059929370311601e-02
1.818240838173208057e-02
1.885942393350438853e-02
1.802417280152201345e-02
2.063289059094193870e-02
2.029698086805141466e-02
2.227958441111410962e-02
2.072677658661195924e-02
2.406419457777024887e-02
2.622917652014976342e-02
2.598591114579702419e-02
2.610310443529700875e-02
2.639779431425451003e-02
2.799067613406118482e-02
2.856800463388577474e-02
2.907783721251650313e-02
2.908578766753983774e-02
2.892563055411224646e-02
2.850853097897319138e-02
2.600845244116797850e-02
2.655691716971865859e-02
2.739671264676192194e-02
2.761016706765123327e-02
2.715484241610614455e-02
2.682639836420418894e-02
2.661993053213356636e-02
2.641508414266370564e-02
2.617727568596299806e-02
2.573940578944901303e-02
2.527140190800097191e-02
2.457918331525395933e-02
2.373505123944507147e-02
2.288969219055595264e-02
2.226642767018977009e-02
2.179691130954241121e-02
2.107545935952121960e-02
2.026011161239988159e-02
1.613918932999474851e-02
1.313805245930480328e-02
1.252025378055498898e-02
1.308434137175163402e-02
1.348094294092246591e-02
1.543449262733603312e-02
1.762582860690479689e-02
1.838715118954295513e-02
1.937280067106249976e-02
2.131190299065672394e-02
2.172527793549952971e-02
2.191760550469413690e-02
2.212659321576745941e-02
2.216668434026189058e-02
2.311593996102053947e-02
2.454409861650538871e-02
2.549617681099486388e-02
2.729437832111496903e-02
2.828491317029539071e-02
3.128119263242834514e-02
3.401422067655785614e-02
3.665425131586561025e-02
3.891894743534066864e-02
4.152200653833768712e-02
4.375622521136672549e-02
4.531690145576582063e-02
4.801078118641097930e-02
4.704310788404450494e-02
4.689766988007715992e-02
4.622065587995818903e-02
4.556265913381044724e-02
4.495850886380898387e-02
4.547547169118203864e-02
4.256473139325772648e-02
4.241560403767201393e-02
3.946182982706884085e-02
3.951256470784261787e-02
3.695247551984258416e-02
3.697604376234644996e-02
4.125219933182591725e-02
4.134327097397662992e-02
4.275866158885759105e-02
4.348532318884560516e-02
4.438387451863614469e-02
4.610065442203121339e-02
4.717079922123357250e-02
4.870468030822148325e-02
4.956818419000114800e-02
5.182365997569509525e-02
5.423500680859649065e-02
5.695114936054058996e-02
5.855512168437031900e-02
6.147419047204170234e-02
6.360811950479045018e-02
6.676920669632996352e-02
6.693163911266751531e-02
6.813012431086658272e-02
6.910318116698672963e-02
7.248060584177300203e-02
7.301650008479604326e-02
7.349166384756250503e-02
7.543570152758376224e-02
7.593365876316122975e-02
7.236687117342470443e-02
7.376475233100017459e-02
7.185408566114989681e-02
7.390027912678413802e-02
7.005342108317753891e-02
6.896983247496538127e-02
6.949073205394958042e-02
6.920328245946666401e-02
6.835664951634316810e-02
6.751484859607592703e-02
6.798910000317834323e-02
6.739831613746316563e-02
6.922048071884717713e-02
6.983016256973358094e-02
7.169394663146311242e-02
7.078990017987318861e-02
6.987241692902668166e-02
7.149162953711427071e-02
7.365803057672556942e-02
7.488404579664990901e-02
7.862321981733753906e-02
8.282359914284243008e-02
8.542401576194413870e-02
9.073310692359107255e-02
9.382899771304620273e-02
9.506841942351633434e-02
9.799661481645485783e-02
1.002446639528551953e-01
9.978405993112896000e-02
1.019212937824668930e-01
1.046887977055797753e-01
1.053577281331731924e-01
1.087688619749228175e-01
1.102682785837091339e-01
1.137737690537301699e-01
1.146816223726224021e-01
1.154088819669380761e-01
1.152264137110517034e-01
1.155651639229149236e-01
1.151833996586446862e-01
1.140650579715842272e-01
1.142864587498491902e-01
1.147763425028939938e-01
1.167147234107723114e-01
1.204478285634218160e-01
1.250417744832781897e-01
1.301887842096780268e-01
1.343486044011840408e-01
1.390270828412371595e-01
1.416335495024573510e-01
1.443138685655955822e-01
1.473351650615925545e-01
1.478065883182198004e-01
1.475303441118676340e-01
1.487810156222635349e-01
1.516317552973234228e-01
1.568563126056975177e-01
1.612860742737050601e-01
1.643347672833643247e-01
1.679753692887016314e-01
1.670958396270980362e-01
1.694851221402037811e-01
1.678170054095740604e-01
1.700210827991577578e-01
1.743256066456399245e-01
1.760908575839406354e-01
1.770239278379687198e-01
1.771794797162253021e-01
1.780926520179062222e-01
1.810494239932435578e-01
1.832885023317878670e-01
1.835809806612613837e-01
1.846803346537664869e-01
1.851518204565418269e-01
1.870492750341384014e-01
1.916027678207240792e-01
1.990034996218689456e-01
2.006051223788232196e-01
2.010984092751210428e-01
2.010788763592388506e-01
1.984845868282259507e-01
1.968318220313501343e-01
1.933658064038298596e-01
1.930668907058843697e-01
1.911113436655044462e-01
1.900109569451582103e-01
1.888426637619257942e-01
1.873884585760592358e-01
1.866088130879319795e-01
1.856946647886248136e-01
1.849148466738222418e-01
1.842935735507147399e-01
1.840180666227355655e-01
1.835383566650723441e-01
1.830185112786628376e-01
1.825863905229087314e-01
1.819385441505888545e-01
1.821470504837880422e-01
1.821438707852710281e-01
1.822938406510858367e-01
1.825738238640181865e-01
1.826544503981506751e-01
1.830028165478971569e-01
1.830536020288010546e-01
1.828225492651563977e-01
1.828816320011392160e-01
1.828705765074455369e-01
1.825964250027632407e-01
1.823536003364744362e-01
1.822009498787247050e-01
1.821343081466837988e-01
1.820108943290840720e-01
1.817932418262038774e-01
1.818415068646577759e-01
1.819300790701108284e-01
1.817007977043088029e-01
1.817412576195425733e-01
1.816736367013197517e-01
1.815317935406747241e-01
1.814555050104373624e-01
1.812517497338518302e-01
1.810227977913813624e-01
1.808159217832626675e-01
1.803893772871316137e-01
1.803081796432682848e-01
1.800767188015232612e-01
1.797311730717698897e-01
1.811181114992371222e-01
1.836836553857018328e-01
1.856668801884777398e-01
1.864630917562890289e-01
1.861672217822691877e-01
1.858734089388462962e-01
1.854221748631476041e-01
1.849621083563036950e-01
1.851854441910129323e-01
1.852870211250358112e-01
1.853601665594149517e-01
1.854438806604059853e-01
1.852359204805499593e-01
1.845715537360819725e-01
1.833547303960222363e-01
1.824125204044264592e-01
1.824698764480509883e-01
1.844637668415080312e-01
1.860198575926054476e-01
1.852781232368274911e-01
1.841283743014876795e-01
1.830521826379566674e-01
1.813796097266548446e-01
1.793217800936413031e-01
1.791445571207617160e-01
1.797683470640483727e-01
1.793696918139084939e-01
1.792243008631045631e-01
1.789525111733335505e-01
1.783440403873059743e-01
1.780090384452280017e-01
1.777512143084792329e-01
1.779628241399051070e-01
1.780641501317519193e-01
1.781338938186077248e-01
1.783381827821831078e-01
1.782955659716735364e-01
1.782182009258691802e-01
1.783866010668881119e-01
1.783662308937356278e-01
1.787141363120873516e-01
1.786990877504825992e-01
1.778342513578549944e-01
1.775434531514835934e-01
1.778017501144520951e-01
1.779849389434838558e-01
1.782998696510895709e-01
1.783770416438397455e-01
1.778121620775694189e-01
1.773015185452810061e-01
1.768906835533726463e-01
1.760121745887942846e-01
1.753676080639368640e-01
1.751951954978503700e-01
1.752174346403696237e-01
1.754117158962783529e-01
1.753341537191371591e-01
1.913184984331917082e-01
1.948364414285950752e-01
1.971586224085974670e-01
1.977391685572013891e-01
1.980516562619150933e-01
1.985186798278902875e-01
1.984098142292056444e-01
1.977172660237253021e-01
1.973537309716041910e-01
1.981067786848868251e-01
1.989548190015320572e-01
1.994736244121605995e-01
1.994283815332123233e-01
1.988223429793806729e-01
1.983769280260215817e-01
1.982824963864149859e-01
1.978463319728273051e-01
1.976459295659985516e-01
1.974543902519881322e-01
1.975385063536596597e-01
1.973056471837323356e-01
1.973507106316679804e-01
1.971296216773712751e-01
1.968293894194282356e-01
1.962240528401130446e-01
1.956512424875163081e-01
1.954204906678680687e-01
1.948914899590543370e-01
1.938071958169388098e-01
1.939166496291353237e-01
1.956967717315681865e-01
1.982965092080418434e-01
1.968434223885892620e-01
2.011267727722438337e-01
2.025911302378928525e-01
2.015524535007299500e-01
2.004903812872328994e-01
1.992515776843532538e-01
1.966105541224934528e-01
1.889647948566789692e-01
1.888417877312107973e-01
1.935573576222596182e-01
1.953558575859434265e-01
1.960006260578258941e-01
1.978886475925297761e-01
1.966570645668251072e-01
1.937957238851601982e-01
1.917089264949607130e-01
1.881572578288089603e-01
1.863985329627259879e-01
1.836068881028571076e-01
1.821655835508785848e-01
1.817917251634728337e-01
1.800827683763024101e-01
1.777758556338331908e-01
1.750539665224447594e-01
1.737593152506045069e-01
1.708212202383400657e-01
1.695646777930417126e-01
1.664701817790724125e-01
1.683740740196072450e-01
1.683991256441037254e-01
1.694180813547506992e-01
1.646777295799112806e-01
1.664245390797992330e-01
1.617055703862181337e-01
1.603308531151293737e-01
1.569847264501068040e-01
1.553951111242648508e-01
1.537593692817915692e-01
1.521100224224863906e-01
1.541082123836078344e-01
1.550931806035945049e-01
1.583067657409328866e-01
1.607572357971641663e-01
1.625158061780309915e-01
1.647607113051721972e-01
1.670505522213384386e-01
1.685291916728848538e-01
1.730842637510274507e-01
1.763693308496211420e-01
1.762518864603314916e-01
1.808349143503939216e-01
1.837135217010447685e-01
1.833714715119099947e-01
1.864694254400950102e-01
1.874446017343771864e-01
1.862345678995059317e-01
1.849823231809284430e-01
1.811537534150333140e-01
1.788190441823150068e-01
1.767674295304209608e-01
1.725982628274757569e-01
1.687255018907569681e-01
1.645578302906169355e-01
1.586782283709980146e-01
1.559176294918888928e-01
1.523799295378529539e-01
1.485963437677326471e-01
1.478884847883360776e-01
1.454108524086418774e-01
1.429655220922368131e-01
1.412194547169200176e-01
1.398483981018099065e-01
1.408837906454039057e-01
1.406407969363309141e-01
1.415847234943237165e-01
1.406047979065461750e-01
1.422865782773783117e-01
1.412450217553885001e-01
1.408335749036706830e-01
1.413726969537648370e-01
1.438769126598307690e-01
1.442951503432552962e-01
1.430634530683738970e-01
1.423553852569510725e-01
1.412798575554197744e-01
1.413777875085495406e-01
1.394969294615016064e-01
1.377907644862601533e-01
1.351879973198487905e-01
1.343315932546453595e-01
1.326765603182783471e-01
1.292978063438580127e-01
1.260992320421129853e-01
1.187368083143760938e-01
1.122247589691371394e-01
1.077286440977107268e-01
1.038228501660290598e-01
9.960825647287836759e-02
9.963040800130176788e-02
9.970704621430641346e-02
1.023442280441752283e-01
1.013313963404996604e-01
1.054724696956270413e-01
1.089678622680291115e-01
1.125828208327021990e-01
1.194595907715411132e-01
1.226452205604532386e-01
1.264828054153531722e-01
1.277223697740231534e-01
1.275026242388574427e-01
1.280807607818224558e-01
1.309920482112289786e-01
1.340211109643006104e-01
1.356568309292735808e-01
1.386118491904832217e-01
1.402929417962244241e-01
1.428978998698580138e-01
1.430724621296091958e-01
1.439594976398053394e-01
1.455882708921416302e-01
1.448353187072896897e-01
1.467878489727312552e-01
1.473474034760022255e-01
1.483037652027958953e-01
1.489846617076160118e-01
1.483747183274503056e-01
1.492986132738006733e-01
1.517683824187026631e-01
1.544089882190571861e-01
1.571751728880177168e-01
1.607769589799000198e-01
1.611233070729464201e-01
1.636325790704191985e-01
1.677099568714592037e-01
1.722927828450417642e-01
1.725509754715860988e-01
1.756629586997747461e-01
1.785007231576515863e-01
1.771687995672782956e-01
1.769487247267934604e-01
1.757680365028406466e-01
1.713665458095177396e-01
1.687243952807599146e-01
1.676009200917777664e-01
1.648634199697699421e-01
1.638144137957265600e-01
1.631005874710239334e-01
1.617819483257451063e-01
1.611482204285790421e-01
1.603261919293692273e-01
1.581154570231981804e-01
1.590610343696699236e-01
1.553591949614632206e-01
1.532618415588299365e-01
1.490153822165963260e-01
1.472517216193754419e-01
1.433365278237916929e-01
1.433438529380895998e-01
1.438235309347740687e-01
1.441065936791011692e-01
1.445120114043771387e-01
1.457389717664690221e-01
1.468378629449007822e-01
1.494219405492557828e-01
1.512339384194335556e-01
1.529622773771133759e-01
1.509362828509600574e-01
1.506080886444620404e-01
1.507196741113554506e-01
1.521160524616690657e-01
1.517457991501989512e-01
1.487004811896344147e-01
1.466639788510074871e-01
1.423758658096778984e-01
1.421947218805131585e-01
1.387760311672590618e-01
1.366599523798068816e-01
1.334234044902294081e-01
1.305476437656263311e-01
1.293734061221983034e-01
1.269497213415340942e-01
1.236084182976360385e-01
1.192599531681860781e-01
1.151529778508568469e-01
1.101917425859739591e-01
1.057130407658144894e-01
1.004644049840909548e-01
9.968505430774356191e-02
9.565589760111445350e-02
9.507215088611860321e-02
9.439381313652239758e-02
9.368076511370217185e-02
9.164802819012120294e-02
9.190067666605916674e-02
9.074473632474840123e-02
8.921663315347008738e-02
8.956875270061324945e-02
8.653580109115134589e-02
8.560618293435633130e-02
8.523793171258821355e-02
7.936814211591144974e-02
7.797756365343445906e-02
7.153218051939871924e-02
7.030925710792186589e-02
6.903449149032758747e-02
6.374253402141261127e-02
6.246621849212068839e-02
6.181023175668654696e-02
6.134837978762514021e-02
6.168521581092220596e-02
5.881485906705827965e-02
5.811032952944388680e-02
5.702740049976232073e-02
5.453931978595339541e-02
5.725618181642389698e-02
5.589790558621632321e-02
5.574128470298321536e-02
5.630188998455466776e-02
5.761281328549497371e-02
6.107248027211017311e-02
6.035706415089381327e-02
5.812387156126632565e-02
6.398554525825045358e-02
6.317718118596421517e-02
6.170040347313993784e-02
6.575157261866310110e-02
6.457329820087845396e-02
6.814944041411201414e-02
6.837451673132055596e-02
6.943557192508442721e-02
6.806049824449378338e-02
6.664381948397184174e-02
6.391398783901361402e-02
6.281424217845794911e-02
6.096294312355771128e-02
5.971354936797956814e-02
5.962282095991498776e-02
6.094084420754292131e-02
6.138383029226086168e-02
5.978871270066540150e-02
6.379211881213127378e-02
6.457000630453449408e-02
6.792734266606949289e-02
7.440313225554273657e-02
7.909075277801434767e-02
8.133998022816152362e-02
8.343371490805898127e-02
8.536782617728563838e-02
8.641849973128694351e-02
8.693839469394561148e-02
8.753121589696079285e-02
8.726019324597437954e-02
8.612846234357983410e-02
8.676317368332077395e-02
8.802702640655697686e-02
8.935036546186307660e-02
8.652323067489280095e-02
9.010932181391269336e-02
8.866561577216459933e-02
8.695432154555211846e-02
8.711406289035422690e-02
8.549325849595215687e-02
8.484152376737065515e-02
8.750355315495077224e-02
8.804580518179794257e-02
9.041610983453751693e-02
9.030356161517805180e-02
8.535623550103839385e-02
8.063350610820546605e-02
7.910497529950290263e-02
7.297115182906299680e-02
7.152088751477155004e-02
6.751113738736276570e-02
6.759225989740441642e-02
6.719383436313546010e-02
6.701622699854922760e-02
6.702057572082013859e-02
6.576696684002128479e-02
6.672674809428025267e-02
6.409603495225769942e-02
6.288862900292481461e-02
5.911687993352377629e-02
5.709538700224500024e-02
5.487299642417183682e-02
5.413250053372669485e-02
5.493741027626537765e-02
5.534690657849290069e-02
5.573265842669843095e-02
5.359241403399352816e-02
5.164292434282841127e-02
4.867579006959110027e-02
4.665515148914866489e-02
4.525894174814622944e-02
4.554840213648080061e-02
4.596098574401209086e-02
4.782918902150433416e-02
4.976905193420659568e-02
4.993531388824958700e-02
5.102162865423865573e-02
5.258671980493308945e-02
5.276752538779010127e-02
5.412421640297773034e-02
5.309718486232043594e-02
5.389865513279414738e-02
5.347368286966583395e-02
5.561012316703566744e-02
5.653866506810933251e-02
5.745248027489328890e-02
5.890201446424749715e-02
5.825772332249706115e-02
5.921597411439558090e-02
5.912913630012651273e-02
5.961721381088303656e-02
6.197917144021401759e-02
6.254579758378878140e-02
6.006301889137941052e-02
5.817394184890965769e-02
5.430904487555669735e-02
5.382252124373946428e-02
5.092433002520248275e-02
5.079235043799443933e-02
4.854598645267312745e-02
4.729298138999693535e-02
4.737375156328744313e-02
4.683896169843250468e-02
4.622352703590627138e-02
4.687795485935803558e-02
4.690591497214580130e-02
4.971100426510036141e-02
5.190702099651776230e-02
5.313530432858597913e-02
5.379665786579693881e-02
5.427646379089703238e-02
5.506819040994532372e-02
5.483669921585723056e-02
5.662419729292664239e-02
5.781168465156118208e-02
6.046218404033980309e-02
5.829003593464363725e-02
5.573946585031680501e-02
5.333828996924324523e-02
5.302754405736197912e-02
5.477986989021861597e-02
5.480651798425150573e-02
5.401464968272425698e-02
5.342694766684314561e-02
5.294509836403281378e-02
4.937801733463836884e-02
4.530829455849162690e-02
3.846552981800617499e-02
3.324301080534063091e-02
2.409534382875615222e-02
2.001334885231332086e-02
1.715140468444409719e-02
1.693746740586905830e-02
1.881308302689925840e-02
2.226890220207164775e-02
2.415131154558285489e-02
2.435764012410913601e-02
2.490968697874682003e-02
2.493297591882410666e-02
2.305248157821122162e-02
1.995652244568285952e-02
1.869342442752435288e-02
1.933370322596880339e-02
2.093233113581774787e-02
2.182144086507662589e-02
2.207423753170809078e-02
2.114662498798535600e-02
2.000182428479695823e-02
1.874675644026018578e-02
1.666100335433432986e-02
1.813270736995042931e-02
1.994770438859763684e-02
2.196321768777374436e-02
2.414518007746212572e-02
2.804157294141066889e-02
2.406019075214076500e-02
2.759821357625716343e-02
2.326114238060891445e-02
2.508314181305288521e-02
2.733265516044962665e-02
3.123472874686869516e-02
3.243540193513071851e-02
2.901489039978856835e-02
2.647919823134865791e-02
3.120399810351305592e-02
3.354876863833533562e-02
3.437668408742540482e-02
3.235605617483223312e-02
3.003659416454931494e-02
3.309590810677228573e-02
2.871003087346934990e-02
2.830326981019144067e-02
2.554594860835481332e-02
2.990689725191761697e-02
3.131561917829683156e-02
3.463119011607900671e-02
3.560473511363631410e-02
3.535040676099773099e-02
3.583837876402482664e-02
3.770448015555242366e-02
3.462962968280475229e-02
3.436612913363230187e-02
3.148287428508813462e-02
3.099356061314625932e-02
3.273837356488120548e-02
3.146933037240139119e-02
3.017014655073212148e-02
2.928339181244583520e-02
2.729591286759475155e-02
2.825204012041110033e-02
3.053261532760758248e-02
2.820885703593595598e-02
2.623708613688319549e-02
2.448306387178859206e-02
2.740584511757433034e-02
2.135675513904289682e-02
1.892241879666422752e-02
2.074920062082991415e-02
2.490267122542304257e-02
2.092943053228842401e-02
2.918912651717906620e-02
3.131415804730660474e-02
4.163198179957575129e-02
4.034637848863633497e-02
4.272752828252320001e-02
4.213622576504309075e-02
3.598689359994926285e-02
3.619929315427531519e-02
3.092830887178162416e-02
2.252683930514049609e-02
2.118985113778414434e-02
1.634773047215171832e-02
1.831994809222631942e-02
2.166078541383865269e-02
2.449179441507303920e-02
2.574162221786650828e-02
2.914158259864743292e-02
3.208457362332831075e-02
3.384216255315554422e-02
3.704219420943930668e-02
4.003004715222266419e-02
4.391790464952215201e-02
4.533418378279270577e-02
4.532636200209985006e-02
5.031799943934476410e-02
5.599581308449044087e-02
5.963768032153925897e-02
6.063756768479996312e-02
6.239215408196820134e-02
6.664509373184240859e-02
6.993679179535000623e-02
7.079805391445199991e-02
6.786326250603386123e-02
6.745527506346572777e-02
6.940646741913750195e-02
7.377659636438108071e-02
7.917102599144548725e-02
8.505755734065005569e-02
9.239575941341907073e-02
1.009190662515536963e-01
1.111762049978939765e-01
1.194864383863021712e-01
1.217642269017171902e-01
1.211607087030130842e-01
1.199371753858660961e-01
1.192412008060624862e-01
1.200050636173181084e-01
1.215956465950815829e-01
1.215237636415130162e-01
1.226072928571765031e-01
1.229173774151702536e-01
1.241194670338980344e-01
1.215063474484780887e-01
1.213674847395369294e-01
1.244337493439487963e-01
1.213684023130914835e-01
1.210368364132690389e-01
1.206031532747846025e-01
1.205413930397013639e-01
1.182767037839403262e-01
1.157480987005296974e-01
1.156652201898514531e-01
1.136175832715764361e-01
1.151671699767354284e-01
1.173715068223288444e-01
1.196173813833585758e-01
1.215922069845934428e-01
1.229236909536226829e-01
1.247029814759145483e-01
1.273224252285766744e-01
1.272467929121306740e-01
1.305286519799825629e-01
1.338816552231785195e-01
1.340900581808512626e-01
1.353259547674778296e-01
1.396171539621224866e-01
1.408829510891617398e-01
1.437503393720666323e-01
1.434993013288438091e-01
1.451422123789259389e-01
1.428563328279881528e-01
1.436449187239859093e-01
1.441373060523968852e-01
1.440081806676658249e-01
1.454641467384893139e-01
1.455898130998002915e-01
1.444952849530425631e-01
1.433470931217241118e-01
1.415513506203798788e-01
1.417450381696430395e-01
1.372424180713813779e-01
1.326187880495848792e-01
1.309773378048082193e-01
1.282761314279614040e-01
1.254384830610938972e-01
1.229516268021407094e-01
1.141320596153198030e-01
1.121372228150923495e-01
1.112461380514204318e-01
1.044979863042108520e-01
1.041914022801583295e-01
1.029420372037233439e-01
9.841195322924427280e-02
9.644805957187084500e-02
9.901972270520827124e-02
9.865036566813718821e-02
9.874878289675816101e-02
1.056431575164205744e-01
1.081530016472515149e-01
1.147286708667195343e-01
1.152601131922209865e-01
1.194063656290667852e-01
1.186008084561364084e-01
1.215202682095110481e-01
1.181362681686572713e-01
1.172864958812825653e-01
1.191296424567570983e-01
1.164970183717448926e-01
1.146666716624847870e-01
1.082796901961444180e-01
1.057554388295235126e-01
9.972417891471255236e-02
9.147685961294614587e-02
9.169071404412881821e-02
8.313605191136402839e-02
7.574536196748811456e-02
7.543164408044054914e-02
6.983107396619456231e-02
6.613438928538824257e-02
6.638028827070455162e-02
6.307260290046329265e-02
6.203820805915558761e-02
5.930232388394664211e-02
5.704132784559481917e-02
5.403328740395930974e-02
5.761279634923883314e-02
5.624609908393522761e-02
5.423823327897241142e-02
5.566439107793141189e-02
6.140915089787071790e-02
6.902973372848737743e-02
6.757193342873688002e-02
7.118726008245078452e-02
7.307180740896650206e-02
7.571519312919249012e-02
7.580737405177669086e-02
7.489624153556638519e-02
7.138477135480085500e-02
6.595981819449661665e-02
6.550382984447650214e-02
5.968299624820397331e-02
5.784308675117526971e-02
5.631485042999893192e-02
5.755019455984728555e-02
5.426474997350658191e-02
5.540220449348381287e-02
5.739941882511433863e-02
5.952446002769457012e-02
6.142674514324620444e-02
6.606544946659460849e-02
6.542037666309763466e-02
7.151401759743179765e-02
7.333987745432796190e-02
7.706274498136859996e-02
7.428879474363635216e-02
7.349150438687554465e-02
7.899357170278947793e-02
7.889483354433007856e-02
7.408457924820836815e-02
6.801996000208222759e-02
6.337557518210183705e-02
5.768630935924896896e-02
5.301647677207649290e-02
5.291782031017076143e-02
5.300640733523961229e-02
5.396807472985366144e-02
5.371932945467987330e-02
5.716580042570373194e-02
5.841359068929337373e-02
5.952666506208915270e-02
6.122363166155193881e-02
6.164795388073817523e-02
6.268166033053731989e-02
6.791263857702548035e-02
6.922746588291224523e-02
7.037173467242067992e-02
7.338329760716220951e-02
7.349852390409318537e-02
7.298809257009310214e-02
7.238018147909200395e-02
7.492346507906728903e-02
7.397854911331515348e-02
7.309941153547062920e-02
7.456658284879988385e-02
7.522575583151244749e-02
7.916348538742805363e-02
7.797247338470994493e-02
7.677040678265055484e-02
8.074336890021774349e-02
8.173584970463305954e-02
8.100543105312245362e-02
8.202155636129440652e-02
8.673503460631754036e-02
8.796809143127415354e-02
8.952648373624801093e-02
9.012987868397707991e-02
9.346548714428000448e-02
8.909557815387403323e-02
9.272396897439316721e-02
9.327042343141678238e-02
9.357279421745451353e-02
9.651743766416143178e-02
9.848646917133735412e-02
1.011880062293932236e-01
1.038925070962908731e-01
1.090473426982765670e-01
1.106117915544359009e-01
1.117710587293329894e-01
1.126361827817713851e-01
1.137106049985186496e-01
1.135205789653519343e-01
1.128496370451335801e-01
1.122388952157125641e-01
1.124479245732605548e-01
1.098853301276316863e-01
1.077168292424530993e-01
1.089008505335257171e-01
1.104798160332029489e-01
1.092676104360651296e-01
1.068422382632475687e-01
1.068309164953734208e-01
1.054951344807901481e-01
1.049099622413607324e-01
1.033051169431220967e-01
1.001615822063935540e-01
9.473482357109457019e-02
9.581991760467264974e-02
9.326801655070279806e-02
9.144737564294617982e-02
8.746069309477716436e-02
8.297481106724108324e-02
7.875234783341759914e-02
7.697442827098434359e-02
7.464257949202031395e-02
6.683581703536499441e-02
6.543562446332376603e-02
5.910459361627147523e-02
5.446534539969638544e-02
4.990927704798853171e-02
4.970482376896963317e-02
4.817215144069527527e-02
4.915752803664709403e-02
4.282581210548548623e-02
2.866925347869992216e-02
2.204423838937189656e-02
2.062201730367664923e-02
1.247810124699260878e-02
1.297194936873936888e-02
1.451274618263236234e-02
2.314373563632065450e-02
2.741258892227210753e-02
3.751803154003438556e-02
3.739683321153009637e-02
4.415440356815475420e-02
4.375254611052644543e-02
4.447816335350887607e-02
4.824963295130507007e-02
4.854071976538908845e-02
5.546277740122659144e-02
6.055822955291365745e-02
6.240964392424468848e-02
8.387597125000395559e-02
8.633057470179726633e-02
1.035322343438267179e-01
1.098704896895520838e-01
1.224393610435857566e-01
1.304342206030491835e-01
1.296832716007000896e-01
1.339557067194619699e-01
1.335922745538104806e-01
1.313759448430372734e-01
1.295806305461149888e-01
1.292153661227873895e-01
1.256279937225791288e-01
1.237703406474937456e-01
1.195621320924546011e-01
1.173929290209702464e-01
1.147581696744753438e-01
1.120118295277763160e-01
1.090519645757964812e-01
1.048463680634702522e-01
1.081007152915738623e-01
1.099086312685763761e-01
1.133384182871693679e-01
1.213822698809618600e-01
1.219248667890382581e-01
1.231461694779323185e-01
1.231733050915746336e-01
1.271394875654942302e-01
1.279942263393755164e-01
1.318455045725077934e-01
1.259836498664892723e-01
1.244088377528351635e-01
1.313028309235707847e-01
1.297473481044644772e-01
1.374389525571726445e-01
1.346646742912113448e-01
1.341004456736136219e-01
1.308693787640526351e-01
1.261676808981757325e-01
1.236858860003566124e-01
1.242675980693330184e-01
1.250958920353819614e-01
1.279441089235094087e-01
1.285584544053011702e-01
1.290054700435045998e-01
1.296321855855326610e-01
1.337487873795144278e-01
1.352086794974397266e-01
1.409614310787051239e-01
1.438221582725882075e-01
1.455624096792195454e-01
1.444652253587886126e-01
1.469802959357001670e-01
1.456647465804845609e-01
1.461731865681285825e-01
1.475904812412495160e-01
1.552807557847678821e-01
1.582381993665200881e-01
1.606216172063136549e-01
1.658612841284959061e-01
1.670763836592351614e-01
1.670611747287963356e-01
1.655166233256139263e-01
1.635199612552881154e-01
1.675085941782259724e-01
1.655085925899357213e-01
1.640234456600785373e-01
1.652477688650204335e-01
1.641605501971969971e-01
1.670577699831822804e-01
1.680616318175764679e-01
1.685107752505075607e-01
1.698184746168486248e-01
1.702622648328748767e-01
1.767215330227690784e-01
1.837830064422723009e-01
1.865402229972020209e-01
1.911075430654748941e-01
1.907124584124466615e-01
1.889747648577455308e-01
1.892914283367911343e-01
1.872597642716499200e-01
1.852199716421051023e-01
1.843440799579839640e-01
1.836081007556533973e-01
1.851616771869283029e-01
1.866431167706237848e-01
1.858832655105718823e-01
1.898341393027898893e-01
1.900381705318466286e-01
1.947653282858649859e-01
1.939876922599471920e-01
1.949511633732049221e-01
1.975238776346761038e-01
1.981879840071294752e-01
1.987745199085871606e-01
2.003907541479315324e-01
2.030658473351115156e-01
2.057979535354020340e-01
2.086763149831723507e-01
2.126077525684449132e-01
2.147334902179270644e-01
2.147428083093808615e-01
2.151987119935292181e-01
2.145867511012982398e-01
2.133332081358602084e-01
2.139978634194498741e-01
2.131967351067553251e-01
2.082490369483885884e-01
2.081437800179669062e-01
2.081525674695171024e-01
2.057830089456860745e-01
2.039525641345104057e-01
1.976605702116463192e-01
1.965722603712701799e-01
1.905506574166030143e-01
1.891410802440012251e-01
1.828818829116567179e-01
1.819012196799261183e-01
1.759222318195125534e-01
1.755367618735120816e-01
1.686754217475701645e-01
1.671307977154514179e-01
1.694497783252603140e-01
1.654189717522120406e-01
1.635814491134235660e-01
1.657111967287304422e-01
1.630233322372030835e-01
1.621205922895953555e-01
1.627108318980713120e-01
1.574511224458426673e-01
1.546870128346852780e-01
1.532511153682664384e-01
1.458732648532205800e-01
1.415324057731644491e-01
1.404371798276737859e-01
1.348522202959838989e-01
1.341032447002270533e-01
1.346769455047057418e-01
1.306555492889672210e-01
1.292036418367367434e-01
1.311978847448470042e-01
1.324355172657438739e-01
1.323292245313108517e-01
1.347361789140406885e-01
1.244948584183645790e-01
1.195786041360233642e-01
1.213787834143347927e-01
1.162419005634554858e-01
1.114052305700094364e-01
1.157181246420152521e-01
1.083554670786923274e-01
1.085215541925150656e-01
1.083238192567375913e-01
1.156868311487497802e-01
1.172347091959726056e-01
1.245185492949891226e-01
1.284347791048631726e-01
1.353949950787192158e-01
1.367231763032122904e-01
1.431947387428602336e-01
1.480690588084648540e-01
1.557215025595539148e-01
1.713609192464775333e-01
1.787434118816174089e-01
1.855937693626363572e-01
2.007820795702360828e-01
2.074035337905467680e-01
2.126510531776235891e-01
2.171820991985494442e-01
2.201567812732246332e-01
2.198135382937523030e-01
2.199253973555056751e-01
2.251536451110371928e-01
2.243725773400834511e-01
2.239405368733966006e-01
2.270186759455551928e-01
2.287491094706225192e-01
2.244599241819982272e-01
2.240468938835310508e-01
2.188679304411602911e-01
2.247374412438044311e-01
2.279288335682583266e-01
2.201150598649587731e-01
2.248182552152787894e-01
2.236633874705331870e-01
2.308780881211977276e-01
2.374861046139284670e-01
2.402857708743051102e-01
2.459722772558553816e-01
2.455112233629505036e-01
2.484428802992610374e-01
2.503839273836755974e-01
2.568912646684128331e-01
2.588924780954514060e-01
2.579657053923592458e-01
2.632668926469315385e-01
2.664020732361461197e-01
2.702140431817208199e-01
2.677603374426892890e-01
2.669559721715269451e-01
2.659450000886415255e-01
2.614142778409618839e-01
2.672229998813377971e-01
2.700083329672706700e-01
2.678105932271039324e-01
2.705823934391205499e-01
2.740242337855510191e-01
2.731843624954215510e-01
2.794458609289570683e-01
2.862712626055342602e-01
2.868968063128120027e-01
2.937047159640371885e-01
3.003971711347439011e-01
3.000997890762747144e-01
3.067698033045451744e-01
3.056347402556416903e-01
3.077580046158653881e-01
3.095222152114198155e-01
3.073889210863140486e-01
3.020197949055959397e-01
2.875403432897795097e-01
2.792837599523738112e-01
2.640918373919566298e-01
2.624075383597379574e-01
2.629120865294924392e-01
2.659727984107813636e-01
2.750541655429609711e-01
2.820222474516255740e-01
2.915821981954630493e-01
2.962781912688768338e-01
3.051921741439053704e-01
3.118953635202571517e-01
3.153540563346225456e-01
3.132945541493028507e-01
3.157533881158113287e-01
3.105820731064359852e-01
3.143388656088088040e-01
3.126848137112387405e-01
3.183206987981896940e-01
3.231208958647622254e-01
3.260796429159982246e-01
3.253374525791960514e-01
3.244166968538576556e-01
3.222993605228502978e-01
3.200703493223625018e-01
3.166787216432359053e-01
3.053324567991867466e-01
3.017976977587155107e-01
2.937850154493222288e-01
2.864296229985181519e-01
2.817390255880995453e-01
2.699235939049996480e-01
2.638452378810705601e-01
2.541329069604654767e-01
2.509616217267751082e-01
2.443782143564450227e-01
2.408637378400218521e-01
2.351410480785108281e-01
2.288761881167949153e-01
2.232238056396957659e-01
2.183210493708961364e-01
2.137718656602481115e-01
2.098825191110492705e-01
2.018656537551357100e-01
2.003144996799942901e-01
1.969003586816955864e-01
1.967587679044274784e-01
1.898552857805904381e-01
1.841124867918448871e-01
1.821901941828643900e-01
1.765532875266100643e-01
1.695700435617445156e-01
1.619521642075351375e-01
1.517264950451018002e-01
1.415093425469272914e-01
1.311716695298195956e-01
1.291765924823972678e-01
1.329735818443807949e-01
1.257994457056996196e-01
1.214609331031217404e-01
1.200503541883912728e-01
1.157983111864826775e-01
1.109451529783982010e-01
1.063171775117740248e-01
1.002944718429969878e-01
9.523330774150942646e-02
8.885388485910404588e-02
