2.060388473547487997e+00
1.774975976434642222e+00
1.518905660696863835e+00
1.521534444071624081e+00
1.709123853893239176e+00
1.739544560495672076e+00
1.744342184766263459e+00
1.752871329144155554e+00
1.770345152151106660e+00
1.791883985874746621e+00
1.821817665230106353e+00
1.820492420189756100e+00
1.739053946033810583e+00
1.696479601995250830e+00
1.679564115087041953e+00
1.673888496005802029e+00
1.658305613593046957e+00
1.661838194948285885e+00
1.627481721945441162e+00
1.608987290870770526e+00
1.564531299183497426e+00
1.616769145009413489e+00
1.552442248271602931e+00
1.565407840017311480e+00
1.561578272032184023e+00
1.526083804149301892e+00
1.534917192403082664e+00
1.504650936650857362e+00
1.457581290236997118e+00
1.443057733643077212e+00
1.401384691595017884e+00
1.381591023418405673e+00
1.366163253077633977e+00
1.364840362494481818e+00
1.555003651935929154e+00
1.496476623234725523e+00
1.363588678484183525e+00
1.366527084377447743e+00
1.396783353378488801e+00
1.455050389468967698e+00
1.415927926309857865e+00
1.361624243106489995e+00
1.331870338772628948e+00
1.371529104876910043e+00
1.359020734529079011e+00
1.338543180300289626e+00
1.333040363427005826e+00
1.329559777304113233e+00
1.374377387388598493e+00
1.384452650602104651e+00
1.410559534940990067e+00
1.389441596334445084e+00
1.332352668748456592e+00
1.368651716838384269e+00
1.392042217388425485e+00
1.358069900393578999e+00
1.359289197629246715e+00
1.432958492324469368e+00
1.415539975309326293e+00
1.407090675588921647e+00
1.393863629279752825e+00
1.409046204536001934e+00
1.406276865849951818e+00
1.410642714911793050e+00
1.378170320346057354e+00
1.378392605906038071e+00
1.421821480157476225e+00
1.428455840677292921e+00
1.396925780692909624e+00
1.404201895800390565e+00
1.395090773751409774e+00
1.373131744348040195e+00
1.369550170139229417e+00
1.371006849901049263e+00
1.379890581069290523e+00
1.380815871933055883e+00
1.408333147438682653e+00
1.445596528228840327e+00
1.443915180175360247e+00
1.407205746034057015e+00
1.406620565411364154e+00
1.447195223248329610e+00
1.441902615400935561e+00
1.490640512759510594e+00
1.470327991186872074e+00
1.439331821815615919e+00
1.431743833707440405e+00
1.499814942678326712e+00
1.510494231346219962e+00
1.503267494221464551e+00
1.500387202896547034e+00
1.514720455159351387e+00
1.527836935733959622e+00
1.535662812167667424e+00
1.491305236059073724e+00
1.460362933281637021e+00
1.072583305799684972e+00
1.175873269173634883e+00
1.352822197985072528e+00
1.295569567751033269e+00
1.308689041729811597e+00
1.302681558179144883e+00
1.344315063258714638e+00
1.412077581711482566e+00
1.413938956395367263e+00
1.475667266097104191e+00
1.414860231905617605e+00
1.389111923355243361e+00
1.353447038931653967e+00
1.293562970023353076e+00
1.326624891968506859e+00
1.382724357477799204e+00
1.345684893505896484e+00
1.298658390334168633e+00
1.349210947108450798e+00
1.327694947423849969e+00
1.338135207923416115e+00
1.389841036332412294e+00
1.346753316505839848e+00
1.405266160316561486e+00
1.436968997468825560e+00
1.425427836891657973e+00
1.501994983953636176e+00
1.514617701045294806e+00
1.537330234632885428e+00
1.543834260172397332e+00
1.522492260562221755e+00
1.583907783114089751e+00
1.525465608707164078e+00
1.446834559739149428e+00
1.453947184339735799e+00
1.457221591676352679e+00
1.397457701503284522e+00
1.392041412672307521e+00
1.395857051620795986e+00
1.349104260085519202e+00
1.402857111709676197e+00
1.413666596119749208e+00
1.417200983082985699e+00
1.442300402679299820e+00
1.402893038103458112e+00
1.377281185059961999e+00
1.370777817745694405e+00
1.433700450757154909e+00
1.384930828932406266e+00
1.381385276864861567e+00
1.403318768061901700e+00
1.363203047175952864e+00
1.361556144760472931e+00
1.399322738807815325e+00
1.394453719176832029e+00
1.454068896928924826e+00
1.405009849579434089e+00
1.400683039529872165e+00
1.460405911483664498e+00
1.391315961521701672e+00
1.519264177691740603e+00
1.543205012033252554e+00
1.528916307131062302e+00
1.517906186560847859e+00
1.559926258585110803e+00
1.597800617253487321e+00
1.682831350638495760e+00
1.642990781297177794e+00
1.646831189380532967e+00
1.661194317604183679e+00
1.651124389680701077e+00
1.702657589496548551e+00
1.833701757082169870e+00
1.816388422921376700e+00
1.829881183278687429e+00
1.829034475619181643e+00
1.828019483251461796e+00
1.801213979622963812e+00
1.854831534913935487e+00
1.840820947923033746e+00
1.815159326033731979e+00
1.812586403420278769e+00
1.871605087762858943e+00
1.893128128498577922e+00
1.909869374771655748e+00
1.877709610508710769e+00
1.910495893095662145e+00
1.958898757076640518e+00
1.894799559003734535e+00
1.992433605376563444e+00
2.019947358427258255e+00
2.023541352843356567e+00
2.141704332682196288e+00
2.140502123982420013e+00
2.158883994141144402e+00
2.159588118219668562e+00
2.200822646039044539e+00
2.202559651586243117e+00
2.222420706551487601e+00
2.260863816502284074e+00
2.288536969930944576e+00
2.313895061311392443e+00
2.295835649969455439e+00
2.344967559315538796e+00
2.334606764562166870e+00
2.349862638115296498e+00
2.350578860394822112e+00
2.326130575674482337e+00
2.342611321294463256e+00
2.334444305893036642e+00
2.310626420455343499e+00
2.311972931241142781e+00
2.340167156002013193e+00
2.289216075974515263e+00
2.287561556789610151e+00
2.266527861364893592e+00
2.203390078704460908e+00
2.182587552426731303e+00
2.143867252485252894e+00
2.139548432164398051e+00
2.073175631386601214e+00
2.035274629305765526e+00
2.035511575393117223e+00
2.050126184597039103e+00
2.056768459099304724e+00
1.961885190241057453e+00
1.999022281739567752e+00
2.047333669279152168e+00
2.078995181343066712e+00
2.072147236856341834e+00
2.066098216539472787e+00
2.010221944350012002e+00
2.011681771310038780e+00
2.071101651194618753e+00
1.912885279329490595e+00
1.911196741972805313e+00
1.959096406207914365e+00
1.957092453176040525e+00
1.836093558186600916e+00
1.832712421713193818e+00
1.828972721166892690e+00
1.828415483857610102e+00
1.814172519117739357e+00
1.810275187708803246e+00
1.782579245583768346e+00
1.792346677475129546e+00
1.774509893103130898e+00
1.759407380484278915e+00
1.784058960673504890e+00
1.752878794678520480e+00
1.751672824043626564e+00
1.784091867539635556e+00
1.771913379242852082e+00
1.794158386175840336e+00
1.793094887679948402e+00
1.787866239572945659e+00
1.795653733593971735e+00
1.805305220012238365e+00
1.773374650394134111e+00
1.793754984359487992e+00
1.884483946776896790e+00
1.896474508033879625e+00
1.916541766816770576e+00
1.892099492767336022e+00
1.879460255342767505e+00
1.953649642046065171e+00
1.942458317271414048e+00
1.974099906837032625e+00
1.998133816009463049e+00
1.974748708517793716e+00
1.997675443408206020e+00
2.008127353987215535e+00
1.958446202397498670e+00
2.031355108130164844e+00
2.095083961153038299e+00
2.145258052942261795e+00
2.190381967534187790e+00
2.251642739276428884e+00
2.235804353282658585e+00
2.275410367718187832e+00
2.260180822952241542e+00
2.221613358674340510e+00
2.249993142325559692e+00
2.240815451419916560e+00
2.212023572973713215e+00
2.237200997072704478e+00
2.160471647059632350e+00
2.158821286853336296e+00
2.180305245653366253e+00
2.132956176686903849e+00
2.018370702027711960e+00
1.972479443080950690e+00
1.921158314200372308e+00
1.834270891297171913e+00
1.827154284890691871e+00
1.857159848738369368e+00
1.827346644655060803e+00
1.825837780079499151e+00
1.806062985851871527e+00
1.785740645628067336e+00
1.757765210807217260e+00
1.797782267443201798e+00
1.774142368807334780e+00
1.767620390990517043e+00
1.735310767398299037e+00
1.698590961483853246e+00
1.662359406893912928e+00
1.613526151817041177e+00
1.605024210201853707e+00
1.635556481730310541e+00
1.624287625934401680e+00
1.673777829429030195e+00
1.730863859221665635e+00
1.761356477806981014e+00
1.834707475507814323e+00
1.883045614761833297e+00
1.888111925714774042e+00
1.886278263745263750e+00
1.893028500020318639e+00
1.856681473099753399e+00
1.856915312297636733e+00
1.897862910382380974e+00
1.886861115487026952e+00
1.913346345963802486e+00
1.886881212981409428e+00
1.912409440232647473e+00
1.907455518921264082e+00
1.912024860584545127e+00
1.911860814412217557e+00
1.864714727763156388e+00
1.855340920931640269e+00
1.860422290363816122e+00
1.854980744542825466e+00
1.849447136003613545e+00
1.846333806936955257e+00
1.821568927575233587e+00
1.797929184427121907e+00
1.833863235763383059e+00
1.831644551424156608e+00
1.851722825198986788e+00
1.845655622544638774e+00
1.891276005534717308e+00
1.936007129140081995e+00
1.935611674343451938e+00
1.970277384491861961e+00
1.970932566985030165e+00
1.993657991802714635e+00
2.074011716331747301e+00
2.061942257445378068e+00
2.036911053997316312e+00
2.046771611076864339e+00
2.025808508763086824e+00
2.085413047614911974e+00
2.098918672588115708e+00
2.066710431982547558e+00
2.073380250382919066e+00
2.084272134944593624e+00
2.082110735462566531e+00
2.123563238180093737e+00
2.118516047887968767e+00
2.117875057607152556e+00
2.130421466751095227e+00
2.111617140404971060e+00
2.071616278154929880e+00
2.118890139475813061e+00
2.118775474352237342e+00
2.072170299699705787e+00
2.087295669491507244e+00
2.100371976163545540e+00
2.120189895857152784e+00
2.150791879322424105e+00
2.205056424903452772e+00
2.200378710981617747e+00
2.223781149911664201e+00
2.217174730847771613e+00
2.231294245569477752e+00
2.138942268652903156e+00
2.129463815768930068e+00
2.130008797258271080e+00
2.100908398196903892e+00
2.117079404929570696e+00
2.098273349654470099e+00
2.104037112151063926e+00
2.107152739445132372e+00
2.124869329493144221e+00
2.129240256058396064e+00
2.122605695299304429e+00
2.118194610217629226e+00
2.192846635039142011e+00
2.167197001245678489e+00
2.247987349005734270e+00
2.243062558299893094e+00
2.334960096729456147e+00
2.301309712332975987e+00
2.389241973985531509e+00
2.371049223904718506e+00
2.373907825036514652e+00
2.433811226391488614e+00
2.387644174789909979e+00
2.319817350845442938e+00
2.316627376117239123e+00
2.293980460203947302e+00
2.281198982544074827e+00
2.258885759268723259e+00
2.247068815809138087e+00
2.222858265273207845e+00
2.175124006265888976e+00
2.195124899768115867e+00
2.175452733663953087e+00
2.116370387010735765e+00
2.080380094084952169e+00
2.035472053400750880e+00
2.021866436742946860e+00
2.032124512370399039e+00
2.049528218970645632e+00
2.046238173370959146e+00
2.031558363039045911e+00
2.042227427790382688e+00
2.008821192645977582e+00
2.023152458575907531e+00
1.997083465970134863e+00
1.997399253768599392e+00
1.995506907848600076e+00
2.022846558231460534e+00
2.004764107143333085e+00
2.022419326869111522e+00
1.978370274568325371e+00
2.004766324168655078e+00
1.974787005213608948e+00
1.968683105064724437e+00
2.054419374832909817e+00
2.046280739882531119e+00
2.045043616536584619e+00
2.045404709039523983e+00
2.047174302486114428e+00
2.064810720196308402e+00
2.106983959094858250e+00
2.130543022532247921e+00
2.145460100635474099e+00
2.150034977402813574e+00
2.146797615066533993e+00
2.149635486507953441e+00
2.165206481701717145e+00
2.189194054127737044e+00
2.203429852614863016e+00
2.174804991836535528e+00
2.210190099999690627e+00
2.255229850198291697e+00
2.284142371707055030e+00
2.313304309518987800e+00
2.350737443008696914e+00
2.341799946568379198e+00
2.342777306255956038e+00
2.336052493666422869e+00
2.338347111247963461e+00
2.302859755276117415e+00
2.326177880117958896e+00
2.349561817314386403e+00
2.353784075616372817e+00
2.335963328439569775e+00
2.334066217288832235e+00
2.320356543298063290e+00
2.338503535777906706e+00
2.314829770125764963e+00
2.333343145217566139e+00
2.383286098974327860e+00
2.328075186419544362e+00
2.306002593630064990e+00
2.287651134975050571e+00
2.252331385329337632e+00
2.244644212229516711e+00
2.228386770029819886e+00
2.195218353710348236e+00
2.208161850737269116e+00
2.201405116332360024e+00
2.184241770763884372e+00
2.144321498768849477e+00
2.176412269740449545e+00
2.149531080414231798e+00
2.132068924132513477e+00
2.177156233248528583e+00
2.158654376934179275e+00
2.162833660351816789e+00
2.196246297636272882e+00
2.233243986439288342e+00
2.256017110388732316e+00
2.254426736227311601e+00
2.275523550228213843e+00
2.290347396754879306e+00
2.309157170395527370e+00
2.329044806201274298e+00
2.290912323069730139e+00
2.248676111547934564e+00
2.211990667908628971e+00
2.173610726911941793e+00
2.157312994779664095e+00
2.109882680056955895e+00
2.098637813187039125e+00
2.106309412577207940e+00
2.091863028029938842e+00
2.104119520465746795e+00
2.120939503008968163e+00
2.129548697272929392e+00
2.148713628197685299e+00
2.141665575582256231e+00
2.196504428680345899e+00
2.195000712834725309e+00
2.182999845996397958e+00
2.160481127649026334e+00
2.164023010849419393e+00
2.202874202839920859e+00
2.166887841768507350e+00
2.150102798941835314e+00
2.104136443088606701e+00
2.073727092598164568e+00
2.062179770216031383e+00
2.064405719322121691e+00
2.079952130522251696e+00
2.125093999193188754e+00
2.108349254626355584e+00
2.129550090322486433e+00
2.117905154131916934e+00
2.135590099355986204e+00
2.127620687999097537e+00
2.164226970903778025e+00
2.170561997947021204e+00
2.136984057841872620e+00
2.121979850619399421e+00
2.127859274269984446e+00
2.155012557075577373e+00
2.165308431196004690e+00
2.151511444725192845e+00
2.166219703171391231e+00
2.203592422317699029e+00
2.205142877849020522e+00
2.242803468200872175e+00
2.266650279290331138e+00
2.283932846570359221e+00
2.326195477992641703e+00
2.315398407576672479e+00
2.275562662908278355e+00
2.295680251324720533e+00
2.298913043083183005e+00
2.311900378074339013e+00
2.274733016362640026e+00
2.262553500171078813e+00
2.256411533046470463e+00
2.250340400253786566e+00
2.187895130334569949e+00
2.136964737772611755e+00
2.111798746072548028e+00
2.049649881948889085e+00
2.011769208581543733e+00
1.994175286215745357e+00
1.979676695010201604e+00
1.962763447737658540e+00
1.977221926708006672e+00
1.994957422783009804e+00
1.977696500212170472e+00
1.976973878999482848e+00
1.998787231656945940e+00
1.968117690346797843e+00
1.979366372901607329e+00
1.960452326046380644e+00
1.956373231504905608e+00
1.957665957892432473e+00
1.972671098120937661e+00
2.008543769382790334e+00
2.038935980072829945e+00
2.049705596950858411e+00
2.082634297453350491e+00
2.096151872972739749e+00
2.103940876770648671e+00
2.109531578862600121e+00
2.163779662254376124e+00
2.178546191378594621e+00
2.173236281842502837e+00
2.170280398581237336e+00
2.208063743466759821e+00
2.132984082539476134e+00
2.117078006881836227e+00
2.093475972848233724e+00
2.103258949671148237e+00
2.084197302001010943e+00
2.096693393816534190e+00
2.055688371197018860e+00
2.042580742928652882e+00
2.054952041766874515e+00
2.053092182443529978e+00
2.084205155412922839e+00
2.138005770577781739e+00
2.137127116010325789e+00
2.160135039984763416e+00
2.237480980128625063e+00
2.258911950679295177e+00
2.280699311810402641e+00
2.280094061183256304e+00
2.294340953038431330e+00
2.264446794869515500e+00
2.264923693107866676e+00
2.301062318501305271e+00
2.267002172444787966e+00
2.242933509668256775e+00
2.266005072405136378e+00
2.239735890116227868e+00
2.270289734963359507e+00
2.299262784401504778e+00
2.322570757492224303e+00
2.345578674751279014e+00
2.349827427457393370e+00
2.314707988174810271e+00
2.340009938968124814e+00
2.337752121629060209e+00
2.334094244207686852e+00
2.366125739682459983e+00
2.374347160435732018e+00
2.367106365492158915e+00
2.485163706178465048e+00
2.475158599595209452e+00
2.534678627517308325e+00
2.528428587475012090e+00
2.619574245962226211e+00
2.629912063871586270e+00
2.656715115899753510e+00
2.719456017311902674e+00
2.778842573207448652e+00
2.770847499601646557e+00
2.728053500629565864e+00
2.750107186047690444e+00
2.711479801975309467e+00
2.732828396737152055e+00
2.617628420961958469e+00
2.600131399364347118e+00
2.570008625926526680e+00
2.551647542264634971e+00
2.528215663525489987e+00
2.510109708770757120e+00
2.395750863426942878e+00
2.395402587704341002e+00
2.369259208884151757e+00
2.337679176794194902e+00
2.357040492930068343e+00
2.358543386687159682e+00
2.373987905535314358e+00
2.309941055810315280e+00
2.267639125472614481e+00
2.265261587761412176e+00
2.265615985171965274e+00
2.281727553123703789e+00
2.268511177724474415e+00
2.258794644854927203e+00
2.263611142721484892e+00
2.265125718834204882e+00
2.343918761932100026e+00
2.408632657987480830e+00
2.535430838595757574e+00
2.324530249430005746e+00
2.283097422293559831e+00
2.213473761440658993e+00
2.239499108385667903e+00
2.314526702826567917e+00
2.362614009106916768e+00
2.368692727181068491e+00
2.426489607242625191e+00
2.509004452212209912e+00
2.536318298689572259e+00
2.556261281212415248e+00
2.491219103314683991e+00
2.371053930213205430e+00
2.297954285260592755e+00
2.257739269714986730e+00
2.268397982142444036e+00
2.198010876709265649e+00
2.200426809355513491e+00
2.213762240047920660e+00
2.220345956684534716e+00
2.206219891157861657e+00
2.232099540760847489e+00
2.223044164448089166e+00
2.247274752745681337e+00
2.262686289487512603e+00
2.362606550812362816e+00
2.553060933855827663e+00
2.576558290095359194e+00
2.448603953214590678e+00
2.365487701523222075e+00
2.294568912427681351e+00
2.277328620476863019e+00
2.258740831228428725e+00
2.216528830149680829e+00
2.303463526253820337e+00
2.453357927937559246e+00
2.411867309137800230e+00
2.304456055749347421e+00
2.239761478350755119e+00
2.231073442929790929e+00
2.238999420382048022e+00
2.254908240971778444e+00
2.252148989460958539e+00
2.369497654192990854e+00
2.523786586719961367e+00
2.492370001984093086e+00
2.444635782331090024e+00
2.228719114411327418e+00
2.126675514771415365e+00
2.198820319282952074e+00
2.174172564736386981e+00
2.254599080544396728e+00
2.430080843749301334e+00
2.399340319256920484e+00
2.524886672877052707e+00
2.481788885161741565e+00
2.355990818626814587e+00
1.935991589504556742e+00
1.879689297742902943e+00
1.895018257022418995e+00
2.035666285587329316e+00
2.182550682692467880e+00
1.942269059740067139e+00
1.893778542308083956e+00
1.898596966051028456e+00
1.931919867383530942e+00
1.973039099065365232e+00
1.929724740621272971e+00
1.885310979508207696e+00
1.953004896195075224e+00
2.012572295733943584e+00
2.074148621769876577e+00
2.260617513399138190e+00
2.124299250390932148e+00
2.061184574545412040e+00
2.023149148985812218e+00
2.053308734376011024e+00
2.032745750436612209e+00
1.998578864560127899e+00
1.990165790295856052e+00
1.999030561742212164e+00
2.056394848766723626e+00
1.987982013103856804e+00
1.975715770447762143e+00
2.066194652472358229e+00
2.023485538745508627e+00
2.015307142017803699e+00
2.014049726999273648e+00
1.974676823882440591e+00
1.894775591283302418e+00
1.934983408302751506e+00
1.896136633061199728e+00
1.777854035833900337e+00
1.756781661887216073e+00
1.847848959089207099e+00
1.633867877959699122e+00
1.673141190268838452e+00
1.710009477843574377e+00
1.622352379401307720e+00
1.615685454264841336e+00
1.531594681270719294e+00
1.558007499986324484e+00
1.643013819740234416e+00
1.630939905480263574e+00
1.637464987052305698e+00
1.672852573246806918e+00
1.746211068958077872e+00
1.776851765192309029e+00
1.757090019208783271e+00
1.746340006830819247e+00
1.710543365820487383e+00
1.738331736127358029e+00
1.749220486752263160e+00
1.833041891933051115e+00
1.811033763105744265e+00
1.796441707928168485e+00
1.776213055835606625e+00
1.811780716743732311e+00
1.775937568263716404e+00
1.839828774017873370e+00
1.875809675533263832e+00
1.861647204656935450e+00
1.838559712504402865e+00
1.834195552968578724e+00
1.816032853020593363e+00
1.813973532772106712e+00
1.762842764903719717e+00
1.738363594933206135e+00
1.770509207129214779e+00
1.779008535178613792e+00
1.756110139312320850e+00
1.769663288173320748e+00
1.783994493790591163e+00
1.763623203114688121e+00
1.788168553964830210e+00
1.831760490510279782e+00
1.821567891829210639e+00
1.881345559648123444e+00
1.873855083644523800e+00
1.843986618887834217e+00
1.864297362817127102e+00
1.819229239458709069e+00
1.859058586651003209e+00
1.949502718076699503e+00
2.042141965291173644e+00
2.109488736656811358e+00
2.142404009309870183e+00
2.175255815921683045e+00
2.165832036765734436e+00
2.198079812524907251e+00
2.213214612337229603e+00
2.158079495687387439e+00
2.142526407758450269e+00
2.127939138275551478e+00
2.120137039093523690e+00
2.111723223107485392e+00
2.149312840752593878e+00
2.152271096692665697e+00
2.172234601901520179e+00
2.191817752313708123e+00
2.182229466467816348e+00
2.248639070994649991e+00
2.275655625556791239e+00
2.287438189223156115e+00
2.311221710775279270e+00
2.316317366032607961e+00
2.295600603744375245e+00
2.304416779121223779e+00
2.303502704001786139e+00
2.320417672419660349e+00
2.324904768515218212e+00
2.293518940053945077e+00
2.315745718467074443e+00
2.307797124699362712e+00
2.269762420128270008e+00
2.270407279275313606e+00
2.241315957873863063e+00
2.255455467067201791e+00
2.234939922834486836e+00
2.193563056484018947e+00
2.178959746137731024e+00
2.192356869620388782e+00
2.186984394946227539e+00
2.155535662689677334e+00
2.113963922297687592e+00
2.100335232848104638e+00
2.081453156611781097e+00
2.050719320208143959e+00
2.062750094552001201e+00
2.054519171701465474e+00
2.046739259928529009e+00
2.073930731100075420e+00
2.072726006412156430e+00
2.087643839497439924e+00
2.083709708080634382e+00
2.093062571749774392e+00
2.089927748299864163e+00
2.079009332093081142e+00
2.052879011548098820e+00
2.051567252968829358e+00
2.048305450842915931e+00
2.023717602368796165e+00
2.024775315179144108e+00
2.006336939283693166e+00
2.017093860834488606e+00
1.999646081601986536e+00
1.963087836667626540e+00
1.969438854925841698e+00
1.915632652318987939e+00
1.952110394770097068e+00
1.953896324705161947e+00
1.911028611627711538e+00
1.907116277754325351e+00
1.919052613126820184e+00
1.934819193574877971e+00
1.930963875471761071e+00
1.912776762099468009e+00
1.907262329271750323e+00
1.887542791916320128e+00
1.891314314925840012e+00
1.885045271837725078e+00
1.887884713384776258e+00
1.919024026059886978e+00
1.910311175483989654e+00
1.851391107237922329e+00
1.836616880942436136e+00
1.826007260949077837e+00
1.840470487177856107e+00
1.786445270759974724e+00
1.780239556952500912e+00
1.766763807355370419e+00
1.748864465424315062e+00
1.749897329696309178e+00
1.748195675229963220e+00
1.760157137196014521e+00
1.745901052786001495e+00
1.755380972247349902e+00
1.721943361217175061e+00
1.707895479730461297e+00
1.696010959534737017e+00
1.677635522706462767e+00
1.645527311517123836e+00
1.631832848439934702e+00
1.607919715937134120e+00
1.590130694014243007e+00
1.565072520598717931e+00
1.557623672357971278e+00
1.548821691440049442e+00
1.550735797495965018e+00
1.545742457326316988e+00
1.529261147745966998e+00
1.520747946430242248e+00
1.526694966144640730e+00
1.514484173797434385e+00
1.531618604521390203e+00
1.536260344052836624e+00
1.544391644581913914e+00
1.561199121477794938e+00
1.574553728725823776e+00
1.578947155777365552e+00
1.609912290775361354e+00
1.639191946071488770e+00
1.658780510198600178e+00
1.679111547550079520e+00
1.687355759512479514e+00
1.694257453890784637e+00
1.693999896426439555e+00
1.698226215151958707e+00
1.709659264152122882e+00
1.698502358261581247e+00
1.711174100577926405e+00
1.701567024742410839e+00
1.682079346963705646e+00
1.698536396178836672e+00
1.709704239037345586e+00
1.727869063565953045e+00
1.741750377700548746e+00
1.750899724213124564e+00
1.758843483202373825e+00
1.758494959166918337e+00
1.778902459666673375e+00
1.788745695162299087e+00
1.798617749138560207e+00
1.797716672125181381e+00
1.801532662592370881e+00
1.781623590885736297e+00
1.783705286804563084e+00
1.797561506120570307e+00
1.798515327075925763e+00
1.793886049689618511e+00
1.756240679546247518e+00
1.755848792548198922e+00
1.764867713707809482e+00
1.810159695799134161e+00
1.830487917259513209e+00
1.847384724603526429e+00
1.848184498365796236e+00
1.852054784665095211e+00
1.870233634336501582e+00
1.890432857296351798e+00
1.961089866725579611e+00
1.956072239591163386e+00
1.955891768260650920e+00
1.967730928151410152e+00
2.012679796661139164e+00
2.029953063096670896e+00
2.052789442419038490e+00
2.075551717699629872e+00
2.079744411431894591e+00
2.070449857995430687e+00
2.076106066440888132e+00
2.069802790264403392e+00
2.050718176997381015e+00
2.048561685571533175e+00
2.050843024774815948e+00
2.058172572792887234e+00
2.077100726825151789e+00
2.089065512347599185e+00
2.065277152148894402e+00
2.068110967424123814e+00
2.049420471165634527e+00
2.074764932947477991e+00
2.093106710510687307e+00
2.094367199608679453e+00
2.104585157516440042e+00
2.042694504385499599e+00
2.035877717559067879e+00
2.028081650316082118e+00
1.982879830480865024e+00
1.945839176663878733e+00
1.889635108812617981e+00
1.886269445828699931e+00
1.859431147931177586e+00
1.872915414751845420e+00
1.953237909798379857e+00
1.945568188396873621e+00
1.953889796150688474e+00
2.012180042388910461e+00
1.951084568297571487e+00
1.903928729588624025e+00
1.950217628544305359e+00
2.054918518696088992e+00
2.083955185051518111e+00
2.074822129464209297e+00
2.050623181986530597e+00
2.048267638980301619e+00
2.060124154570659893e+00
2.139281089174929207e+00
2.220668232359243266e+00
2.215827706547178089e+00
2.158619899435549883e+00
2.039853508115530900e+00
1.980292680502565128e+00
2.032407988021418532e+00
2.015558359485222439e+00
2.032235537848519069e+00
1.941235980260073601e+00
2.077310851552450099e+00
2.167540863986453736e+00
2.188037622128772952e+00
2.079873421977445513e+00
1.985874885514983035e+00
1.883196172026023518e+00
1.767248565871309296e+00
1.800414557921053316e+00
1.895242173936972252e+00
1.942747251227863403e+00
1.974561878141424254e+00
1.839529506631351063e+00
1.821690025184949491e+00
2.006699734111387912e+00
2.105261370718316094e+00
2.109006044596155149e+00
2.069421430396351624e+00
2.026549217954930260e+00
1.976504444895985202e+00
1.942180159933686978e+00
2.029232214363938080e+00
2.103453107281693768e+00
2.125674305130059949e+00
2.160983478325366747e+00
2.156597721113358457e+00
2.125935072637650247e+00
2.044557074167959509e+00
1.933434142913572185e+00
1.826754505694431652e+00
1.894190603020148744e+00
2.010397870804387921e+00
1.991092593888196705e+00
1.985665908659092205e+00
2.173241112991754154e+00
2.327073905032595924e+00
2.396245539380674749e+00
2.321017094520793744e+00
2.064839523455094028e+00
1.972815789868918035e+00
1.932269696765116951e+00
1.917741751391876415e+00
1.928652011823543955e+00
1.877189373026383779e+00
1.867818399855770473e+00
1.862891683024586742e+00
2.023345561581196161e+00
1.972907592398777332e+00
1.982273214023808849e+00
1.892086037200912507e+00
1.788444797730884828e+00
1.685640464958845230e+00
1.635755851340768396e+00
1.584950288857569056e+00
1.589463583766977717e+00
1.673194232315152741e+00
1.744361004158402562e+00
1.788813568573623503e+00
1.841798697369394944e+00
1.816354823959939857e+00
1.718244119943801662e+00
1.739327211334017242e+00
1.706344876406766797e+00
1.762097599363552813e+00
1.771310841534968539e+00
1.856220487329592217e+00
1.860131807485910338e+00
1.813427375801015540e+00
1.928426389509364736e+00
1.948394372438877475e+00
1.993867076000311434e+00
1.944296654687731163e+00
1.852975762715643127e+00
1.803468585998857066e+00
1.773940666282533440e+00
1.725605655406917460e+00
1.727989873303444002e+00
1.705726365691122126e+00
1.629783387375581594e+00
1.610141335161692888e+00
1.606666025994894165e+00
1.590379103721454523e+00
1.641533635471550401e+00
1.742824356815244835e+00
1.744978586002039034e+00
1.765290766429968183e+00
1.776114484713573249e+00
1.733540441093675666e+00
1.748553121112895958e+00
1.775942905603159261e+00
1.802230928092429796e+00
1.798583523810489027e+00
1.720626838345399090e+00
1.699775586270567684e+00
1.689119511874496604e+00
1.648637875825019528e+00
1.607650294768401045e+00
1.515933342451072363e+00
1.399809226635530202e+00
1.372355097376436683e+00
1.357418738490338894e+00
1.192778601861667509e+00
1.181998174710041871e+00
1.157260937302323267e+00
1.134428605543372326e+00
1.184635712442874578e+00
1.159746729025427525e+00
1.249650195911622186e+00
1.234473979657720877e+00
1.284862594075322217e+00
1.276642009005601208e+00
1.267855984350942711e+00
1.336790416682851257e+00
1.338782546754328395e+00
1.333747626993657009e+00
1.341672532626124070e+00
1.411145631923717447e+00
1.436690024173052027e+00
1.449431458556533103e+00
1.462573095205723872e+00
1.477271869197014365e+00
1.454348571787769329e+00
1.465585838005542207e+00
1.437850472569459637e+00
1.462093104266094734e+00
1.492528663279967249e+00
1.512489886550028473e+00
1.504826727976189327e+00
1.515123964144788005e+00
1.525781051723405390e+00
1.516612166485139079e+00
1.621778641138803545e+00
1.630657094042529787e+00
1.629051644056797032e+00
1.672692256904887653e+00
1.615746666494201511e+00
1.533305227219069478e+00
1.539186569371217228e+00
1.447168367446482140e+00
1.455597364017023887e+00
1.507829044306148392e+00
1.568591884983854934e+00
1.693352194340464800e+00
1.746018407941905881e+00
1.689823121815345663e+00
1.560137653790612644e+00
1.496594498431139675e+00
1.441360345765550166e+00
1.437701715640772981e+00
1.458505200681658787e+00
1.412502703286308448e+00
1.438778280345749838e+00
1.418111551174614071e+00
1.446647227385106538e+00
1.570636275067094356e+00
1.587382231736683247e+00
1.448304655948127406e+00
1.301667700042732578e+00
1.201216677342288097e+00
1.137315766732244882e+00
1.203489106103772688e+00
1.198766406477536295e+00
1.236017531534985725e+00
1.261994919025582140e+00
1.325991822263405506e+00
1.269046864768552219e+00
1.469268992601774126e+00
1.514788722233653795e+00
1.519451363647356334e+00
1.408293407287401378e+00
1.130821570301931089e+00
9.566057475441845925e-01
1.017239850034365345e+00
1.176878797087640871e+00
1.431259279490616043e+00
1.563127959815752366e+00
1.517753496241960542e+00
1.612351249198866521e+00
1.503700849053598354e+00
1.535293009004968567e+00
1.619194608273894831e+00
1.494892175825122127e+00
1.566424469830624000e+00
1.495292414120221069e+00
1.509892863010580788e+00
1.515711914503081514e+00
1.466277360062429036e+00
1.386569995109972142e+00
1.365412662194193549e+00
1.408794017232132711e+00
1.443358569294338478e+00
1.467608405428612040e+00
1.440668489363443383e+00
1.566696771940944144e+00
1.790622727623309096e+00
1.759208923445018558e+00
1.669764301307716137e+00
1.574180119374012587e+00
1.419266527599934324e+00
1.366078024577856320e+00
1.365735536465786826e+00
1.356929207977923602e+00
1.419237390796453502e+00
1.455320612258653279e+00
1.689880782873696141e+00
1.832952613658622498e+00
1.789315055538862831e+00
1.650915313710605181e+00
1.526358334402975636e+00
1.419856360271783746e+00
1.348556417355747161e+00
1.324267333642465294e+00
1.362539363384360769e+00
1.605379660733864844e+00
1.697842994473252487e+00
1.723114588148559667e+00
1.630946066346904200e+00
