0.7228864664
0.7269198940
0.7280068092
0.7317112596
0.7319170916
0.7371605440
0.7410012786
0.7436567598
0.7470202076
0.7493141451
0.7518649649
0.7375370045
0.7379256332
0.7390212537
0.7381390379
0.7375609881
0.7395527423
0.7385168135
0.7388894341
0.7367368424
0.7354114503
0.7319661853
0.7105913123
0.7101484805
0.6907878686
0.6890076897
0.6610858534
0.6523330247
0.6126928613
0.5983646905
0.5541659793
0.5121946010
0.4954180644
0.4747497911
0.4334161420
0.4174269153
0.3797443108
0.3671692434
0.3393511533
0.3184053245
0.3029379505
0.3123427362
0.2923355996
0.2757315361
0.2505416880
0.2248177908
0.1883885004
0.1530143137
0.1205479677
0.0829201028
0.0723166048
0.0767538250
0.0882246383
0.1013659978
0.1332205755
0.1492977956
0.1883680141
0.2188467820
0.2553443952
0.2531635430
0.2619222375
0.2705515850
0.2767720926
0.2624433574
0.2536701342
0.2446537038
0.2520262822
0.2449704566
0.2582893188
0.2732246925
0.2849901404
0.2953136665
0.3042747890
0.3009544993
0.3095986373
0.3184334805
0.3266997164
0.3197293326
0.3283809127
0.3184219579
0.3284045991
0.3174898175
0.3297328961
0.3381524144
0.3511680050
0.3615994392
0.3684414143
0.3661753023
0.3770003607
0.3749182780
0.3825158559
0.3810507697
0.3719874470
0.3581426255
0.3533853759
0.3506083252
0.3668615163
0.3682677079
0.3695477530
0.3868789489
0.3870432283
0.3979558559
0.3946930325
0.3924243983
0.3858239868
0.3804195993
0.3712619443
0.3649953348
0.3588475373
0.3548161202
0.3530963841
0.3524187336
0.3509732836
0.3550240904
0.3596328083
0.3640919481
0.4976636646
0.5068588196
0.5158740246
0.5190147940
0.5282556817
0.5317532067
0.5322799106
0.5312476810
0.5282297506
0.5200068603
0.5091528318
0.4947539422
0.4848733327
0.4824669211
0.4806879292
0.4808685494
0.4828977276
0.4876135801
0.4926684931
0.4997512398
0.5014593477
0.5051636813
0.5114186544
0.5130082821
0.5169517980
0.5227191987
0.5172839736
0.5153722230
0.5101417722
0.5075957060
0.5071335419
0.5018994470
0.4877237473
0.4865482443
0.4819085279
0.4789041200
0.4745446294
0.4734252411
0.4769363012
0.4745245705
0.4777640352
0.4801702107
0.4844468742
0.4860445117
0.4899986466
0.4947390198
0.4935937070
0.4890402668
0.4859767124
0.4805351933
0.4797404624
0.4802907116
0.4819382077
0.4744215755
0.4780955844
0.4721547325
0.4719679494
0.4716383490
0.4647507480
0.4637107647
0.4535756090
0.4526603786
0.4441193414
0.4416599516
0.4418510703
0.4365535768
0.4359804952
0.4404593241
0.4400589885
0.4427885109
0.4358244115
0.4381914136
0.4392736935
0.4400955374
0.4408434747
0.4285740345
0.4239754303
0.4229193094
0.4250574326
0.4276872608
0.4248371661
0.4222101526
0.4196005839
0.4163435137
0.4172853321
0.4234021989
0.4300152605
0.4329023800
0.4351665723
0.4312490763
0.4264375794
0.4150326376
0.4057057648
0.4095393399
0.4007823844
0.4036395482
0.4088011689
0.4130311695
0.4167866441
0.4188855613
0.4194006872
0.4204935755
0.4228682586
0.4124594176
0.4073372756
0.4072134892
0.4087728250
0.4126800432
0.4116988298
0.4134578923
0.4116055770
0.4010042745
0.4000779312
0.4006285529
0.4030587021
0.4035098787
0.4036543960
0.4022184913
0.3946140361
0.3980963464
0.3975716228
0.3923058134
0.3958044753
0.3965561360
0.3908692757
0.3944614159
0.3954509694
0.3863898996
0.3746449626
0.3735907986
0.3614759640
0.3623757185
0.3509160203
0.3415227826
0.3302389369
0.3301603131
0.3229890878
0.3190273497
0.3098158678
0.3006022507
0.2959829901
0.2903311883
0.2812664499
0.2675893415
0.2578193381
0.2606791409
0.2435861783
0.2342096867
0.2288438896
0.2278843480
0.2245828382
0.2237088014
0.2288677482
0.2286764023
0.2297349461
0.2373990799
0.2339918872
0.2357903152
0.2473446177
0.2519465226
0.2517212081
0.2587601277
0.2630415269
0.2657549997
0.2653305668
0.2685611081
0.2721222956
0.2812410075
0.2675593988
0.2903054568
0.2745345040
0.2835781781
0.2663084596
0.2719287873
0.2674109788
0.2510602588
0.2388584121
0.2245891758
0.2071735195
0.1901187077
0.1650119957
0.1443102241
0.1237413637
0.0931968641
0.0983482657
0.0948794502
0.1005686942
0.2951750416
0.3222349753
0.2955715309
0.2848866981
0.2616821774
0.2272136476
0.2342016950
0.2250910876
0.2200732028
0.2134038437
0.1637049404
0.1696418350
0.1494657232
0.1271901838
0.1102576646
0.0934618644
0.0829531471
0.0708837126
0.0628563206
0.0706026207
0.0790995036
0.0930759450
0.1061097927
0.1218274493
0.1342463212
0.1432407556
0.1530495791
0.1606838734
0.1716006928
0.1800470502
0.1880557529
0.1981317287
0.2025318186
0.2053164016
0.2078442497
0.1974823849
0.1860923042
0.1626890461
0.1444948944
0.1301871210
0.1303199403
0.1192545709
0.1160109269
0.1044777466
0.0995643034
0.0948653907
0.0990326624
0.1001514314
0.0995337955
0.0984815549
0.0979809416
0.1399399372
0.1501007732
0.1613210482
0.1730699714
0.1881947281
0.1996975414
0.2011563851
0.2105427033
0.2362119746
0.2540659866
0.2545354851
0.2623435813
0.2578306695
0.2295184915
0.2718834154
0.2521034226
0.2207555970
0.2240148587
0.1997193256
0.1935008463
0.1769702280
0.1788173789
0.1816759399
0.1604351971
0.1356094218
0.1220250309
0.1024240065
0.1011206309
0.0959869573
0.0907280160
0.0762566722
0.0778354906
0.0780971522
0.0808296571
0.0843519647
0.0863935756
0.0886963629
0.0912772177
0.0941501161
0.1000361954
0.0992881365
0.1035218196
0.1052183665
0.1081828216
0.1077470542
0.1084745191
0.0986164486
0.0986300236
0.0957190475
0.1009109065
0.0981836428
0.0894246730
0.0885839492
0.0821892249
0.0838195878
0.0822515220
0.0853323384
0.0886424976
0.0954089914
0.1010022124
0.1100475040
0.1169806492
0.1256757048
0.1301654898
0.1449152014
0.1569576523
0.1610713507
0.1639510183
0.1757807494
0.1847664024
0.1910708803
0.2025371117
0.2123296620
0.2224919796
0.2348721587
0.2300042432
0.2337134218
0.2394688194
0.1844423601
0.1781059598
0.1684933931
0.1431362085
0.1325450070
0.1188684551
0.1176899133
0.1030597920
0.0926846455
0.0970036374
0.0971734228
0.0798529868
0.0708971515
0.0792554094
0.0922994819
0.0931795252
0.0975847893
0.1019085552
0.1074962331
0.1126306942
0.1179206757
0.1231323962
0.1262034841
0.1273009838
0.1345612869
0.1386407523
0.1434145626
0.1504693947
0.1492744444
0.1598988539
0.1493716157
0.1457648379
0.1529750174
0.1561071887
0.1616619813
0.1555993888
0.1474962197
0.1354341730
0.1446389890
0.1375880397
0.1311598464
0.1199607788
0.1279028796
0.1230788894
0.1285007895
0.1285367297
0.1234197793
0.1260827214
0.1217910088
0.1377091305
0.1377131743
0.1412303528
0.1441444600
0.1490148927
0.1533320117
0.1566453298
0.1591666951
0.1685128129
0.1739936383
0.1788840942
0.1802938049
0.1846062783
0.1848074377
0.1947812393
0.1996635266
0.1910252814
0.2197448419
0.2194821862
0.2175975138
0.2018342114
0.1991222993
0.1885073195
0.1833225481
0.1737465493
0.1827055324
0.1745086378
0.1576963939
0.1448878692
0.1375705891
0.1147255704
0.1140925763
0.1072114870
0.1153989695
0.1194714737
0.1077515410
0.1038878036
0.1023543022
0.0994180191
0.1020224187
0.1034244964
0.1113778690
0.1090323825
0.1098387186
0.1135455386
0.1151967354
0.1146634815
0.1196348078
0.1246513893
0.1299386978
0.1331219602
0.1413675778
0.1387153221
0.1425305753
0.1422401704
0.1480334885
0.1558271631
0.1609459887
0.1627691746
0.1768792577
0.1788476164
0.1790809694
0.1847893860
0.1968472556
0.1982103963
0.2083300480
0.2085138802
0.2133849147
0.2277216518
0.2142472381
0.2195583282
0.2161813233
0.2068152362
0.2005987410
0.1955206718
0.2036289996
0.2061140317
0.2018381902
0.2052165898
0.2001487575
0.2044731909
0.2051462490
0.1490160060
0.1452094927
0.1466110176
0.1519920649
0.1560450483
0.1581951767
0.1589887139
0.1617448217
0.1510365123
0.1521313285
0.1070786996
0.1571453400
0.1638885145
0.1181888773
0.2035126728
0.1566116583
0.1356508666
0.2015154448
0.0958015833
0.1931717624
0.1870388413
0.1820877847
0.1302345012
0.1418584948
0.1743895723
0.1570672736
0.1270681147
0.1657242069
0.1845269013
0.1692677877
0.1747296917
0.1820099317
0.1914389069
0.1791713045
0.1880068701
0.1852647864
0.1877834203
0.1880942435
0.1936949471
0.1912995998
0.1933645023
0.2006124423
0.2007794855
0.2021311688
0.2088138684
0.2055909992
0.2116963879
0.2124845886
0.2232999186
0.2169704861
0.2234147910
0.2196573610
0.2203431074
0.2125250812
0.2253196286
0.2268666852
0.2181156775
0.2260952941
0.2148683357
0.2209922160
0.2183351621
0.2146151542
0.2119687347
0.2117490261
0.2141516460
0.2060835590
0.2120154102
0.2184966237
0.2219311984
0.1660446550
0.1693389328
0.1675147691
0.1781886900
0.1774156731
0.1836114918
0.1872704080
0.1825954046
0.1756699787
0.1652357697
0.1743366884
0.1677847301
0.1901321789
0.1643534538
0.1497942931
0.1874751300
0.1350273578
0.1420566543
0.1350483877
0.1458673454
0.1415498740
0.1298798558
0.1604689742
0.1827753987
0.2047751304
0.1150302658
0.0861016475
0.1540076909
0.1779687920
0.1961011418
0.1936644605
0.1792774456
0.1718778763
0.1673383329
0.1739727696
0.1755792010
0.1769540335
0.1814070775
0.1773148096
0.1741256061
0.1742937645
0.1747025836
0.1693427245
0.1686625985
0.1667562868
0.1720792750
0.1663781435
0.1624771138
0.1683730779
0.1703917192
0.1765855274
0.1778848523
0.1815374879
0.1821833478
0.1833608936
0.1855382454
0.1878090610
0.1824677553
0.1963687890
0.1859315254
0.1853912458
0.1805657120
0.1906885559
0.1823490522
0.1817171177
0.1841272026
0.1743454016
0.1743613897
0.1668326035
0.1724383589
0.1709654223
0.1740473022
0.1534264711
0.1663983782
0.1600963407
0.1533122816
0.1596132840
0.1525753216
0.1628828211
0.1714939048
0.1630769394
0.1647114031
0.2010759597
0.1190450131
0.1342497200
0.0899302763
0.1642458233
0.2189690469
0.1900182298
0.1944800553
0.2058620995
0.2118661556
0.1871737412
0.2369081752
0.2020018379
0.1792585742
0.1771467631
0.1826710438
0.1855397872
0.1845244002
0.1864330610
0.1905713845
0.1939456717
0.1902373969
0.1924718252
0.1883051739
0.1877238237
0.1892614984
0.1872067090
0.1855263597
0.1856044059
0.1859061937
0.1862024566
0.1862724631
0.1879611052
0.1900144904
0.1920605319
0.1892743445
0.1946972732
0.1942407502
0.2012892472
0.2000924740
0.1990686485
0.1927895319
0.1980049100
0.1990018454
0.1953878930
0.1964396769
0.1978110680
0.2017565420
0.2021679498
0.1917157708
0.1908105140
0.1811359299
0.1748225245
0.1787805607
0.1910638062
0.1882442457
0.1851969092
0.1865156546
0.1918375453
0.1611751059
0.1605252224
0.1579537734
0.1484181400
0.1720965827
0.1582864539
0.1696494413
0.1886995617
0.1917979371
0.1683407262
0.1358001390
0.1481171238
0.1287695284
0.1095930820
0.0829703578
0.1772976546
0.1416457571
0.1569154077
0.1443759040
0.1351606180
0.1377447602
0.1269820038
0.1320770686
0.1331860576
0.1529468644
0.1520098012
0.1622479565
0.1654924525
0.1703777646
0.1679490344
0.1713823373
0.1657978425
0.1648785561
0.1697534860
0.1709310615
0.1753422029
0.1777788777
0.1809202951
0.1809304348
0.1778698358
0.1839022887
0.1906135240
0.1938694574
0.1930012063
0.1967476963
0.2024882623
0.1992146587
0.2041458039
0.2006705002
0.2041110985
0.2062904126
0.2063125254
0.2049992753
0.2016525347
0.1923148465
0.1924970190
0.1931809764
0.1855611447
0.1856418647
0.1811548276
0.1956050270
0.1786510779
0.1766921935
0.1757638492
0.1709886494
0.1862491803
0.1744769468
0.1703060471
0.1702569429
0.1834380281
0.1643426394
0.1613129026
0.1625317134
0.1696417952
0.1573771354
0.1426490170
0.1441247356
0.1408450266
0.1133142141
0.1624768611
0.1716333718
0.1473820256
0.1419142559
0.2227725911
0.2056798466
0.1888148358
0.1849982577
0.1840133420
0.1869281736
0.1847806058
0.1977129541
0.1981789963
0.2064284239
0.2096133765
0.2177180862
0.2232392133
0.2307894973
0.2362372101
0.2542877393
0.2659758671
0.2875960610
0.2904486699
0.2876105968
0.2876223622
0.2863985276
0.2819543091
0.2654798869
0.2622424821
0.2743941778
0.2979652496
0.3269702024
0.3570467938
0.3847816651
0.3958111129
0.4013363490
0.4034068602
0.4162948757
0.4118230334
0.4063031552
0.3976406071
0.4045678242
0.4170468209
0.4325232481
0.4537613353
0.4626283495
0.4721761329
0.4760422543
0.4682123906
0.4527421747
0.4382073492
0.4191971439
0.4200219701
0.4132804698
0.4244243541
0.4273896042
0.4176325051
0.4116029054
0.4134668336
0.4152772455
0.4082714382
0.4189011537
0.4018744894
0.4051231263
0.4036846418
0.4060178037
0.3870143731
0.3991823137
0.4036628006
0.4024936842
0.4089063101
0.4159537088
0.4222888913
