0.2064663049
0.2107647689
0.2120589729
0.2136030641
0.2169587174
0.2170552267
0.2169224219
0.2171759219
0.2157388349
0.2192856512
0.2217271722
0.2153350569
0.2163195847
0.2161444812
0.2160108596
0.2192710283
0.2108616414
0.2244825713
0.2041633763
0.2068212329
0.2076472047
0.2013301917
0.2044166538
0.2066205294
0.2062573781
0.2077348823
0.2075809897
0.2074110187
0.2084736900
0.2111842582
0.2123665401
0.2121857586
0.2117223552
0.2129346007
0.2137927301
0.2144456410
0.2158252240
0.2145765695
0.2126481658
0.2095121370
0.2089872366
0.2061996170
0.2021701752
0.2002440808
0.1972646172
0.1964733337
0.1952168770
0.1939624240
0.1911746318
0.1892265751
0.1903638507
0.1886520751
0.1811920015
0.1770430733
0.1721298389
0.1788960895
0.1791074337
0.1669074810
0.1616209475
0.1600737300
0.1603688342
0.1566462070
0.1549714795
0.1517162456
0.1555623657
0.1535893391
0.1543032898
0.1607304771
0.1580648092
0.1605352572
0.1617512273
0.1622723305
0.1628886727
0.1611060827
0.1586890481
0.1576629756
0.1562116411
0.1540978259
0.1503345333
0.1497319922
0.1480906937
0.1457933220
0.1456406642
0.1452911077
0.1434525542
0.1437888412
0.1417270571
0.1436783719
0.1445027408
0.1428178697
0.1441119220
0.1449769534
0.1444837950
0.1440478723
0.1441728665
0.1435885361
0.1445909699
0.1416687938
0.1429895474
0.1476043987
0.1493505406
0.1525312452
0.1543254154
0.1560396386
0.1561794707
0.1604799321
0.1601990085
0.1596348517
0.1584400349
0.1584682809
0.1571351414
0.1560068782
0.1566971265
0.1571991546
0.1580571918
0.1580209405
0.1558244617
0.1557861401
0.1548651102
0.1520060503
0.1509198193
0.1500367760
0.1478732712
0.1463581143
0.1458162806
0.1432229560
0.1438254364
0.1432267072
0.1443844414
0.1452351768
0.1464924185
0.1455870718
0.1443636222
0.1428805548
0.1403985835
0.1390898516
0.1364557496
0.1330648473
0.1284007267
0.1258306935
0.1249324747
0.1227038256
0.1205842228
0.1207548484
0.1196089390
0.1201404623
0.1225757355
0.1230729398
0.1247715680
0.1256908445
0.1293381594
0.1257855889
0.1288723220
0.1254723076
0.1270612445
0.1250181863
0.1217274784
0.1233164488
0.1218810054
0.1218498724
0.1231207787
0.1259006607
0.1266765227
0.1209534037
0.1253258480
0.1317738267
0.1265726806
0.1204531731
0.1232108858
0.1236399380
0.1216712223
0.1162058994
0.1192015754
0.1134202574
0.1040947274
0.0996051048
0.0983531938
0.0962308706
0.0965424440
0.0976601843
0.0998614340
0.0989270328
0.0996870031
0.0968276672
0.0969744764
0.0906823695
0.0928420259
0.0877338137
0.0896017265
0.0882994274
0.0856869476
0.0860442929
0.0866868759
0.0843385008
0.0792944809
0.0787781198
0.0755306213
0.0741561878
0.0740917830
0.0737762270
0.0714045358
0.0709655222
0.0691818569
0.0677215228
0.0677715097
0.0683336161
0.0665927588
0.0644410067
0.0671276954
0.0682507389
0.0661903051
0.0642385577
0.0609668259
0.0596837307
0.0564386324
0.0556099915
0.0569462394
0.0588844869
0.0585859720
0.0608483529
0.0616551286
0.0645118047
0.0633046151
0.0600462404
0.0652016933
0.0594308663
0.0607934854
0.0619985986
0.0602951999
0.0575458304
0.0596805798
0.0614477953
0.0663374820
0.0655994780
0.0672334221
0.0648216391
0.0611270334
0.0578361071
0.0544073269
0.0528951248
0.0552711395
0.0564113836
0.0589881941
0.0558707902
0.0622554234
0.0633348547
0.0595943461
0.0593013377
0.0566955569
0.0574045222
0.0628172098
0.0685908320
0.0627953862
0.0586023810
0.0713617076
0.0637452716
0.0676391593
0.0742777427
0.0634984516
0.0730672220
0.0650832056
0.0586542259
0.0520569082
0.0485174482
0.0472389425
0.0430651303
0.0392836537
0.0371813498
0.0380974248
0.0423251711
0.0405110806
0.0397667141
0.0400222698
0.0405813777
0.0396967805
0.0383364675
0.0375139121
0.0370917690
0.0367387260
0.0359539335
0.0364720537
0.0370889143
0.0355674003
0.0361383022
0.0373670145
0.0375358463
0.0378037494
0.0378143723
0.0382901112
0.0409221637
0.0415274944
0.0444433284
0.0481241878
0.0512338216
0.0561345827
0.0604835442
0.0648318156
0.0661329459
0.0684171959
0.0721645681
0.0779238134
0.0708607587
0.0691344651
0.0781068669
0.0879054238
0.0860993111
0.0817662700
0.0817154390
0.0807574561
0.0808886520
0.0791544231
0.0864572061
0.0831432283
0.0780760562
0.0752739079
0.0793023904
0.0680920341
0.0647089085
0.0584139507
0.0567732937
0.0569286078
0.0538115716
0.0487150042
0.0513437591
0.0492985893
0.0512202268
0.0402969585
0.0428097144
0.0406183697
0.0361413818
0.0406064741
0.0456598528
0.0455707435
0.0468232543
0.0490463704
0.0499538302
0.0543034781
0.0549028481
0.0555832326
0.0543025029
0.0527202504
0.0514808467
0.0453048749
0.3029318613
0.0431461053
0.0774611403
0.0680788406
0.0973261097
0.0448937149
0.0607408961
0.0408858915
0.0583981510
0.0593489833
0.0679030603
0.0539324772
0.0535701988
0.0563059173
0.0516033843
0.0499450233
0.0490331641
0.0497172207
0.0509662239
0.0485720773
0.0461698325
0.0479715091
0.0473022594
0.0446696286
0.0433463889
0.0371448248
0.0375354740
0.0316046097
0.0535409926
0.0611740943
0.0475766881
0.0412259916
0.0335244297
0.0310888865
0.0335878663
0.0436968799
0.0402484745
0.0450105650
0.0524988042
0.0452920343
0.0421791044
0.0379054209
0.0424621943
0.0403766420
0.0388800153
0.0387591819
0.0408733665
0.0418954981
0.0387901634
0.0392697344
0.0362451662
0.0378684537
0.0430508145
0.0447060373
0.0447913811
0.0479220661
0.0453415792
0.0473757687
0.0476165067
0.0459910531
0.0373411962
0.0341556999
0.0335191402
0.0360593820
0.0496465590
0.0440258060
0.0383893644
0.0505312644
0.0364736987
0.0409317540
0.0357460107
0.0357026880
0.0500449668
0.0257491493
0.0510376643
0.0373426661
0.0345035703
0.0471104069
0.0527007181
0.0463853164
0.0407087879
0.0385645046
0.0359042504
0.0287546281
0.0364901380
0.0297414742
0.0246278393
0.0250115018
0.0234238767
0.0274048701
0.0221856010
0.0348084209
0.0258159126
0.0229264545
0.0253388103
0.0230597320
0.0256686336
0.0233336228
0.0205122607
0.0280831346
0.0345591683
0.0263721660
0.0375194849
0.0400078809
0.0448911749
0.0413480072
0.0405908582
0.0509725878
0.0578533292
0.0684875541
0.0665939915
0.0629435212
0.0611008339
0.0570833345
0.0590549432
0.0596719712
0.0575922655
0.0590025488
0.0564545034
0.0538939219
0.0511613573
0.0491963005
0.0530958419
0.0533509653
0.0530904841
0.0537977590
0.0568537897
0.0559054521
0.0539163801
0.0536665755
0.0508030910
0.0504887249
0.0496112152
0.0498574333
0.0464379583
0.0425788484
0.0423425549
0.0473168913
0.0400068412
0.0349900769
0.0320591292
0.0370553238
0.0463377120
0.0396805767
0.0401286594
0.0352103378
0.0479972357
0.0436938510
0.0514531714
0.0704232649
0.0728652062
0.0760973176
0.0961965173
0.0674825079
0.0618812426
0.0657977860
0.0624049884
0.0600523478
0.0513541734
0.0477994149
0.0450734476
0.0409476650
0.0495098891
0.0431755339
0.0369361278
0.0337681731
0.0320001595
0.0299423776
0.0276908967
0.0274196055
0.0247918501
0.0269493340
0.0170758241
0.0116609617
0.0108578723
0.0148547675
0.0126060025
0.0143890565
0.0160489673
0.0160854385
0.0143218154
0.0258467051
0.0412151754
0.0374596718
0.0326795661
0.0325415971
0.0263558588
0.0267665024
0.0298840392
0.0309792350
0.0447046173
0.0486810821
0.0500721450
0.0439057520
0.0402164833
0.0374011915
0.0382286535
0.0374002111
0.0356392273
0.0332455081
0.0330702419
0.0331437277
0.0308511383
0.0285374849
0.0267418979
0.0279680625
0.0259839227
0.0237957426
0.0225230641
0.0217600641
0.0208716756
0.0232051045
0.0235125163
0.0231310717
0.0259686886
0.0269827189
0.0199108825
0.0173560863
0.0148075998
0.0148891217
0.0163392368
0.0132093123
0.0091430623
0.0108490322
0.0215488743
0.0235079105
0.0206181025
0.0194278463
0.0265561395
0.0340642619
0.0210120477
0.0165793430
0.0145792659
0.0121073438
0.0144659258
0.0145448494
0.0203337835
0.0296001251
0.0136007759
0.0187691591
0.0235830779
0.0213795605
0.0313146015
0.0340677270
0.0352535933
0.0390564131
0.0384448774
0.0376354131
0.0372158139
0.0407716704
0.0441221570
0.0452200923
0.0437889888
0.0461770186
0.0484725240
0.0465762522
0.0468024575
0.0492612796
0.0525564229
0.0519099324
0.0528878319
0.0475392925
0.0439582673
0.0418539356
0.0391748786
0.0431433187
0.0379802006
0.0377096345
0.0533112487
0.0592899931
0.0542237934
0.0547985050
0.0475826497
0.0403219669
0.0378961558
0.0334388468
0.0561037372
0.0560070100
0.0517835127
0.0487834260
0.0514667289
0.0470371473
0.0397131923
0.0365490751
0.0294680553
0.0290510735
0.0302757537
0.0315087863
0.0341116524
0.0345719699
0.0319979445
0.0307437227
0.0290114103
0.0275985082
0.0308783999
0.0311457787
0.0316214471
0.0352129189
0.0335336814
0.0321812245
0.0369836087
0.0339960553
0.0388880088
0.0383023517
0.0435611355
0.0138177414
0.0196415366
0.0312076509
0.0278997740
0.0362468484
0.0346961455
0.0288109099
0.0339242863
0.0326248149
0.0241192833
0.0246011689
0.0197629316
0.0218154554
0.0233153716
0.0164484360
0.0147803481
0.0115613605
0.0154429980
0.0188545227
0.0248729424
0.0302699558
0.0253798854
0.0260044987
0.0263081498
0.0228929514
0.0278009299
0.0257334809
0.0235572617
0.0218714915
0.0191106624
0.0191101944
0.0184992345
0.0182412315
0.0169906920
0.0164903768
0.0147614315
0.0183885717
0.0158667341
0.0178610310
0.0181029255
0.0171733356
0.0200640694
0.0154586396
0.0125682334
0.0139256695
0.0112803601
0.0078251187
0.0106772793
0.0126232663
0.0224005640
0.0343944998
0.0411895165
0.0404852246
0.0404846522
0.0417950536
0.0474761870
0.0546078471
0.0553536033
0.0556923178
0.0603443884
0.0621753741
0.0634241483
0.0608493420
0.0597176371
0.0579415492
0.0578077124
0.0583070063
0.0591560454
0.0629724314
0.0620658304
0.0633227443
0.0699493705
0.0704566506
0.0701916365
0.0710233002
0.0727050639
0.0738802226
0.0760698454
0.0728799592
0.0709635428
0.0702689410
0.0696719903
0.0684743674
0.0647257242
0.0601581009
0.0589991525
0.0543483213
0.0547447748
0.0532207830
0.0551695570
0.0556413712
0.0538414717
0.0528707879
0.0532103939
0.0627291378
0.0677773579
0.0644984475
0.0646080297
0.0691695795
0.0719091763
0.0715948750
0.0733098510
0.0735790832
0.0744002972
0.0739367664
0.0761502386
0.0771583090
0.0772787001
0.0781667876
0.0765126672
0.0757314410
0.0758911792
0.0756756225
0.0754261975
0.0746925198
0.0731395941
0.0714273207
0.0682047565
0.0674016442
0.0653882312
0.0653383333
0.0657357617
0.0658111740
0.0690623615
0.0715924157
0.0802753403
0.0770788014
0.0628559386
0.0685917953
0.0697121421
0.0737723910
0.0733595272
0.0768429906
0.0723740868
0.0756582142
0.0747178725
0.0754347044
0.0775486416
0.0819657803
0.0740308022
0.0783764509
0.0836066225
0.0847500162
0.0776659537
0.0814572668
0.0850022572
0.0889709582
0.0919140359
0.0935678807
0.0914065827
0.0854392637
0.0862649643
0.0881813212
0.0877582406
0.0841064766
0.0824857599
0.0790722646
0.0761426372
0.0743017307
0.0741663306
0.0699797939
0.0666889417
0.0593714279
0.0573736382
0.0481472799
0.0507949996
0.0557703714
0.0520455332
0.0555056644
0.0511806631
0.0524256643
0.0524041855
0.0518404644
0.0512895254
0.0483803338
0.0358504488
0.0487196480
0.0503162644
0.0584671305
0.0618054155
0.0407918409
0.0505589485
0.0531566798
0.0602100630
0.0596480828
0.0610203871
0.0606162380
0.0616217476
0.0637763303
0.0680945763
0.0658607039
0.0690463622
0.0683185616
0.0653559185
0.0629089490
0.0559823680
0.0530824980
0.0495333625
0.0483580842
0.0486046190
0.0431573229
0.0482510336
0.0543176419
0.0563820060
0.0644327225
0.0639698071
0.0661829881
0.0590381707
0.0549290745
0.0549109649
0.0484865653
0.0535468901
0.0495437552
0.0523420813
0.0490616093
0.0528939501
0.0547121863
0.0517101767
0.0499044429
0.0496365753
0.0507824561
0.0578449065
0.0588578658
0.0601187579
0.0609520283
0.0614130728
0.0620144212
0.0628712366
0.0624012656
0.0619468767
0.0613762434
0.0609581662
0.0617213226
0.0624030859
0.0596754670
0.0591828789
0.0605608575
0.0597953448
0.0597432587
0.0587132717
0.0617193378
0.0652016531
0.0645839804
0.0695960986
0.0673177029
0.0689029542
0.0673651490
0.0740006003
0.0788630311
0.0829928216
0.0803528807
0.0759185716
0.0676096632
0.0684623826
0.0629907354
0.0700273910
0.0704893900
0.0626516952
0.0833910601
0.0757300100
0.0561567763
0.0657307069
0.0623629608
0.0631813165
0.0663859600
0.0679825806
0.0701879258
0.0665701379
0.0667269269
0.0664280121
0.0648685445
0.0624425567
0.0662584538
0.0669009085
0.0649096763
0.0634134785
0.0628186933
0.0570477614
0.0598253290
0.0605533925
0.0686202251
0.0564418326
0.0605433663
0.0698685887
0.0692016801
0.0716693718
0.0705387207
0.0728455645
0.0738958475
0.0742027023
0.0764770217
0.0765059065
0.0753027629
0.0705927192
0.0700237587
0.0694048219
0.0731330597
0.0747539979
0.0671649424
0.0672468053
0.0683565468
0.0653145253
0.0551698587
0.0503876099
0.0481646811
0.0471100581
0.0497864186
0.0522109984
0.0561667072
0.0635094782
0.0664896646
0.0773237034
0.0770124840
0.0799760064
0.0791675638
0.0789271400
0.0794206406
0.0780784573
0.0769050776
0.0766924283
0.0751993113
0.0720169415
0.0694361662
0.0666758515
0.0621401497
0.0551589234
0.0512066805
0.0497157842
0.0538952378
0.0578976744
0.0593397623
0.0578906753
0.0587380000
0.0593007037
0.0598131536
0.0564287405
0.0532996238
0.0506324341
0.0481761749
0.0453863588
0.0448707629
0.0463362227
0.0456193284
0.0479302630
0.0485406575
0.0545956447
0.0567740586
0.0558588583
0.0568093922
0.0568378503
0.0579406121
0.0590580550
0.0666647583
0.0666224834
0.0589846889
0.0630325668
0.0509816771
0.0754425239
0.0855976096
0.0744385064
0.0761137555
0.0756361313
0.0693739946
0.0756160329
0.0648593614
0.0677204942
0.0694667664
0.0747662427
0.0795263215
0.0896110545
0.0937924463
0.0958000745
0.0891742223
0.0802933446
0.0793720692
0.0785833457
0.0661243398
0.0569396275
0.0537028345
0.0469452027
0.0437884329
0.0425986567
0.0429910331
0.0436806810
0.0483964155
0.0542719348
0.0616955591
0.0584404452
0.0485261561
0.0458898149
0.0425376083
0.0434020885
0.0414328611
0.0411031386
0.0378319808
0.0350566728
0.0313593027
0.0297157376
0.0287365322
0.0428592555
0.0505091826
0.0429292581
0.0404016599
0.0369756941
0.0326570688
0.0325635468
0.0339840581
0.0311896691
0.0281160343
0.0278981310
0.0249384533
0.0279357978
0.0372151129
0.0371579026
0.0385132780
0.0359603037
0.0352386709
0.0346599829
0.0340916838
0.0324471952
0.0365775365
0.0379273248
0.0390511139
0.0403847376
0.0423142152
0.0427169807
0.0447937125
0.0471344987
0.0495482973
0.0538037237
0.0560186628
0.0563750854
0.0547513041
0.0534567719
0.0528887781
0.0489880727
0.0469075819
0.0453062328
0.0425633168
0.0405416927
0.0382175672
0.0393180838
0.0384639818
0.0375841557
0.0341123941
0.0330943999
0.0272257231
0.0264669133
0.0287222377
0.0248884730
0.0267180671
0.0241184983
0.0250077387
0.0314349275
0.0376065346
0.0291622128
0.0204936601
0.0185469135
0.0194498854
0.0178643876
0.0203747784
0.0175575054
0.0169942379
0.0229217271
0.0105218365
