3.076553821874819405e+00
3.200884714864113079e+00
3.237184812801382261e+00
3.267257307537434041e+00
3.261167638820360093e+00
3.358349464108009386e+00
3.417114418767719375e+00
3.417365758319979463e+00
3.416510402162464377e+00
3.418537671968582714e+00
3.418372229411193786e+00
3.418116622782521929e+00
3.418141538109789490e+00
3.418267561767765361e+00
3.417845344589427015e+00
3.417281311110155873e+00
3.417709989694060368e+00
3.418411738490903851e+00
3.419306979184874695e+00
3.419830810507593188e+00
3.420125890546144909e+00
3.420518976643609488e+00
3.420920907615575768e+00
3.420629941213710890e+00
3.420277550892163010e+00
3.419936947545585859e+00
3.419205964484771876e+00
3.420929251531970472e+00
3.418393667337548791e+00
3.416745985018524667e+00
3.415799992595806689e+00
3.408332839969307582e+00
3.420585108010913089e+00
3.420411516365165827e+00
3.419309531678303760e+00
3.406737869745096958e+00
3.407149393189866871e+00
3.451765410006711221e+00
3.453500732980706811e+00
3.455241697152594771e+00
3.453040735624074653e+00
3.449698839320219701e+00
3.447762346633623576e+00
3.446769148054340981e+00
3.446940624872325554e+00
3.438408118497276789e+00
3.436343095995646468e+00
3.434462619372881775e+00
3.431533483953727259e+00
3.428951451881028678e+00
3.425803160054786023e+00
3.429871077541386537e+00
3.426222146020793780e+00
3.425376800016089796e+00
3.408114592062732484e+00
3.476346709554940073e+00
3.488296612881236047e+00
3.492399717849665297e+00
3.494737534227765341e+00
3.501517536567995137e+00
3.499956671399456987e+00
3.494634196257293546e+00
3.496750260230306662e+00
3.496560186411227900e+00
3.496547351244404300e+00
3.498213197453125645e+00
3.500287602458451719e+00
3.499314013090260911e+00
3.499312306693093788e+00
3.499786832283597882e+00
3.498721920002033414e+00
3.494480575248527288e+00
3.497212396060930040e+00
3.500571288027698014e+00
3.502628652655613628e+00
3.501276288693491612e+00
3.499434232933820166e+00
3.500074066163946007e+00
3.500696705659407382e+00
3.501323768467254460e+00
3.502102815618861165e+00
3.502797765177952272e+00
3.503713684663009253e+00
3.552869982299035723e+00
3.553763389519492666e+00
3.548191824211237577e+00
3.548089727955127781e+00
3.547992803744869139e+00
3.547911112463120631e+00
3.547880302643542372e+00
3.552938864666033147e+00
3.550097953344931501e+00
3.549794687905878821e+00
3.549671358742921612e+00
3.549552292234795292e+00
3.549327132458881096e+00
3.549246240616425130e+00
3.549385309470082905e+00
3.549456927383780602e+00
3.549738247526641910e+00
3.550012044720943116e+00
3.550480441592759995e+00
3.551079839795998172e+00
3.551686563530977558e+00
3.552905431681955495e+00
3.558159791943315220e+00
3.547383464747361881e+00
3.546955619146597183e+00
3.549971916179240683e+00
3.550141339103762395e+00
3.605524685055634393e+00
3.605342375378564501e+00
3.608838193547268425e+00
3.610137398096423311e+00
3.614244185385828700e+00
3.614834644084031545e+00
3.616098250903411415e+00
3.625730761983863903e+00
3.631421429299504844e+00
3.629140398246646804e+00
3.618028539466049409e+00
3.657729083899945444e+00
3.658030861649643750e+00
3.662585513772053325e+00
3.689305032741550860e+00
3.747791678376897639e+00
3.750835485770387834e+00
3.751463114755241079e+00
3.752124810556390688e+00
3.718214263072830317e+00
3.773271474949847271e+00
3.772231456180141773e+00
3.733659103397956258e+00
3.730039464392101767e+00
3.726075989930776267e+00
3.791933084245895813e+00
3.817644063388334175e+00
3.815901466857222868e+00
3.812518970243317540e+00
3.865287598995768903e+00
3.856186998338690053e+00
3.832220599884437195e+00
3.829817831819161800e+00
3.820288492945610681e+00
3.870751927798802949e+00
3.862482208011557727e+00
3.860571091152717571e+00
3.867069672335658126e+00
3.862937720872209990e+00
3.857384890099128327e+00
3.847479195014060327e+00
3.874393397315265997e+00
3.866590359300887236e+00
3.850058813954597259e+00
3.838812562453041366e+00
3.827826269344580368e+00
3.864125217909851084e+00
3.852181299444572105e+00
3.841963952641437974e+00
3.832238818283090875e+00
3.822459424266412054e+00
3.821987587743595149e+00
3.866398770226332271e+00
3.856251675396971557e+00
3.850279775235174728e+00
3.833598495402455342e+00
3.832432821213493934e+00
3.831333360730203808e+00
3.818995743590428482e+00
3.869103499382338995e+00
3.869996356041898622e+00
3.870558945488234315e+00
3.863629757629080785e+00
3.900596409759970573e+00
3.891579489902068811e+00
3.888348510314576068e+00
3.935759774778539111e+00
3.978762058469450746e+00
3.964871233354863023e+00
3.992520151345508861e+00
4.012206483812120972e+00
3.969390785740044780e+00
3.941392191067792261e+00
3.905074521065775350e+00
3.852150755339364352e+00
3.796999382225500597e+00
3.746368037138883889e+00
3.696833628333562327e+00
3.634937580852665828e+00
3.579591418111248480e+00
3.512525348226903432e+00
3.441589221434365520e+00
3.370235711866933936e+00
3.279128221635234208e+00
3.210539305339458860e+00
3.201766248266838755e+00
3.110217154765877456e+00
3.002745176902489987e+00
2.883129878432962645e+00
2.803315567589357737e+00
2.786942771007714814e+00
2.719936077506462713e+00
2.618174413717923699e+00
2.447244470055587318e+00
2.268819627768665192e+00
2.107353602933050407e+00
1.949712548585845751e+00
1.831793246637089867e+00
1.693595931577188463e+00
1.580415196762052554e+00
1.504301894661294048e+00
1.404164122370290757e+00
1.323135239180881939e+00
1.248958135145938897e+00
1.188018721512441811e+00
1.128559831735136854e+00
1.061801088487523970e+00
1.005073240848095795e+00
9.629485487962311518e-01
9.363541954597732753e-01
9.072313258119060198e-01
8.893579947029490729e-01
9.010158524709183103e-01
8.914234911597638256e-01
8.877785396580146760e-01
8.616813921166106560e-01
8.248091036021072409e-01
7.769514360206412062e-01
7.396604751538309319e-01
7.002647939412507405e-01
6.731353193684732616e-01
6.625007082105326406e-01
6.295068995482985263e-01
6.253683008852783942e-01
6.502176821227525494e-01
6.588235771712681599e-01
6.558285958401615101e-01
6.750324725119374314e-01
6.707013857048712557e-01
7.272453212216692942e-01
7.665826018520525142e-01
7.661122050463301525e-01
7.717457701759183886e-01
7.800447728543082881e-01
8.048298208178177315e-01
7.933055457442403924e-01
7.959317987752112522e-01
7.981265869311547911e-01
7.880409119786845329e-01
7.937831761563783894e-01
7.910120625289248641e-01
7.866288728558140653e-01
7.842165329070917013e-01
7.839433903994060815e-01
7.835287812759929027e-01
7.764839008709779611e-01
7.739205978136391995e-01
7.675239721795675818e-01
7.664635618048425414e-01
7.696438917357982801e-01
7.645772998814941435e-01
7.452409576712681893e-01
7.537003101175828723e-01
7.484056161499791360e-01
7.473227864983479352e-01
7.552251938684363397e-01
7.523734879151394717e-01
7.479575544269614351e-01
7.461087992299503258e-01
7.744068377348198862e-01
7.680153637776216957e-01
7.622997145655641127e-01
7.638824728907320782e-01
8.038114497852721918e-01
8.251376473357502350e-01
8.462029196686997601e-01
8.651067809381171037e-01
8.719948812143255568e-01
8.922863380186679683e-01
9.151836383427799371e-01
9.399730039837891349e-01
9.330036890428874408e-01
9.701123770228065046e-01
9.906946648123364785e-01
1.003531583654260873e+00
1.034385140981283868e+00
1.069872967010668363e+00
1.094844145492983367e+00
1.136301463888640173e+00
1.142062295697146679e+00
1.151395626287947005e+00
1.155157221247381072e+00
1.161302014068712918e+00
1.161727908415173260e+00
1.163779608920089581e+00
1.157829637762081365e+00
1.138672787022356969e+00
1.128307957399134809e+00
1.122918934397491464e+00
1.110295783514970269e+00
1.090750203900585413e+00
1.106175859131144357e+00
1.099863699740096790e+00
1.113808308705937611e+00
1.120734969935651248e+00
1.133310340862939025e+00
1.134659752742444905e+00
1.161716301217499359e+00
1.180422777340911944e+00
1.201527020430915194e+00
1.226074853799001385e+00
1.248323827811634201e+00
1.249490957277995751e+00
1.276600261872998354e+00
1.276741473491726842e+00
1.277317893776459989e+00
1.307764287873269815e+00
1.314114065085662419e+00
1.342584733449394330e+00
1.336941586667729442e+00
1.361128499032495220e+00
1.359341139054504710e+00
1.394090010753869402e+00
1.402388017399467168e+00
1.430601047063446707e+00
1.436347590451354739e+00
1.444190749834092236e+00
1.445459130218886612e+00
1.460138232623926502e+00
1.459823104693648288e+00
1.467254932941866485e+00
1.455080497450837562e+00
1.449346530132242794e+00
1.447024275829816853e+00
1.458653190307315217e+00
1.447128659950559282e+00
1.446058189804583893e+00
1.444122976863219998e+00
1.411416156399429633e+00
1.395631718572706959e+00
1.388717406372071972e+00
1.370232661916365391e+00
1.365791230128943212e+00
1.342682142178881266e+00
1.342340555181241291e+00
1.343925687032649918e+00
1.347535028924572220e+00
1.351312339383131667e+00
1.343099736006097444e+00
1.348499296157660066e+00
1.311638337187839731e+00
1.295195730794790778e+00
1.304392842688032461e+00
1.328002996990601314e+00
1.460815893595203585e+00
1.508597056693268046e+00
1.482795649892048484e+00
1.454322366629535956e+00
1.441497414825247958e+00
1.437230263915732609e+00
1.436440547377965116e+00
1.438476860336813212e+00
1.420261275917014121e+00
1.323870161510721122e+00
1.332175475184223634e+00
1.336220152771051772e+00
1.346058310512590506e+00
1.371312188687051847e+00
1.430545080662883439e+00
1.536467417479858044e+00
1.562923807703916257e+00
1.562099742890979748e+00
1.583301902548898576e+00
1.564363766399447409e+00
1.554750494465919175e+00
1.586548950465722863e+00
1.574937209737872879e+00
1.625324984239022053e+00
1.626195189877932545e+00
1.635022803596508645e+00
1.687483328436272911e+00
1.695467085299640964e+00
1.704314037798507986e+00
1.744852396979653442e+00
1.733303057721517826e+00
1.731499965003759911e+00
1.716357527200273569e+00
1.699894292275668795e+00
1.730081833213788833e+00
1.729058626144181376e+00
1.704652738418623192e+00
1.714481614140015653e+00
1.708959769751658309e+00
1.677266908338087559e+00
1.643341927579630823e+00
1.656406043993658317e+00
1.648819429099269263e+00
1.652279646840465688e+00
1.699830279962918800e+00
1.697620136811788916e+00
1.681358266292229953e+00
1.652188505288809228e+00
1.639831565460968310e+00
1.635601995344652115e+00
1.707864038659308026e+00
1.714834322358907093e+00
1.726356088185320603e+00
1.733569492574703830e+00
1.743156777619468745e+00
1.830446720431498031e+00
1.860463076438441554e+00
1.884459220059509832e+00
1.935842640893683964e+00
1.940617320111535093e+00
1.969001338048952832e+00
1.990824971006128541e+00
1.989185070962725677e+00
2.035824096256789062e+00
2.039611610676204556e+00
2.070214035862477431e+00
2.068111806706805389e+00
2.062915534672493223e+00
2.052172814235619036e+00
2.085088740657268236e+00
2.080427372127968688e+00
2.092456556529432632e+00
2.116884547676141981e+00
2.096994193098188575e+00
2.131794939828998370e+00
2.121103917006440298e+00
2.162274783009242807e+00
2.145783457379088599e+00
2.163915524152216996e+00
2.180790354535699027e+00
2.201174877975956345e+00
2.198330614497488344e+00
2.239006412342873009e+00
2.224651616563056322e+00
2.163569861315141285e+00
2.118292520661757550e+00
2.078017865527766794e+00
2.032320916029156876e+00
1.983117999626122341e+00
1.951781877113648811e+00
1.927505305144039394e+00
1.879652886426132818e+00
1.825254642060495813e+00
1.810278296277445742e+00
1.790510862609185239e+00
1.767353199132108310e+00
1.781847916606130289e+00
1.788656363364221846e+00
1.815268236221090792e+00
1.785133433933123071e+00
1.789355694978636224e+00
1.781703855639073408e+00
1.771772556731471715e+00
1.757161454338177498e+00
1.724136156854455981e+00
1.707462609189073000e+00
1.697291319625080064e+00
1.679134725232161784e+00
1.654481380927437018e+00
1.645434216749757539e+00
1.605415870210527007e+00
1.581963893735919058e+00
1.565136299920124596e+00
1.507419119014369091e+00
1.485178067135783708e+00
1.481001767869558394e+00
1.474837373089110670e+00
1.471232722823092143e+00
1.443718204527479232e+00
1.450710030823771701e+00
1.444575413048435619e+00
1.437270190401081171e+00
1.441562874554636053e+00
1.450957573526543865e+00
1.441263539085463341e+00
1.450210820719425087e+00
1.458538073034850724e+00
1.463686341896489829e+00
1.468290155647556050e+00
1.463312119787155696e+00
1.469604282906995296e+00
1.477264289486081017e+00
1.492148794136575196e+00
1.502726666166276592e+00
1.512734099178535851e+00
1.527053862558527042e+00
1.539197936011506673e+00
1.526532548306638759e+00
1.520652711542235691e+00
1.516682041085645194e+00
1.506406732847914709e+00
1.494822248850231849e+00
1.474674933759390516e+00
1.459053589088162628e+00
1.440782843960081605e+00
1.420514227909647653e+00
1.396088065786044163e+00
1.371690247868690316e+00
1.348394899183015472e+00
1.307095277011575574e+00
1.316254976669629428e+00
1.295679207226815954e+00
1.291986574976567104e+00
1.298511939718318020e+00
1.289957856796801527e+00
1.292118814206998145e+00
1.297561236088583758e+00
1.309481479939708315e+00
1.314426107210475925e+00
1.315605836520566951e+00
1.315075472960616221e+00
1.320425527373395358e+00
1.328904827691145263e+00
1.340751050673042677e+00
1.344587039587351596e+00
1.388090109176344011e+00
1.401054798055838102e+00
1.411723452114119981e+00
1.384971910252030147e+00
1.417671544949850926e+00
1.431217736561228859e+00
1.443014038420215472e+00
1.460124965752269022e+00
1.482398843897068330e+00
1.495990652353263561e+00
1.499400037180792955e+00
1.486558440142423221e+00
1.484595723272467138e+00
1.501589339277624058e+00
1.513927885779198457e+00
1.508920393806192584e+00
1.532148178974108710e+00
1.519674170738975150e+00
1.517252318208122563e+00
1.569831209195343913e+00
1.578071044941551371e+00
1.584589645765759558e+00
1.572342181337073264e+00
1.558250492204619420e+00
1.555593794566462629e+00
1.585811895603076893e+00
1.567203399472143488e+00
1.543458108101751325e+00
1.545501604902904225e+00
1.575349968203669793e+00
1.582689574635456786e+00
1.589410656161200697e+00
1.585475026904352935e+00
1.584523529222485516e+00
1.571909650181878559e+00
1.585011949363958506e+00
1.563683523626550276e+00
1.573680954228416695e+00
1.595817252261161778e+00
1.615564809130348500e+00
1.633211731147272916e+00
1.671431711742056958e+00
1.752443142077233729e+00
1.804254430476477378e+00
1.789335020446717550e+00
1.834188186960849620e+00
1.881405462691046582e+00
1.927488736781048262e+00
1.903269993610727129e+00
1.876145527013912018e+00
1.892218945489624327e+00
1.805188173088887682e+00
1.795348211907470848e+00
1.785410780113609430e+00
1.773384467553246413e+00
1.769670394697505866e+00
1.788954665196332616e+00
1.780729162957752409e+00
1.814574583200762481e+00
1.796574083762252361e+00
1.819168890310333353e+00
1.826600447810336147e+00
1.837017518359134627e+00
1.821968102307455650e+00
1.806926158025460305e+00
1.788704988320721112e+00
1.826904726635025566e+00
1.881526174062993606e+00
1.863428457395811755e+00
1.854671004491117214e+00
1.853862709003287090e+00
1.852000608156915584e+00
1.865319405835417221e+00
1.855614204972243941e+00
1.863923433393746221e+00
1.852379219844969560e+00
1.852196482180855197e+00
1.844235166937437054e+00
1.836473407229866739e+00
1.808106688237434145e+00
1.788352452062696551e+00
1.754479692082557607e+00
1.724943186843157283e+00
1.746306408129400412e+00
1.746041735013361018e+00
1.742639031265580618e+00
1.731607210788656426e+00
1.714584025556977975e+00
1.704061557008049954e+00
1.692272921628388049e+00
1.722433429394911730e+00
1.740282037489004008e+00
1.796728714375483760e+00
1.784186599747554780e+00
1.779226563134816752e+00
1.773136209251394035e+00
1.728875678459137921e+00
1.705350518352938494e+00
1.719223874528592377e+00
1.744972929882594892e+00
1.760458656133414790e+00
1.760187475119775913e+00
1.765800828203593520e+00
1.771867011561450989e+00
1.772701520708471312e+00
1.782752768470363680e+00
1.777876576808766540e+00
1.786113456741163619e+00
1.813073577334603170e+00
1.824606626834805345e+00
1.887253566111269265e+00
1.913112313228747086e+00
1.928828189673768900e+00
1.932968242124200264e+00
1.932370430773534764e+00
1.945534874537682368e+00
1.960911497285937166e+00
1.955605430404416145e+00
1.936657314344349290e+00
1.948025263161005993e+00
1.935155005354880720e+00
1.915607142774456539e+00
1.903504153557874057e+00
1.891309852495981492e+00
1.879244823477166815e+00
1.864540939018506593e+00
1.867809050583636887e+00
1.829634981030357821e+00
1.806246216708722319e+00
1.791596274934582400e+00
1.882936884539754052e+00
1.949170307033610161e+00
1.943017551425931355e+00
1.948666071040481285e+00
1.950885784063190798e+00
1.949384747979747257e+00
1.946068213723667339e+00
1.995362570531077351e+00
2.017113164509563461e+00
2.008935168499657031e+00
1.984425530524755787e+00
1.939513988125836308e+00
1.922492308748191325e+00
1.911620777156278317e+00
1.897927043714780826e+00
1.877340635731995722e+00
1.801068012544231989e+00
1.802399503790520274e+00
1.797956357532665361e+00
1.799323496025342140e+00
1.804716840685484769e+00
1.839797430638325348e+00
1.741797990375187233e+00
1.716947470947910004e+00
1.634299519093082687e+00
1.613989930856967847e+00
1.621356675259460589e+00
1.623679236609749221e+00
1.627161844778561850e+00
1.648294430499453123e+00
1.657694191029270625e+00
1.642561546489757607e+00
1.593661058773245820e+00
1.632778149605991214e+00
1.632947970474920574e+00
1.627015007905353139e+00
1.515099575123656672e+00
1.473044911403327939e+00
1.351427073621825237e+00
1.230745380808182077e+00
1.261171776678037038e+00
1.253670415187018605e+00
1.176173357082439530e+00
1.136040708871721039e+00
1.145410679667014930e+00
1.179633355780450366e+00
1.202492211360386865e+00
1.178816100094338015e+00
1.201534677320654776e+00
1.145739554683614880e+00
1.086225887317460836e+00
1.074031156662571096e+00
1.041655396584867610e+00
8.982720841788892630e-01
8.770056237850006875e-01
8.744031452111048486e-01
8.763049057938807618e-01
8.780409456485827047e-01
8.864929702693268299e-01
8.873184128725255526e-01
8.850535115014604992e-01
9.010151520256043378e-01
9.528778541547544556e-01
9.856752081598264548e-01
9.834669032015014301e-01
9.462157505378006039e-01
8.225822645428820801e-01
8.497861645585816914e-01
8.597101113973083519e-01
1.138154297877390642e+00
1.215804885601453833e+00
1.321844910273580531e+00
1.380230510163189317e+00
1.650272348539234768e+00
1.875757662010599791e+00
1.992279226552027938e+00
2.051499092613008113e+00
2.191047963175499991e+00
2.160548679436347985e+00
2.137416257944969811e+00
2.041151760130905046e+00
2.019156876371917875e+00
2.058808163307454198e+00
1.851934030550604682e+00
1.850563094771059847e+00
1.869988816051707525e+00
1.864930982241844060e+00
1.869657133255639758e+00
1.856489607711265810e+00
1.762974678766790593e+00
1.563128796132647658e+00
1.560670811053707974e+00
1.506145691277555931e+00
1.467634147380822984e+00
1.457336888294804567e+00
1.460362798395286710e+00
1.435448242334880886e+00
1.440852529470734167e+00
1.498210899704699450e+00
1.530785751808662942e+00
1.570708768872165706e+00
1.607856981359835569e+00
1.646589072232297335e+00
1.672776019714791840e+00
1.698372264497327588e+00
1.687728959154882524e+00
1.699532556864937760e+00
1.687749506738956295e+00
1.679005632515690349e+00
1.672104983960088997e+00
1.680255237602100715e+00
1.677631715516076927e+00
1.698768216476925774e+00
1.688091764836161746e+00
1.699765403724096569e+00
1.680599591506042767e+00
1.683683695402120817e+00
1.668903330698720433e+00
1.697709702046653168e+00
1.684164630761030290e+00
1.702399657716990866e+00
1.694933008702244503e+00
1.715534665764725464e+00
1.742195816748041803e+00
1.635984500366646444e+00
1.623365611311549328e+00
1.643460240334342570e+00
1.643057109318463160e+00
1.620951220496866796e+00
1.654888347421040296e+00
1.629770995280436674e+00
1.621949980478483599e+00
1.650469449176129588e+00
1.672977818871201894e+00
1.686225488705424658e+00
1.701126382799156511e+00
1.704527318077154963e+00
1.709289011354527599e+00
1.712567691374244028e+00
1.721478716671481113e+00
1.718802845979299443e+00
1.723740636634522483e+00
1.741554058897852864e+00
1.749419102794501191e+00
1.752968544822482100e+00
1.871090883350587042e+00
1.851150344040467299e+00
1.842308577669959702e+00
1.953873605184726969e+00
1.969924532346455148e+00
1.971430312800494189e+00
2.074957367822032328e+00
2.104530689131406174e+00
2.197936202493467217e+00
2.189509817053199026e+00
2.273484695471611694e+00
2.353553328009671652e+00
2.335557085775023634e+00
2.409218903718655547e+00
2.432826485347940437e+00
2.513680076101033833e+00
2.504111784824404996e+00
2.574804076063645475e+00
2.571258665305366176e+00
2.628766692482495060e+00
2.630894958004423856e+00
2.677778955043379039e+00
2.700933104964863940e+00
2.731520921714622574e+00
2.748105475503238804e+00
2.787120377358196066e+00
2.800864556484942813e+00
2.800372228816801812e+00
2.811603386229272417e+00
2.832944586666802600e+00
2.844352637714854914e+00
2.870717845493877540e+00
2.892661895070459011e+00
2.901572365860480840e+00
2.931427596783102718e+00
2.981154434747459891e+00
3.011225797656577718e+00
3.033932013752956625e+00
3.040366158465805935e+00
3.035688480310630322e+00
3.046594133574090257e+00
3.057630870804934897e+00
3.062691494153013672e+00
3.058384675879122661e+00
3.062151542781017088e+00
3.069606677540486217e+00
3.067613804145745249e+00
3.066288996472203099e+00
3.062994640771697252e+00
3.063182490845395733e+00
3.060225586547465237e+00
3.066881581295877623e+00
3.058925568750673119e+00
3.055000422477800015e+00
3.055147469351592981e+00
3.053024619813757834e+00
3.055349730125969554e+00
3.059150462356030609e+00
3.058375066650737217e+00
3.062359679890438446e+00
3.076028435530811400e+00
3.067736917162848798e+00
3.082359036811313402e+00
3.068990058169854596e+00
3.067272183496858151e+00
3.105697083078088561e+00
3.110178569742161336e+00
3.127602649661506362e+00
3.158969983085646582e+00
3.151486017825420927e+00
3.106381688234957750e+00
3.126208473886495920e+00
3.151737515428678638e+00
3.180146450751898168e+00
3.169810692628571847e+00
3.194312112945536519e+00
3.146945755267712475e+00
3.105028330760000621e+00
3.078871635418694019e+00
3.072896526188623856e+00
2.970084471988823971e+00
2.954251122081076986e+00
2.900777402051055276e+00
2.746039125753907406e+00
2.707990561958883990e+00
2.752513889124489133e+00
2.779408072195357793e+00
2.754161097420606552e+00
2.729531892482051969e+00
2.700726061501437680e+00
2.683422024422987384e+00
2.562783828348537352e+00
2.556523929139931539e+00
2.488207252463614072e+00
2.479694673205630195e+00
2.503149360902149123e+00
2.512419014137686979e+00
2.365893271862003822e+00
2.286999077041553807e+00
2.041544265236640676e+00
2.046009603938825805e+00
1.943440167505144034e+00
1.733993561959053631e+00
1.723374918394151800e+00
1.769057539983139860e+00
1.745800162533641675e+00
1.678339340641907595e+00
1.687377424050453101e+00
1.672575459382053431e+00
1.674801842233431426e+00
1.697880577520269441e+00
1.704490292858643397e+00
1.705403300041737458e+00
1.736805647885830695e+00
1.790557582562607886e+00
1.833818239495148106e+00
1.907557841228270989e+00
2.046266166925766683e+00
2.176677900577310698e+00
2.507877815197642413e+00
2.527447270048016836e+00
2.624755439490802811e+00
2.672248787378556756e+00
2.596734982641075273e+00
2.573467748763734964e+00
2.558620178766478404e+00
2.333499794922112347e+00
2.291973875743156697e+00
2.291444525164825663e+00
2.307929917301535294e+00
2.275287322487407504e+00
2.272645029117519755e+00
2.319004612087825823e+00
2.323743202224294979e+00
2.301342951881542920e+00
2.345239919954567043e+00
2.357949475224146774e+00
2.354334663465408983e+00
2.369202263434539990e+00
2.306556262439957816e+00
2.299121791126120140e+00
2.240059917644668719e+00
2.173927459711929355e+00
2.137420016332046036e+00
2.123177002055128604e+00
2.081637356623523338e+00
2.043396230604978214e+00
2.033819742228696992e+00
2.035375285733092898e+00
2.136254561558056153e+00
2.155588020574980668e+00
2.157399216283832022e+00
2.164536932296335259e+00
2.187474254210865166e+00
2.268683992732650534e+00
2.392065315940883785e+00
2.481533755429074173e+00
2.530556633394497990e+00
2.545761085531479395e+00
2.527545110423990327e+00
2.530270852518936131e+00
2.523261318968182731e+00
2.473162034179202440e+00
2.378721302057211773e+00
2.226885079181006866e+00
2.100490300065583682e+00
1.971024650599166428e+00
1.864556414453731881e+00
1.790150558254590685e+00
1.735417510084337644e+00
1.671597218478652724e+00
1.611376809262242471e+00
1.562099417334414930e+00
1.514902510730174345e+00
1.495563452195229459e+00
1.455328586475976405e+00
1.446529136881015365e+00
1.424262657647217489e+00
1.449674971046016170e+00
1.435424036515967616e+00
1.440017823872897118e+00
1.429936335426712501e+00
1.413586619870519367e+00
1.412754707142771737e+00
1.450685372342563673e+00
1.453729776545559904e+00
1.453228415410451335e+00
1.464544269101717644e+00
1.460874803039791336e+00
1.469209306046704855e+00
1.475796301593954585e+00
1.480067025312469475e+00
1.492779013959521617e+00
1.495176788262294831e+00
1.491611123902692571e+00
1.507651259910980812e+00
1.513272724562134242e+00
1.514701053770998174e+00
1.496382481731713288e+00
1.486292929163639753e+00
1.416247174796369190e+00
1.388189490153209249e+00
1.360753340969123704e+00
1.361995826354663652e+00
1.361107980688471608e+00
1.338062853758705373e+00
1.323485676243457476e+00
1.308455780993410533e+00
1.346581467829422118e+00
1.360699295901210082e+00
1.374359935876390937e+00
1.389430005647080524e+00
1.402084876200069719e+00
1.418915779586854997e+00
1.423643545988425130e+00
1.467636927474910591e+00
1.517607088283250416e+00
1.550400081746199366e+00
1.602220423426969687e+00
1.653445238498787218e+00
1.681572869643969570e+00
1.693759454814908416e+00
1.730182269865211175e+00
1.752916399502906453e+00
1.719058918302970973e+00
1.707729249785214787e+00
1.724991907446682182e+00
1.723486525474664743e+00
1.666774780113460919e+00
1.610718549909349484e+00
1.599726546337939315e+00
1.471199927944875308e+00
1.453719324276010028e+00
1.436394051395595950e+00
1.459042071171877453e+00
1.448901102741897429e+00
1.462119301830722806e+00
1.473640209653611421e+00
1.504596565774547257e+00
1.513354305063842054e+00
1.525394548362688951e+00
1.537469879332090006e+00
1.530280020908282523e+00
1.514893087744139111e+00
1.492940941967071833e+00
1.452434804171716332e+00
1.464474949243566027e+00
1.440605226418653295e+00
1.408674390907370899e+00
1.343422943666212399e+00
1.299189031542890449e+00
1.286553135104654633e+00
1.261975670372500469e+00
1.245937413521708059e+00
1.184144962050896144e+00
1.098288513480999873e+00
1.066585228124459661e+00
1.041016460072857086e+00
9.916679679582627305e-01
9.945602924759251451e-01
9.999599510934888968e-01
1.057144488952217687e+00
1.104134896201713456e+00
1.146365750671601846e+00
1.118759558313708213e+00
1.038874544586290360e+00
1.013240399886723431e+00
9.876159753080692161e-01
9.259572196597422034e-01
8.631830482471277710e-01
8.252263893502751468e-01
8.142964761447253341e-01
8.032306460251719127e-01
7.921749878123878208e-01
7.873396218017523207e-01
7.711894352464740976e-01
7.347316933015934914e-01
7.223134705614874251e-01
7.055350163087165116e-01
7.145270998775347104e-01
7.455463499665272442e-01
7.807222580803996337e-01
7.831620740072515741e-01
7.985285269245404605e-01
8.627432482534235225e-01
9.149568046866344284e-01
9.587978331298939727e-01
1.006785256245496196e+00
1.033827411059599521e+00
1.048606067937675634e+00
9.515713814619612965e-01
9.439539106137434521e-01
9.682634832872707431e-01
7.838701638399712124e-01
8.099682938425023515e-01
8.049225765909640007e-01
7.917247278207184547e-01
7.462793323394462108e-01
7.057644840425898458e-01
6.642638080718124005e-01
6.132322043332063544e-01
5.650232590491395257e-01
5.645676245825025363e-01
5.878995185060477136e-01
5.608215977000857722e-01
5.854329388272814239e-01
5.896136571296939355e-01
6.025754720098606132e-01
6.214283836746322676e-01
6.072154619286919131e-01
6.597602487734034460e-01
6.830944578800679512e-01
6.692241848279085747e-01
7.286392400475985021e-01
7.473016228280572326e-01
7.539349551054336240e-01
7.234787777148750099e-01
7.687810003217078192e-01
7.608188138168935355e-01
8.075302878137664564e-01
8.375042073440998047e-01
8.726017858454861997e-01
8.448895090121822937e-01
7.997818753166708872e-01
7.540779023257819791e-01
7.226463109740479673e-01
6.715660587041889507e-01
6.493552399707469558e-01
6.456020086149638626e-01
5.827749507866348821e-01
5.999456124948983060e-01
6.367128455585743252e-01
6.800745849443259328e-01
6.782792402791557596e-01
7.201657369103858786e-01
7.545364902585994793e-01
7.026704380425643492e-01
7.147227413227830173e-01
8.049962004386718162e-01
8.472303941273230388e-01
8.767564135392063029e-01
9.603175493743872915e-01
9.902484439322973842e-01
9.751103509018825832e-01
9.526854952828959222e-01
9.348083488533391883e-01
9.109904071065781928e-01
9.057517362217164525e-01
9.083268884861398496e-01
9.017032169158865074e-01
9.099664679525085731e-01
8.720327480820151411e-01
8.632663803858892093e-01
8.619945621479002673e-01
8.536211910654080137e-01
8.635091533124910068e-01
8.700105163683109488e-01
8.665016153466775783e-01
8.665524088376754808e-01
8.811417266982096708e-01
8.864637838859689145e-01
8.960093698497155756e-01
8.918172540139964743e-01
8.974875660891852291e-01
8.946224939233187179e-01
9.099793004772224192e-01
9.377414870856410900e-01
9.396715462162753552e-01
9.306360396427433290e-01
9.516990253053558835e-01
9.453132530788173060e-01
9.716539538784247920e-01
9.747173345668076472e-01
9.831518241374593847e-01
1.016938462424423761e+00
1.009960408638514995e+00
1.003952803264372307e+00
1.001228480377154506e+00
1.035002637788642099e+00
1.030702772603363293e+00
1.026790821818270416e+00
1.020432324596657558e+00
1.059395113441361946e+00
1.049645193040597446e+00
1.043939594833927842e+00
1.090502722923933021e+00
1.084499324630071149e+00
1.087911025332395143e+00
1.149140419415751735e+00
1.219611748622847491e+00
1.220397192363028571e+00
1.251346331427254155e+00
1.324258841208601822e+00
1.362422481401020624e+00
1.431152743323996779e+00
1.487826758694391627e+00
1.499515800573562041e+00
1.534193009007265962e+00
1.529334471241182269e+00
1.477429127087484417e+00
1.474550279756783988e+00
1.443809163715106259e+00
1.426803440256638300e+00
1.400985206228052338e+00
1.385859670064828464e+00
1.359610237941182964e+00
1.360233379815761978e+00
1.346825738008218476e+00
1.339232159769421671e+00
1.332802216750812008e+00
1.326950103511145951e+00
1.307476448176136063e+00
1.292414658109265257e+00
1.266846781376257169e+00
1.244664776466998912e+00
1.221155042545805758e+00
1.208571527520812428e+00
1.197299230911428980e+00
1.189960395039460161e+00
1.176597246748687597e+00
1.183993851229380390e+00
1.171049325988437362e+00
1.174905168383610254e+00
1.156640351584791837e+00
1.162220023199411534e+00
1.160462746903188513e+00
1.182190940626316022e+00
1.175741941400195723e+00
1.199578506617331675e+00
1.201795888273973656e+00
1.235626941777506760e+00
1.242051334903284676e+00
1.245197571238023437e+00
1.247064351775853952e+00
1.247790518564795725e+00
1.247285592196005766e+00
1.285964079029693563e+00
1.330325827458881616e+00
1.382929917492139671e+00
1.436867342296902494e+00
1.484799603410092983e+00
1.496229526812896227e+00
1.571127677772549580e+00
1.588112879092798968e+00
1.609334774138014401e+00
1.670564424681099114e+00
1.672244961507135530e+00
1.694576723776907601e+00
1.661789694572634923e+00
1.647310388327481778e+00
1.629672942587458984e+00
1.583916576394269082e+00
1.567466248202704415e+00
1.546029751089018411e+00
1.534570603660906807e+00
1.512824991570189459e+00
1.530162942923214198e+00
1.529595375220720754e+00
1.525140113521047613e+00
1.526939844046713235e+00
1.535282549081171455e+00
1.530913828812368704e+00
1.520746941511748718e+00
1.516386361509104663e+00
1.510766126970046974e+00
1.523046074589649468e+00
1.549579762275545614e+00
1.580238518536850156e+00
1.572747907227442399e+00
1.579140250493365372e+00
1.592321559881043846e+00
1.573054720524301286e+00
1.566727984970288645e+00
1.570771015506989832e+00
1.584695179154868683e+00
1.595499403424141427e+00
1.584359152989812447e+00
1.563202984780996951e+00
1.547947647786954706e+00
1.554529773018217931e+00
1.579677935390219945e+00
1.556327268407794229e+00
1.538559578838442743e+00
1.545319636693769150e+00
1.499435255872315631e+00
1.463113262324353236e+00
1.443751173692283229e+00
1.432216757144095798e+00
1.438905467281566430e+00
1.471055040428728589e+00
1.492465109179918592e+00
1.593580880998453075e+00
1.609612818526616973e+00
1.605174813018725111e+00
1.586122098701691074e+00
1.561283127631579948e+00
1.580723857149970879e+00
1.593647588185171493e+00
1.588113911670366418e+00
1.569482806330258606e+00
1.590448636772228364e+00
1.612777316697806995e+00
1.485717935630006092e+00
1.429694830813281081e+00
1.372126657626651536e+00
1.320247389998447041e+00
1.321081277767521822e+00
1.308261787018865530e+00
1.304124461927419709e+00
1.287213121069656019e+00
1.279978513843925247e+00
1.275328619301649535e+00
1.270249861782420275e+00
1.263715264199843258e+00
1.261383450616262447e+00
1.261651591343069700e+00
1.272221334000961823e+00
1.277948600001655777e+00
1.286750866056415532e+00
1.297095321059370976e+00
1.324022556527233885e+00
1.344572777388002960e+00
1.346322157267584307e+00
1.355385091003950215e+00
1.366808741863798637e+00
1.362418386808989190e+00
1.377222209149056464e+00
1.398045305233174940e+00
1.380085249279024762e+00
1.365328412493857835e+00
1.339928482951772581e+00
1.326412457054727545e+00
1.330677112477814283e+00
1.318809845817315196e+00
1.310846886135260236e+00
1.312179474004822710e+00
1.310286002874156530e+00
1.305987271460021804e+00
1.272460674684994020e+00
1.258212980904308109e+00
1.259628011366035638e+00
1.274680409012088678e+00
1.304896305142432933e+00
1.343508102782530633e+00
1.352081688791913372e+00
1.318648923754683455e+00
1.327744358134235414e+00
1.297886398620483828e+00
1.184361619400483345e+00
1.195957591444092305e+00
1.132847112737989770e+00
1.103357143892316650e+00
1.088846517756877130e+00
1.060890626902085243e+00
1.046022490921723058e+00
1.053548278588502196e+00
1.016673361235503226e+00
9.965185791614347144e-01
1.019321737540518358e+00
1.016985693368790855e+00
9.590397144086070247e-01
9.240544634640374122e-01
8.769878611451114025e-01
8.374580793524415423e-01
8.239646091322996302e-01
7.977067418720222847e-01
7.779722490505506238e-01
7.648138171166261046e-01
7.645794902011524563e-01
7.564487675708445602e-01
7.555200620719130233e-01
7.474053838894996193e-01
7.370400881241333524e-01
7.118952438540682159e-01
7.133535493717388931e-01
7.159305224028009729e-01
7.005730800068533659e-01
6.471103859082942833e-01
6.011645071182166733e-01
5.282731848348205528e-01
4.253132794569078889e-01
4.028149583388995203e-01
3.629751244299375679e-01
3.503798714551216720e-01
3.071496140541876696e-01
2.386689419602874007e-01
1.894782295391969906e-01
1.680007096294637570e-01
1.702548714315643696e-01
1.564235245619772785e-01
1.432301833405952851e-01
1.513747166512307285e-01
1.455996555827932804e-01
1.394972390749624203e-01
1.589378765555316264e-01
1.787560339619608807e-01
1.996908937349817781e-01
2.553609679358194162e-01
2.784055883144191390e-01
3.052277163328076526e-01
3.000011021677393419e-01
3.117005426039162197e-01
3.234518923146423863e-01
3.450640852730486596e-01
3.641864412407625484e-01
3.803508452502820103e-01
4.056020464298719097e-01
4.422785039100071147e-01
4.531969884686839478e-01
4.693400463759429542e-01
4.858078290682713019e-01
4.924333381271173149e-01
5.292905053924060743e-01
5.875142452074512134e-01
6.452492383197911963e-01
6.570954021814725543e-01
7.156699883428198072e-01
7.284881328737917716e-01
7.253893142506524505e-01
7.034663404395357089e-01
7.219777114616231506e-01
7.035633212745768805e-01
6.782035088135022205e-01
7.170412092760866107e-01
7.518782297728260344e-01
8.148349034444820616e-01
8.375005410561908725e-01
7.829253871503277784e-01
7.839467334604736104e-01
6.945670911109259604e-01
6.634693935685871402e-01
6.592769974583179149e-01
6.655251133767945415e-01
6.972679714461407219e-01
6.500784748695123128e-01
7.195614986065616003e-01
6.468625185654014453e-01
7.235503418203859116e-01
7.242058805706031999e-01
6.983905015432795294e-01
7.344257308082845492e-01
7.806038429344474006e-01
8.288258003894165560e-01
8.336713971487259567e-01
8.432560814464963306e-01
7.267189998147876029e-01
7.505940229082443960e-01
7.442406282301459175e-01
7.548717206804947955e-01
7.686783982660103653e-01
7.832556147590167273e-01
7.744758658751281777e-01
7.579384651139930984e-01
8.061305027567619019e-01
9.032477778947869407e-01
9.250045899784945513e-01
9.964813517581609936e-01
1.073558282719637047e+00
1.088558031335045140e+00
1.189465768598797268e+00
1.283198218039048211e+00
1.262354603187261004e+00
1.330299561107785022e+00
1.326430389782967456e+00
1.409011099640920639e+00
1.426611266948864643e+00
1.452484122085277107e+00
1.490406669719852140e+00
1.454593352864048894e+00
1.446672651778787566e+00
1.428115883570927558e+00
1.389438646023757773e+00
1.336361413542179521e+00
1.364754266988626563e+00
1.427708890992014812e+00
1.430790757156607862e+00
1.462560126354312651e+00
1.476914852038536674e+00
1.556550807662224534e+00
1.562622336323592931e+00
1.574128830811912350e+00
1.581546126850157608e+00
1.592440950293971147e+00
1.598317443920995728e+00
1.604053099316071984e+00
1.615794691993614585e+00
1.640507989944489653e+00
1.647295321392427292e+00
1.665168466712454221e+00
1.686529116117181148e+00
1.716460823598989993e+00
2.143704851264726319e+00
2.176072819477030240e+00
2.165099214428496399e+00
2.068259184500227832e+00
2.064928785156989299e+00
2.075311550247434855e+00
2.120977352616576272e+00
2.141271335731775416e+00
2.167862141118886754e+00
2.200988916570116416e+00
2.202681610319348948e+00
2.177831294257877914e+00
2.145150282881556070e+00
2.108002670634776532e+00
2.030632331260591172e+00
1.978568011511546709e+00
1.874887823965140532e+00
1.832113941781702726e+00
1.764459242535645567e+00
1.766462170445201263e+00
1.743953054878458753e+00
1.740544223612813468e+00
1.709105466257021311e+00
1.693471034127171482e+00
1.668636087607620944e+00
1.668357046731894666e+00
1.667272323666041389e+00
1.671905694612932258e+00
1.659286038158970689e+00
1.649162341943267496e+00
1.644989410196959101e+00
1.648532829118644738e+00
1.637286926357690575e+00
1.639203379505772329e+00
1.651437212092186746e+00
1.657732745890232451e+00
1.663708344971907893e+00
1.658617068787658022e+00
1.685012683801908828e+00
1.700690145361231531e+00
1.701757645139225117e+00
1.696532614503332592e+00
1.721936659195139718e+00
1.725318934386310898e+00
1.737138479906787936e+00
1.750546048811324695e+00
1.733819787929093748e+00
1.754919916767918586e+00
1.801076967734964507e+00
1.783980189079462653e+00
1.782580181859882540e+00
1.776933724803862580e+00
1.779088851280486105e+00
1.775834442369462973e+00
1.770140440366338108e+00
1.770130353439903992e+00
1.769555750567731511e+00
1.766698641032973249e+00
1.771063939782041574e+00
1.760741137066730078e+00
1.752500752678796569e+00
1.749895836682566097e+00
1.676860184400732479e+00
1.643336262999997910e+00
1.621285374696942450e+00
1.643341026812243921e+00
1.650190192473917516e+00
1.650384944123831410e+00
1.665931393549984874e+00
1.672518850448260652e+00
1.675235958493085153e+00
1.662379884148955433e+00
1.649352592322008260e+00
1.638500462024496507e+00
1.646671023394555178e+00
1.657781303577292586e+00
1.644725924288588326e+00
1.637284603506385938e+00
1.622316532772316133e+00
1.628103838863058206e+00
1.625872863697205295e+00
1.611645740380128533e+00
1.609050971266219099e+00
1.606764335717663084e+00
1.594933129456517218e+00
1.595555653789230588e+00
1.587233863296345859e+00
1.572887143658679099e+00
1.583067130128594568e+00
1.642261271322942973e+00
1.624538513630536363e+00
1.620858742033054467e+00
1.610480012455236531e+00
1.608094797738865989e+00
1.624372600439242476e+00
1.656226989266238236e+00
1.670652861406545675e+00
1.663110657025461236e+00
1.660092583653386633e+00
1.684534788569165054e+00
1.685938130978702265e+00
1.758217243431869692e+00
1.763497024853635242e+00
1.765382091265235598e+00
1.768287168349306215e+00
1.771233876361325343e+00
1.774167287820837657e+00
1.978700822782700763e+00
1.996963552710781409e+00
2.018035983158277702e+00
2.035230264665379263e+00
2.046207564618555796e+00
2.058277516248869343e+00
2.054943281578596181e+00
2.036914583202951157e+00
2.035609109891345359e+00
2.035111641370699775e+00
2.028608324441882882e+00
2.020547886346857336e+00
2.042545686088294232e+00
1.940471767522123914e+00
1.942511413395581199e+00
1.937145213091847173e+00
1.927956980763218864e+00
1.920304196946589492e+00
1.932281775349253383e+00
1.940584636946626196e+00
1.967120390171007704e+00
1.969790704595686615e+00
1.970357467998257617e+00
2.005991673430656430e+00
2.006461655937905597e+00
2.010453384044416314e+00
1.991020261754734788e+00
1.942294301495106179e+00
1.921335895886574940e+00
1.912331475891976496e+00
1.889703286752969502e+00
1.867474242434609799e+00
1.860018467751236360e+00
1.856635751665991041e+00
1.852407534752222640e+00
1.844617871742128212e+00
1.884042025251068120e+00
1.880170523660203097e+00
1.876174541900713644e+00
1.859674555157247999e+00
1.856830760015596660e+00
1.856682354064922436e+00
1.849949992531684462e+00
1.843893172426504856e+00
1.840131803342788253e+00
1.838835206547523748e+00
1.834684409930365190e+00
1.850872878476540029e+00
1.863076546467610450e+00
1.852965111940612530e+00
1.858306260477750493e+00
1.860369427762089245e+00
1.838553334730944178e+00
1.827117343092719892e+00
1.812923068715920349e+00
1.805438219335505190e+00
1.791705808323712290e+00
1.789369160943476533e+00
1.802284329438792909e+00
1.812001429063029523e+00
1.819702628107363829e+00
1.823976410069362508e+00
1.844078019359045362e+00
1.839209081860008421e+00
1.830906900920041824e+00
1.813895989850714763e+00
1.669986078674463581e+00
1.639319596374020360e+00
1.617862465467992283e+00
1.620474905934849996e+00
1.571535538900387996e+00
1.628514090859034091e+00
1.626019315025468481e+00
1.519888769323099575e+00
1.522038540146047447e+00
1.512246151385125081e+00
1.589620149597803511e+00
1.602889104627043260e+00
1.604339624595630065e+00
1.639698792432306318e+00
1.670762742552069247e+00
1.693204840344421980e+00
1.706784222537385265e+00
1.708829201071146109e+00
1.733742363865884206e+00
1.717402747900649951e+00
1.714757728636814083e+00
2.198262631130296185e+00
2.194969090403820822e+00
2.192925024892022012e+00
2.197861068641531634e+00
4.550456129380843429e+00
4.959450220713660151e+00
4.756190605515409509e+00
4.772758400523482436e+00
4.795983132007560101e+00
4.818998446976470618e+00
4.841678226969690080e+00
4.863809752998542457e+00
4.886169041222766296e+00
4.806729758916193695e+00
4.931278501145349047e+00
1.850239538689586682e+00
1.823395663586641513e+00
1.555392577341038418e+00
1.531507874841200101e+00
1.503470492300982952e+00
