0.0868401557
0.0864948712
0.0861345794
0.0867435089
0.0863493663
0.0880302993
0.0857969698
0.0867195282
0.0839161768
0.0866218888
0.0862004328
0.0823742027
0.0737323438
0.0798569736
0.0767422087
0.0682342986
0.0675295327
0.0639634567
0.0612526406
0.0693676095
0.0692792059
0.0733673401
0.0719805322
0.0776775115
0.0723328538
0.0774209921
0.0671124434
0.0627453093
0.0609506572
0.0602330793
0.0630592951
0.0650433424
0.0612278640
0.0609188056
0.0602084676
0.0600980364
0.0602899883
0.0602123775
0.0592558437
0.0582268560
0.0574068177
0.0585248470
0.0598677437
0.0600570296
0.0613933283
0.0626886964
0.0640055982
0.0656422952
0.0682585275
0.0676238159
0.0655781718
0.0627987765
0.0631999584
0.0637711988
0.0645517490
0.0646903321
0.0660767246
0.0690588889
0.0691212513
0.0698354049
0.0713014739
0.0707600536
0.0716202985
0.0708908336
0.0683718158
0.0673149766
0.0658590941
0.0675738925
0.0696194684
0.0651693857
0.0656345457
0.0601372689
0.0581783115
0.0615736662
0.0633425873
0.0642981225
0.0638485290
0.0648698039
0.0678363138
0.0662836250
0.0688039371
0.0689345397
0.0689983701
0.0667228278
0.0663572776
0.0639978643
0.0648764644
0.0620319453
0.0609214377
0.0608967999
0.0645741385
0.0678351336
0.0670810098
0.0678856408
0.0678617891
0.0689395520
0.0680117599
0.0690694952
0.0673866574
0.0684117990
0.0661216114
0.0665633839
0.0663510674
0.0675611422
0.0693889499
0.0662270285
0.0784844837
0.0757249748
0.0715551412
0.0762902944
0.0815579030
0.0645533426
0.0777245456
0.0805676662
0.0839053183
0.0852321844
0.0832678560
0.0865670492
0.0829035574
0.0766921024
0.0772571611
0.0771325082
0.0741333913
0.0752170405
0.0746703349
0.0744251055
0.0648880229
0.0676138006
0.0587380249
0.0528755436
0.0547564646
0.0557920672
0.0568770259
0.0585024254
0.0607901192
0.0616806441
0.0668644191
0.0670045821
0.0714062385
0.0727020004
0.0747857702
0.0745430378
0.0736966371
0.0705713892
0.0703909105
0.0721945041
0.0669616869
0.0687664177
0.0643705842
0.0658632203
0.0640363794
0.0637333206
0.0639260564
0.0647412673
0.0654656762
0.0654904833
0.0673675550
0.0684875243
0.0676447773
0.0684616013
0.0679602890
0.0653879665
0.0664059588
0.0656263250
0.0640772593
0.0637519131
0.0663472603
0.0642458570
0.0625532008
0.0613877980
0.0601305677
0.0600767252
0.0609286046
0.0607003894
0.0613523153
0.0638522255
0.0659579650
0.0669995038
0.0701522454
0.0689212247
0.0689470695
0.0709275877
0.0679944372
0.0665108044
0.0656625135
0.0647544631
0.0684354332
0.0705760258
0.0719557580
0.0706146255
0.0749601680
0.0709842723
0.0720861484
0.0702566086
0.0704043857
0.0704129909
0.0691498037
0.0677584885
0.0660965339
0.0679524433
0.0687123247
0.0683713824
0.0689531371
0.0693455876
0.0701351919
0.0714671671
0.0709009829
0.0716938577
0.0727982993
0.0708902625
0.0709046145
0.0714472220
0.0722840561
0.0718887044
0.0727025032
0.0725137054
0.0732032518
0.0745907976
0.0754501258
0.0756177578
0.0740992585
0.0723670528
0.0727545669
0.0712934841
0.0678612589
0.0677669379
0.0675333972
0.0672092276
0.0677035682
0.0690017819
0.0688442035
0.0690344212
0.0682845669
0.0673343074
0.0649963648
0.0629463745
0.0614989461
0.0652588374
0.0670487351
0.0670858486
0.0671033579
0.0675388224
0.0696800074
0.0693939189
0.0693293599
0.0688956031
0.0684618604
0.0678084857
0.0688848912
0.0663604466
0.0664537252
0.0675864428
0.0663405425
0.0663241806
0.0670301703
0.0675084858
0.0674412307
0.0654746638
0.0645801749
0.0652089900
0.0619221252
0.0639909297
0.0656060316
0.0677787598
0.0652769534
0.0650333322
0.0663115463
0.0666731873
0.0627190664
0.0625845513
0.0649013449
0.0649085479
0.0631186145
0.0636492074
0.0641889898
0.0622124791
0.0613964903
0.0608370694
0.0587563003
0.0584601819
0.0588023176
0.0573079670
0.0570863000
0.0578162382
0.0546449561
0.0523727697
0.0525994548
0.0517686823
0.0518542859
0.0523765190
0.0512676232
0.0532345758
0.0550235806
0.0545358921
0.0545160029
0.0553388646
0.0539227606
0.0553727023
0.0540154052
0.0546827089
0.0561357110
0.0528740352
0.0550873899
0.0549931036
0.0545014747
0.0546829866
0.0542723591
0.0552250170
0.0551064911
0.0558726009
0.0567882944
0.0586973182
0.0579582612
0.0594902558
0.0588082937
0.0583883600
0.0587392270
0.0569217318
0.0565230079
0.0573601789
0.0541440400
0.0561877969
0.0545787870
0.0532504161
0.0515478760
0.0514162065
0.0525115057
0.0512715852
0.0506508240
0.0491961869
0.0497499007
0.0470469228
0.0433116517
0.0440695040
0.0501853901
0.0520991264
0.0520486503
0.0517389353
0.0500519807
0.0459414833
0.0460985901
0.0467054992
0.0463724686
0.0474197250
0.0492220592
0.0506675591
0.0524741687
0.0535434934
0.0566152681
0.0571912917
0.0622067576
0.0629240716
0.0609045107
0.0639724073
0.0642470957
0.0673071623
0.0665942877
0.0657647581
0.0661337035
0.0665114893
0.0696277718
0.0660732347
0.0652851277
0.0662025100
0.0683074904
0.0651053986
0.0603113724
0.0641770899
0.0450932624
0.0665157085
0.0555642968
0.0678780375
0.0595088930
0.0525412723
0.0534258864
0.0548793055
0.0587536857
0.0511882647
0.0530933313
0.0528413365
0.0547434715
0.0586409131
0.0602820758
0.0626764091
0.0596064625
0.0616695771
0.0636178057
0.0566116650
0.0558722769
0.0561496904
0.0598526259
0.0563838376
0.0582929660
0.0584265097
0.0541048290
0.0502611974
0.0460030642
0.0428000980
0.0455004173
0.0455692927
0.0468464003
0.0443463616
0.0460697197
0.0517962088
0.0596555121
0.0580190276
0.0587399866
0.0624254709
0.0630950574
0.0669434178
0.0695786253
0.0660601421
0.0633089678
0.0629058443
0.0598958113
0.0551306508
0.0508210679
0.0470226742
0.0460683107
0.0422377818
0.0426009568
0.0485035927
0.0419038262
0.0410100643
0.0428462943
0.0393442570
0.0404539205
0.0404261877
0.0454753983
0.0448639073
0.0488340136
0.0511937892
0.0477099492
0.0504880414
0.0512754074
0.0449763266
0.0446125045
0.0431042423
0.0407843639
0.0375158170
0.0348615546
0.0328243629
0.0355165386
0.0355358778
0.0354311372
0.0334751044
0.0330310467
0.0388003322
0.0364253816
0.0385997184
0.0408918071
0.0448432139
0.0470133191
0.0385717060
0.0487990467
0.0597183066
0.0517678565
0.0498353105
0.0538117134
0.0489910696
0.0490597598
0.0526430098
0.0539113520
0.0514670409
0.0489190022
0.0398868002
0.0498222164
0.0548170549
0.0476301882
0.0585393856
0.0795651716
0.0680994241
0.0645549712
0.0777984321
0.0628579340
0.0591247445
0.0600572320
0.0606778363
0.0637116572
0.0699907415
0.0781300117
0.0797706515
0.0807303547
0.0781248747
0.0748571685
0.0781289976
0.0908282958
0.0926770683
0.1197705186
0.1090229274
0.1229681684
0.1215896198
0.1739474302
0.1824115086
0.2148594657
0.2587520113
0.1228872547
0.1499271556
0.1578121605
0.1558062630
0.1752197931
0.1558291354
0.1553981025
0.1550217449
0.1469479075
0.1388395162
0.1282909270
0.1255564883
0.1216432552
0.1132559368
0.1180018155
0.1363237777
0.1344137438
0.1722971736
0.1440417306
0.1600166299
0.1388871779
0.1464728829
0.1587483583
0.1694110679
0.1758049409
0.1825578269
0.1809176804
0.1836000468
0.1885216244
0.1861813457
0.1940068480
0.1924879890
0.1909660045
0.1926223750
0.2009669110
0.2105814789
0.2070125712
0.2051337221
0.2178939052
0.2231861804
0.2235121679
0.2293599893
0.2296774551
0.2338682486
0.2414435958
0.2421627572
0.2466953505
0.2480996217
0.2488342214
0.2500331594
0.2491267801
0.2478736303
0.2511977652
0.2508433042
0.2585442447
0.2644481401
0.2690018529
0.2886475792
0.3038305226
0.3142126874
0.3152603268
0.3231814250
0.3216473457
0.3158971754
0.3144257881
0.3098237628
0.3051051022
0.3009605041
0.3075380403
0.3061733464
0.3160452667
0.3154331384
0.3199256170
0.3210657179
0.3269496922
0.3298700958
0.3260560005
0.3197942367
0.3184573837
0.3140030597
0.3181144552
0.3177063473
0.3228373510
0.3163244452
0.3234301514
0.3134779083
0.3122046208
0.3248970684
0.3334874934
0.3375238370
0.3420053155
0.3231350003
0.3393548126
0.3419784455
0.3417590565
0.3438276247
0.3490826717
0.3505824603
0.3457549770
0.3467980339
0.3518393715
0.3708335138
0.3739799056
0.3552673596
0.3745792550
0.3819625722
0.4966698799
0.3887668542
0.3197356956
0.3127507041
0.3257199245
0.3283670466
0.3272840877
0.3220007548
0.3201822761
0.3217364197
0.3166548167
0.3121788761
0.3128232234
0.3026369688
0.3089917623
0.3141036625
0.3091017500
0.3151305253
0.3337168512
0.3368507699
0.3448773843
0.3499469847
0.3540018463
0.3490094609
0.3492349230
0.3501848304
0.3554300955
0.3551384372
0.3545727697
0.3474886802
0.3404432729
0.3296924450
0.3291058244
0.3283077791
0.3204846509
0.3151691190
0.3077744536
0.3012223136
0.3017098355
0.3020765561
0.3059452724
0.3170658720
0.3219774865
0.3273327139
0.3292449075
0.3309198392
0.3391354362
0.3449658151
0.3453834899
0.3485358513
0.3516220861
0.3564683098
0.3581651754
0.3536829272
0.3493689886
0.3259923287
0.3199299599
0.3146273137
0.3079195459
0.3062698497
0.2999935970
0.2980123766
0.2979635974
0.3004471938
0.2964153318
0.2930508560
0.2905047628
0.2796027574
0.2961246504
0.2955454139
0.2911242725
0.2847500158
0.2758529383
0.2658926605
0.2589185515
0.2513778545
0.2480790709
0.2467401776
0.2475016069
0.2496835196
0.2468228969
0.2352012794
0.2235770465
0.2225821955
0.2127953193
0.2136869729
0.1989012863
0.1881244177
0.1948181602
0.1506399368
0.1700796080
0.1590757805
0.1746842397
0.1528353601
0.1865932882
0.2151683369
0.2068992449
0.1730376340
0.1770318174
0.1629563883
0.1501126873
0.1423198987
0.1437268590
0.1352773437
0.1358920214
0.1321572831
0.1319828080
0.1232012257
0.1251438604
0.1244899161
0.1194643346
0.1131535441
0.1069408572
0.1028756997
0.0981280977
0.0991628748
0.1003025704
0.1037141274
0.1000238283
0.0980435030
0.1013101976
0.0994770210
0.0962105348
0.0916523158
0.0846169439
0.0845496083
0.0822925426
0.0772392412
0.0773410656
0.0742579770
0.0707387847
0.0688665127
0.0670576352
0.0633144504
0.0671937556
0.0696092616
0.0743147644
0.0714305511
0.0735105190
0.0683467422
0.0572020335
0.0559623305
0.0573181064
0.0568568222
0.0549952976
0.0515408434
0.0481150803
0.0446825185
0.0489381395
0.0522383928
0.0607672350
0.0586831121
0.0619310556
0.0573227499
0.0555392360
0.0442282244
0.0472110040
0.0449664787
0.0442379765
0.0463903520
0.0430890285
0.0449844698
0.0423385907
0.0441962502
0.0403029712
0.0417458415
0.0417582747
0.0375573387
0.0357644677
0.0386442012
0.0394278375
0.0395561359
0.0412874172
0.0437169546
0.0534847359
0.0570075397
0.0530248978
0.0561611616
0.0503293333
0.0616173372
0.0570820260
0.0599560263
0.0534010064
0.0674803270
0.0539779673
0.0753954793
0.0705528260
0.0627394405
0.0579028384
0.0572006529
0.0564883962
0.0560947099
0.0559065545
0.0389101498
0.0438788420
0.0419667050
0.0414013257
0.0389373609
0.0365908375
0.0327898077
0.0349958163
0.0450959490
0.0262698996
0.0333263634
0.0268006090
0.0307429646
0.0284845124
0.0247221711
0.0249213104
0.0216757812
0.0205766192
0.0199791317
0.0230774192
0.0253684707
0.0287821586
0.0290496897
0.0292470281
0.0269549343
0.0292838786
0.0353058175
0.0328265814
0.0347495838
0.0322786105
0.0309705143
0.0295446332
0.0232024601
0.0255571016
0.0225482638
0.0295857865
0.0285027368
0.0271184390
0.0326731556
0.0343478082
0.0362785858
0.0370995574
0.0314559798
0.0374195135
0.0414622890
0.0493755676
0.0488384739
0.0496898746
0.0531018543
0.0537126947
0.0532692901
0.0539114128
0.0512499075
0.0506645504
0.0500311710
0.0528064571
0.0565618095
0.0665301659
0.0639272954
0.0583359728
0.0611890554
0.0536536934
0.0409995214
0.0546204513
0.0432533466
0.0569297814
0.0544319032
0.0588420602
0.0579062514
0.0528326978
0.0562129845
0.0547635629
0.0711176977
0.0724135614
0.0786058019
0.0698323800
0.0768640956
0.0549607223
0.0539861068
0.0430090960
0.0447807332
0.0373933825
0.0469115418
0.0478049429
0.0528751339
0.0508689017
0.0579212345
0.0584897351
0.0615916198
0.0664852768
0.0694723586
0.0667918978
0.0638413550
0.0638231344
0.0680954767
0.0669893729
0.0684217978
0.0663667620
0.0626126363
0.0612708409
0.0612981855
0.0620633018
0.0675016778
0.0668815874
0.0679249862
0.0686755943
0.0702485267
0.0688284751
0.0666990953
0.0706538849
0.0836922904
0.0767091091
0.0751513627
0.0745838937
0.0630954803
0.0809989150
0.0873744244
0.0850106618
0.0811892030
0.0790594965
0.0762730761
0.0712826308
0.0863202340
0.0888746066
0.0853440657
0.0781365276
0.0660555666
0.0704803183
0.0648070835
0.0644823600
0.0612591246
0.0629959319
0.0597642471
0.0572821777
0.0555610791
0.0639181971
0.0632269072
0.0630387078
0.0599033018
0.0598436837
0.0558592230
0.0342710186
0.0381358516
0.0605158786
0.0576464270
0.0611642283
0.0449836060
0.0469200369
0.0368076606
0.0447804590
0.0493340678
0.0430414655
0.0481837354
0.0532895211
0.0524706105
0.0501138270
0.0440684586
0.0455132115
0.0463430186
0.0473261111
0.0463031390
0.0463753511
0.0462036397
0.0654458565
0.0601430655
0.0547867176
0.0506215254
0.0531314911
0.0539587667
0.0505589709
0.0355332113
0.0335718768
0.0464185378
0.0560973602
0.0499045184
0.0454107403
0.0400998579
0.0430161897
0.0390346164
0.0360220369
0.0315505068
0.0305382719
0.0339836821
0.0323224123
0.0307687370
0.0304660201
0.0314134497
0.0303249950
0.0246507822
0.0287132069
0.0324683399
0.0304831583
0.0301262839
0.0296667142
0.0256368408
0.0224070480
0.0182403796
0.0241656807
0.0302410822
0.0327220287
0.0322342899
0.0339871039
0.0368732649
0.0419482149
0.0445891234
0.0473369454
0.0495202007
0.0497816502
0.0440038408
0.0421988904
0.0377333391
0.0353389117
0.0355254996
0.0361941068
0.0380688894
0.0409052507
0.0503369418
0.0541152687
0.0550471842
0.0527252499
0.0524470405
0.0499546307
0.0480230393
0.0459684545
0.0442396498
0.0281616529
0.0289532778
0.0347602038
0.0458796562
0.0531926848
0.0586009084
0.0659102931
0.1068897297
0.1166354860
0.1272070447
0.1319933990
0.1260845568
0.1384780039
0.1410852468
0.1526751634
0.1651255846
0.1871547068
0.1880097796
0.1857274363
0.1798882179
0.1674769176
0.1648074752
0.1638632625
0.1644840851
0.1658715173
0.1663767826
0.1674523098
0.1641562053
0.1649080008
0.1675549323
0.1728203562
0.1768303773
0.1836800678
0.1814772487
0.1796149376
0.1803720369
0.1793307882
0.1854662557
0.1866953565
0.1888052711
0.1733642508
0.1755443111
0.1753594858
0.1713120966
0.1852789599
0.1854854756
0.1845933453
0.1789012285
0.1776998894
0.1767045553
0.1715282171
0.1707405098
0.1694318629
0.1728739450
0.1759483681
0.1768608513
0.1627715640
0.1605238861
0.1594592420
0.1604971283
0.1610676184
0.1574328291
0.1549613847
0.1505716653
0.1553186310
0.1527040627
0.1546948575
0.1522985565
0.1534096724
0.1524779137
0.1530232502
0.1572173091
0.1595430934
0.1595429303
0.1595284479
0.1545612378
0.1496641850
0.1478575536
0.1419932696
0.1366958460
0.1430784510
0.1333170768
0.1213117419
0.1198352501
0.1201091737
0.1209822179
0.1149680770
0.1125217985
0.1089531097
0.1060891730
0.1010878411
0.0976981366
0.0951614995
0.0867842870
0.0844255857
0.0817910299
0.0841184135
0.0932748970
0.0954734737
0.1036489977
0.1067515661
0.1134217551
0.1208981140
0.1355103883
0.1393845765
0.1133607653
0.1119373238
0.1059423969
0.1064419607
0.1044602617
0.1033081804
0.1026044488
0.0957322894
0.1030491335
0.1000285408
0.1037441775
0.1022193623
0.1052322394
0.1005110596
0.0999091952
0.0996288558
0.1012925777
0.1053353644
0.1061684604
0.1068843924
0.1034293012
0.1048172270
0.1041888266
0.1058727918
0.1079388987
0.1086272593
0.1107419056
0.1108052786
0.1111409305
0.1181645391
0.1238153112
0.1302214143
0.1365382447
0.1424478797
0.1477458710
0.1557723633
0.1602304165
0.1649079097
0.1664887683
0.1644401122
0.1642716156
0.1613683645
0.1673903109
0.1720823823
0.1763481272
0.1835183346
0.1883224443
0.1933446533
0.1973594356
0.2042041982
0.2107142722
0.2174557738
0.2216084826
0.2222010110
