0.0633196853
0.0564150257
0.0589175855
0.0576888909
0.0549335077
0.0600039602
0.0617514517
0.0571389063
0.0528889436
0.0517203070
0.0448021901
0.0478989399
0.0631596737
0.0535797297
0.0618126861
0.0644536313
0.0534541311
0.0550102045
0.0609547628
0.0928993896
0.0621872434
0.0605645728
0.0637055540
0.0673558869
0.0753596598
0.0599641384
0.0615237179
0.0419926398
0.0578897390
0.0599611737
0.0593826249
0.0630492547
0.0657314560
0.0680192559
0.0705960358
0.1079490622
0.0537824654
0.0535379658
0.0464736047
0.0384481304
0.0419339253
0.0410143403
0.0410156978
0.0368375212
0.0370573033
0.0365601281
0.0393841803
0.0365032289
0.0352314132
0.0348905635
0.0352865634
0.0395141224
0.0407647582
0.0407632878
0.0410041930
0.0396764094
0.0373240757
0.0398896862
0.0385172730
0.0374499169
0.0378726317
0.0424927798
0.0350725155
0.0338011002
0.0395007150
0.0443868054
0.0368307173
0.0387294728
0.0357559657
0.0388093410
0.0414607964
0.0668146007
0.0615695636
0.0639847354
0.0628558635
0.0608042451
0.0609351354
0.0678410454
0.0606761169
0.0653987981
0.0618694857
0.0652669269
0.0720180613
0.0638874167
0.0629720627
0.0635459630
0.0708478469
0.0701005782
0.0678473252
0.0698215385
0.0691663051
0.0644886600
0.0752046738
0.0940062043
0.0802933271
0.0690857192
0.0655880729
0.0321574783
0.0397537706
0.0469861519
0.0556155645
0.0356056188
0.0463945643
0.0545918326
0.0476412698
0.0413933080
0.0475956299
0.0438100993
0.0531992655
0.0524150637
0.0552836393
0.0558106815
0.0492199892
0.0544398584
0.0588836046
0.0597231062
0.0683752015
0.0663648234
0.0666544981
0.0583449073
0.0486377110
0.0579422650
0.0606090229
0.0665580119
0.0664382818
0.0800977487
0.0841406466
0.0800556542
0.0838827282
0.0817542681
0.0802750893
0.0794272890
0.0776931214
0.0786252263
0.0808080752
0.0793381290
0.0766928615
0.0823079346
0.0835364138
0.0817773968
0.0822345346
0.0815827529
0.0754561157
0.0859912062
0.0830416998
0.0894996100
0.0995040737
0.0971425278
0.0933065710
0.0954120512
0.0956188442
0.0959182078
0.0968029369
0.1003859548
0.1039645971
0.0982732283
0.1023059657
0.1017119637
0.0993139421
0.1001599869
0.1037746159
0.1047873791
0.1037234501
0.1040742287
0.1043621350
0.1060488168
0.1143161727
0.1139486064
0.1118202713
0.1126657542
0.1110027893
0.1115638314
0.1145689140
0.1159875409
0.1219177141
0.1177306359
0.1184619747
0.1118584149
0.1129775758
0.1126776471
0.1071911371
0.1127483627
0.1157757006
0.1143585690
0.1103942275
0.1090532471
0.1076969342
0.1093650778
0.1108699846
0.1101050894
0.1122947711
0.1141529233
0.1102315272
0.1048563742
0.1019602404
0.1015729489
0.0978067643
0.0986845203
0.0866255821
0.0914171526
0.0909056767
0.0823146695
0.0810763723
0.0794649195
0.0754031660
0.0707941563
0.0693735824
0.0663608015
0.0677464288
0.0666728529
0.0655747799
0.0636770174
0.0649660381
0.0630403083
0.0617997710
0.0616323368
0.0623965574
0.0618819920
0.0568124024
0.0560619781
0.0532617532
0.0547714845
0.0537998543
0.0538475846
0.0543639927
0.0578436391
0.0593933343
0.0600712213
0.0595530005
0.0574120709
0.0558330731
0.0510135465
0.0499482492
0.0554439463
0.0552991827
0.0552183212
0.0510539230
0.0472053975
0.0462542706
0.0455160799
0.0432594318
0.0459148324
0.0462878184
0.0440510195
0.0422666731
0.0434544182
0.0447086501
0.0429449532
0.0522037883
0.0479864526
0.0473418589
0.0501258189
0.0548972666
0.0583559143
0.0642400766
0.0649110876
0.0758324199
0.0637354421
0.0659133646
0.0604451148
0.0634748574
0.0600760060
0.0626303840
0.0592788056
0.0550547910
0.0605654334
0.0571373380
0.0562347642
0.0524095467
0.0514403488
0.0521335046
0.0461907919
0.0457492536
0.0453723552
0.0399774559
0.0333991370
0.0324989610
0.0312818221
0.0314188485
0.0285829997
0.0333785178
0.0327119380
0.0276529379
0.0276573441
0.0280180521
0.0223928092
0.0237319170
0.0186839362
0.0207861254
0.0234737542
0.0258847361
0.0319431693
0.0342738129
0.0414220530
0.0381999565
0.0386157913
0.0419126386
0.0376318776
0.0485875263
0.0457682119
0.0469704903
0.0562595868
0.0458543360
0.0455026183
0.0478696910
0.0459172718
0.0508554056
0.0429322154
0.0478501329
0.0484201846
0.0506928281
0.0465469671
0.0496006868
0.0473085606
0.0441986522
0.0521054531
0.0418644253
0.0442736553
0.0408456069
0.0416490719
0.0390451124
0.0308458086
0.0291999942
0.0272192887
0.0187697492
0.0108328698
0.0144945730
0.0148519737
0.0164232537
0.0092172638
0.0253267336
0.0267300304
0.0254254382
0.0202067389
0.0262663751
0.0323446288
0.0213333624
0.0288021776
0.0331742997
0.0378557621
0.0454611406
0.0452332406
0.0413944945
0.0478684045
0.0568359910
0.0586585436
0.0592621970
0.0517728045
0.0506952504
0.0534976521
0.0456860555
0.0327471847
0.0264613203
0.0297468349
0.0266717694
0.0306867355
0.0344197192
0.0335306732
0.0367380397
0.0376802470
0.0412437415
0.0420206168
0.0440021315
0.0370676803
0.0398430434
0.0388705577
0.0407076351
0.0423941571
0.0403800104
0.0387209009
0.0384660214
0.0408441615
0.0391794687
0.0392421707
0.0422373596
0.0445847706
0.0468730046
0.0481625372
0.0509285695
0.0499124190
0.0503742927
0.0504237693
0.0557366254
0.0516222012
0.0510678207
0.0552158360
0.0487677317
0.0510233206
0.0531657936
0.0525627125
0.0524940127
0.0523213210
0.0533372730
0.0511008041
0.0491291439
0.0524296886
0.0530737250
0.0548299240
0.0573449031
0.0581075881
0.0571924488
0.0603426225
0.0644264710
0.0674186711
0.0689280196
0.0647766408
0.0637294119
0.0561283486
0.0532026872
0.0507712469
0.0509320833
0.0516715453
0.0536261560
0.0537996248
0.0546897382
0.0541967085
0.0546139329
0.0562123994
0.0566422716
0.0573356946
0.0593472993
0.0641689473
0.0654180873
0.0640873817
0.0604927722
0.0617109036
0.0633505956
0.0619195346
0.0625459011
0.0637445051
0.0626450225
0.0625513092
0.0642978538
0.0626162952
0.0646753921
0.0663417704
0.0688945340
0.0707907703
0.0744118792
0.0772311335
0.0764234726
0.0726015442
0.0733032919
0.0705419064
0.0682833639
0.0687468206
0.0693254610
0.0706248331
0.0712276704
0.0675377157
0.0657316831
0.0674870145
0.0664425515
0.0675508736
0.0677594102
0.0662552455
0.0680267683
0.0752844781
0.0741811166
0.0739457327
0.0743399765
0.0739165049
0.0721701060
0.0716881624
0.0724005095
0.0716933222
0.0738957244
0.0771626787
0.0756206965
0.0756330076
0.0744248464
0.0706823638
0.0721379858
0.0735973267
0.0746125274
0.0779296346
0.0784742918
0.0749928778
0.0734339584
0.0735467724
0.0759992905
0.0761625046
0.0808682542
0.0807378544
0.0801124314
0.0797347482
0.0785726398
0.0800175487
0.0794682607
0.0775222167
0.0795584775
0.0815723737
0.0837284858
0.0833474565
0.0807401720
0.0841125276
0.0825074981
0.0830532092
0.0829445759
0.0860108123
0.0817161935
0.0866167432
0.0871956687
0.0878968372
0.0920962662
0.0886718583
0.0975968374
0.0932996867
0.0925572503
0.0914960690
0.0918009237
0.0967147377
0.0950573853
0.0956413106
0.0963310231
0.0968105170
0.1064101428
0.1069020553
0.1085552086
0.1139321538
0.1079434324
0.1114487247
0.1091140268
0.1113829678
0.1115571565
0.1127565327
0.1137029132
0.1209341994
0.1248362192
0.1288530927
0.1250080510
0.1309120798
0.1335603056
0.1403595272
0.1430865321
0.1542281555
0.1563707696
0.1536244998
0.1595938848
0.1557292971
0.1540757712
0.1477747825
0.1448143815
0.1427811449
0.1555516320
0.1447960904
0.1565048061
0.1533932141
0.1527207854
0.1585978080
0.1575677218
0.1651683938
0.1540391279
0.1510005898
0.1414423405
0.1383472350
0.1458471654
0.1339953804
0.1320753047
0.1307269254
0.1346559301
0.1430880969
0.1436230606
0.1441935007
0.1431581306
0.1475483549
0.1437261695
0.1386847014
0.1347372709
0.1396533426
0.1340763788
0.1380795904
0.1329479471
0.1294789570
0.1419837518
0.1465152570
0.1499489312
0.1502234036
0.1432837324
0.1283942580
0.1382779190
0.1336249269
0.1385126943
0.1372732191
0.1313709231
0.1266530758
0.1216765334
0.1223431048
0.1164235670
0.1116379158
0.1143404270
0.1148608452
0.1164458394
0.1112120198
0.1089055615
0.1042023609
0.1032708191
0.1001204803
0.0940850001
0.0901384621
0.0842537186
0.0814578065
0.0774458148
0.0813300219
0.0801919804
0.0801998842
0.0804211590
0.0778897194
0.0747815241
0.0752224540
0.0767438335
0.0759520292
0.0751654737
0.0652051535
0.0759358418
0.0677063477
0.0651299509
0.0610269376
0.0698284136
0.0541449942
0.0525649316
0.0620799171
0.0601326071
0.0497371176
0.0787481404
0.0514920227
0.0551752084
0.0508241663
0.0553021763
0.0861387184
0.0685808493
0.0656433698
0.0675570411
0.0916636116
0.0903969386
0.1212672242
0.1608696627
0.1352838985
0.1606824291
0.1307739868
0.1354701787
0.1305310413
0.1324381449
0.1287315279
0.1297472628
0.1308508714
0.1360114547
0.1461439891
0.1412474205
0.1330801098
0.1387406500
0.1410850469
0.1440474680
0.1481339479
0.1478182441
0.1470605629
0.1389541302
0.1390363683
0.1491567059
0.1584524902
0.1473803177
0.1670356732
0.1622027955
0.1609639055
0.1586715710
0.1574610055
0.1625554412
0.1647877392
0.1674680548
0.1750119153
0.1747830330
0.1664917307
0.1652087703
0.1639236771
0.1580505495
0.1734605394
0.1664735726
0.1542687876
0.1721478341
0.1727427415
0.1669839304
0.1857747955
0.1495360935
0.1453323722
0.1510808232
0.1498088775
0.1464758217
0.1507562555
0.1532776990
0.1468347584
0.1557752189
0.1555680189
0.1573621648
0.1421830820
0.1369565698
0.1367601517
0.1367210957
0.1262869104
0.1277553889
0.1176422305
0.1145225294
0.1166665015
0.1166441713
0.1140594211
0.1029417649
0.1149910687
0.1151195252
0.1106136880
0.1044853569
0.1029788397
0.1048892796
0.0986654810
0.0838241815
0.0830555801
0.0841908945
0.0880685202
0.0900117179
0.0886068939
0.0854870546
0.0803147722
0.0844487249
0.0881693555
0.0820132155
0.0708336098
0.0765029478
0.0812458909
0.0780190696
0.0780785607
0.0692208506
0.0581064040
0.0545633347
0.0533843711
0.0548515075
0.0488123695
0.0447021415
0.0364416704
0.0406151308
0.0414827644
0.0512700716
0.0459437470
0.0506674913
0.0499524566
0.0474218231
0.0495957199
0.0485652907
0.0467530420
0.0480658605
0.0465991174
0.0516816626
0.0531567225
0.0590135246
0.0655184011
0.0586801822
0.0769117127
0.0659581312
0.0572792377
0.0715071899
0.0747239061
0.1300450276
0.1088866345
0.0819538583
0.0805186838
0.1216037740
0.0977188893
0.0816433423
0.0882499761
0.0793494650
0.0814485491
0.0793214500
0.0846729143
0.0838678864
0.0881740467
0.0838833522
0.0851152413
0.0876520698
0.0833764872
0.0888265628
0.0876401500
0.0794979967
0.0768399566
0.0804298996
0.0821929972
0.0855621029
0.0860587986
0.0887150568
0.0872429545
0.0877691244
0.0812118738
0.0782161918
0.0819155946
0.0847189587
0.0884221277
0.0857196943
0.0891551230
0.0881472529
0.0888595896
0.0856471166
0.0838911739
0.0859821747
0.0921015952
0.0817742483
0.0849064531
0.0901920133
0.0888582683
0.0988076430
0.0866674284
0.0887913730
0.0876858774
0.0707921133
0.0707125066
0.0681920050
0.0757731048
0.0807773224
0.0877802348
0.0889339313
0.0908245962
0.0842582135
0.0910627255
0.0914330062
0.0914301027
0.0937644494
0.0949746309
0.0968097419
0.0619016094
0.0655700852
0.0587096206
0.0598386586
0.0515512195
0.0575272488
0.0544140556
0.0590578627
0.0530209058
0.0625698301
0.0670184579
0.0604209044
0.0602367513
0.0447828167
0.0372226968
0.0414432672
0.0417302633
0.0313297188
0.0328976343
0.0311142030
0.0330392027
0.0349660624
0.0281109539
0.0275450693
0.0294796132
0.0290392386
0.0285479143
0.0309808335
0.0291303266
0.0252994859
0.0245366108
0.0230070946
0.0237046384
0.0222737045
0.0290871271
0.0271193824
0.0263811775
0.0308529669
0.0324852001
0.0382448750
0.0398423093
0.0362642983
0.0423024073
0.0450443503
0.0541899590
0.0604513289
0.0666839659
0.0705552558
0.0659208032
0.0675202780
0.0695485419
0.0737008092
0.0725174122
0.0789838094
0.0938407020
0.1107626041
0.1142677793
0.1233992794
0.1251041329
0.1167023745
0.1147299887
0.1172900903
0.1255723609
0.1239647805
0.1205394016
0.1263116682
0.1199643375
0.1273408201
0.1330093856
0.1136795369
0.1080398923
0.1113111088
0.1063583228
0.1059941855
0.1045651445
0.1009259091
0.0982874050
0.0940136003
0.0933902660
0.0916319471
0.0917525612
0.0878501480
0.0836086693
0.0859152006
0.0796300293
0.0851272812
0.0839670057
0.0888811000
0.0918515121
0.0904955963
0.0909556777
0.0863457313
0.0817452020
0.0784124639
0.0713468144
0.0648829502
0.0646941002
0.0563056560
0.0440527462
0.0547434223
0.0453234203
0.0448402190
0.0532443171
0.0550942992
0.0598390886
0.0655271123
0.0742197147
0.0730151413
0.0727055979
0.0651591374
0.0635727722
0.0616049510
0.0606045328
0.0605748077
0.0651481576
0.0662245241
0.0639359797
0.0497945688
0.0499118380
0.0466415578
0.0417496655
0.0467575554
0.0466104270
0.0379881150
0.0388349304
0.0422419320
0.0410078692
0.0443043847
0.0431604541
0.0450746338
0.0449555229
0.0424746080
0.0374195693
0.0350415145
0.0374718593
0.0400497591
0.0426846424
0.0442821242
0.0422348166
0.0235196139
0.0270605952
0.0328196399
0.0419271869
0.0337106646
0.0345082254
0.0418196326
0.0382936636
0.0357083211
0.0287269067
0.0247351026
0.0346855306
0.0389676749
0.0400206636
0.0304038075
0.0305620403
0.0336374528
0.0450185371
0.0451289096
0.0401024388
0.0496407572
0.0493789541
0.0431687394
0.0416542729
0.0406752035
0.0400768486
0.0411661874
0.0448964142
0.0478052436
0.0488296164
0.0545285320
0.0564599373
0.0568490588
0.0663605754
0.0585177240
0.0595834439
0.0648932665
0.0725734716
0.0720143400
0.0731325244
0.0765242072
0.0771826225
0.0711215732
0.0611177526
0.0602562194
0.0690809973
0.0786901307
0.0945627390
0.0905669247
0.0994129963
0.1043951516
0.1117309435
0.0989279231
0.1001246115
0.0981334444
0.0967405172
0.1018582775
0.1051051916
0.1068338669
0.1199430677
0.1156517320
0.1070868444
0.1399754160
0.1318155224
0.1278208444
0.1255765610
0.1108826629
0.1103661769
0.1037652833
0.1110001623
0.1117526920
0.1117724773
0.1078341756
0.1079146717
0.1031300004
0.0998240895
0.1132664082
0.1038177782
0.0944140529
0.1028588084
0.0988294815
0.0876480646
0.0870281517
0.0813509446
0.0834582294
0.0920521452
0.0919335153
0.0895413297
0.0864556332
0.0879372990
0.0867594454
0.0828634626
0.0906620488
0.0851165488
0.0851963284
0.0792045627
0.0788827107
0.0778215133
0.0771100653
0.0786961991
0.0714397981
0.0708435228
0.0687627183
0.0627043815
0.0638908097
0.0596984695
0.0535236498
0.0666152360
0.0651176242
0.0635696090
0.0594494208
0.0530799657
0.0503290327
0.0451929853
0.0449076821
0.0520952267
0.0507853626
0.0492769343
0.0509336384
0.0560445233
0.0529540655
0.0534705346
0.0420323974
0.0398175201
0.0388784650
0.0427073277
0.0469588429
0.0436088760
0.0500605110
0.0418680989
0.0446227368
0.0423444380
0.0415741786
0.0386637148
0.0346237976
0.0488867952
0.0435501647
0.0352254188
0.0343952632
0.0311941178
0.0261014556
0.0283471356
0.0289260865
0.0334000322
0.0300242514
0.0135997158
0.0187431317
0.0272729018
0.0254829245
0.0199389744
0.0279349359
0.0197507629
0.0196598269
0.0181967912
0.0223656321
0.0310519899
0.0295077927
0.0304114416
0.0255086706
0.0295690014
0.0296765500
0.0338028320
0.0360098497
0.0483747163
0.0421521105
0.0398590729
0.0457299556
0.0505746054
0.0531704754
0.0460260704
0.0487540978
0.0542083844
0.0512753304
0.0564999987
0.0575628969
0.0666261381
0.0603536299
0.0641697849
0.0598121534
0.0603859238
0.0659043430
0.0650660535
0.0778356295
0.0742814679
0.0681869248
0.0746811344
0.0718547371
0.0878986467
0.0886381547
0.0971806758
0.0957398075
0.0940472201
0.1082036513
0.1082944190
0.1081556933
0.1128015222
0.1188318774
0.1224854567
0.1185362354
0.1116173158
0.1291031868
0.1248362629
0.1260905166
0.1180410791
0.1162724176
0.1246512107
0.1407200235
0.1389744475
0.1212324949
0.1317067146
0.1293376717
0.1580793390
0.1556990835
0.1269958536
0.1119038834
0.1902639734
0.1447316057
0.1470962191
0.1724077488
0.1754099994
0.1838467763
0.2200348842
0.1770484016
0.1672897517
0.1893078810
0.2012999453
0.1793761178
0.1932800338
0.1954795254
0.2450227226
0.2034757939
0.1779010530
0.1779112436
0.1820922038
0.1694083313
0.1612983698
0.1806103718
0.1616848748
0.1411500531
0.1362206295
0.1414765547
0.1305064650
0.1316604507
0.1365004741
0.1246847182
0.1200624791
0.1165016805
0.1142557836
0.1144501159
0.1126146082
0.1110777637
0.1071941295
0.1039286878
0.1044212190
0.0995019520
0.0953580391
0.0930059941
0.0946055669
0.0954027474
0.0900961637
0.0857019255
0.0861180493
0.0853286086
0.0849865970
0.0827877256
0.0797437773
0.0777890968
0.0723973084
0.0652697576
0.0658014129
0.0615947686
0.0574688093
0.0606934696
0.0593078679
0.0586757774
0.0574055195
0.0581156063
0.0603368280
0.0526376657
0.0547614987
0.0549035868
0.0575052828
0.0600031065
0.0556910861
0.0565196741
0.0580227085
0.0622136790
0.0548827390
0.0461178594
0.0513425043
0.0552111349
0.0469741724
0.0427838616
0.0318014721
0.0338226236
0.0218905414
0.0285447732
0.0303854726
0.0341923502
0.0405998221
0.0431473698
0.0392041129
0.0323318861
0.0249352976
0.0302373318
0.0416023286
0.0384048082
0.0439883099
0.0468357284
0.0384058794
0.0374510192
0.0332958756
0.0378965479
0.0427968800
0.0411886826
0.0448339707
0.0467896701
0.0537747607
0.0535485215
0.0662755123
0.0763018932
0.0790168086
0.0749561320
0.0602467201
0.0623134498
0.0674941728
0.0621022157
0.0592060108
0.0651136525
0.0629261119
0.0667308721
0.0750618893
0.0735991832
0.0794427678
0.0744340323
0.0738424705
0.0928904437
0.0924570124
0.0865997286
0.0937392391
0.0933739939
0.0938194380
0.1018978010
0.0936212079
0.1043851288
0.1222418416
0.1212350044
0.1315577100
0.1269178539
0.1384479548
0.1248089934
0.1341171615
0.0943898702
0.1546327634
0.1550752138
0.1299006002
0.1102455934
0.0733058794
0.1036082450
0.0772673345
0.0877333157
0.0906519619
0.1093869137
0.1073832447
0.1276308412
0.1093089608
0.1059369805
0.1295012993
0.1300040274
0.1177040018
0.1184531462
0.1043786833
0.1220809657
0.1157483522
0.1193493578
0.1258279053
0.1183839414
0.1309531232
0.1521418054
0.1479078884
0.1604895199
0.1612180887
0.1667418029
0.1433730577
0.1122312407
0.1174312440
0.1231417656
0.1044334014
0.1620492065
0.1101986605
0.1034213884
0.1078497435
0.1027621699
0.1031466392
0.1019137465
0.1014452287
0.0948652423
0.0965579989
0.0965695958
0.0903282853
0.0877774321
0.0824144902
0.0819716509
0.0815025770
0.0809719060
0.0813277002
0.0812339211
0.0766436575
0.0780119581
0.0752727367
0.0721009510
0.0710916030
0.0722029300
0.0697908914
0.0673464074
0.0668224000
0.0664061498
0.0652038239
0.0699721840
0.0694208057
0.0771524061
0.0716144322
0.0719059232
0.0749597370
0.0682504893
0.0641589268
0.0634815862
0.0635390404
0.0669351836
0.0688434487
0.0720222401
0.0748469169
0.0717382164
0.0715484936
0.0700892649
0.0590269026
0.0643044874
0.0629482385
0.0602575412
0.0575642918
0.0611286997
0.0700351274
0.0693658272
0.0725782015
0.0746294569
0.0768466272
0.0747808400
0.0536260846
0.0557722239
0.0620519453
0.0679408068
0.0716548242
0.0703104479
0.0767753644
0.0756286579
0.0743133280
0.0687960620
0.0648567977
0.0629244122
0.0625065969
0.0547800354
0.0434711483
0.0456124468
0.0596883774
0.0713306567
0.0748755352
0.0771514474
0.0786931158
0.0979398782
0.0750433135
0.0834832999
0.0729487491
0.0875913338
0.0823212588
0.0836129248
0.0806004605
0.0725966399
0.0828014921
0.0861180249
0.0822459595
0.0832531766
0.0940898682
0.0944303742
0.0964915606
0.1033688871
0.0994931874
0.0917729149
0.0867354364
0.0937284560
0.0881984276
0.0915576782
0.0753912096
0.0792452306
0.0972743341
0.0953082397
0.1117512760
0.0968242577
0.1041418409
0.0943680663
0.1258595986
0.0824243308
0.1137978213
0.1188119673
0.1155085066
0.1036198404
0.1262734275
0.1149824369
0.1222461993
0.1141530479
0.1194618772
0.1165904914
0.0879025619
0.0861670238
0.0757245925
0.0803399324
0.0995311600
0.0955865954
0.0971715975
0.0716292283
0.0787689088
0.0692022956
0.0685285976
0.0705938879
0.0521914981
0.0521847772
0.0518070901
0.0477112665
0.0395255488
0.0334989970
0.0285428473
0.0299513342
0.0297121783
0.0290765693
0.0256914511
0.0318570754
0.0310584721
0.0275746545
0.0289120251
0.0267461401
0.0203017523
0.0154192532
0.0165642279
0.0130612548
0.0151094856
0.0124808284
0.0118925967
0.0102611849
0.0145466994
0.0124900570
0.0162139696
0.0156778750
0.0141166985
0.0126195042
0.0154916908
0.0148084628
0.0174886966
0.0139586282
0.0113776959
0.0157613785
0.0219541654
0.0289409794
0.0202247210
0.0087115143
0.0144848983
0.0170882796
0.0118947753
0.0176893994
0.0190493451
0.0190924598
0.0239555809
0.0189680482
0.0312334371
0.0429178742
0.0454677104
0.0371051773
0.0391995108
0.0350458713
0.0313052066
0.0388209624
0.0430987129
0.0456831776
0.0418050879
0.0451627002
0.0426213029
0.0459437818
0.0410041090
0.0497723052
0.0503103380
0.0542412120
0.0485742116
0.0448820416
0.0533701899
0.0632068041
0.0669510119
0.0682180273
0.0665872746
0.0787486886
0.0950287356
0.1033985749
0.0959928670
0.0963258081
0.0865674544
0.0837750986
0.0710007576
0.0881507076
0.0854301260
0.0912016033
0.0688177321
0.0843235392
0.0867013205
0.0780229499
0.0879352761
0.0978735556
0.0927939564
0.0997961120
0.0899045485
0.1071092633
0.1108083457
0.1362219664
0.1385762470
0.1894924222
0.1285964422
0.1350055112
0.1384193511
0.1014052820
0.1091686248
0.1282730541
0.1334255510
0.1397971444
0.1326871142
0.1266745623
0.1225497703
0.1318921422
0.1373116107
0.1691959532
0.1553926091
0.1522786484
0.1546088505
0.1364274313
0.1695973525
0.1633164312
0.1299872988
0.1725264206
0.1193673906
0.1316206108
0.1443426293
0.1376621662
0.1143282921
0.0787601225
0.0775418048
0.0913332432
0.0722578756
0.0714839504
0.0841870712
0.0656357001
0.0753979378
0.0710953439
0.0680055889
0.0637995165
0.0652868414
0.0606630568
0.0636963471
0.0551596915
0.0503322913
0.0541828923
0.0555324918
0.0629787330
0.0567943339
0.0538287748
0.0396587289
0.0360804547
0.0365371910
0.0272732889
0.0225532279
0.0306325736
0.0240162648
0.0243671530
0.0201489981
0.0109644449
0.0174447881
0.0140690254
0.0248623983
0.0232413798
0.0197615199
0.0197448529
0.0189063355
0.0218170958
0.0183797901
0.0130790009
0.0250494413
0.0339650650
0.0263143230
0.0282849281
0.0179442958
0.0193628853
0.0238174787
0.0385798224
0.0394087415
0.0485754673
0.0411537096
0.0330875860
0.0408651534
0.0373748746
0.0396731760
0.0391744294
0.0510650808
0.0396071772
0.0389897191
0.0377920231
0.0478786120
0.0579461940
0.0485137310
0.0557732570
0.0517635642
0.0899847810
0.0807838606
0.0775090663
0.0773480976
0.0793395635
0.0831072380
0.0837747528
0.0802929392
0.0797858971
0.0917154955
0.0849352237
0.0814846325
0.0917357366
0.1036714789
0.0994359163
0.1016712681
0.1045774997
0.1031643251
0.1119952006
0.0854274386
0.1098376381
0.1057944986
0.1271851989
0.1165040097
0.0929084947
0.1042022336
0.1018642232
0.1120063490
0.1134376301
0.1012644687
0.1153999236
0.1109711120
0.1072202447
0.0970334617
0.1049193865
0.0977438636
0.1084862775
0.0997677226
0.1068182412
0.1176213235
0.1332929235
0.1201399072
0.1212210634
0.1176017290
0.1162323520
0.1208996799
0.1117312225
0.1152810611
0.1262575834
0.1158820785
0.1258148240
0.1413008787
0.1330464634
0.1570850896
0.1333752269
0.1448064412
0.1373516379
0.1441551774
0.1489694555
0.1415753373
0.1459097641
0.1523483359
0.1495174113
0.1451113781
0.1880807540
0.1868311295
0.1130050103
0.0724826079
0.0664340580
0.0628210942
0.1235335106
0.0566977163
0.0552907628
0.0597974995
0.0700292208
0.0708827247
0.0589561065
0.0581673039
0.0530347431
0.0520374050
0.0589200455
0.0528567178
0.0536385120
0.0432013259
0.0402853437
0.0428046434
0.0515262681
0.0508871740
0.0510289078
0.0558418389
0.0656760890
0.0630179732
0.0629925244
0.0608495934
0.0586263907
0.0542359913
0.0447384639
0.0451073941
0.0433574892
0.0490685796
0.0525276313
0.0642748397
0.0615289280
0.0578181027
0.0530734103
0.0484520007
0.0453644254
0.0442577599
0.0510396071
0.0486784839
0.0457439322
0.0459539956
0.0439417382
0.0484567345
0.0478169629
0.0516000719
0.0467729441
0.0502115781
0.0464200853
0.0459692761
0.0535653492
0.0592536225
0.0539902335
0.0545579966
0.0465278689
0.0508751475
0.0628992920
0.0655821260
0.0684651607
0.0671956615
0.0637190348
0.0593973249
0.0494762709
0.0455375252
0.0397973190
0.0415195043
0.0459285570
0.0458508069
0.0469205311
0.0455267109
0.0488020457
0.0408240966
0.0369436836
0.0320514413
0.0305906364
0.0297712199
0.0327949092
0.0286211004
0.0345599900
0.0351394131
0.0296121378
0.0259990531
0.0224358403
0.0398924361
0.0486383000
0.0365450791
0.0322965054
0.0324162765
0.0358281918
0.0324264915
0.0360535354
0.0363579535
0.0256178601
0.0256280836
0.0224022149
0.0331367597
0.0389325028
0.0360379241
0.0385129425
0.0358900594
0.0389838770
0.0338143739
0.0456687654
0.0527650494
0.0534595654
0.0482375153
0.0528405202
0.0603503294
0.0515164700
0.0492226487
0.0357523664
0.0511894614
0.0335571232
0.0226616632
0.0240893029
0.0275222700
0.0269315985
0.0194468369
0.0658340152
0.0821847659
0.0561215090
0.0520426317
0.0501098329
0.0393426906
0.0353505981
0.0490721580
0.0478072195
0.0626209445
0.0659148441
0.0612090947
0.0711237966
0.0425763002
0.0280590980
0.0302161496
0.0254275933
0.0260905116
0.0266315270
0.0368075516
0.0360204535
0.0296076505
0.0245821651
0.0230657277
0.0158230332
0.0171703884
0.0212032419
0.0203209732
0.0198378347
0.0199215385
0.0226709982
0.0211547084
0.0276451772
0.0300660800
0.0287084936
0.0260809868
0.0343537421
0.0352744409
0.0329018730
0.0359834634
0.0391925496
0.0372701748
0.0377580528
0.0394753593
0.0406752363
0.0363923313
0.0315219167
0.0448094715
0.0634778279
0.0428214612
0.0535443802
0.0504505526
0.0496576883
0.0501794747
0.0530983860
0.0561316527
0.0512948807
0.0507748825
0.0557334301
0.0531512802
0.0520429219
0.0441642280
0.0564471703
0.0481031265
0.0540388003
0.0555763332
0.0541121587
0.0627011293
0.0639239363
0.0720054458
0.0726709883
0.0625660128
0.0491158572
0.0526700852
0.0531516336
0.0580188710
0.0579618199
0.0588300025
0.0661259587
0.0634251035
0.0598549012
0.0651089212
0.0642346792
0.0662699687
0.0636659341
0.0607333375
0.0642021598
0.0636445174
0.0652606092
0.0653786307
0.0616750734
0.0613937534
0.0611535143
0.0615499521
0.0571188540
0.0564190142
0.0564530848
0.0597741161
0.0578507256
0.0568497243
0.0592460738
0.0549748049
0.0575982820
0.0584920955
0.0609329391
0.0558685775
0.0537116331
0.0542561765
0.0556222341
0.0610419995
0.0613174402
0.0570698701
0.0593680694
0.0497741667
0.0517532042
0.0475174440
0.0554864069
0.0534658582
0.0475036270
0.0528376381
0.0546921358
0.0543322196
0.0530899402
