0.1377110220
0.1352854096
0.1355975173
0.1364983233
0.1335985245
0.1314690701
0.1317050644
0.1290051852
0.1304560752
0.1251327652
0.1223090778
0.1160991453
0.1119016221
0.1087058727
0.1072366211
0.1034320188
0.1002410662
0.0988976317
0.1009984202
0.1018836197
0.1021616745
0.1040538936
0.1066999125
0.1115361952
0.1129766611
0.1128551985
0.1115150773
0.1113793292
0.1121168735
0.1117226947
0.1129773227
0.1139923876
0.1134821317
0.1138643012
0.1140251525
0.1144742371
0.1147917114
0.1159240916
0.1159515060
0.1173070957
0.1154395081
0.1123381554
0.1090726785
0.1068287143
0.1051820620
0.1022603618
0.0995140419
0.0989405475
0.1018831061
0.1052166191
0.1070882609
0.1069305490
0.1049045344
0.1099161672
0.1083020049
0.1135786903
0.1118179824
0.1108605915
0.1089281201
0.1040300609
0.0988865543
0.0948710746
0.0957709317
0.0985129799
0.1008936945
0.1032858376
0.1039519621
0.1032553371
0.1079369871
0.1070395905
0.1128901408
0.1186614099
0.1215722435
0.1214002352
0.1266096132
0.1341138500
0.1362471746
0.1384275375
0.1385774462
0.1417001969
0.1413936789
0.1343429325
0.1212235268
0.1100962646
0.0993400560
0.0952966290
0.0909870569
0.0866777750
0.0822285030
0.0765922295
0.0727997877
0.0721750718
0.0697124113
0.0697295836
0.0684322312
0.0693749805
0.0712539991
0.0747251665
0.0778294623
0.0846809168
0.0905894493
0.0970774386
0.1007492904
0.1065050284
0.1109134430
0.1128087168
0.1157803532
0.1189084256
0.1228104353
0.1258129640
0.1276043929
0.1321235920
0.1364172002
0.1416795529
0.1451274201
0.1511576754
0.1550153187
0.1609331854
0.1636831094
0.1699410673
0.1781671132
0.1874483757
0.1974076285
0.2071823256
0.2185119474
0.2297746022
0.2395435204
0.2473457031
0.2552732180
0.2595851676
0.2627274550
0.2608503831
0.2620451623
0.2621158344
0.2664326957
0.2691410339
0.2709698607
0.2742485846
0.2754019702
0.2746716018
0.2699048330
0.2677316234
0.2634312242
0.2605167291
0.2552312735
0.2540921668
0.2509647146
0.2515220240
0.2497851629
0.2505965008
0.2496170549
0.2485465713
0.2461968890
0.2405095724
0.2349125777
0.2314025597
0.2241443327
0.2160216024
0.2101693995
0.2060293924
0.2027550195
0.2003998831
0.2000565540
0.1996455745
0.1935287966
0.1848753878
0.1751394658
0.1665317088
0.1590259191
0.1513341882
0.1449006265
0.1364764861
0.1287556402
0.1248717717
0.1175592093
0.1123115086
0.1100635039
0.1058375512
0.1032178136
0.0998700348
0.0976837313
0.0988054992
0.1000537543
0.1020944840
0.1028478968
0.1069455812
0.1132871758
0.1213458852
0.1312396694
0.1512452276
0.1499445701
0.1422028906
0.1416602714
0.1447943383
0.1478634849
0.1515834546
0.1571107285
0.1614063401
0.1655910391
0.1688435233
0.1713142436
0.1770859012
0.1828089913
0.1880644068
0.1904197514
0.1925713697
0.1931927936
0.1935210235
0.1919068703
0.1909826642
0.1907002548
0.1882487730
0.1883909767
0.1877146924
0.1816758576
0.1805908616
0.1812011221
0.1824778032
0.1828510745
0.1867912760
0.1922668477
0.1933824416
0.1988790813
0.1936053619
0.1856964182
0.1784742825
0.1711380898
0.1649183659
0.1613640427
0.1583081793
0.1566095595
0.1562847595
0.1557246393
0.1564147668
0.1566723216
0.1577432282
0.1603534537
0.1638374374
0.1668462714
0.1685708236
0.1707168234
0.1730990727
0.1758301230
0.1799964976
0.1833261911
0.1874344099
0.1909328910
0.1928620467
0.1894351804
0.1848645788
0.1797519273
0.1725599624
0.1662547949
0.1586324408
0.1515008316
0.1416716796
0.1453563387
0.1435452772
0.1424625526
0.1436057553
0.1499307735
0.1621381206
0.1716735098
0.1732823737
0.1693669081
0.1698716847
0.1718040663
0.1733010368
0.1717757658
0.1678064701
0.1642132972
0.1634596327
0.1633346754
0.1638056192
0.1634318954
0.1625672243
0.1613609825
0.1609856156
0.1613473935
0.1609375744
0.1594437094
0.1570085709
0.1534893876
0.1490188444
0.1451078692
0.1421803634
0.1400416911
0.1383971420
0.1368880241
0.1356141696
0.1342724263
0.1324147295
0.1299158724
0.1279046593
0.1261465410
0.1251352650
0.1243657750
0.1244416458
0.1247518908
0.1254955758
0.1265032253
0.1288161236
0.1314525005
0.1330313047
0.1337529190
0.1334693352
0.1336600542
0.1338036645
