5.7805976530
5.8179764276
5.8605784323
5.9190584618
5.9661695692
5.9886472472
6.0055913982
6.0190455527
5.9999604038
6.0225244598
6.0588422067
6.0939124925
6.1160649188
6.1394100302
6.1225949027
6.1257989014
6.1313861389
6.1450875452
6.1467252915
6.1924887376
6.2871614739
6.3479529694
6.4118040273
6.4305293045
6.4576703513
6.4719498703
6.4901046198
6.5013464935
6.5100143270
6.5176814322
6.5511985573
6.5519140630
6.5850151111
6.6136873741
6.6361760563
6.6661537674
6.6896902877
6.6997371336
6.7311935246
6.7664181070
6.7856394280
6.8073791000
6.8375382669
6.8482773060
6.8736453099
6.9056918101
6.9178437954
6.9226427598
6.9434566550
6.9528079711
6.9660406801
6.9686492943
6.9812697670
6.9985854201
7.0154565230
6.9905032640
7.0050287111
7.0263571918
7.0642670450
7.0877258362
7.1392911187
7.2178569382
7.2816203223
7.3484844605
7.4062488604
7.4786976748
7.5389802076
7.6101463802
7.6690444765
7.7131011350
7.7506048809
7.7563687598
7.7548165121
7.6934417772
7.6527227392
7.5891488189
7.5062805159
7.4080632552
7.2627994632
7.0918474745
6.8583835330
6.5923991776
6.2528774374
5.8886649825
5.4729213631
5.0380131527
4.6035635265
4.1976769441
3.8888276512
3.6778305250
3.5524585346
3.4607804918
3.4581793099
3.4561841857
3.4848371585
3.5141857890
3.5344878774
3.5327345465
3.5343155272
3.5332592032
3.5148727360
3.4862084696
3.4457732266
3.4073556282
3.3758131112
3.3478759660
3.3395900665
3.3347436864
3.3247176158
3.3193219023
3.3036025554
3.2862840391
3.2714563980
3.2368682150
3.1930687611
3.1605025496
3.1289207466
3.1000807525
3.0727056496
3.0640986171
3.0458573997
3.0285915177
3.0178226055
3.0348882070
3.0290154258
3.0363089846
3.0539265444
3.0637571317
3.1175860705
3.1533759997
3.1637255748
3.1778402455
3.2165362059
3.2449365276
3.2525824903
3.2506866321
3.2426742972
3.2524300223
3.2461341034
3.2193588596
3.2123698671
3.2308578902
3.2562810779
3.2562928442
3.2628967774
3.2731802222
3.2819459800
3.2777727198
3.2758422897
3.2529418515
3.2230387923
3.2149228846
3.2212114483
3.2441713353
3.2795375691
3.3025445320
3.3296195948
3.3406543418
3.3972131755
3.4374699643
3.4665564146
3.5057180611
3.5324327601
3.5489074605
3.5624999295
3.5697588339
3.5906470932
3.6045467505
3.6501817074
3.7089804026
3.7404823479
3.7848881642
3.8522045985
3.8946424865
3.9538643417
4.0067270153
4.0224412587
4.0459930692
4.0478203692
4.0613675057
4.0691409910
4.0750147583
4.0864846204
4.0860025787
4.0781806729
4.0596403357
4.0112965864
3.9439754576
3.8745453675
3.8196362242
3.7694649576
3.7372825104
3.6911419210
3.6650715778
3.6562929302
3.6458685268
3.6337432647
3.6133130605
3.6150173060
3.6160896322
3.6362675471
3.6343032183
3.6576947385
3.6521307635
3.6732311768
3.6615613155
3.6642084906
3.6943584813
3.7141388514
3.7412239909
3.7451018152
3.7404226677
3.7550896846
3.7764636591
3.7733844044
3.7812869611
3.7826176803
3.7719794369
3.7513410741
3.7309210053
3.7213449194
3.7276463552
3.7348388408
3.6897514747
3.6294793242
3.6433948709
3.6900069321
3.6922004357
3.6864042996
3.6491876228
3.6280741971
3.6200048864
3.6185418030
3.6213850112
3.6279021641
3.6039911270
3.5869573254
3.5767671947
3.5442254721
3.5419375360
3.5132605280
3.5000154761
3.4729181670
3.4615258542
3.4462160918
3.4607151817
3.4571577823
3.4470258154
3.4353484089
3.4145890661
3.4095718831
3.4015355341
3.3945236550
3.3959247691
3.3786815749
3.3808192800
3.3664006047
3.3607237092
3.3386329804
3.3209506679
3.3055149168
3.2998921008
3.3113009563
3.3200526887
3.3189777616
3.3198267708
3.3331246135
3.3466572721
3.3600799603
3.3723654905
3.3918439792
3.3778957943
3.3706828507
3.3621955935
3.3429183886
3.3365187908
3.3152411378
3.3069936172
3.3064041359
3.3031570008
3.2879540981
3.2951685646
3.2662515996
3.2418561897
3.2234365289
3.2135427082
3.1786466025
3.1537751103
3.1286483602
3.1265488622
3.1149629004
3.1030670050
3.1218787280
3.1259857921
3.1308295845
3.1568180988
3.1679849424
3.1855907521
3.1882597715
3.1963288714
3.2206774636
3.2180096016
3.2218386932
3.2167260627
3.2138116128
3.2296310396
3.2457295047
3.2373883350
3.2394573297
3.2479506311
3.2851044093
3.4027882412
3.5388824748
3.5258199979
3.4928414933
3.4463002523
3.4222262495
3.3752396402
3.3289849809
3.3031705892
3.3165899381
3.4872957750
3.4590603444
3.4430769813
3.4373857587
3.4452492601
3.4508435624
3.4685367733
3.4904506548
3.5143861679
3.5511903002
3.5842776142
3.6135705743
3.6383151248
3.6608662312
3.6826030176
3.6988939284
3.7169522641
3.7313474371
3.7455323275
3.7557943583
3.7669288186
3.7756667754
3.7854517926
3.7951821428
3.7995958176
3.7960704522
3.7955322365
3.7971997800
3.8017027963
3.8110008236
3.8180546742
3.8190179637
3.8124516994
3.8060289320
3.8017677330
3.8018271540
3.8116587608
3.8185674476
3.8320776154
3.8449426934
3.8537845836
3.8668450255
3.8765816153
3.8833358352
3.8952954053
3.9034079687
3.9095338574
3.9235758614
3.9302054940
3.9323873577
3.9315771344
3.9362161582
3.9383407812
3.9468989909
3.9631405458
3.9742719052
3.9967277032
4.0167470844
4.0341370408
4.0502992229
4.0662020372
4.0766592868
4.0778234509
4.0826419568
4.0807704191
4.0819430213
4.0819448356
4.0830139415
4.0850807456
4.0845679679
4.0840078804
4.0832181128
4.0844752117
4.0880586551
4.0841382565
4.0838653416
4.0729841811
4.0743929604
