14.5924965285
14.5833815489
14.5798510768
14.5680702670
14.5679394082
14.5713460818
14.5585611855
14.5624187599
14.5647512632
14.5480683687
14.5489555637
14.5361010195
14.5344540330
14.5200624366
14.5192817124
14.5226678426
14.5059496602
14.5080551834
14.4877964365
14.4866890044
14.4664842417
14.4707951368
14.4751365710
14.4465303214
14.4183620950
14.4223166030
14.3855123686
14.3866086955
14.3885234408
14.3635671687
14.3638612896
14.3460755652
14.3463245923
14.3344204862
14.3349033292
14.3394393593
14.3438983116
14.3432976138
14.3474414709
14.3566870772
14.3596556814
14.3595060947
14.3597329600
14.3531660943
14.3525808085
14.3405985092
14.3404286160
14.3427072175
14.3191964786
14.3250791551
14.3325408336
14.3398906118
14.3479926163
14.3522515387
14.3568596224
14.3586749109
14.3624695353
14.3649427325
14.3667545504
14.3670357713
14.3677878843
14.3689281414
14.3705018023
14.3722708135
14.3740547371
14.3762532834
14.3786040725
14.3809813777
14.3835807879
14.3862955589
14.3889913106
14.3917190832
14.3943254154
14.3968584036
14.3993668748
14.4016835678
14.4037675418
14.4058335965
14.4078822872
14.4097812784
14.4114765268
14.4130112465
14.4145405060
14.4159918899
14.4171867367
14.4183223742
14.4193995423
14.4204632928
14.4213445261
14.4220709685
14.4224183211
14.4230523287
14.4237006582
14.4242196365
14.4243406934
14.4239710337
14.4238093255
14.4236187963
14.4232256011
14.4227177422
14.4222245068
14.4218507841
14.4215169224
14.4209791740
14.4202372418
14.4194963669
14.4188970534
14.4180780883
14.4169359679
14.4159523252
14.4149755441
14.4140063370
14.4129213885
14.4118683159
14.4106965111
14.4093630091
14.4082252880
14.4071140100
14.4062833443
14.4050516371
14.4035873680
14.4019686032
14.4002293245
14.3986822031
14.3970857688
14.3955559294
14.3938914455
14.3919434603
14.3900037806
14.3878859524
14.3857752691
14.3839506509
14.3819505292
14.3799922659
14.3779045933
14.3757474669
14.3733447008
14.3710291193
14.3688188586
14.3666361736
14.3641877672
14.3618377802
14.3590007895
14.3562237570
14.3534029845
14.3507176932
14.3481054400
14.3455775410
14.3428976174
14.3401209479
14.3370847256
14.3338724045
14.3542298128
14.3838051108
14.3759686852
14.4032363460
14.3911672327
14.4226778984
14.4446871102
14.4610806747
14.4273969295
14.4311995119
14.4337570498
14.4012137321
14.4012608293
14.4012614348
14.3881305001
14.3895503568
14.3912760168
14.3936149294
14.3975447706
14.3998304701
14.4019989525
14.4077325462
14.4074230788
14.4080907121
14.4219238449
14.4247269343
14.4274359237
14.4299559755
14.4481513022
14.4481575965
14.4496145889
14.4759253931
14.4705208976
14.4958947447
14.4915692784
14.5222264267
14.5227254281
14.5187005543
14.5571073087
14.6028843595
14.6023470229
14.6555601523
14.6931608983
14.7370096314
14.7791810464
14.7873669620
14.8315163446
14.8719331470
14.8975204382
14.8852276619
14.9057187099
14.9070839384
14.8855383556
14.8771428849
14.8654722674
14.8324727736
14.8081317152
14.7871781061
14.7519357895
14.7459889544
14.7417604726
14.7161336042
14.7039160941
14.6723398838
14.6423937733
14.5998292118
14.5492050655
14.4925871443
14.4160475172
14.3331466170
14.2169786094
14.1158647713
13.9817340198
13.8843645465
13.7922468286
13.6740861672
13.5793979277
13.4512863029
13.3434557049
13.2435557463
13.1181679135
13.0051235801
12.8884153845
12.8002641076
12.7079822882
12.5986723653
12.4975560045
12.3789489308
12.2514404422
12.0791421089
11.9127875622
11.7729301663
11.6248311467
11.4753346287
11.3161420079
11.1579007431
11.0138863816
10.7985323098
10.6608597214
10.4882393495
10.2928327292
10.0853293954
9.9375304535
9.7512553084
9.5315301647
9.3337969359
9.1617443968
8.9592648757
8.7541482378
8.5217377682
8.3312670972
8.0932407743
7.8355184909
7.5787220217
7.3349343100
7.1039538849
6.8373936990
6.5302974006
6.3630866151
6.1186981848
5.8798050462
5.5987576442
5.3888451368
5.1315092304
4.8736688695
4.6383595383
4.3956236050
4.1616515497
3.9379634499
3.7453074311
3.5097063042
3.2542518469
3.0289119312
2.7227435957
2.4427474921
2.1914754252
1.9115102107
1.6491325667
1.3931428881
1.1594435203
0.9396396868
0.7516575275
0.5954306141
0.5075237185
0.5483920684
0.6661392368
0.8035872130
0.9289113282
1.0223968414
1.0687189568
1.2573976283
1.2303359975
1.1121132508
0.9297489249
0.7875766059
0.7269133834
0.7136753819
0.7521873293
0.7904339851
0.8811533228
0.9502601194
0.9683483985
0.9802243544
0.9678995918
0.9445401683
0.9536633079
0.9438207723
0.9391444207
0.9325893833
0.9221930270
0.9076278031
0.8493531363
0.8672138670
0.8559669134
0.8708431437
0.8828850049
0.8763625209
0.8491368783
0.7972157110
0.7650172047
0.7332921645
0.7028708647
0.6730930367
0.6508088783
0.6248491680
0.5690572324
0.5443956050
0.5305275431
0.5040050037
0.4739676493
0.4590383723
0.4343797239
0.4235546055
0.4337382399
0.4109024539
0.3911833244
0.3695655480
0.3829270160
0.3966077619
0.4217608031
0.4734146119
0.5095835020
0.5599002805
0.6314355621
0.6873598468
0.7523156259
0.8058138481
0.8855263183
0.9647876096
1.0528804253
1.1417011795
1.2072992070
1.2748516960
1.3438921960
1.4369213734
1.4966836297
1.5650896041
1.6091046723
1.6558812753
1.6791065730
1.6581554449
1.6439014214
1.6301625126
1.6065074283
1.6087306863
1.5237666831
1.5172821527
1.5993411071
1.6650797864
1.6890316152
1.7439804030
1.7198334587
1.7218910500
1.6850791250
1.6596985652
1.6399905659
1.6214368722
1.5926921565
1.5665245937
1.5462975324
1.5149244575
1.4826126854
1.4548562565
1.4466999597
1.4190314302
1.3925295032
1.3887745628
1.3711931359
1.3617534621
1.3696262486
1.3663891512
1.3511946903
1.3528208325
1.3462430836
1.3266095763
1.3275406399
1.3146825294
1.3070124889
1.2906867206
1.2718997799
1.2567698362
1.2374827287
1.2180547744
1.1915541288
1.1678619248
1.1638660528
1.1571356629
1.1540537615
1.1448323458
1.1259106131
1.0946103176
1.0695565863
1.0483644375
1.0228075776
0.9962750574
0.9725031165
0.9514471633
0.9338643616
0.9171225677
0.8970526658
0.8914293010
0.8751274576
0.8566546879
0.8482305824
0.8175624265
0.8043052843
0.7668819640
0.7374871569
0.6797726095
0.6509841600
0.6358986374
0.6196819055
0.5903701550
0.5932726204
0.5544931661
0.5503038284
0.5292982423
0.5272338077
0.5101128995
0.5116297325
0.5070169397
0.5055959059
0.5236598725
0.5230969910
0.5390876676
0.5524191621
0.5653170404
0.5683373987
0.5811481666
0.6118800961
0.6202520129
0.6559376827
0.6628543901
0.6827815957
0.6862368379
0.6946056368
0.6964680639
0.7021866957
0.7020527962
0.7018480299
0.7102165256
0.7174374307
0.7273398405
0.7419869776
0.7455290434
0.7558761990
0.7859999672
0.8137509810
0.8409296704
0.8781687961
0.9021423454
0.9128820932
0.9074161315
0.8857503677
0.8488618701
0.8018372315
0.8224519074
0.7697350979
0.7661083272
0.7726707983
0.7567584071
0.7729657592
0.7632635648
0.7625219572
0.7549851496
0.7531350945
0.7543331970
0.7633963859
0.7658699715
0.7690148116
0.7428536896
0.7131222766
0.6891476805
0.6554147688
0.6615202246
0.6672713719
0.6708887946
0.6665286358
0.6440521195
0.6247768235
0.6137939566
0.6324856909
0.6887675122
0.7221935136
0.7204867676
0.7287342179
0.7465141877
0.7323673461
0.7391366347
0.7205820631
0.7244020609
0.7127232654
0.7266572317
0.7139374773
0.7147518376
0.7256539939
0.7132816135
0.7074445409
0.7029455631
0.6918761274
0.6903264014
0.6883231237
0.6809939394
0.6818227716
0.6800844525
0.6922720811
0.6950844056
0.7111861787
0.7337199744
0.7605216449
0.7884579480
0.8117154722
0.8316739423
0.8556202297
0.8739376858
0.8855070998
0.8912637431
0.8831098950
0.8801779296
0.8567106432
0.8501755575
0.8613338775
0.8656480015
0.8786260060
0.8808363510
0.9025117560
0.9183249336
0.9641413528
0.9856993722
1.0213944409
1.0329277112
1.0609516144
1.0881519219
1.0929135115
1.1155725975
1.1171072232
1.1350108054
1.1532677275
1.1789923204
1.1320054835
1.1476345820
1.1122670383
1.1290605710
1.1358215651
1.1487295490
1.1525967995
1.1966178677
1.1905429630
1.1808744391
1.1909518463
1.1467923606
1.1684418979
1.1572766018
1.0828597926
1.0422285136
1.0286214984
1.0324889386
1.0336524011
1.0219763709
1.0328375388
1.0414784906
1.0266430294
1.0119044755
1.0027936937
1.0412843116
1.0506081283
1.0310546682
1.0284200917
1.0049466396
0.9821809770
0.9539533973
0.9215882779
0.9114180672
0.8918646969
0.8200089855
0.7669085106
0.7411799429
0.7289913421
0.7242990945
0.7057406576
0.7063962413
0.7179219200
0.7327933581
0.7458051563
0.7667553355
0.8112853744
0.8690113620
0.8918266646
0.9585526337
1.0010951713
1.0234142933
1.0065780569
1.0616211087
0.9984281298
0.9400622708
0.9675632589
1.0111374518
1.1210076247
1.1904634426
1.2724409689
1.3845017809
1.3994648286
1.4839697846
1.6273518736
1.6957197182
1.7490517707
1.8078121853
1.8466551950
1.9264596473
1.9571531348
1.9829384648
2.0030823232
2.0178140649
2.0338302381
2.0626734854
2.0660203317
2.1125785095
2.1332546678
2.1899071459
2.2231069727
2.2743046305
2.3115502457
2.3110891642
2.3026977378
2.2103559268
2.1350345131
2.0133185923
1.8905698651
1.8002547631
1.6604527251
1.5719290001
1.4394126261
1.3901207985
1.2013920863
1.1976367995
1.1004469676
1.1260933855
1.1201380885
1.0076437159
0.9768098545
0.9480706223
1.0045700652
1.0411285416
0.9308327853
0.9020205531
0.8296986276
0.8215715245
1.0175008721
1.0205340508
1.0419667223
1.0113505306
1.0230738263
1.0400038418
1.0586715338
1.4220708548
1.4360385566
1.4476350532
1.4578730839
1.4614380675
1.4757240296
1.4917216190
1.4835048376
1.4954238446
1.5101646635
1.8501262216
1.8131389804
1.8158901455
1.8226332607
1.8281316872
1.8304681673
1.7646970802
1.7603744441
1.7581961571
1.7457250139
1.7420467782
2.0902921483
2.0852876333
2.0819526784
2.0825684346
2.0601831228
2.0549566142
2.0425197648
2.0385335668
2.0322936808
2.0231078028
2.0097176848
2.0208879411
2.0167193479
2.0057321355
2.0003801998
1.9929766175
1.9840017457
1.9775003515
1.9707014365
1.9595945849
1.9482629981
1.9361968630
1.9263327941
1.9184476101
1.9286764788
1.9315076359
1.9342050038
1.9271916640
1.9223772168
1.9139750023
1.9109549415
1.9054179730
1.9171733118
1.9194898201
1.9177413152
1.9140881886
1.9150697310
1.9134732122
1.8996771397
1.8749034694
1.8575843351
1.8580540947
1.8470597342
1.8524955396
1.8443021424
1.8337834679
1.8307272041
1.8123017988
1.7974389916
1.7991626529
1.8154850477
1.8587409515
1.8999078530
2.5381627341
2.8074135832
3.2101250677
3.4434173894
3.9049074937
4.0190590209
4.2362431451
4.3514371831
4.7469551645
4.7641901733
4.8601667391
4.9466893552
5.0156654912
5.0957513734
5.0958385452
5.1839641224
5.2938147219
5.2968867570
5.4066071675
5.4114604831
5.5290457625
5.6541083077
5.6591582567
5.7717448225
5.8899720172
5.9097132232
6.0267924254
6.0476789554
6.0576904514
6.3015219446
6.4124610823
6.4099232273
6.4697905357
6.5516166846
6.5322502111
6.6013163940
6.5640280541
6.6162684428
6.5560980181
6.6078634598
6.5393205083
6.5234121745
6.4513154152
6.3841383489
6.3684151953
6.3179649794
6.3216240385
6.2787380123
6.2419651327
6.2655485087
6.2076661952
6.1787555599
6.2049868861
6.1824287956
6.1207627946
6.0808231115
6.2141584614
6.2442327597
6.1910286685
6.3105460622
6.4035370110
6.3940725694
6.3803977567
6.3696735698
6.3232488379
6.3289729627
6.2790901799
6.3091447906
6.3050299055
6.3031256192
6.3140825200
6.3371541887
6.3607144909
6.3971358741
6.4495714154
6.7614073340
6.8949865683
7.0625237189
7.1425369978
7.2120172172
7.3549873228
7.4152239774
7.4862639713
7.5501737238
7.6886251165
7.7814719566
7.8688308945
7.8594895303
7.9970729074
8.0742024190
8.1574005730
8.1571087079
8.2437424428
8.3302114254
8.3315816067
8.3986763949
8.4804094090
8.4803774101
8.5604534237
8.5896519805
8.6540532787
8.6527566402
8.6494287442
8.7071721894
8.7273394343
8.7722761287
8.7927661511
8.8079553521
8.8062748582
8.8613421195
8.8932387236
8.9437225331
8.9411477907
8.9610771131
8.9627999726
8.9854929526
9.0051682369
9.0215013149
9.0654713867
9.0920894798
9.1136313230
9.1445408878
9.1743614333
9.2578434233
9.2921659295
9.3246827860
9.3628925782
9.4175285927
9.3835469151
9.3467340525
9.2485321872
9.3049030274
9.3273319943
9.3169797596
9.3116982467
9.3324295037
9.2554585202
9.2680809258
9.2390398324
9.2916094436
9.0411385232
9.0461795097
9.0700095755
8.5551503922
7.9015194036
7.1582469237
7.0660475055
7.0553391626
6.9855195131
6.9869806813
6.9859897421
6.9173296898
6.8474799620
6.7766914642
6.7769811435
6.7649368235
6.7640534303
6.7624710749
6.6280206867
6.6262848157
6.6232125676
6.6180627265
6.5557949960
6.5568725050
6.5571097301
6.4786204132
6.4769520133
6.3995532547
6.3970851206
6.3956472091
6.4007365548
6.2657330738
6.2698676704
6.2734831591
6.2772930634
6.2801100282
6.2038642044
6.1783279975
6.0845914301
6.0693075439
6.0556599169
5.9798648717
5.9657779689
5.9476811481
5.9105720343
5.7346372111
5.6976379295
5.6641615052
5.5349020455
5.4842634924
5.4250330407
5.2742252762
5.1923278619
5.0666067922
4.9042609063
4.8025511718
4.6921016227
4.4603356163
4.2322221223
4.1300631067
4.0297460963
3.8128333601
3.7105073122
3.6015168908
3.4974487513
3.3024613315
3.2118602569
3.1310501153
3.0641274739
2.9892040654
2.9102543617
2.8939324741
2.8961176533
2.8706362715
2.7887326554
2.7191414674
2.6332849333
2.5436324936
2.4109478729
2.3059833803
2.1641165959
2.0537949845
1.9081118046
1.7801893425
1.7157260229
1.5723344389
1.4216367781
1.3533804411
1.3182257441
1.4166423507
1.5673898221
1.6892307119
1.7783098293
1.8626626905
1.7105326185
1.6084977195
1.5068892133
1.4036306325
1.3075075765
1.2159534224
1.1376208816
1.0583478576
0.9805390961
