3.1611367308
3.1611367308
3.1726678478
3.1726678478
3.2755498797
3.2755498797
3.2382378499
3.2382378499
3.1578085670
3.1578085670
3.8727527768
3.8727527768
3.7466280709
3.7466280709
3.4914713478
3.4914713478
3.3078355271
3.3078355271
4.3735304157
4.3735304157
4.5274418970
4.5274418970
4.9223923032
4.9223923032
4.8075018227
4.8075018227
4.3180818338
4.3180818338
4.1799362297
4.1799362297
4.8751186789
4.8751186789
4.6276170494
4.6276170494
4.6439539201
4.6439539201
4.9841387425
4.9841387425
5.0823705064
5.0823705064
4.8109546638
4.8109546638
4.9131975799
4.9131975799
4.7437257934
4.7437257934
4.7968404347
4.7968404347
4.3703290162
4.3703290162
4.2293412225
4.2293412225
4.3586085941
4.3586085941
4.3677041726
4.3677041726
4.3867220767
4.3867220767
4.2055866546
4.2055866546
4.0223271601
4.0223271601
3.9780166333
3.9780166333
3.8569948350
3.8569948350
3.9470303452
3.9470303452
4.2187281525
4.2187281525
4.2393651249
4.2393651249
3.9810999715
3.9810999715
3.9912568023
3.9912568023
3.9837580086
3.9837580086
3.9522450417
3.9522450417
3.6858334876
3.6858334876
3.7651745998
3.7651745998
3.7884175678
3.7884175678
3.7983880606
3.7983880606
3.7142708238
3.7142708238
3.6888177124
3.6888177124
3.4481083582
3.4481083582
3.4468445349
3.4468445349
3.4878162098
3.4878162098
3.4754813557
3.4754813557
3.6961612820
3.6961612820
3.8222969742
3.8222969742
3.8065560392
3.8065560392
3.7810301960
3.7810301960
3.7308307678
3.7308307678
3.7397801587
3.7397801587
3.5499454300
3.5499454300
3.6714720814
3.6714720814
3.5482695926
3.5482695926
3.7991372509
3.7991372509
3.5646034080
3.5646034080
3.2933573422
3.2933573422
3.3190805229
3.3190805229
3.2969061473
3.2969061473
3.3344840580
3.3344840580
3.4223356087
3.4223356087
3.4113409336
3.4113409336
6.9776579602
6.9776579602
7.0265912581
7.0265912581
7.0730850306
7.0730850306
7.0101774768
7.0101774768
6.9648067574
6.9648067574
6.8830385918
6.8830385918
6.7985840151
6.7985840151
6.8565501920
6.8565501920
6.9526741515
6.9526741515
7.1991730064
7.1991730064
7.2749324529
7.2749324529
7.1995960822
7.1995960822
7.1057525941
7.1057525941
7.2248946591
7.2248946591
7.1793904974
7.1793904974
7.1971146753
7.1971146753
7.3949967535
7.3949967535
7.5657555847
7.5657555847
7.6167061371
7.6167061371
7.5937465480
7.5937465480
7.6338778236
7.6338778236
7.4693792073
7.4693792073
7.6597271932
7.6597271932
7.6323406259
7.6323406259
7.5977131870
7.5977131870
7.7381929426
7.7381929426
7.7980067444
7.7980067444
7.5635654842
7.5635654842
7.4082164358
7.4082164358
7.3308100606
7.3308100606
7.2646158834
7.2646158834
7.3555880254
7.3555880254
7.2401879184
7.2401879184
7.2067016053
7.2067016053
7.2859417771
7.2859417771
7.4139350000
7.4139350000
7.4683532484
7.4683532484
7.6087908166
7.6087908166
7.5738259184
7.5738259184
7.4911694835
7.4911694835
7.3504020300
7.3504020300
7.4025221447
7.4025221447
7.3233232778
7.3233232778
7.2860776385
7.2860776385
7.3350795163
7.3350795163
7.4057277402
7.4057277402
7.2523259449
7.2523259449
7.2750221725
7.2750221725
7.1998233329
7.1998233329
7.1130011126
7.1130011126
7.0417907185
7.0417907185
6.8794734668
6.8794734668
6.9647580394
6.9647580394
6.8678770156
6.9640195906
6.9640195906
6.9362034478
6.9362034478
6.9807274172
6.9807274172
6.9032015348
6.9032015348
6.8976962091
6.8976962091
6.8769999086
6.8769999086
7.2228023601
7.2228023601
7.2276956344
7.2276956344
7.4757067551
7.4757067551
7.3323683869
7.3323683869
7.3929868255
7.3929868255
7.3137172622
7.3137172622
7.2045727396
7.2045727396
7.0697148332
7.0697148332
7.0834095436
7.0834095436
7.0719349335
7.0719349335
7.2866218488
7.2866218488
7.1799403235
7.1799403235
7.2097392927
7.2097392927
7.1920323095
7.1920323095
7.1847559885
7.1847559885
7.2440639229
7.2440639229
7.2470338474
7.2470338474
7.2487015002
7.2487015002
7.2919585462
7.2919585462
7.2681867276
7.2681867276
7.2582656659
7.2582656659
7.2032694053
7.2032694053
7.3277039388
7.3277039388
7.4014007637
7.4014007637
7.4632378441
7.4632378441
8.4023027983
8.4023027983
7.8041220108
7.8041220108
7.3086961191
7.3086961191
7.1428553334
7.1428553334
7.0497696526
7.0497696526
6.9223829704
6.9223829704
6.7834339043
6.7834339043
6.6423987196
6.6423987196
6.6835105128
6.6835105128
6.8034876554
6.8034876554
6.9711331778
6.9711331778
7.0188661337
7.0188661337
6.7744232590
6.7744232590
6.7458707883
6.7458707883
6.8170281368
6.8170281368
7.2159987937
7.2159987937
7.1538075730
7.1538075730
7.1768518044
7.1768518044
7.0369741757
7.0369741757
7.2139287937
7.2139287937
7.3427401079
7.3427401079
7.4021088211
7.4021088211
7.4784979338
7.4784979338
7.4697931219
7.4697931219
7.3679228290
7.3679228290
7.5673481201
7.5673481201
7.5087749991
7.5087749991
7.5691824822
7.5691824822
7.6548271414
7.6548271414
7.4640276677
7.4640276677
7.4960128656
7.4960128656
7.5207387713
7.5207387713
7.4743512885
7.4743512885
7.6055573650
7.6055573650
7.5845876638
7.5845876638
7.6061768573
7.6061768573
7.5801706745
7.5801706745
7.4948664878
7.4948664878
7.4757489190
7.4757489190
7.5524312886
7.5524312886
7.5611280187
7.5611280187
7.3590016260
7.3590016260
7.4560222139
7.4560222139
7.4285471638
7.4285471638
7.5421910861
7.5421910861
7.4651866270
7.4651866270
7.4078219277
7.4078219277
7.3741670048
7.3741670048
7.1197436149
7.1197436149
7.4109769505
7.4109769505
7.1931135148
7.1931135148
6.9106234255
6.9106234255
6.9296735693
6.9296735693
7.3094471091
7.3094471091
7.3875481934
7.3875481934
7.2243113201
7.2243113201
6.9943169716
6.9943169716
7.3395902913
7.3395902913
6.9919864232
6.9919864232
7.4010231991
7.4010231991
6.7492580864
6.7492580864
7.7132924148
7.7132924148
8.0580507481
8.0580507481
7.8744425013
7.8744425013
7.9078514134
7.9078514134
7.9360327607
7.9360327607
7.9678498409
7.9678498409
8.2846647580
8.2846647580
7.8689472358
7.8689472358
7.6394556538
7.6394556538
6.8749961136
6.8749961136
6.9470531050
6.9470531050
7.0166959078
7.0166959078
6.6921088873
6.6921088873
6.7623536622
6.7623536622
6.9373816442
6.9373816442
6.9310016974
6.9310016974
6.8640760587
7.1397346216
7.1397346216
6.6967364680
6.6967364680
6.7878701258
6.7878701258
6.7790106478
6.7790106478
6.6228078994
6.6228078994
6.6774062541
6.6774062541
7.2745309519
7.2745309519
6.8248532959
6.8248532959
6.7616362976
6.7616362976
6.7125063673
6.7125063673
7.0457099339
7.0457099339
7.0405379882
7.0405379882
7.1984805752
7.1984805752
7.1104327381
7.1104327381
7.6115029674
7.6115029674
7.2586688634
7.2586688634
7.3335681962
7.3335681962
7.3827125233
7.3827125233
7.6819292460
7.6819292460
7.4961297962
7.4961297962
7.3677221167
7.3677221167
7.5582298824
7.5582298824
7.3710457947
7.3710457947
7.9109826702
7.9109826702
8.1559977504
8.1559977504
7.3277427000
7.3277427000
7.4453610439
7.4453610439
7.5412025559
7.5412025559
7.9725049905
7.9725049905
7.5867472866
7.5867472866
7.7727050554
7.7727050554
8.1701086967
8.1701086967
8.3199858201
8.3199858201
7.7499134168
7.7499134168
8.1751766688
8.1751766688
8.2023110993
8.2023110993
7.8401272786
7.8401272786
7.7858846233
7.7858846233
7.4346589949
7.4346589949
7.6989112631
7.6989112631
7.1266292566
7.1266292566
7.1399006141
7.1399006141
7.3414239254
7.3414239254
7.3040623324
7.3040623324
7.3627371636
7.3627371636
7.3205430844
7.3205430844
8.7049826270
8.7049826270
8.7345540531
8.7345540531
8.6821078689
8.6821078689
8.6844078526
8.6844078526
8.7653890413
8.7653890413
8.6773164519
8.6773164519
7.8349312983
7.8349312983
7.8245371864
7.8245371864
7.8448763799
7.8448763799
7.8710212307
7.8710212307
8.0150244342
8.0150244342
7.9298703510
7.9298703510
7.7329942111
7.7329942111
7.8909455279
7.8909455279
7.3810859950
7.3810859950
7.2374414624
7.2374414624
7.4551784115
7.4551784115
7.7218149499
7.7218149499
7.4137946093
7.4137946093
8.6343657833
8.6343657833
8.2364480763
8.2364480763
8.2603984803
8.2603984803
7.6058348605
7.6058348605
7.5189488373
7.5189488373
7.4438177735
7.4438177735
7.4064531267
7.4064531267
7.3855465173
7.3855465173
7.5264907025
7.5264907025
7.0889889709
7.0889889709
7.2172168296
7.2172168296
7.3393254098
7.3393254098
7.0411676616
7.0411676616
6.8230655311
6.8230655311
6.9268529477
6.9268529477
7.1242627063
7.1242627063
7.1210930384
7.1210930384
7.1783069962
7.1783069962
7.1764902057
7.1764902057
7.3452103503
7.3452103503
7.4104674075
7.4104674075
7.5211667796
7.5211667796
7.6821914470
7.6821914470
7.5342855917
7.5342855917
7.4164475738
7.4164475738
7.4501547224
7.4501547224
7.5359452855
7.5359452855
7.2531597098
7.2531597098
7.2336376399
7.2336376399
7.4418498096
7.4418498096
7.4520760609
7.4520760609
7.5680400950
7.5680400950
7.5747622309
7.5747622309
7.6434944251
7.6434944251
8.1631195440
8.1631195440
6.9197273634
6.9197273634
7.3937377576
7.3937377576
7.6526261197
7.6526261197
6.5977548462
6.5977548462
7.2172788849
7.2172788849
6.9373885126
6.9373885126
7.0528031808
7.0528031808
7.2263658956
7.2263658956
7.3027885745
7.3027885745
7.2283819553
7.2283819553
7.1899410173
7.1899410173
7.3437870626
7.3437870626
7.2848940224
7.2848940224
7.3272156063
7.3272156063
7.3887068832
7.3887068832
7.3919481168
7.3919481168
7.3726894144
7.3726894144
7.2181392044
7.2181392044
7.2739422689
7.2739422689
7.6924766386
7.6924766386
7.6267003742
7.6267003742
7.7121831008
7.7121831008
7.5473095552
7.5473095552
7.7035363586
7.7035363586
7.3561922749
7.3561922749
7.1980915286
7.1980915286
7.1682749615
7.1682749615
7.0824152521
7.0824152521
7.2105186532
7.2105186532
7.2807903969
7.2807903969
7.2982172084
7.2982172084
7.1509797176
7.1509797176
7.4027355146
7.4027355146
7.3850979245
7.3850979245
7.4760074186
7.4760074186
7.4410831542
7.4410831542
7.4922261696
7.4922261696
7.4981602034
7.4981602034
7.5240416342
7.5240416342
7.5014736979
7.5014736979
7.4082275681
7.4082275681
7.6789181907
7.6789181907
7.7106550630
7.7106550630
7.7338247757
7.7338247757
7.3600570217
7.3600570217
7.6501663133
7.6501663133
7.7438466919
7.7438466919
7.6961344988
7.6961344988
7.5683058083
7.5683058083
7.7325171973
7.7325171973
7.5690539586
7.5690539586
7.3036291841
7.3036291841
7.2202944966
7.2202944966
7.4783950974
7.4783950974
7.0881033666
7.0881033666
7.5741544364
7.5741544364
7.5898680921
7.5898680921
7.5300713367
7.5300713367
7.5942661962
7.5942661962
7.3356902434
7.3356902434
7.4906181313
7.4906181313
7.5173462275
7.5173462275
7.8647920218
7.8647920218
7.8079840645
7.8079840645
7.7330797922
7.7330797922
7.6180374912
7.6180374912
7.5375957852
7.5375957852
7.7307773554
7.7307773554
7.6974224731
7.6974224731
7.7591435113
7.7591435113
7.7177172850
7.7177172850
7.5843865013
7.5843865013
7.4877142215
7.4877142215
7.3458268702
7.3458268702
7.3395841243
7.3395841243
7.3657397342
7.3657397342
7.5609826218
7.5609826218
7.6273368791
7.6273368791
7.7237107717
7.7237107717
7.6874109948
7.6874109948
7.4066516199
7.4066516199
7.7780409085
7.7780409085
7.2181559024
7.2181559024
7.4365458327
7.4365458327
7.5206496030
7.5206496030
7.4624924482
7.4624924482
7.3942297174
7.3942297174
7.2761277794
7.2761277794
7.2271062790
7.2271062790
7.3229906639
7.3229906639
7.2623890023
7.2623890023
7.2010929774
7.2010929774
7.2107331041
7.2107331041
7.2778734379
7.2778734379
7.3552132581
7.3552132581
7.1852408914
7.1852408914
7.1529503613
7.1529503613
7.0827558049
7.0827558049
7.4752797576
7.4752797576
7.0761315142
7.0761315142
6.9312739955
6.9312739955
6.6639775450
6.6639775450
7.1206234054
7.1206234054
7.4102558680
7.4102558680
7.5690446227
7.5690446227
6.2996941526
6.2996941526
7.6825520562
7.6825520562
7.6702682758
7.6702682758
7.7293723824
7.7293723824
7.8848092012
7.8848092012
7.4371041119
7.4371041119
7.4848237168
7.4848237168
7.3598217336
7.3598217336
7.3679582984
7.3679582984
7.5828256520
7.5828256520
6.9584738435
6.9584738435
7.1492694749
7.1492694749
7.0755038383
7.0755038383
7.5080675807
7.5080675807
7.6804726817
7.6804726817
7.9662246801
7.9662246801
7.8393541051
7.8393541051
7.8905790245
7.8905790245
7.7905788839
7.7905788839
8.0429447942
8.0429447942
7.9836360851
7.9836360851
8.0289996183
8.0289996183
8.1832744500
8.1832744500
8.1269494676
8.1269494676
8.1693688727
8.1693688727
7.7631688205
7.7631688205
7.7502949928
7.7502949928
7.8539765117
7.8539765117
7.4888650657
7.4888650657
7.9856310798
7.9856310798
7.9422384908
7.9422384908
7.6716212905
7.6716212905
8.7741181831
8.7741181831
8.8652356767
8.8652356767
7.1477548071
7.1477548071
7.3555911029
7.3555911029
7.4743248847
7.4743248847
7.6951198470
7.6951198470
7.6100786506
7.6100786506
7.4677185757
7.4677185757
7.5645381109
7.5645381109
9.0596355642
9.0596355642
9.1491869638
9.1491869638
9.1825120588
9.1825120588
8.6512870912
8.6512870912
8.3791183682
8.3791183682
8.6073722612
8.6073722612
8.3299974349
8.3299974349
8.3006186700
8.3006186700
8.1467506323
8.1467506323
7.6883708113
7.6883708113
8.0022881506
8.0022881506
8.6543866099
8.6543866099
7.7003931554
7.7003931554
7.4859970240
7.4859970240
7.9866759096
7.9866759096
8.1627780315
8.1627780315
8.3458753494
8.3458753494
8.1532748466
8.1532748466
8.0594488405
8.0594488405
7.9459748773
7.9459748773
7.8390854811
7.8390854811
7.7443861420
7.7443861420
7.5811877345
7.5811877345
7.7110439016
7.7110439016
7.8309800681
7.8309800681
7.8375086263
7.8375086263
7.7690493883
7.7690493883
7.8736578286
7.8736578286
7.8818416567
7.8818416567
7.9261112612
7.9261112612
8.1344178235
8.1344178235
8.2786075381
8.2786075381
8.2256835747
8.2256835747
8.2926329185
8.2926329185
7.8393515309
7.8393515309
7.9057623150
7.9057623150
8.0702018510
8.0702018510
7.9060602394
7.9060602394
7.9641353684
7.9641353684
8.0527242810
8.0527242810
7.9459473460
7.9459473460
8.2277731721
8.2277731721
7.8636619324
7.8636619324
7.9114027825
7.9114027825
7.9966650567
7.9966650567
8.0029476857
8.0029476857
7.9424143662
7.9424143662
7.9198566955
7.9198566955
7.7211195287
7.7211195287
7.8983480754
7.8983480754
8.0870402805
8.0870402805
8.0568569394
8.0568569394
7.7088870475
7.7088870475
7.8274210970
7.8274210970
7.8114865767
7.8114865767
7.8235617978
7.8235617978
7.8657014383
7.8657014383
7.8403951067
7.8403951067
7.7658814177
7.7658814177
7.7042798751
7.7042798751
7.7869705980
7.7869705980
7.6302686131
7.6302686131
7.5980506327
7.5980506327
7.6347164267
7.6347164267
7.6551152944
7.6551152944
7.8574285520
7.8574285520
7.6924106057
7.6924106057
7.9535745760
7.9535745760
7.9926951622
7.9926951622
8.1719655205
8.1719655205
7.7990870515
7.7990870515
7.8424635493
7.8424635493
7.3628346822
7.3628346822
8.3566295787
8.3566295787
8.5068045009
8.5068045009
8.1257004069
8.1257004069
8.0534806331
8.0534806331
8.0992311664
8.0992311664
8.2273215095
8.2273215095
8.0846038503
8.0846038503
8.1234741216
8.1234741216
7.9049682069
7.9049682069
8.0150269851
8.0150269851
8.1330989456
8.1330989456
8.0166861420
8.0166861420
8.0747442962
8.0747442962
7.9616167515
7.9616167515
8.0974756734
8.0974756734
8.0235627551
8.0235627551
8.1960900394
8.1960900394
7.8055158757
7.8055158757
8.1572100371
8.1572100371
8.1632805811
8.1632805811
7.7228916628
7.7228916628
7.5846682610
7.5846682610
7.5315221301
7.5315221301
8.2704969685
8.2704969685
7.3139813373
7.3139813373
7.1853418310
7.1853418310
7.2498606743
7.2498606743
7.1336257119
7.1336257119
7.4982476593
7.4982476593
6.7712969992
6.7712969992
7.1799111667
7.1799111667
7.1203936036
7.1203936036
7.2461154176
7.2461154176
7.1383545385
7.1383545385
7.2432560408
7.2432560408
7.3284312539
7.3284312539
7.5147236682
7.5147236682
7.6349853047
7.6349853047
8.3671822802
8.3671822802
8.5320440936
8.5320440936
8.0579214736
8.0579214736
7.9657287877
7.9657287877
7.8382746481
7.8382746481
7.7924382301
7.7924382301
7.9036146141
7.9036146141
7.7477340983
7.7477340983
8.2284593444
8.2284593444
7.4625604471
7.4625604471
8.2857771360
8.2857771360
8.2939435993
8.2939435993
7.8326558575
7.8326558575
8.0040162461
8.0040162461
8.1484741119
8.1484741119
8.1291141014
8.1291141014
8.2718161440
8.2718161440
8.1246620752
8.1246620752
8.0629352786
8.0629352786
8.0061698247
8.0061698247
7.7600335812
7.7600335812
7.5769182825
7.5769182825
7.5126836835
7.5126836835
7.5008533448
7.5008533448
7.7365473283
7.7365473283
7.9410309033
7.9410309033
7.9918996738
7.9918996738
7.7210161699
7.7210161699
7.6150823707
7.6150823707
7.6158919403
7.6158919403
7.6029507595
7.6029507595
7.7929800904
7.7929800904
7.9120856296
7.9120856296
7.9254611010
7.9254611010
7.8577436810
7.8577436810
7.8003734579
7.8003734579
8.1146181945
8.1146181945
7.8932605840
7.8932605840
7.7562327186
7.7562327186
7.5969150041
7.5969150041
7.6623003418
7.6623003418
7.6718430057
7.6718430057
8.1566103254
8.1566103254
8.2868794618
8.2868794618
8.0937205702
8.0937205702
8.1181703870
8.1181703870
8.2034366299
8.2034366299
8.0353396498
8.0353396498
7.8718555061
7.8718555061
8.1830849263
8.1830849263
7.8832468464
7.8832468464
7.7261613626
7.7261613626
7.8360477821
7.8360477821
7.8905775431
7.8905775431
7.7940865792
7.7940865792
7.4753872867
7.4753872867
7.6574979123
7.6574979123
7.6300536228
7.6300536228
7.6038743070
7.6038743070
7.6690860400
7.6690860400
7.5175310725
7.5175310725
7.5709564525
7.5709564525
7.7514677135
7.7514677135
7.7259350652
7.7259350652
7.6665529942
7.6665529942
7.6122649272
7.6122649272
7.4171848362
7.4171848362
7.6370052335
7.6370052335
7.6910777777
7.6910777777
7.7154205851
7.7154205851
7.7995144597
7.7995144597
7.6831657289
7.6831657289
7.9836555843
7.9836555843
8.0495573057
8.0495573057
8.2733944790
8.2733944790
8.1914099403
8.1914099403
8.2069533958
8.2069533958
7.8437551500
7.8437551500
8.1390853204
8.1390853204
8.1634143599
8.1634143599
7.9233145076
7.9233145076
7.8850858333
7.8850858333
7.8604137545
7.8604137545
7.9447455110
7.9447455110
7.9658667114
7.9658667114
7.9855152941
7.9855152941
8.3005602232
8.3005602232
8.3012468899
8.3012468899
7.8345873413
7.8345873413
7.6098033082
7.6098033082
7.5949216154
7.5949216154
6.7178175068
6.7178175068
6.5178366865
6.5178366865
5.9762861575
5.9762861575
5.8701389965
5.8701389965
6.0177765489
6.0177765489
6.2687143816
6.2687143816
6.1747799629
6.1747799629
6.5853059181
6.5853059181
7.3290214739
7.3290214739
7.6421892293
7.6421892293
8.0310512237
8.0310512237
8.4887416245
8.4887416245
8.6792237171
8.6792237171
8.9777455923
8.9777455923
9.3160449424
9.3160449424
9.5006506177
9.5006506177
9.4305505057
9.4305505057
9.3723000667
9.3723000667
9.4190461760
9.4190461760
9.1327669245
9.1327669245
9.2413132450
9.2413132450
8.7839644359
8.7839644359
8.4855958200
8.4855958200
8.1152480833
8.1152480833
7.7252793285
7.7252793285
7.3763961924
7.3763961924
6.8948856227
6.8948856227
6.6004879494
6.6004879494
6.1442240795
6.1442240795
5.9452636183
5.9452636183
6.0836535792
6.0836535792
6.1222152594
6.1222152594
6.2375404769
6.2375404769
6.0933740346
6.0933740346
6.5435997931
6.5435997931
6.7392967839
6.7392967839
7.0535312429
7.0535312429
7.6096095641
7.6096095641
8.0143966714
8.0143966714
8.2230872682
8.2230872682
8.5182353863
8.5182353863
8.8189755084
8.8189755084
9.0548131879
9.0548131879
9.2803564223
9.2803564223
9.3077242132
9.3077242132
9.0848903340
9.0848903340
9.0132613034
9.0132613034
8.9729752728
8.9729752728
8.9254604171
8.9254604171
8.4771446946
8.4771446946
8.0992975273
8.0992975273
7.7000806285
7.7000806285
7.3783476970
7.3783476970
7.0345901723
7.0345901723
6.6887636213
6.6887636213
6.5716600751
6.5716600751
6.5277890304
6.5277890304
6.4362195046
6.4362195046
6.2033566366
6.2033566366
6.1577702843
6.1577702843
6.3268189080
6.3268189080
6.3253385451
6.3253385451
6.7840390154
6.7840390154
7.0949429828
7.0949429828
7.1733071018
7.1733071018
7.4841550051
7.4841550051
7.6016877728
7.6016877728
7.8975450565
7.8975450565
7.9556035528
7.9556035528
8.1574515027
8.1574515027
8.2300883379
8.2300883379
8.1449258425
8.1449258425
8.0560564546
8.0560564546
7.8213325470
7.8213325470
7.6705152463
7.6705152463
7.6967286039
7.6967286039
7.7518309453
7.7518309453
7.7460297777
7.7460297777
7.7298937125
7.7298937125
7.4177880370
7.4177880370
7.3060080564
7.3060080564
7.3207071705
7.3207071705
7.2200014283
7.2200014283
7.2527490669
7.2527490669
7.4862693358
7.4862693358
7.5287720155
7.5287720155
7.6034745995
7.6034745995
7.6159053514
7.6159053514
7.3633079841
7.3633079841
7.6451102627
7.6451102627
7.2907411690
7.2907411690
7.3250571507
7.3250571507
7.3578873697
7.3578873697
7.5447945781
7.5447945781
7.4344032361
7.4344032361
7.5066648287
7.5066648287
7.5505708071
7.5505708071
7.5376022898
7.5376022898
7.6234617366
7.6234617366
7.6258902736
7.6258902736
7.7964726968
7.7964726968
7.9716632565
7.9716632565
7.9723210391
7.9723210391
7.9039844990
7.9039844990
8.0493460830
8.0493460830
8.0323713551
8.0323713551
8.0514584199
8.0514584199
7.8496095777
7.8496095777
7.5925179476
7.5925179476
7.4834262354
7.4834262354
7.7685053011
7.7685053011
7.8332586541
7.8332586541
7.9023465370
7.9023465370
7.7573789017
7.7573789017
7.5893213199
7.5893213199
7.6741836540
7.6741836540
7.2816031856
7.2816031856
7.6041992548
7.6041992548
7.6500242728
7.6500242728
7.3457988422
7.3457988422
7.4751608257
7.4751608257
7.2982000846
7.2982000846
7.4284359976
7.4284359976
7.2284511878
7.2284511878
7.1113426378
7.1113426378
7.7039470295
7.7039470295
7.5682767826
7.5682767826
8.2526181348
8.2526181348
9.7340078772
9.7340078772
1.5350915912
1.8084124927
1.8084124927
1.8084124927
0.8035950119
0.8035950119
0.8035950119
1.2846120994
1.2846120994
1.2846120994
1.0944725030
1.0944725030
1.0944725030
1.3844047224
1.3844047224
1.3844047224
1.5133748962
1.5133748962
1.5133748962
1.5505970054
1.5505970054
1.5505970054
1.0876925750
1.0876925750
1.0876925750
1.0560115534
1.0560115534
1.0560115534
0.3798045831
0.3798045831
0.3798045831
1.4967071386
1.4967071386
1.4967071386
1.2516291793
1.2516291793
1.2516291793
1.1702133700
1.1702133700
1.1702133700
1.2860773075
1.2860773075
1.2860773075
1.4315378877
1.4315378877
1.4315378877
1.3314188107
1.3314188107
1.3314188107
1.0959967178
1.0959967178
1.0959967178
1.0111865446
1.0111865446
1.0111865446
0.9668570200
0.9668570200
0.9668570200
1.2484750229
1.2484750229
1.2484750229
1.5863159196
1.5863159196
1.5863159196
1.6768226858
1.6768226858
1.6768226858
2.0608565143
2.0608565143
2.0608565143
2.0876030530
2.0876030530
2.0876030530
1.4416616430
1.4416616430
1.4416616430
0.9434455219
0.9434455219
0.9434455219
0.3368968044
0.3368968044
0.3368968044
0.5403586758
0.5403586758
0.5403586758
1.1455875909
1.1455875909
1.1455875909
1.4738648127
1.4738648127
1.4738648127
1.3094108441
1.3094108441
1.3094108441
1.3034117751
1.3034117751
1.3034117751
1.3493347143
1.3493347143
1.3493347143
1.0862666710
1.0862666710
1.0862666710
1.2188123399
1.2188123399
1.2188123399
1.5315147250
1.5315147250
1.5315147250
1.8975028873
1.8975028873
1.8975028873
1.8483220925
1.8483220925
1.8483220925
1.9347492848
1.9347492848
1.9347492848
1.5235562443
1.5235562443
1.5235562443
1.1636898911
1.1636898911
1.1636898911
1.0865398359
1.0865398359
1.0865398359
0.7580811136
0.7580811136
0.7580811136
0.5217995485
0.5217995485
0.5217995485
1.2438229557
1.2438229557
1.2438229557
1.6619766658
1.6619766658
1.6619766658
1.7515601063
1.7515601063
1.7515601063
1.9512039471
1.9512039471
1.9512039471
1.8742862931
1.8742862931
1.8742862931
1.8266852008
1.8266852008
1.8266852008
1.7009640964
1.7009640964
1.7009640964
1.4897332355
1.4897332355
1.4897332355
1.3519993828
1.3519993828
1.3519993828
0.9658981348
0.9658981348
0.9658981348
1.3683263633
1.3683263633
1.3683263633
2.0637173500
2.0637173500
2.0637173500
2.0476188047
2.0476188047
2.0476188047
2.1215601705
2.1215601705
2.1215601705
2.0292898840
2.0292898840
2.0292898840
1.3731567672
1.3731567672
1.3731567672
0.9053118370
0.9053118370
0.9053118370
1.6402690847
1.6402690847
1.6402690847
1.5630795832
1.5630795832
1.5630795832
2.2416336657
2.2416336657
2.2416336657
2.0940655990
2.0940655990
2.0940655990
1.4159510682
1.4159510682
1.4159510682
1.3481927564
1.3481927564
1.3481927564
0.9710081929
0.9710081929
0.9710081929
1.1740596992
1.1740596992
1.1740596992
1.4685640435
1.4685640435
1.4685640435
1.9884239430
1.9884239430
1.9884239430
1.9462173691
1.9462173691
1.9462173691
1.9703197790
1.9703197790
1.9703197790
1.2693453284
1.2693453284
1.2693453284
1.0031752617
1.0031752617
1.0031752617
0.8343752614
0.8343752614
0.8343752614
0.2237458521
0.2237458521
0.2237458521
0.7790087996
0.7790087996
0.7790087996
1.0079348681
1.0079348681
1.0079348681
0.9439660493
0.9439660493
0.9439660493
0.8921927210
0.8921927210
0.8921927210
0.4882511691
0.4882511691
0.4882511691
0.4565993837
0.4565993837
0.4565993837
1.1347864579
1.1347864579
1.1347864579
1.4233822707
1.4233822707
1.4233822707
1.9024439878
1.9024439878
1.9024439878
2.2261779204
2.2261779204
2.2261779204
2.0012209271
2.0012209271
2.0012209271
1.0746960021
1.0746960021
1.0746960021
0.6380855506
0.6380855506
0.6380855506
0.7792817357
0.7792817357
0.7792817357
1.1811175431
1.1811175431
1.1811175431
0.7520590616
0.7520590616
0.7520590616
0.7927849981
0.7927849981
0.7927849981
0.4349577852
0.4349577852
0.4349577852
0.1944316858
0.1944316858
0.1944316858
1.0407625821
1.0407625821
1.0407625821
1.9053762201
1.9053762201
1.9053762201
2.2061135696
2.2061135696
2.2061135696
0.7586018639
0.7586018639
0.7586018639
0.5506303870
0.5506303870
0.5506303870
0.2584732848
0.2584732848
0.2584732848
1.0363549972
1.0363549972
1.0363549972
0.8236651119
0.8236651119
0.8236651119
0.7467635147
0.7467635147
0.7467635147
0.6813216941
0.6813216941
0.6813216941
0.7392734462
0.7392734462
0.7392734462
0.6927302324
0.6927302324
0.6927302324
1.1582447854
1.1582447854
1.1582447854
1.2230795914
1.2230795914
1.2230795914
2.3982674714
2.3982674714
2.3982674714
2.1939404160
2.1939404160
2.1939404160
0.5248626204
0.5248626204
0.5248626204
1.0047754928
1.0047754928
1.2128339089
1.2128339089
1.2128339089
1.1998003182
1.1998003182
1.1998003182
1.3010413810
1.3010413810
1.3010413810
1.0172995377
1.0172995377
1.0172995377
0.7701026667
0.7701026667
0.7701026667
1.1240933984
1.1240933984
1.1240933984
1.6655131669
1.6655131669
1.6655131669
1.2891666355
1.2891666355
1.2891666355
1.4426493124
1.4426493124
1.4426493124
1.3779071279
1.3779071279
1.3779071279
1.4064784059
1.4064784059
1.4064784059
1.2712573871
1.2712573871
1.2712573871
1.1750268154
1.1750268154
1.1750268154
1.0071617026
1.0071617026
1.0071617026
1.1777548188
1.1777548188
1.1777548188
1.1962695511
1.1962695511
1.1962695511
2.2336822277
2.2336822277
2.2336822277
1.5804869462
1.3106705938
1.3106705938
1.3106705938
1.4380617596
1.4380617596
1.4380617596
0.7302354049
0.7302354049
0.7302354049
0.7439434255
0.7439434255
0.7439434255
1.1048352957
1.4621634599
1.4621634599
1.4621634599
1.6010439910
0.7979648659
0.7979648659
0.7979648659
2.4539891853
2.1682628039
2.1682628039
2.1682628039
1.7520203640
1.7520203640
1.7520203640
1.6193478602
1.6193478602
1.6193478602
1.4929651628
1.4929651628
1.4929651628
1.7348755632
1.7348755632
1.7348755632
1.1651232719
1.1651232719
1.1651232719
1.4909753862
1.4909753862
1.4909753862
1.1455326749
1.1455326749
1.1455326749
0.7196930333
0.7196930333
0.7196930333
0.7843315241
0.7843315241
0.7843315241
0.8251838839
0.8251838839
0.8251838839
0.8990726796
0.8990726796
0.8990726796
0.8758608972
0.8758608972
0.8758608972
0.8638433492
0.8638433492
0.8638433492
0.9045822285
0.9045822285
0.9045822285
0.8573348718
0.8573348718
0.8573348718
0.7762060273
0.7762060273
0.7762060273
0.7350626371
0.7350626371
0.7350626371
0.8268470636
0.8268470636
0.8268470636
0.7968531792
0.7968531792
0.7968531792
0.9645252303
0.9645252303
0.9645252303
1.1406310861
1.1406310861
1.1406310861
1.0351919296
1.0351919296
1.0351919296
0.9170726408
0.9170726408
0.9170726408
0.9401074162
0.9401074162
0.9401074162
0.9424162768
0.9424162768
0.9424162768
0.9483816310
0.9483816310
0.9483816310
0.9823943728
0.9823943728
0.9823943728
0.9514014192
0.9514014192
0.9514014192
1.1811930527
1.1811930527
1.1811930527
1.2869932179
1.2869932179
1.2869932179
0.6941698591
0.6941698591
0.6941698591
0.3921983443
0.3921983443
0.3921983443
1.2367582041
1.2367582041
1.2367582041
1.2816103527
1.2816103527
1.2816103527
1.1520507958
1.1520507958
1.1520507958
1.3691274957
1.3691274957
1.3691274957
1.6102753401
1.6102753401
1.6102753401
1.0253161257
1.0253161257
1.0253161257
1.6021520803
1.6021520803
1.6021520803
1.4290303959
1.4290303959
1.4290303959
1.8460803194
1.8460803194
1.8460803194
1.4117470312
1.4117470312
1.4117470312
1.1628438422
1.1628438422
1.1628438422
1.1960762512
1.1960762512
1.1960762512
1.2694224199
1.2694224199
1.2694224199
1.0913270566
1.0913270566
1.0913270566
1.1001053839
1.1001053839
1.1001053839
0.9725614308
0.9725614308
0.9725614308
0.9362736654
0.9362736654
0.9362736654
0.9023438990
0.9023438990
0.9023438990
0.9181837852
0.9181837852
0.9181837852
0.9914161505
0.9914161505
0.9914161505
0.9871107710
0.9871107710
0.9871107710
0.9839345001
0.9839345001
0.9839345001
0.9841306306
0.9841306306
0.9841306306
0.8844711519
0.8844711519
0.8844711519
0.9076770627
0.9076770627
0.9076770627
0.8880348625
0.8880348625
0.8880348625
0.8550473005
0.8550473005
0.8550473005
0.8033339087
0.8033339087
0.8033339087
