1.3308020859
1.1860772100
1.2205891036
1.1340890096
1.2559425187
1.2733493481
1.0765826718
1.0964036320
1.1371428353
1.1763347568
1.2197982715
1.1960622597
1.1452756856
1.0266773197
1.1916139406
1.1234222900
1.2882409859
1.1142627610
1.1980143968
1.2135892537
1.2428964022
1.6969834310
1.4189227825
1.4522108845
1.1320917576
1.1713972820
1.2080319245
1.1661575962
1.0748116847
0.9384249341
0.9747349812
2.0316962739
2.0814047999
2.3231476135
2.4092820440
2.5552817011
2.5813209090
1.4634090643
1.7701139978
1.5227640532
1.6110771708
1.7044230984
1.7284910397
1.4490779092
1.4860675968
1.0151729520
1.1207995865
1.9088956144
1.1287505509
1.1737678276
1.1458747107
1.7059450793
1.7463636475
1.0908785106
0.6538613681
1.1587580501
1.1356007675
1.0053855052
0.7890004164
1.1137249118
0.9058168380
0.7427501495
0.9612476968
0.9577835510
0.9398044928
1.0853362186
0.9858990032
0.9786255173
0.9990803363
0.9625601168
1.0542585800
1.1014919942
1.3122355119
0.8763904164
1.1002215515
0.9742834286
0.8205026526
1.0664618478
1.0037143286
0.9340012112
0.9203969680
0.9489194934
1.0866705718
1.1181604478
1.1176676106
1.5075535138
1.0204361724
1.1815591287
1.4606870011
1.1322002346
1.1320549930
1.1960914188
1.2485767234
0.9779268311
0.7118868499
0.8293039847
0.4917938274
0.8888724618
0.7891293045
0.8108532664
0.9337464937
0.8220656791
0.9490237917
0.9994487404
1.0122572753
1.4123256798
0.9855156762
0.7819602767
0.9019536191
1.3127678308
0.9345480337
0.7435912265
0.9744681068
0.9478401255
0.7997322765
1.0536332049
0.8174623237
0.4068615764
0.7847170826
0.6844824006
0.8588118394
0.8079380918
0.7884769128
0.7283365655
0.8849207108
0.6627487872
0.7314334941
1.1322923308
1.1149419644
0.7762954151
0.6704292953
0.7382114944
0.7382969427
0.8708548443
1.0798302460
0.9149022392
1.0583970738
0.9958218171
0.7868072240
0.8441747175
1.0494291985
1.0158108718
1.1839394302
1.1793830657
0.9913204330
1.0047333243
0.9399602170
0.9719232145
1.0161460418
1.0298946302
1.0196464918
1.0602391766
1.1991878501
0.9706962694
1.1029179354
1.0155273989
0.8555347578
1.5291287760
0.9643082080
0.9322812259
0.7661110450
1.0274931563
0.8773656926
1.7338918541
1.3176265315
1.2676982407
1.1027060375
0.9778054991
0.8742180328
2.1686783876
2.1299711139
2.1450743096
2.2218845424
2.1331386491
2.1098712000
0.9341436779
0.9626834488
0.8710284641
0.7009155230
0.7311316958
1.4716764207
1.2805563630
1.1435316704
1.3817819771
1.3600551846
1.5438283220
0.8391803084
0.7915921523
0.8370075475
0.7696759829
0.9316772436
1.1412335814
1.0556541865
0.9340508433
1.3270391784
1.3620047943
1.2568064432
1.3345004564
1.2602514893
1.3371035794
1.2441103501
1.0879904667
1.0287820950
1.0278417999
1.0330509918
0.6882050264
0.6626712666
0.5836091458
0.4451652024
0.4597223203
0.4724399982
0.3033454100
0.2531492962
0.3033719938
0.2283548560
0.1810632634
0.2330495207
0.4571693197
0.5398736662
0.4886921565
0.4730757683
0.4306575584
0.2949746377
0.7898386889
0.6641856246
0.7380061879
0.7201757922
0.6320821322
0.7968376726
0.6589317083
0.6014927438
0.4335674054
0.4165410526
0.3751588866
0.3738517071
0.3377905002
0.3642132797
0.5305725346
0.5462452174
0.6398874158
0.4909097688
0.4333554305
0.5905449697
0.5886548272
0.4242774091
0.5712191900
0.5776682065
0.4283707253
0.3579690727
0.2732677727
0.1987597093
0.3244841139
0.5119686344
0.5126372334
0.4411739578
0.4415178958
0.4747167165
0.5146529053
0.6282008982
0.4871363581
0.6415748887
0.5499493336
0.5714935278
0.4415893790
0.5250470611
0.5313102886
0.5370994626
0.4002407903
0.3892602699
0.4969102297
0.5053011088
0.4490719396
0.4676186784
0.4299524432
0.4117510369
0.4983203524
0.4729984759
0.4850184034
0.5092603608
0.5901808398
0.5451998217
0.4508480201
0.4719735129
0.5793511204
0.4933550483
0.4577529267
0.3346809273
0.5051166747
0.3641324118
0.3587396547
0.4143119278
0.3604751410
0.2655768309
0.3417327440
0.3339269118
0.3015454054
0.2529895758
0.4316628599
0.3262923009
0.3458441023
0.2184428221
0.3212300070
0.1079777132
0.3274454627
0.1652035485
0.4709742325
0.2519118678
0.4495833273
0.2730649632
0.5610772997
0.6362062462
0.4314706065
0.3198230818
0.3449858586
0.3633333651
0.6871825485
0.9233961928
0.2953078225
0.7543418077
0.6993894943
0.5938700355
0.4877501582
1.1014233745
0.8031055034
0.1656944878
0.4560909211
0.5268222693
1.0839319338
0.5158223282
0.2694986394
0.3821175471
0.2242394467
0.5133972312
0.6978449413
0.9479785672
0.8077991060
0.7942779659
0.8973215987
1.1481080831
0.9855715131
0.9830175351
1.0076913670
0.6555910763
0.7762766501
0.6950741088
1.3340676041
1.5842340504
1.8581446637
0.4527582660
0.9542580047
0.8474360313
0.7185963650
0.8099876757
0.8452196350
1.0952413499
0.9430399487
0.5545392960
0.3161968216
1.7511862401
0.9267140141
0.3194113994
0.9648582383
1.4544135656
2.0166007639
2.6653921181
1.2253540433
2.1862460205
0.8384938731
0.6385549232
0.2065481295
0.8869186919
1.0150108724
0.9811739474
0.8418913276
0.7942853051
1.0077516143
0.5865880060
0.4650283898
0.6638974023
0.6448145988
0.3139016624
0.6517967723
0.7236436660
0.6842004159
0.3518256306
0.3686602511
0.3774819622
0.2774188651
0.0755065458
0.3620129111
0.6726580636
0.6318919725
0.3571710787
0.4754787423
0.5001805317
0.5451651640
0.4768831283
0.2827420097
0.2140524995
0.1533640026
0.1672802502
0.1422361029
0.2187395997
0.2649759779
0.3627459843
0.2207128338
0.5353332872
0.4239442542
0.4992672525
0.3211583399
0.3644874734
0.3542786306
0.4895936235
0.5370148167
0.4463450328
0.2754911764
0.2820713909
0.3365706801
0.3855809780
0.5356603636
0.5694010940
0.2911266376
0.2538982671
0.3344268205
0.3854326343
0.4373289667
0.5092644960
0.3853489544
0.4584502159
0.2980240674
0.4928119171
0.5599463254
0.4024868607
0.5667242276
0.3174717971
0.4078236745
0.2625214126
0.6169096071
1.0004718102
0.5603708795
0.4856245266
0.4616171216
0.6588172800
0.8185161436
1.4045872884
0.2929730132
0.8098487551
0.8244496701
0.8869330873
0.7687975843
0.5711444784
1.3806723702
1.0513643207
1.0514872699
0.8564343272
2.2850015671
0.7569908003
1.2091599975
1.2382658859
1.2462469049
1.5596634226
1.3914633006
0.8246867539
0.5023635625
0.3852313175
0.3302538073
0.2236615220
0.5587368587
0.8841941493
1.3438537150
0.7854116534
0.7114615928
0.4986950956
1.0149997213
1.1727582123
0.9127078980
0.4607420907
0.3776068405
0.5877105965
0.5027726010
0.7949492921
0.6419105177
0.4115868797
0.2145997603
0.7839990350
0.7116167730
0.4386762619
0.5685100872
0.5375457677
0.5469346335
0.5298137943
0.4404745804
0.4946441845
0.4486598699
0.8888903244
0.9013631968
0.4810725909
0.5228922434
0.5463033408
0.3265188849
0.5625216172
0.3746921149
0.4216317345
0.1663308529
0.3267428188
0.3175090257
0.0978294027
0.1129550987
0.3020658143
0.3416311646
0.4015191591
0.3352162565
0.3148499801
0.3030963517
0.3896378258
0.3619652397
0.4794961609
0.3404252483
0.5678282981
0.5472009549
0.4122362471
0.2249454958
0.2039820025
0.2170226093
0.2498947389
0.1767117139
0.2553753406
0.3124879818
0.3904619344
0.3996405763
0.5030787673
0.4920056160
0.1797533770
0.2191178373
0.2287273760
0.2006558944
0.2204898067
0.2643281884
0.3439836475
0.3224348004
0.3624275329
0.2890461468
0.2072955126
0.1370915752
0.3786046905
0.5292834619
0.4293051931
0.5312036536
0.3633882679
0.5495787798
0.6385754276
0.4495851996
0.4892841376
0.5914177497
0.5557926809
0.6030046432
0.5170255071
0.4624238392
0.4663754078
0.1891019120
0.4915377158
0.3600976642
0.4350747963
0.2474321445
0.0914175450
0.1790955586
0.3829230122
0.3395496462
0.5091962652
0.5894107167
0.6430297918
0.6319794512
0.4372351963
0.5453756532
0.6445613308
0.4592263036
0.6676049874
0.6292208924
0.2521589303
0.2486201752
0.3774167541
0.7252244088
0.3837286236
0.5084265687
0.5536874060
0.8289484079
0.4647053327
0.7976110549
0.6781527892
1.3410282582
1.1026684124
0.4616008849
0.8578889282
0.3782032829
0.2059791766
0.0905038072
1.0893769438
1.3667810348
1.1880507975
1.3038487725
1.7284139161
1.5836843402
2.2888606659
0.8764658140
1.6045040367
1.2722077344
0.1785977569
0.6281500799
0.3320568593
0.4460300325
0.4213864651
0.3042928278
0.3941306967
0.9777592871
0.0977155955
0.7418828370
0.4630947139
0.3715498945
0.8997319302
1.0080092995
0.8639140323
0.6385943247
0.3880274770
0.4389312144
0.6110731362
0.6843389164
0.3652416264
0.5793130762
0.7290885305
0.3044692523
0.2138933219
0.3099295233
0.3409118095
0.3693804374
0.6278713521
0.4714767877
0.5295522159
0.4227764081
0.4473318141
0.3792899393
0.3513179353
0.5477213590
0.3118535497
0.2768286349
0.0952837894
0.2533064495
0.2140259124
0.3694316458
0.3558698038
0.5781145662
0.4873250576
0.1354049560
0.1707280170
0.5194479855
0.4186633467
0.4239674440
0.4425847715
0.6508519049
0.9244237641
1.0580439199
0.9415156594
1.2448033333
0.9135547832
0.7705876055
0.8786842747
0.9474566619
0.8837642413
0.8019171049
0.8646278388
0.8340571875
0.7020797950
0.6052283612
0.7339389182
0.6315893376
0.3889195922
0.4907889749
0.7496533424
0.7713744587
0.9098441714
0.6810117734
0.5548681160
0.5977947509
0.5696170951
0.5026352219
0.5372907290
0.6399944201
0.9545773984
1.0672565704
1.0051167733
0.9504515111
0.8438578789
0.9220488737
0.9857450782
1.0454483414
1.0030561330
1.0181120859
1.0499339413
0.6727483013
0.5353183025
0.6784513084
0.7998611241
0.6828635034
0.9358061788
0.8897059581
0.8328315304
0.9414845496
1.0859322052
1.0414991823
0.8838724297
0.7780664035
0.5424322356
0.7875721790
0.8266693412
1.0497597180
0.9330753939
1.0454695992
0.8903283324
0.6614063664
0.8764820098
0.7233182225
0.5487525532
0.8143815742
0.8536197381
1.0123705781
1.0687585145
0.7486216494
0.7135656916
0.9699011421
0.7513973044
0.7291129641
0.3830059996
0.4872463857
0.8243213877
0.8994166008
0.9095307847
0.7443013111
0.9120069726
0.6315136285
0.9805220798
0.2272574493
0.4317686981
0.1672747181
0.5367754909
1.0737684947
1.1276741614
1.1443106757
1.3603654385
0.9456316081
1.1283456773
1.0970500057
1.0821258596
1.0667347479
1.1403979287
0.8959945473
0.8479058803
0.6590436654
0.6278092115
0.6754172152
0.5628817807
0.8496715217
0.9081039676
0.7230701576
0.9318432684
0.8406035683
0.6937461967
0.8604085704
0.9109396590
0.8449991710
1.1910447408
1.4502318015
1.2236421732
1.1265138433
1.1743376983
1.2581187244
1.2262238881
1.1241341532
1.0040176068
1.0024401496
1.1331716105
1.1147107920
1.1802608478
1.3693401916
1.2299833915
1.1799851573
1.1894384283
1.1218418838
1.3201753932
1.3700733519
1.4580691449
1.4221873900
1.3395935756
1.2123448412
1.2491670240
1.2160428320
1.1171063100
1.2544360271
1.3088954404
1.1277946112
1.3006719563
1.5200957870
1.5360550246
1.3761282698
1.2372448958
1.2157048299
1.3644815106
1.2607580057
1.2046191459
1.3065564698
1.2939593970
1.3567452432
1.4958264336
1.4709255830
1.1498258108
1.1176612248
1.1584123712
1.1973989045
1.1853541429
1.3489781889
1.4570220480
1.3088592291
1.6577960990
1.8327634121
1.6521768076
1.9005555067
1.9454614687
1.2348681403
1.5373729368
1.4424721620
1.4133626935
1.2441932351
1.1790923702
1.2426087262
1.5100941013
1.3082379118
1.2237143575
1.3129017601
1.1855657034
1.1611970193
1.2162985708
1.3954758867
1.2472561765
1.4337273129
1.4708629029
1.4294135087
1.3707908063
1.4633333861
1.2320418034
1.2778012605
1.3003434320
1.4197309706
1.5305625632
1.5496296840
1.4336477577
1.4584455180
1.4646974503
1.2772782732
1.3464979466
1.3364892441
1.3700364184
1.2058173550
1.2882868026
1.2379749679
1.0981725037
1.0370166105
1.2152460755
0.9239555159
1.0127489411
1.1089500561
1.2033570748
1.2952634767
1.4660823825
1.2351430070
1.5402788652
1.3413229681
1.2841720262
1.2229427714
1.4290775692
1.4000390695
1.4132952843
1.3893423265
1.6266356977
1.4891658065
1.6617158482
1.6915374001
1.5435296341
1.5208749231
1.5122132486
1.5108392961
1.5204326915
1.4587112998
1.5863261783
1.5772051012
1.6721114078
1.7077117123
1.6474127342
1.5895299659
1.6438672915
1.6492314614
1.5303357754
1.7163194060
1.6295561936
1.4721447272
1.5128723303
1.3661593858
1.3840384794
1.3760894398
1.3792258569
1.5144054360
1.4092530862
1.4819996080
1.5748444443
